# MCW Instance
# Type: UNIFORM
# N: 12
# Optimal cost: 1.3779919185280796
# Optimal tour (permutation): [0, 8, 5, 7, 4, 6, 2, 9, 10, 11, 1, 3, 0]
# Optimal walk (full path): [0, 8, 5, 7, 4, 6, 2, 9, 10, 11, 1, 3, 0]
# Walk size: 13
# Is walk (has repeats): false

# Distance Matrix
0.0000000000 0.9137763333 0.9186826122 0.1642084351 0.4489374894 0.7737599225 0.9651081250 0.7450437866 0.0329367289 0.3074328317 0.5978613111 0.3230545260
0.9137763333 0.0000000000 0.4046061612 0.0482381062 0.2909391888 0.8933967433 0.4045485825 0.1393338426 0.8836633337 0.8752168613 0.3760616069 0.0833179034
0.9186826122 0.4046061612 0.0000000000 0.2843890771 0.6840505967 0.2957882484 0.1134439727 0.4488813586 0.2912071574 0.2199430024 0.5738108396 0.2720600473
0.1642084351 0.0482381062 0.2843890771 0.0000000000 0.9120146760 0.1462418598 0.1501078487 0.2124804063 0.4345301372 0.2129531399 0.5278517787 0.1808302726
0.4489374894 0.2909391888 0.6840505967 0.9120146760 0.0000000000 0.4512925722 0.0090258267 0.0716511532 0.4668875433 0.7889259640 0.6530403947 0.4168860594
0.7737599225 0.8933967433 0.2957882484 0.1462418598 0.4512925722 0.0000000000 0.2537972019 0.2438739254 0.2137669185 0.4442929881 0.5741904473 0.8272753844
0.9651081250 0.4045485825 0.1134439727 0.1501078487 0.0090258267 0.2537972019 0.0000000000 0.9914035463 0.9682958311 0.3995825915 0.1979668787 0.1561082671
0.7450437866 0.1393338426 0.4488813586 0.2124804063 0.0716511532 0.2438739254 0.9914035463 0.0000000000 0.6115254115 0.9226507153 0.1198235210 0.2492253930
0.0329367289 0.8836633337 0.2912071574 0.4345301372 0.4668875433 0.2137669185 0.9682958311 0.6115254115 0.0000000000 0.7608220102 0.9914058184 0.7181274450
0.3074328317 0.8752168613 0.2199430024 0.2129531399 0.7889259640 0.4442929881 0.3995825915 0.9226507153 0.7608220102 0.0000000000 0.0926473993 0.2041165026
0.5978613111 0.3760616069 0.5738108396 0.5278517787 0.6530403947 0.5741904473 0.1979668787 0.1198235210 0.9914058184 0.0926473993 0.0000000000 0.0849385468
0.3230545260 0.0833179034 0.2720600473 0.1808302726 0.4168860594 0.8272753844 0.1561082671 0.2492253930 0.7181274450 0.2041165026 0.0849385468 0.0000000000
