# MCW Instance
# Type: UNIFORM
# N: 12
# Optimal cost: 1.6331677780207432
# Optimal tour (permutation): [0, 9, 1, 3, 7, 5, 4, 8, 10, 11, 6, 2, 0]
# Optimal walk (full path): [0, 9, 1, 3, 7, 5, 4, 5, 8, 10, 11, 6, 2, 0]
# Walk size: 14
# Is walk (has repeats): true

# Distance Matrix
0.0000000000 0.6917713889 0.1420060238 0.1830846626 0.7241731467 0.3993126707 0.3673282499 0.9999835280 0.7754129635 0.0105543737 0.6445783534 0.7271176930
0.6917713889 0.0000000000 0.7739932284 0.1983913475 0.2312916844 0.6650202077 0.8473051280 0.3853545825 0.2651362344 0.1268499126 0.9637358040 0.5509055401
0.1420060238 0.7739932284 0.0000000000 0.8903494464 0.5798039505 0.4845511373 0.1865277113 0.2647377226 0.4863450176 0.7222109944 0.3935196615 0.8652380052
0.1830846626 0.1983913475 0.8903494464 0.0000000000 0.8132916608 0.3532921925 0.5099941429 0.1282047065 0.5840460259 0.7929830376 0.3264402104 0.6099995131
0.7241731467 0.2312916844 0.5798039505 0.8132916608 0.0000000000 0.0377103256 0.9281527703 0.9033065751 0.5341251743 0.9285700530 0.9272881610 0.2394160849
0.3993126707 0.6650202077 0.4845511373 0.3532921925 0.0377103256 0.0000000000 0.8030593766 0.2503978339 0.1981284080 0.5566223202 0.2961076570 0.2022593666
0.3673282499 0.8473051280 0.1865277113 0.5099941429 0.9281527703 0.8030593766 0.0000000000 0.9476188876 0.7639719641 0.5490094175 0.5259783652 0.2138430813
0.9999835280 0.3853545825 0.2647377226 0.1282047065 0.9033065751 0.2503978339 0.9476188876 0.0000000000 0.7437366057 0.7166946507 0.4401450275 0.6858811130
0.7754129635 0.2651362344 0.4863450176 0.5840460259 0.5341251743 0.1981284080 0.7639719641 0.7437366057 0.0000000000 0.4620307745 0.0575029009 0.2715283348
0.0105543737 0.1268499126 0.7222109944 0.7929830376 0.9285700530 0.5566223202 0.5490094175 0.7166946507 0.4620307745 0.0000000000 0.1050825811 0.5483333066
0.6445783534 0.9637358040 0.3935196615 0.3264402104 0.9272881610 0.2961076570 0.5259783652 0.4401450275 0.0575029009 0.1050825811 0.0000000000 0.0453408274
0.7271176930 0.5509055401 0.8652380052 0.6099995131 0.2394160849 0.2022593666 0.2138430813 0.6858811130 0.2715283348 0.5483333066 0.0453408274 0.0000000000
