# MCW Instance
# Type: UNIFORM
# N: 12
# Optimal cost: 1.8971950341613664
# Optimal tour (permutation): [0, 8, 6, 1, 11, 9, 2, 4, 7, 3, 10, 5, 0]
# Optimal walk (full path): [0, 8, 6, 1, 11, 9, 11, 2, 4, 7, 3, 5, 10, 5, 0]
# Walk size: 15
# Is walk (has repeats): true

# Distance Matrix
0.0000000000 0.5319971362 0.6609374828 0.7296694084 0.9098891113 0.2018885584 0.4338007093 0.6525324390 0.3448699009 0.9209609920 0.7507504331 0.9455462288
0.5319971362 0.0000000000 0.9432719259 0.6919025498 0.1064055372 0.2154489901 0.1132791117 0.8845681794 0.9069453955 0.6492728153 0.2522436361 0.1175525101
0.6609374828 0.9432719259 0.0000000000 0.5496326104 0.1296781279 0.8001013160 0.7975398053 0.4775943578 0.4150622702 0.9168647370 0.8259826046 0.1659479851
0.7296694084 0.6919025498 0.5496326104 0.0000000000 0.3515145891 0.0298300978 0.0930127034 0.0822697492 0.7096652412 0.7236730558 0.7700897837 0.2825702992
0.9098891113 0.1064055372 0.1296781279 0.3515145891 0.0000000000 0.6467031986 0.7053972816 0.0857442609 0.4533540732 0.9823139035 0.8661393872 0.2228724490
0.2018885584 0.2154489901 0.8001013160 0.0298300978 0.6467031986 0.0000000000 0.8910042429 0.4470149892 0.7831219791 0.2113942332 0.1216486988 0.8123440358
0.4338007093 0.1132791117 0.7975398053 0.0930127034 0.7053972816 0.8910042429 0.0000000000 0.3575865435 0.2066841509 0.6078264175 0.3445793945 0.6683261928
0.6525324390 0.8845681794 0.4775943578 0.0822697492 0.0857442609 0.4470149892 0.3575865435 0.0000000000 0.3420392581 0.2626883505 0.3371515640 0.5354779874
0.3448699009 0.9069453955 0.4150622702 0.7096652412 0.4533540732 0.7831219791 0.2066841509 0.3420392581 0.0000000000 0.4225480986 0.2981298646 0.5716291813
0.9209609920 0.6492728153 0.9168647370 0.7236730558 0.9823139035 0.2113942332 0.6078264175 0.2626883505 0.4225480986 0.0000000000 0.7355230901 0.0880765917
0.7507504331 0.2522436361 0.8259826046 0.7700897837 0.8661393872 0.1216486988 0.3445793945 0.3371515640 0.2981298646 0.7355230901 0.0000000000 0.2701672890
0.9455462288 0.1175525101 0.1659479851 0.2825702992 0.2228724490 0.8123440358 0.6683261928 0.5354779874 0.5716291813 0.0880765917 0.2701672890 0.0000000000
