# Graph size: 12
# Optimal cost: 1.3358961421011688

# Distance Matrix
0.0 0.6278747805930154 0.7149333220802034 0.05332718375895784 0.026897572473363107 0.738637912448697 0.5831610679462285 0.20898064050665632 0.012971137356576956 0.752023106423243 0.6176094418807005 0.22791755086659693
0.6278747805930154 0.0 0.9069756551316537 0.836226938764718 0.46408779793514143 0.6247568956533897 0.581398924363461 0.23217543437432586 0.035959243090920245 0.4978476883431471 0.5861246438694285 0.33696477814583237
0.7149333220802034 0.9069756551316537 0.0 0.5707652275692112 0.6209076493859292 0.053422885848536716 0.6915843797436478 0.5998987241078516 0.8095653868658996 0.22022853160118427 0.04018944901599075 0.5974697809747144
0.05332718375895784 0.836226938764718 0.5707652275692112 0.0 0.3360298070291986 0.20933930638159626 0.41041638097092104 0.7082969007211424 0.2129618427498361 0.23557973322368642 0.7277109297445185 0.6199953285074554
0.026897572473363107 0.46408779793514143 0.6209076493859292 0.3360298070291986 0.0 0.49672615442598256 0.4586410389080874 0.8213656699074892 0.34042390724333793 0.3705507243200252 0.2912215171270869 0.805940032922709
0.738637912448697 0.6247568956533897 0.053422885848536716 0.20933930638159626 0.49672615442598256 0.0 0.3692901434482786 0.6597250003472146 0.08925547503007225 0.7289622235003578 0.5115029681971665 0.6038177847162279
0.5831610679462285 0.581398924363461 0.6915843797436478 0.41041638097092104 0.4586410389080874 0.3692901434482786 0.0 0.8004332392178571 0.06428950215032359 0.36990082529731483 0.16499859385679694 0.3278787477198317
0.20898064050665632 0.23217543437432586 0.5998987241078516 0.7082969007211424 0.8213656699074892 0.6597250003472146 0.8004332392178571 0.0 0.100229699450184 0.3762729290381802 0.8868969538397491 0.07776503533555534
0.012971137356576956 0.035959243090920245 0.8095653868658996 0.2129618427498361 0.34042390724333793 0.08925547503007225 0.06428950215032359 0.100229699450184 0.0 0.522502955774266 0.07212955963295298 0.3350361841484134
0.752023106423243 0.4978476883431471 0.22022853160118427 0.23557973322368642 0.3705507243200252 0.7289622235003578 0.36990082529731483 0.3762729290381802 0.522502955774266 0.0 0.40281244423117235 0.5243498687672301
0.6176094418807005 0.5861246438694285 0.04018944901599075 0.7277109297445185 0.2912215171270869 0.5115029681971665 0.16499859385679694 0.8868969538397491 0.07212955963295298 0.40281244423117235 0.0 0.23446696523274602
0.22791755086659693 0.33696477814583237 0.5974697809747144 0.6199953285074554 0.805940032922709 0.6038177847162279 0.3278787477198317 0.07776503533555534 0.3350361841484134 0.5243498687672301 0.23446696523274602 0.0

# Optimal Walk
0 3 9 5 2 10 11 7 8 6 1 4 0
