# MCW Instance
# Type: UNIFORM
# N: 12
# Optimal cost: 1.773448414757819
# Optimal tour (permutation): [0, 8, 10, 5, 9, 6, 3, 11, 2, 7, 4, 1, 0]
# Optimal walk (full path): [0, 8, 10, 5, 9, 6, 3, 11, 2, 7, 4, 0, 1, 0]
# Walk size: 14
# Is walk (has repeats): true

# Distance Matrix
0.0000000000 0.0769087122 0.5700659633 0.8695162422 0.2880665212 0.3294143876 0.2184452268 0.6999572910 0.2271329197 0.5982189805 0.1850798252 0.3008548913
0.0769087122 0.0000000000 0.8571764900 0.8956683200 0.4894599876 0.7077190789 0.1441530043 0.5438850405 0.8059336753 0.6107049304 0.8763736702 0.7449412310
0.5700659633 0.8571764900 0.0000000000 0.6611270888 0.6680831442 0.7512389648 0.9140628843 0.1115375210 0.4785098922 0.1617643727 0.9582700045 0.0067975589
0.8695162422 0.8956683200 0.6611270888 0.0000000000 0.3676439131 0.2185731674 0.0744573368 0.5622739826 0.5518854235 0.8018201169 0.3137724050 0.1140789614
0.2880665212 0.4894599876 0.6680831442 0.3676439131 0.0000000000 0.4304883145 0.7275495815 0.1132490855 0.6102347443 0.7270232496 0.4342799036 0.2310068062
0.3294143876 0.7077190789 0.7512389648 0.2185731674 0.4304883145 0.0000000000 0.6036474546 0.9521459660 0.9481458211 0.0379262300 0.2557096413 0.1918518323
0.2184452268 0.1441530043 0.9140628843 0.0744573368 0.7275495815 0.6036474546 0.0000000000 0.2687187839 0.9165649418 0.1337652157 0.5388739566 0.7326650317
0.6999572910 0.5438850405 0.1115375210 0.5622739826 0.1132490855 0.9521459660 0.2687187839 0.0000000000 0.5971771446 0.3913343077 0.5796091958 0.3586894814
0.2271329197 0.8059336753 0.4785098922 0.5518854235 0.6102347443 0.9481458211 0.9165649418 0.5971771446 0.0000000000 0.6210537535 0.2569099988 0.2249321694
0.5982189805 0.6107049304 0.1617643727 0.8018201169 0.7270232496 0.0379262300 0.1337652157 0.3913343077 0.6210537535 0.0000000000 0.6547535055 0.7630003970
0.1850798252 0.8763736702 0.9582700045 0.3137724050 0.4342799036 0.2557096413 0.5388739566 0.5796091958 0.2569099988 0.6547535055 0.0000000000 0.6253028035
0.3008548913 0.7449412310 0.0067975589 0.1140789614 0.2310068062 0.1918518323 0.7326650317 0.3586894814 0.2249321694 0.7630003970 0.6253028035 0.0000000000
