# MCW Instance
# Type: UNIFORM
# N: 12
# Optimal cost: 2.651824514142734
# Optimal tour (permutation): [0, 10, 9, 6, 4, 5, 11, 3, 8, 2, 7, 1, 0]
# Optimal walk (full path): [0, 10, 0, 9, 4, 6, 4, 5, 11, 3, 8, 2, 7, 2, 1, 0]
# Walk size: 16
# Is walk (has repeats): true

# Distance Matrix
0.0000000000 0.2334516553 0.9836167266 0.7538696649 0.2828868051 0.7255565228 0.9052669538 0.8139467338 0.3549604351 0.1473323745 0.0877350487 0.4817216963
0.2334516553 0.0000000000 0.2395025464 0.8553607471 0.9015488589 0.4113400169 0.4350702098 0.8139638390 0.7581951000 0.6838330734 0.5969341316 0.7444776468
0.9836167266 0.2395025464 0.0000000000 0.6106625051 0.9421056799 0.9665925341 0.9674583663 0.1206500758 0.1883545793 0.1792692258 0.5723735463 0.5735255230
0.7538696649 0.8553607471 0.6106625051 0.0000000000 0.3359890552 0.8200317227 0.6596823069 0.7090334200 0.2341020407 0.3267041793 0.7918089642 0.2539160406
0.2828868051 0.9015488589 0.9421056799 0.3359890552 0.0000000000 0.2897662448 0.0965398765 0.4623673636 0.0920246724 0.0019065022 0.9436558360 0.3470937511
0.7255565228 0.4113400169 0.9665925341 0.8200317227 0.2897662448 0.0000000000 0.6881624223 0.6902262924 0.3755220972 0.3352983517 0.5938145224 0.4536425282
0.9052669538 0.4350702098 0.9674583663 0.6596823069 0.0965398765 0.6881624223 0.0000000000 0.5093369410 0.8572467571 0.6060852798 0.9249097303 0.8329083080
0.8139467338 0.8139638390 0.1206500758 0.7090334200 0.4623673636 0.6902262924 0.5093369410 0.0000000000 0.8207341688 0.4255755497 0.7015910350 0.4297009990
0.3549604351 0.7581951000 0.1883545793 0.2341020407 0.0920246724 0.3755220972 0.8572467571 0.8207341688 0.0000000000 0.5492169106 0.4645983817 0.4282597955
0.1473323745 0.6838330734 0.1792692258 0.3267041793 0.0019065022 0.3352983517 0.6060852798 0.4255755497 0.5492169106 0.0000000000 0.7339978819 0.4742176177
0.0877350487 0.5969341316 0.5723735463 0.7918089642 0.9436558360 0.5938145224 0.9249097303 0.7015910350 0.4645983817 0.7339978819 0.0000000000 0.7940446457
0.4817216963 0.7444776468 0.5735255230 0.2539160406 0.3470937511 0.4536425282 0.8329083080 0.4297009990 0.4282597955 0.4742176177 0.7940446457 0.0000000000
