# Graph size: 12
# Optimal cost: 2.12575507229851

# Distance Matrix
0.0 0.2687435673742389 0.06692345594588345 0.18983876228468743 0.703546359417926 0.6643262729319556 0.7685493801986157 0.5996652693090986 0.09560954725327764 0.2639974999468401 0.10492094714301636 0.524036314140251
0.2687435673742389 0.0 0.5648271605993461 0.24215179705093226 0.7043169995631302 0.5674045836934382 0.2928440856933423 0.48919638699679746 0.687267095437445 0.6102824642543009 0.07236410237052648 0.13910837345229632
0.06692345594588345 0.5648271605993461 0.0 0.29389487288410243 0.8663902039992994 0.2947307942417903 0.6597828068489335 0.34893142967935664 0.33122362315773257 0.07023781534291151 0.6675790243353825 0.7153086477573151
0.18983876228468743 0.24215179705093226 0.29389487288410243 0.0 0.795655670305824 0.16381645236341658 0.7221993877946062 0.33353077231381567 0.958537935799851 0.7656622936802826 0.23401103160069847 0.9215616854637723
0.703546359417926 0.7043169995631302 0.8663902039992994 0.795655670305824 0.0 0.8138698321332171 0.9845264785257608 0.27314770693642487 0.9187545699906801 0.41095456584408296 0.3508119865290207 0.508205510483019
0.6643262729319556 0.5674045836934382 0.2947307942417903 0.16381645236341658 0.8138698321332171 0.0 0.7973897266548426 0.2900626141335504 0.5472783570244977 0.7220726458859653 0.4366751440897585 0.3814750027654922
0.7685493801986157 0.2928440856933423 0.6597828068489335 0.7221993877946062 0.9845264785257608 0.7973897266548426 0.0 0.04707324143859848 0.35341025086162714 0.8566036642639406 0.9223805283288545 0.33197268466976215
0.5996652693090986 0.48919638699679746 0.34893142967935664 0.33353077231381567 0.27314770693642487 0.2900626141335504 0.04707324143859848 0.0 0.29452768805836227 0.24284967257409473 0.9939518960517492 0.8881263123447771
0.09560954725327764 0.687267095437445 0.33122362315773257 0.958537935799851 0.9187545699906801 0.5472783570244977 0.35341025086162714 0.29452768805836227 0.0 0.7398719610547418 0.8589270953592527 0.61002826607525
0.2639974999468401 0.6102824642543009 0.07023781534291151 0.7656622936802826 0.41095456584408296 0.7220726458859653 0.8566036642639406 0.24284967257409473 0.7398719610547418 0.0 0.23226771649240097 0.2240782255560403
0.10492094714301636 0.07236410237052648 0.6675790243353825 0.23401103160069847 0.3508119865290207 0.4366751440897585 0.9223805283288545 0.9939518960517492 0.8589270953592527 0.23226771649240097 0.0 0.13811983914105164
0.524036314140251 0.13910837345229632 0.7153086477573151 0.9215616854637723 0.508205510483019 0.3814750027654922 0.33197268466976215 0.8881263123447771 0.61002826607525 0.2240782255560403 0.13811983914105164 0.0

# Optimal Walk
0 8 2 9 11 1 10 4 7 6 5 3 0
