# Graph size: 12
# Optimal cost: 1.4667408393224242

# Distance Matrix
0.0 0.6937989499264425 0.3059033286988665 0.04008709406232902 0.3848367972255362 0.9883280355963937 0.257305906006984 0.2841811811479229 0.2631170811001664 0.232172170381042 0.8846621809788457 0.2885211571175553
0.6937989499264425 0.0 0.26505048910662277 0.12326201264421743 0.9804703694831155 0.5475725582011178 0.6936818317946505 0.4997861751205881 0.7868294083489988 0.262806556935698 0.7779744743768444 0.13820330393307967
0.3059033286988665 0.26505048910662277 0.0 0.38504662579980387 0.8353497922069828 0.2720898127668602 0.020432284404785506 0.4451482263881119 0.4984819730399712 0.7489349455212286 0.8258665161635421 0.13122090555246646
0.04008709406232902 0.12326201264421743 0.38504662579980387 0.0 0.2406464587922693 0.1109582489804648 0.3892092991607098 0.9204278110755486 0.6706157911056528 0.9437117994024101 0.13172946460458934 0.586706045614893
0.3848367972255362 0.9804703694831155 0.8353497922069828 0.2406464587922693 0.0 0.7586804809674738 0.4714883813967594 0.021387592897007424 0.6245666862561983 0.4512060868890271 0.03937999606836384 0.44638478085994904
0.9883280355963937 0.5475725582011178 0.2720898127668602 0.1109582489804648 0.7586804809674738 0.0 0.9440825244561429 6.299677616570243E-4 0.2423940220337769 0.4970375207140232 0.7550629706626509 0.47894621869373
0.257305906006984 0.6936818317946505 0.020432284404785506 0.3892092991607098 0.4714883813967594 0.9440825244561429 0.0 0.04980183223954138 0.5424839824336337 0.17657934548860044 0.34995275627220257 0.5316841746945278
0.2841811811479229 0.4997861751205881 0.4451482263881119 0.9204278110755486 0.021387592897007424 6.299677616570243E-4 0.04980183223954138 0.0 0.6615780743946049 0.25741776412229733 0.1640125431611461 0.08467639140798433
0.2631170811001664 0.7868294083489988 0.4984819730399712 0.6706157911056528 0.6245666862561983 0.2423940220337769 0.5424839824336337 0.6615780743946049 0.0 0.44143000199732285 0.7737013852136586 0.40880613652590336
0.232172170381042 0.262806556935698 0.7489349455212286 0.9437117994024101 0.4512060868890271 0.4970375207140232 0.17657934548860044 0.25741776412229733 0.44143000199732285 0.0 0.3752058137962262 0.8924024017390403
0.8846621809788457 0.7779744743768444 0.8258665161635421 0.13172946460458934 0.03937999606836384 0.7550629706626509 0.34995275627220257 0.1640125431611461 0.7737013852136586 0.3752058137962262 0.0 0.3818375539709925
0.2885211571175553 0.13820330393307967 0.13122090555246646 0.586706045614893 0.44638478085994904 0.47894621869373 0.5316841746945278 0.08467639140798433 0.40880613652590336 0.8924024017390403 0.3818375539709925 0.0

# Optimal Walk
0 8 5 7 10 4 11 2 6 9 1 3 0
