# MCW Instance
# Type: UNIFORM
# N: 12
# Optimal cost: 1.9735105390752237
# Optimal tour (permutation): [0, 11, 4, 1, 7, 10, 3, 6, 8, 9, 5, 2, 0]
# Optimal walk (full path): [0, 11, 4, 1, 7, 10, 3, 10, 6, 8, 9, 5, 2, 0]
# Walk size: 14
# Is walk (has repeats): true

# Distance Matrix
0.0000000000 0.3624645579 0.2111953554 0.8892475755 0.9698455440 0.5254070633 0.4607790395 0.8675339878 0.8945260388 0.9582864487 0.8506061392 0.1319955868
0.3624645579 0.0000000000 0.8230604141 0.4729884349 0.2503470750 0.4462592348 0.9477772292 0.1418995092 0.8009491130 0.4233340016 0.1952494478 0.5390053273
0.2111953554 0.8230604141 0.0000000000 0.1300977664 0.9174326559 0.1184987777 0.6518890178 0.5145553962 0.8442765169 0.6964198337 0.5347273470 0.8028846701
0.8892475755 0.4729884349 0.1300977664 0.0000000000 0.4262513259 0.3622321217 0.3202357799 0.9364775176 0.9222599006 0.7478066719 0.0376143253 0.4624751033
0.9698455440 0.2503470750 0.9174326559 0.4262513259 0.0000000000 0.7468424177 0.8270032849 0.7938974697 0.5190778497 0.5091128131 0.3686934828 0.2677136231
0.5254070633 0.4462592348 0.1184987777 0.3622321217 0.7468424177 0.0000000000 0.3919091970 0.9092859194 0.8689334170 0.1373106291 0.8895099547 0.6190464640
0.4607790395 0.9477772292 0.6518890178 0.3202357799 0.8270032849 0.3919091970 0.0000000000 0.4217895738 0.0188056513 0.4667052895 0.2417375864 0.3096098892
0.8675339878 0.1418995092 0.5145553962 0.9364775176 0.7938974697 0.9092859194 0.4217895738 0.0000000000 0.7259691240 0.2364993904 0.1993236956 0.4460711552
0.8945260388 0.8009491130 0.8442765169 0.9222599006 0.5190778497 0.8689334170 0.0188056513 0.7259691240 0.0000000000 0.1794543988 0.7543176704 0.9253079598
0.9582864487 0.4233340016 0.6964198337 0.7478066719 0.5091128131 0.1373106291 0.4667052895 0.2364993904 0.1794543988 0.0000000000 0.1891236519 0.0912356331
0.8506061392 0.1952494478 0.5347273470 0.0376143253 0.3686934828 0.8895099547 0.2417375864 0.1993236956 0.7543176704 0.1891236519 0.0000000000 0.7328300130
0.1319955868 0.5390053273 0.8028846701 0.4624751033 0.2677136231 0.6190464640 0.3096098892 0.4460711552 0.9253079598 0.0912356331 0.7328300130 0.0000000000
