# MCW Instance
# Type: UNIFORM
# N: 12
# Optimal cost: 2.140581334287752
# Optimal tour (permutation): [0, 2, 3, 11, 6, 1, 4, 9, 8, 10, 5, 7, 0]
# Optimal walk (full path): [0, 2, 3, 11, 6, 1, 4, 9, 8, 10, 5, 7, 0]
# Walk size: 13
# Is walk (has repeats): false

# Distance Matrix
0.0000000000 0.0287417524 0.0296643720 0.1166846839 0.8646935441 0.8832800475 0.8094157121 0.0880176716 0.8296724009 0.9907326454 0.7688601647 0.4994995079
0.0287417524 0.0000000000 0.7103965810 0.7266679202 0.1313746744 0.9056656323 0.0943981203 0.4031802073 0.7179099092 0.7603710070 0.6054862564 0.7200815106
0.0296643720 0.7103965810 0.0000000000 0.0603536035 0.7174734797 0.9122145939 0.5175620591 0.9293769222 0.5288996139 0.7608321883 0.7778599154 0.4716186449
0.1166846839 0.7266679202 0.0603536035 0.0000000000 0.8279653497 0.2124358873 0.8244567351 0.7536009044 0.8524254671 0.2572069958 0.4495427102 0.1435594724
0.8646935441 0.1313746744 0.7174734797 0.8279653497 0.0000000000 0.2095771292 0.5030273742 0.2639710216 0.6274103694 0.1148448104 0.6914359422 0.9086481060
0.8832800475 0.9056656323 0.9122145939 0.2124358873 0.2095771292 0.0000000000 0.8513639411 0.1456246609 0.3807995253 0.8922829558 0.4112361239 0.4437690180
0.8094157121 0.0943981203 0.5175620591 0.8244567351 0.5030273742 0.8513639411 0.0000000000 0.2547364057 0.7276449638 0.6672967046 0.4729423423 0.1632449211
0.0880176716 0.4031802073 0.9293769222 0.7536009044 0.2639710216 0.1456246609 0.2547364057 0.0000000000 0.7269567758 0.1535316901 0.8911819451 0.1846538114
0.8296724009 0.7179099092 0.5288996139 0.8524254671 0.6274103694 0.3807995253 0.7276449638 0.7269567758 0.0000000000 0.2867747018 0.4714882021 0.8343483952
0.9907326454 0.7603710070 0.7608321883 0.2572069958 0.1148448104 0.8922829558 0.6672967046 0.1535316901 0.2867747018 0.0000000000 0.7084243853 0.7436861325
0.7688601647 0.6054862564 0.7778599154 0.4495427102 0.6914359422 0.4112361239 0.4729423423 0.8911819451 0.4714882021 0.7084243853 0.0000000000 0.4114071888
0.4994995079 0.7200815106 0.4716186449 0.1435594724 0.9086481060 0.4437690180 0.1632449211 0.1846538114 0.8343483952 0.7436861325 0.4114071888 0.0000000000
