# MCW Instance
# Type: UNIFORM
# N: 12
# Optimal cost: 2.165462461920353
# Optimal tour (permutation): [0, 2, 10, 3, 4, 7, 9, 6, 5, 11, 8, 1, 0]
# Optimal walk (full path): [0, 2, 10, 3, 4, 7, 9, 5, 6, 5, 11, 8, 1, 0]
# Walk size: 14
# Is walk (has repeats): true

# Distance Matrix
0.0000000000 0.2010456938 0.1901235354 0.5913455994 0.4186327117 0.3852941041 0.6176023553 0.5365926111 0.9221576509 0.3441459528 0.9818294975 0.3958715873
0.2010456938 0.0000000000 0.8740951911 0.6761878516 0.3165714628 0.4256483578 0.9421022269 0.9587466713 0.1917892494 0.1434173497 0.2221737859 0.9366806359
0.1901235354 0.8740951911 0.0000000000 0.5293302644 0.3343222954 0.5702427088 0.4231921885 0.9567912279 0.2829975213 0.1468922657 0.1463358443 0.4383517603
0.5913455994 0.6761878516 0.5293302644 0.0000000000 0.1327601925 0.3519699135 0.6821205800 0.6801679642 0.4471348932 0.9753045238 0.3035829935 0.5979543057
0.4186327117 0.3165714628 0.3343222954 0.1327601925 0.0000000000 0.5027940928 0.5703937034 0.0449341507 0.9556707479 0.5783491006 0.7698416056 0.5308592489
0.3852941041 0.4256483578 0.5702427088 0.3519699135 0.5027940928 0.0000000000 0.1367715446 0.5200279754 0.5044919199 0.1532762386 0.8932611628 0.1631282860
0.6176023553 0.9421022269 0.4231921885 0.6821205800 0.5703937034 0.1367715446 0.0000000000 0.8626144907 0.9913356492 0.8328416738 0.7672343381 0.6311684446
0.5365926111 0.9587466713 0.9567912279 0.6801679642 0.0449341507 0.5200279754 0.8626144907 0.0000000000 0.4651707860 0.3507250571 0.4835397364 0.3980786060
0.9221576509 0.1917892494 0.2829975213 0.4471348932 0.9556707479 0.5044919199 0.9913356492 0.4651707860 0.0000000000 0.0898839052 0.6902229655 0.0142181313
0.3441459528 0.1434173497 0.1468922657 0.9753045238 0.5783491006 0.1532762386 0.8328416738 0.3507250571 0.0898839052 0.0000000000 0.4626258380 0.8534804687
0.9818294975 0.2221737859 0.1463358443 0.3035829935 0.7698416056 0.8932611628 0.7672343381 0.4835397364 0.6902229655 0.4626258380 0.0000000000 0.8250157672
0.3958715873 0.9366806359 0.4383517603 0.5979543057 0.5308592489 0.1631282860 0.6311684446 0.3980786060 0.0142181313 0.8534804687 0.8250157672 0.0000000000
