# MCW Instance
# Type: UNIFORM
# N: 12
# Optimal cost: 2.1788972777209645
# Optimal tour (permutation): [0, 9, 3, 5, 1, 2, 10, 6, 8, 11, 7, 4, 0]
# Optimal walk (full path): [0, 9, 3, 2, 1, 5, 1, 2, 10, 6, 8, 7, 11, 7, 0, 4, 0]
# Walk size: 17
# Is walk (has repeats): true

# Distance Matrix
0.0000000000 0.9272044620 0.7837582855 0.2734698123 0.1014859071 0.9966444558 0.7477472161 0.0342499059 0.9781918195 0.4566308965 0.9719691561 0.1052653426
0.9272044620 0.0000000000 0.0274912336 0.7592312446 0.3897433460 0.2210084587 0.6994975939 0.1170949158 0.5161221199 0.6748010990 0.9496365075 0.9837834982
0.7837582855 0.0274912336 0.0000000000 0.2155300763 0.2647359388 0.8595492707 0.9491563557 0.5917109458 0.1898444209 0.6123750988 0.0539922658 0.1421028521
0.2734698123 0.7592312446 0.2155300763 0.0000000000 0.6472545412 0.6056456439 0.8415048524 0.7338008726 0.9602027452 0.2906897081 0.5581355921 0.4045557945
0.1014859071 0.3897433460 0.2647359388 0.6472545412 0.0000000000 0.4271163673 0.6643595868 0.7919852027 0.4697964356 0.7235835989 0.2070551376 0.4944703954
0.9966444558 0.2210084587 0.8595492707 0.6056456439 0.4271163673 0.0000000000 0.9254521690 0.6118809097 0.4604354517 0.7692698237 0.6763912867 0.9168281356
0.7477472161 0.6994975939 0.9491563557 0.8415048524 0.6643595868 0.9254521690 0.0000000000 0.3688719449 0.0323494533 0.6915800728 0.2120938207 0.9706109264
0.0342499059 0.1170949158 0.5917109458 0.7338008726 0.7919852027 0.6118809097 0.3688719449 0.0000000000 0.1478343105 0.7896062846 0.4276745324 0.0177778209
0.9781918195 0.5161221199 0.1898444209 0.9602027452 0.4697964356 0.4604354517 0.0323494533 0.1478343105 0.0000000000 0.9267197408 0.3919997507 0.6371237847
0.4566308965 0.6748010990 0.6123750988 0.2906897081 0.7235835989 0.7692698237 0.6915800728 0.7896062846 0.9267197408 0.0000000000 0.6287692024 0.9388926133
0.9719691561 0.9496365075 0.0539922658 0.5581355921 0.2070551376 0.6763912867 0.2120938207 0.4276745324 0.3919997507 0.6287692024 0.0000000000 0.2468223961
0.1052653426 0.9837834982 0.1421028521 0.4045557945 0.4944703954 0.9168281356 0.9706109264 0.0177778209 0.6371237847 0.9388926133 0.2468223961 0.0000000000
