# Graph size: 12
# Optimal cost: 2.157760118568985

# Distance Matrix
0.0 0.7749179641783237 0.0641488917325167 0.4544237905129537 0.6354065776974425 0.5481092823459983 0.4868454872066861 0.8327296524849263 0.8393199880379196 0.23344663452954784 0.60307151070522 0.35050533699797204
0.7749179641783237 0.0 0.3521139170697618 0.18605391927271353 0.27376661765616206 0.9843913362940998 0.4966357591616626 0.4789965808818579 0.08617977415926847 0.5967783043736452 0.6255716099692225 0.8206822182948911
0.0641488917325167 0.3521139170697618 0.0 0.9140437179815335 0.988336036834285 0.7990681257097486 0.6046474325251632 0.2869926545038396 0.5836765726784019 0.7641665595618276 0.2887828833491044 0.7128084217192888
0.4544237905129537 0.18605391927271353 0.9140437179815335 0.0 0.4047226014152313 0.6691849355703676 0.41140009627897933 0.18299421187461384 0.6123294835265575 0.1737235513471218 0.9431451708159179 0.7103393109805626
0.6354065776974425 0.27376661765616206 0.988336036834285 0.4047226014152313 0.0 0.3039352763541089 0.8737576268720044 0.34661613090874754 0.8965524512360928 0.4434903166680799 0.25132050244373005 0.6696420198348156
0.5481092823459983 0.9843913362940998 0.7990681257097486 0.6691849355703676 0.3039352763541089 0.0 0.20870463956581153 0.7696438955140632 0.6795696802705434 0.2335337790326747 0.8551377081926053 0.2791425459796433
0.4868454872066861 0.4966357591616626 0.6046474325251632 0.41140009627897933 0.8737576268720044 0.20870463956581153 0.0 0.36656670797254043 0.9942180183405592 0.894657591888563 0.4146206472314595 0.5048916253803818
0.8327296524849263 0.4789965808818579 0.2869926545038396 0.18299421187461384 0.34661613090874754 0.7696438955140632 0.36656670797254043 0.0 0.45201689097764897 0.48724631414448005 0.3994409931706464 0.3092510393740999
0.8393199880379196 0.08617977415926847 0.5836765726784019 0.6123294835265575 0.8965524512360928 0.6795696802705434 0.9942180183405592 0.45201689097764897 0.0 0.06493837408694536 1.9021018696663283E-4 0.25696935513582475
0.23344663452954784 0.5967783043736452 0.7641665595618276 0.1737235513471218 0.4434903166680799 0.2335337790326747 0.894657591888563 0.48724631414448005 0.06493837408694536 0.0 0.07052865652850959 0.480693068175043
0.60307151070522 0.6255716099692225 0.2887828833491044 0.9431451708159179 0.25132050244373005 0.8551377081926053 0.4146206472314595 0.3994409931706464 1.9021018696663283E-4 0.07052865652850959 0.0 0.0204362637266291
0.35050533699797204 0.8206822182948911 0.7128084217192888 0.7103393109805626 0.6696420198348156 0.2791425459796433 0.5048916253803818 0.3092510393740999 0.25696935513582475 0.480693068175043 0.0204362637266291 0.0

# Optimal Walk
0 9 11 10 8 1 4 5 6 3 7 2 0
