# Graph size: 12
# Optimal cost: 1.5027019439778087

# Distance Matrix
0.0 0.8189587650446415 0.739219563420123 0.6711153872815404 0.5500466989842452 0.8964654464704794 0.9722218089417571 0.8829920896086882 0.6242576955659501 0.4509108673211527 0.18624422018796816 0.520840026203885
0.8189587650446415 0.0 0.08004461410100627 0.4518398411802046 0.9433870637948495 0.45502144167578296 0.5908094789958478 0.31356431926581707 0.14742912106122608 0.025727479714034773 0.054606122726571726 0.8878948108104614
0.739219563420123 0.08004461410100627 0.0 0.36040899528544257 0.9195866485596651 0.44366575849001844 0.6370485114744743 0.2902050041004106 0.7574715061347078 0.9962009650671045 0.9787079354910655 0.05949565982400895
0.6711153872815404 0.4518398411802046 0.36040899528544257 0.0 0.061746257933566584 0.6191709263513345 0.8430557631335198 0.39089693240286516 0.8346757886694471 0.0357299942481204 0.8107125721920313 0.8987366200868574
0.5500466989842452 0.9433870637948495 0.9195866485596651 0.061746257933566584 0.0 0.32444243742932577 0.9073705779336121 0.810856355621865 0.2648398649014826 0.6811936155571411 0.888310213391448 0.2504035849696956
0.8964654464704794 0.45502144167578296 0.44366575849001844 0.6191709263513345 0.32444243742932577 0.0 0.19386436518077133 0.11276987515735937 0.3284621201755822 0.6179839663274601 0.693137486954623 0.8382398898385464
0.9722218089417571 0.5908094789958478 0.6370485114744743 0.8430557631335198 0.9073705779336121 0.19386436518077133 0.0 0.13136728127379227 0.06054159964160111 0.40261192878135854 0.6070946967968841 0.09475550237993191
0.8829920896086882 0.31356431926581707 0.2902050041004106 0.39089693240286516 0.810856355621865 0.11276987515735937 0.13136728127379227 0.0 0.16574783771977375 0.41247027115583523 0.802931122979403 0.9139413200910858
0.6242576955659501 0.14742912106122608 0.7574715061347078 0.8346757886694471 0.2648398649014826 0.3284621201755822 0.06054159964160111 0.16574783771977375 0.0 0.20001200803546892 0.2490730575159723 0.18267970356413654
0.4509108673211527 0.025727479714034773 0.9962009650671045 0.0357299942481204 0.6811936155571411 0.6179839663274601 0.40261192878135854 0.41247027115583523 0.20001200803546892 0.0 0.9120506124294001 0.3497277969274928
0.18624422018796816 0.054606122726571726 0.9787079354910655 0.8107125721920313 0.888310213391448 0.693137486954623 0.6070946967968841 0.802931122979403 0.2490730575159723 0.9120506124294001 0.0 0.4843591448486301
0.520840026203885 0.8878948108104614 0.05949565982400895 0.8987366200868574 0.2504035849696956 0.8382398898385464 0.09475550237993191 0.9139413200910858 0.18267970356413654 0.3497277969274928 0.4843591448486301 0.0

# Optimal Walk
0 10 9 3 4 5 7 8 6 11 2 1 0
