# MCW Instance
# Type: UNIFORM
# N: 12
# Optimal cost: 1.903058371053861
# Optimal tour (permutation): [0, 2, 7, 10, 3, 6, 9, 11, 8, 4, 5, 1, 0]
# Optimal walk (full path): [0, 2, 0, 5, 7, 5, 10, 3, 6, 9, 4, 11, 8, 11, 4, 5, 0, 1, 0]
# Walk size: 19
# Is walk (has repeats): true

# Distance Matrix
0.0000000000 0.0710707678 0.1954092129 0.7985476418 0.5470299971 0.0012075123 0.9124480121 0.3828958645 0.4156497714 0.4302186751 0.6476608765 0.3314000027
0.0710707678 0.0000000000 0.8968718679 0.6284747098 0.8109770624 0.9621494929 0.6137090710 0.6907884548 0.9572274661 0.3713431006 0.4502217474 0.3628777102
0.1954092129 0.8968718679 0.0000000000 0.9963058660 0.7004906396 0.3315267621 0.9523776493 0.7288239658 0.8446251599 0.2967224785 0.8617872858 0.8357087718
0.7985476418 0.6284747098 0.9963058660 0.0000000000 0.9167415820 0.9155420750 0.1567102163 0.9277297283 0.4252796999 0.9677105397 0.2399774065 0.7697324680
0.5470299971 0.8109770624 0.7004906396 0.9167415820 0.0000000000 0.0443202611 0.7033955418 0.1407151168 0.3343945085 0.0602654511 0.9338061252 0.1471485428
0.0012075123 0.9621494929 0.3315267621 0.9155420750 0.0443202611 0.0000000000 0.9116079834 0.0641254845 0.6629069927 0.5129082147 0.1021329223 0.2251358213
0.9124480121 0.6137090710 0.9523776493 0.1567102163 0.7033955418 0.9116079834 0.0000000000 0.9643807620 0.7488320703 0.1579541561 0.5292799218 0.3323841648
0.3828958645 0.6907884548 0.7288239658 0.9277297283 0.1407151168 0.0641254845 0.9643807620 0.0000000000 0.5757336486 0.7968135250 0.6953946924 0.7903083852
0.4156497714 0.9572274661 0.8446251599 0.4252796999 0.3343945085 0.6629069927 0.7488320703 0.5757336486 0.0000000000 0.9583326229 0.3146787747 0.0918874585
0.4302186751 0.3713431006 0.2967224785 0.9677105397 0.0602654511 0.5129082147 0.1579541561 0.7968135250 0.9583326229 0.0000000000 0.6286679942 0.7665208925
0.6476608765 0.4502217474 0.8617872858 0.2399774065 0.9338061252 0.1021329223 0.5292799218 0.6953946924 0.3146787747 0.6286679942 0.0000000000 0.5474487083
0.3314000027 0.3628777102 0.8357087718 0.7697324680 0.1471485428 0.2251358213 0.3323841648 0.7903083852 0.0918874585 0.7665208925 0.5474487083 0.0000000000
