# MCW Instance
# Type: UNIFORM
# N: 12
# Optimal cost: 1.5930958817197483
# Optimal tour (permutation): [0, 11, 6, 4, 7, 2, 1, 5, 3, 8, 9, 10, 0]
# Optimal walk (full path): [0, 11, 6, 4, 7, 2, 7, 1, 7, 5, 3, 5, 8, 9, 10, 9, 0]
# Walk size: 17
# Is walk (has repeats): true

# Distance Matrix
0.0000000000 0.6987964334 0.4621168539 0.6917450177 0.2451488834 0.4372921773 0.4139497264 0.1159693140 0.3785175405 0.1476132576 0.3664929253 0.1225637198
0.6987964334 0.0000000000 0.5701839312 0.7391513849 0.6520279757 0.3181555937 0.9678899542 0.1953223941 0.4143233221 0.3184273042 0.4821018150 0.3998471686
0.4621168539 0.5701839312 0.0000000000 0.3346317456 0.7188945945 0.5975638803 0.1156213005 0.0069579369 0.3703885692 0.2202464348 0.2878350467 0.4401657047
0.6917450177 0.7391513849 0.3346317456 0.0000000000 0.6821722552 0.1705574572 0.6408564090 0.4389083258 0.9890992920 0.3487279055 0.6174918653 0.4210301146
0.2451488834 0.6520279757 0.7188945945 0.6821722552 0.0000000000 0.1139486863 0.0445689464 0.0695908552 0.5660004937 0.1320464284 0.3413388104 0.7505616587
0.4372921773 0.3181555937 0.5975638803 0.1705574572 0.1139486863 0.0000000000 0.0571068768 0.0025108222 0.0722456191 0.5832176964 0.5795458195 0.1689355490
0.4139497264 0.9678899542 0.1156213005 0.6408564090 0.0445689464 0.0571068768 0.0000000000 0.3281523089 0.8804752806 0.1672167687 0.4520504810 0.0863378403
0.1159693140 0.1953223941 0.0069579369 0.4389083258 0.0695908552 0.0025108222 0.3281523089 0.0000000000 0.1817747926 0.9529361953 0.5578773760 0.1327089129
0.3785175405 0.4143233221 0.3703885692 0.9890992920 0.5660004937 0.0722456191 0.8804752806 0.1817747926 0.0000000000 0.1346995401 0.3699542063 0.3071235416
0.1476132576 0.3184273042 0.2202464348 0.3487279055 0.1320464284 0.5832176964 0.1672167687 0.9529361953 0.1346995401 0.0000000000 0.0836448523 0.8991174779
0.3664929253 0.4821018150 0.2878350467 0.6174918653 0.3413388104 0.5795458195 0.4520504810 0.5578773760 0.3699542063 0.0836448523 0.0000000000 0.8770698751
0.1225637198 0.3998471686 0.4401657047 0.4210301146 0.7505616587 0.1689355490 0.0863378403 0.1327089129 0.3071235416 0.8991174779 0.8770698751 0.0000000000
