# Graph size: 12
# Optimal cost: 1.472133294460587

# Distance Matrix
0.0 0.37841666924137973 0.3389809411790149 0.002044121847284419 0.21261488590521338 0.49561976552395426 0.06499520237279155 0.922655607809978 0.4040142050785206 0.8980282013384983 0.062096247447125164 0.3280720326058293
0.37841666924137973 0.0 0.45681057603101893 0.7149617143868754 0.7757064553533491 0.3580826572437422 0.22836741672860916 0.036923550321995124 0.6486066386715281 0.6652413728729912 0.13094588461605905 0.6533226177167784
0.3389809411790149 0.45681057603101893 0.0 0.8380675180683498 0.7581992520949635 0.800474223143988 0.5103962511014335 0.26741704361310314 0.6155459527508993 0.6711790319150363 0.2909752556762175 0.38756157914739575
0.002044121847284419 0.7149617143868754 0.8380675180683498 0.0 0.3277585978212889 0.4570854571798846 0.7999599207561532 0.15776944525149594 0.07270890193384649 0.5658074090183411 0.9028515722935377 0.9200635367745004
0.21261488590521338 0.7757064553533491 0.7581992520949635 0.3277585978212889 0.0 0.5592801603149374 0.025713138957565773 0.6094116105578524 0.037858776937316874 0.18399829967089032 0.5944652907645386 0.5204958222951753
0.49561976552395426 0.3580826572437422 0.800474223143988 0.4570854571798846 0.5592801603149374 0.0 0.3970198628627605 0.5371811315093595 0.33509894058670275 0.2633388241552055 0.12630307047798062 0.5679636096026761
0.06499520237279155 0.22836741672860916 0.5103962511014335 0.7999599207561532 0.025713138957565773 0.3970198628627605 0.0 0.09521471018951944 0.7290397146021392 0.1841854873788128 0.6716564515452846 0.005528869816205151
0.922655607809978 0.036923550321995124 0.26741704361310314 0.15776944525149594 0.6094116105578524 0.5371811315093595 0.09521471018951944 0.0 0.895726815427356 0.780373784676275 0.1982484647523305 0.32593546494092607
0.4040142050785206 0.6486066386715281 0.6155459527508993 0.07270890193384649 0.037858776937316874 0.33509894058670275 0.7290397146021392 0.895726815427356 0.0 0.7718557878805528 0.9528240429807394 0.3974637318507759
0.8980282013384983 0.6652413728729912 0.6711790319150363 0.5658074090183411 0.18399829967089032 0.2633388241552055 0.1841854873788128 0.780373784676275 0.7718557878805528 0.0 0.7104003758727726 0.5263220828838453
0.062096247447125164 0.13094588461605905 0.2909752556762175 0.9028515722935377 0.5944652907645386 0.12630307047798062 0.6716564515452846 0.1982484647523305 0.9528240429807394 0.7104003758727726 0.0 0.004892633996229856
0.3280720326058293 0.6533226177167784 0.38756157914739575 0.9200635367745004 0.5204958222951753 0.5679636096026761 0.005528869816205151 0.32593546494092607 0.3974637318507759 0.5263220828838453 0.004892633996229856 0.0

# Optimal Walk
0 3 8 4 9 5 10 11 6 7 1 2 0
