# Graph size: 12
# Optimal cost: 2.392815297112776

# Distance Matrix
0.0 0.9764115540612414 0.3799670574787536 0.050034413118467014 0.2232538611103676 0.2638859588627347 0.35913817361854716 0.29493797846846026 0.12607257851949882 0.14791745169910353 0.8187200205878101 0.37338226699158084
0.9764115540612414 0.0 0.5844055988553993 0.19605576133675062 0.2529802163347341 0.02917784922769906 0.4947323657164411 0.5808590856551082 0.7597346261204783 0.32758046086575543 0.2544747170206437 0.6952933227231349
0.3799670574787536 0.5844055988553993 0.0 0.7665876270448893 0.2728916604850755 0.3553868106598246 0.7246293230483621 0.8247314956433701 0.47144025407232204 0.9162238741178781 0.3958161139656451 0.37609734529346894
0.050034413118467014 0.19605576133675062 0.7665876270448893 0.0 0.7762538236267341 0.4203448598219145 0.8762844212291221 0.752188773752821 0.3663323893169306 0.6670689179775443 0.32636138301064854 0.04671874663550024
0.2232538611103676 0.2529802163347341 0.2728916604850755 0.7762538236267341 0.0 0.5112865076927946 0.22001917552763528 0.9229538047667367 0.9192089585217721 0.3512047754608756 0.4413515410160127 0.26688429546492076
0.2638859588627347 0.02917784922769906 0.3553868106598246 0.4203448598219145 0.5112865076927946 0.0 0.833000186680728 0.3819665224703982 0.5376804401792525 0.9622404279247555 0.7086614913280179 0.9778174935674075
0.35913817361854716 0.4947323657164411 0.7246293230483621 0.8762844212291221 0.22001917552763528 0.833000186680728 0.0 0.9116769895891231 0.8133246885629218 0.482574313947815 0.20587758480468243 0.5127299088635537
0.29493797846846026 0.5808590856551082 0.8247314956433701 0.752188773752821 0.9229538047667367 0.3819665224703982 0.9116769895891231 0.0 0.5232681927063733 0.6005077107230984 0.3913514221388783 0.810722788547382
0.12607257851949882 0.7597346261204783 0.47144025407232204 0.3663323893169306 0.9192089585217721 0.5376804401792525 0.8133246885629218 0.5232681927063733 0.0 0.9980991711596835 0.04728895921619869 0.3775642137621057
0.14791745169910353 0.32758046086575543 0.9162238741178781 0.6670689179775443 0.3512047754608756 0.9622404279247555 0.482574313947815 0.6005077107230984 0.9980991711596835 0.0 0.47889600195619586 0.36103258335427935
0.8187200205878101 0.2544747170206437 0.3958161139656451 0.32636138301064854 0.4413515410160127 0.7086614913280179 0.20587758480468243 0.3913514221388783 0.04728895921619869 0.47889600195619586 0.0 0.11621388465673
0.37338226699158084 0.6952933227231349 0.37609734529346894 0.04671874663550024 0.26688429546492076 0.9778174935674075 0.5127299088635537 0.810722788547382 0.3775642137621057 0.36103258335427935 0.11621388465673 0.0

# Optimal Walk
0 9 7 5 1 2 4 6 10 8 11 3 0
