# MCW Instance
# Type: UNIFORM
# N: 12
# Optimal cost: 2.1612435814990603
# Optimal tour (permutation): [0, 4, 2, 8, 6, 1, 5, 11, 10, 9, 7, 3, 0]
# Optimal walk (full path): [0, 3, 2, 4, 2, 8, 6, 1, 5, 11, 10, 9, 7, 3, 0]
# Walk size: 15
# Is walk (has repeats): true

# Distance Matrix
0.0000000000 0.3393131700 0.4361111166 0.1273400147 0.8074023285 0.7298583304 0.4405589333 0.3564921131 0.8560733992 0.5494018422 0.9272171304 0.9531718485
0.3393131700 0.0000000000 0.3229729456 0.5327229453 0.5326216061 0.2427986445 0.4271540185 0.1819343367 0.5616779836 0.8401167258 0.2565180571 0.4079267128
0.4361111166 0.3229729456 0.0000000000 0.1246861003 0.0068074592 0.4923643123 0.6418154228 0.8301590705 0.2020195298 0.2599394100 0.7374645803 0.6994833700
0.1273400147 0.5327229453 0.1246861003 0.0000000000 0.8387871642 0.6699595650 0.3152661929 0.0251298041 0.6040322335 0.3123659152 0.8077020129 0.4810400039
0.8074023285 0.5326216061 0.0068074592 0.8387871642 0.0000000000 0.8258241738 0.6911131509 0.3588189525 0.9119764977 0.2787968127 0.3475808843 0.9025995337
0.7298583304 0.2427986445 0.4923643123 0.6699595650 0.8258241738 0.0000000000 0.8780386752 0.5070984757 0.2102353717 0.1993103779 0.2112116709 0.2139782759
0.4405589333 0.4271540185 0.6418154228 0.3152661929 0.6911131509 0.8780386752 0.0000000000 0.5294593168 0.3442639954 0.5527277368 0.5180877966 0.6090058393
0.3564921131 0.1819343367 0.8301590705 0.0251298041 0.3588189525 0.5070984757 0.5294593168 0.0000000000 0.2800297647 0.0831857029 0.9088040282 0.4293218147
0.8560733992 0.5616779836 0.2020195298 0.6040322335 0.9119764977 0.2102353717 0.3442639954 0.2800297647 0.0000000000 0.1409825823 0.4317863985 0.5463562558
0.5494018422 0.8401167258 0.2599394100 0.3123659152 0.2787968127 0.1993103779 0.5527277368 0.0831857029 0.1409825823 0.0000000000 0.1730254487 0.8381780717
0.9272171304 0.2565180571 0.7374645803 0.8077020129 0.3475808843 0.2112116709 0.5180877966 0.9088040282 0.4317863985 0.1730254487 0.0000000000 0.0567071136
0.9531718485 0.4079267128 0.6994833700 0.4810400039 0.9025995337 0.2139782759 0.6090058393 0.4293218147 0.5463562558 0.8381780717 0.0567071136 0.0000000000
