# MCW Instance
# Type: UNIFORM
# N: 12
# Optimal cost: 1.6869173563314783
# Optimal tour (permutation): [0, 2, 8, 4, 6, 10, 3, 1, 9, 5, 7, 11, 0]
# Optimal walk (full path): [0, 2, 0, 8, 4, 6, 10, 3, 1, 9, 7, 5, 7, 11, 0]
# Walk size: 15
# Is walk (has repeats): true

# Distance Matrix
0.0000000000 0.4044749852 0.0501994247 0.2099462287 0.0602286663 0.2567957548 0.9251822015 0.1027136437 0.0486348708 0.5253997416 0.4262649977 0.1250292080
0.4044749852 0.0000000000 0.3785911607 0.0890430367 0.9733714321 0.7514923914 0.5281894682 0.1937940486 0.5669399935 0.3314504056 0.4655942829 0.2755295969
0.0501994247 0.3785911607 0.0000000000 0.4278117618 0.5775908178 0.4353313973 0.6070018611 0.1179161729 0.3805845071 0.6698477246 0.7922114240 0.7321168230
0.2099462287 0.0890430367 0.4278117618 0.0000000000 0.2659724092 0.6796929370 0.2880488336 0.7603693623 0.2323395314 0.6750879229 0.0716432042 0.2593819444
0.0602286663 0.9733714321 0.5775908178 0.2659724092 0.0000000000 0.4139224910 0.1023089046 0.2915834307 0.0442579770 0.9961475444 0.2402303383 0.2421533051
0.2567957548 0.7514923914 0.4353313973 0.6796929370 0.4139224910 0.0000000000 0.7131401527 0.0791982694 0.2955334970 0.2819496869 0.4516632836 0.7325630924
0.9251822015 0.5281894682 0.6070018611 0.2880488336 0.1023089046 0.7131401527 0.0000000000 0.4595022110 0.3817280182 0.7290631558 0.3126148615 0.9449905747
0.1027136437 0.1937940486 0.1179161729 0.7603693623 0.2915834307 0.0791982694 0.4595022110 0.0000000000 0.8310471758 0.1940773414 0.2256259507 0.1090621585
0.0486348708 0.5669399935 0.3805845071 0.2323395314 0.0442579770 0.2955334970 0.3817280182 0.8310471758 0.0000000000 0.2592615430 0.3063128221 0.7102238749
0.5253997416 0.3314504056 0.6698477246 0.6750879229 0.9961475444 0.2819496869 0.7290631558 0.1940773414 0.2592615430 0.0000000000 0.3849640591 0.5336350255
0.4262649977 0.4655942829 0.7922114240 0.0716432042 0.2402303383 0.4516632836 0.3126148615 0.2256259507 0.3063128221 0.3849640591 0.0000000000 0.4975449019
0.1250292080 0.2755295969 0.7321168230 0.2593819444 0.2421533051 0.7325630924 0.9449905747 0.1090621585 0.7102238749 0.5336350255 0.4975449019 0.0000000000
