# Graph size: 12
# Optimal cost: 1.5641393510348145

# Distance Matrix
0.0 0.6756520349642081 0.1626193487945855 0.6171872229499905 0.26433718741305545 0.609733863650062 0.5555223253156695 0.6628660803346778 0.4755905231983605 0.18383784490235455 0.0017019256098870228 0.3184662943030454
0.6756520349642081 0.0 0.04647408419786203 0.9089689380364039 0.630858853677674 0.6076720137423345 0.5480670926214632 0.4761003689961453 0.16261992727689778 0.04117440492387303 0.49352400962603105 0.3844306018103074
0.1626193487945855 0.04647408419786203 0.0 0.8991189416349058 0.032324682516128744 0.7408732163125377 0.5873721364028405 0.9724690410623201 0.5983563195218258 0.937709639355468 0.785941121876774 0.9155162712750392
0.6171872229499905 0.9089689380364039 0.8991189416349058 0.0 0.6062401554984719 0.4125970200041288 0.20331845233103474 0.5549284939071805 0.04196276613588046 0.4892846140781244 0.15970501291336026 0.6875874132038324
0.26433718741305545 0.630858853677674 0.032324682516128744 0.6062401554984719 0.0 0.7829947009754684 0.802381922393416 0.5331944578339326 0.9944160899740759 0.13594244047340487 0.8269245841788732 0.24023951831218604
0.609733863650062 0.6076720137423345 0.7408732163125377 0.4125970200041288 0.7829947009754684 0.0 0.17018785379458412 0.9648535014252441 0.49930315154599725 0.19838830378759797 0.30352687853082905 0.5803717264714515
0.5555223253156695 0.5480670926214632 0.5873721364028405 0.20331845233103474 0.802381922393416 0.17018785379458412 0.0 0.503315859293569 0.8443195018157891 0.12822487500989665 0.685915390776562 0.5226452658517067
0.6628660803346778 0.4761003689961453 0.9724690410623201 0.5549284939071805 0.5331944578339326 0.9648535014252441 0.503315859293569 0.0 0.17180655244079523 0.8851617969908333 0.5842782213214892 0.5198481836065421
0.4755905231983605 0.16261992727689778 0.5983563195218258 0.04196276613588046 0.9944160899740759 0.49930315154599725 0.8443195018157891 0.17180655244079523 0.0 0.4270923957095124 0.18353353662112282 0.5365292348947024
0.18383784490235455 0.04117440492387303 0.937709639355468 0.4892846140781244 0.13594244047340487 0.19838830378759797 0.12822487500989665 0.8851617969908333 0.4270923957095124 0.0 0.8919866881452961 0.053258102462269585
0.0017019256098870228 0.49352400962603105 0.785941121876774 0.15970501291336026 0.8269245841788732 0.30352687853082905 0.685915390776562 0.5842782213214892 0.18353353662112282 0.8919866881452961 0.0 0.43075250354520433
0.3184662943030454 0.3844306018103074 0.9155162712750392 0.6875874132038324 0.24023951831218604 0.5803717264714515 0.5226452658517067 0.5198481836065421 0.5365292348947024 0.053258102462269585 0.43075250354520433 0.0

# Optimal Walk
0 10 8 7 3 6 5 9 11 1 2 4 0
