# MCW Instance
# Type: UNIFORM
# N: 12
# Optimal cost: 1.9979306267742842
# Optimal tour (permutation): [0, 3, 10, 2, 11, 8, 4, 6, 7, 9, 5, 1, 0]
# Optimal walk (full path): [0, 3, 10, 2, 11, 8, 4, 6, 9, 7, 9, 6, 5, 6, 1, 0]
# Walk size: 16
# Is walk (has repeats): true

# Distance Matrix
0.0000000000 0.1047416423 0.7440211049 0.1463799211 0.7532863801 0.6612795079 0.1613406709 0.4901586966 0.7353262742 0.8604678208 0.7663316806 0.9877039157
0.1047416423 0.0000000000 0.6102813632 0.4428759821 0.1136298091 0.3674007275 0.0350413634 0.3341197121 0.4746626337 0.2856403677 0.9647786867 0.4047904876
0.7440211049 0.6102813632 0.0000000000 0.7371294945 0.6282425278 0.6311107505 0.4605342635 0.6522834164 0.7046399211 0.7314831838 0.1354056851 0.3113937678
0.1463799211 0.4428759821 0.7371294945 0.0000000000 0.2076582771 0.9303898836 0.8313505709 0.5540559923 0.5470766712 0.4849612030 0.0976460050 0.8635555479
0.7532863801 0.1136298091 0.6282425278 0.2076582771 0.0000000000 0.1817542904 0.0506139778 0.8763539867 0.1882809365 0.8729620007 0.4968729336 0.8533209855
0.6612795079 0.3674007275 0.6311107505 0.9303898836 0.1817542904 0.0000000000 0.0432205035 0.3606578006 0.8691354026 0.7489826889 0.1918662216 0.8247975307
0.1613406709 0.0350413634 0.4605342635 0.8313505709 0.0506139778 0.0432205035 0.0000000000 0.4690666397 0.7592092063 0.1863873180 0.6353732167 0.3944762878
0.4901586966 0.3341197121 0.6522834164 0.5540559923 0.8763539867 0.3606578006 0.4690666397 0.0000000000 0.5136532162 0.0527250639 0.3177234431 0.7789409483
0.7353262742 0.4746626337 0.7046399211 0.5470766712 0.1882809365 0.8691354026 0.7592092063 0.5136532162 0.0000000000 0.8575394077 0.4472997135 0.3637615569
0.8604678208 0.2856403677 0.7314831838 0.4849612030 0.8729620007 0.7489826889 0.1863873180 0.0527250639 0.8575394077 0.0000000000 0.4021020384 0.4825610031
0.7663316806 0.9647786867 0.1354056851 0.0976460050 0.4968729336 0.1918662216 0.6353732167 0.3177234431 0.4472997135 0.4021020384 0.0000000000 0.6833089497
0.9877039157 0.4047904876 0.3113937678 0.8635555479 0.8533209855 0.8247975307 0.3944762878 0.7789409483 0.3637615569 0.4825610031 0.6833089497 0.0000000000
