# MCW Instance
# Type: UNIFORM
# N: 12
# Optimal cost: 0.4986174338564967
# Optimal tour (permutation): [0, 8, 7, 11, 2, 9, 6, 1, 5, 10, 4, 3, 0]
# Optimal walk (full path): [0, 8, 7, 8, 2, 11, 2, 6, 9, 6, 1, 5, 0, 10, 3, 4, 3, 10, 0]
# Walk size: 19
# Is walk (has repeats): true

# Distance Matrix
0.0000000000 0.8186155200 0.1351264056 0.3100766993 0.9889918583 0.0536180069 0.4768127170 0.1429058806 0.0419428448 0.1896717014 0.0131078761 0.7268582112
0.8186155200 0.0000000000 0.7771522573 0.2263606416 0.9398109829 0.0454608653 0.0472651619 0.2069993578 0.3128584854 0.7759385832 0.3207891476 0.2202195393
0.1351264056 0.7771522573 0.0000000000 0.9643941383 0.8033014028 0.4139684959 0.0317305330 0.8317047235 0.0213600365 0.8837079011 0.4139107905 0.0061806890
0.3100766993 0.2263606416 0.9643941383 0.0000000000 0.0005326149 0.4204440021 0.3356146053 0.2557504782 0.4626594771 0.9167760375 0.0505546752 0.2517758550
0.9889918583 0.9398109829 0.8033014028 0.0005326149 0.0000000000 0.1446431431 0.7558317305 0.7798475291 0.2401849520 0.5555832060 0.2627581739 0.1227856314
0.0536180069 0.0454608653 0.4139684959 0.4204440021 0.1446431431 0.0000000000 0.4366588488 0.3361761765 0.1933918392 0.5496264443 0.9969759686 0.4145034153
0.4768127170 0.0472651619 0.0317305330 0.3356146053 0.7558317305 0.4366588488 0.0000000000 0.5960753196 0.3311653133 0.0161586712 0.9189302872 0.3757534826
0.1429058806 0.2069993578 0.8317047235 0.2557504782 0.7798475291 0.3361761765 0.5960753196 0.0000000000 0.0420854664 0.6438545568 0.8566924803 0.4138946095
0.0419428448 0.3128584854 0.0213600365 0.4626594771 0.2401849520 0.1933918392 0.3311653133 0.0420854664 0.0000000000 0.3385552169 0.0684243216 0.8958463025
0.1896717014 0.7759385832 0.8837079011 0.9167760375 0.5555832060 0.5496264443 0.0161586712 0.6438545568 0.3385552169 0.0000000000 0.1534471461 0.0552690403
0.0131078761 0.3207891476 0.4139107905 0.0505546752 0.2627581739 0.9969759686 0.9189302872 0.8566924803 0.0684243216 0.1534471461 0.0000000000 0.8184975540
0.7268582112 0.2202195393 0.0061806890 0.2517758550 0.1227856314 0.4145034153 0.3757534826 0.4138946095 0.8958463025 0.0552690403 0.8184975540 0.0000000000
