# Graph size: 12
# Optimal cost: 1.6762297618460407

# Distance Matrix
0.0 0.8461128639407591 0.6209148749945335 0.6945276108855281 0.5949806383409736 0.7290827211306616 0.5804095142809674 0.3910152314259462 0.1758327761782178 0.9939651711221767 0.004738036860487127 0.45246527743269205
0.8461128639407591 0.0 0.17734557681453633 0.07883474561592152 0.1434612543374988 0.17636369057838608 0.2536641015402773 0.6885388368479917 0.7641903375153508 0.14227543953084232 0.961888008387921 0.9236609771246936
0.6209148749945335 0.17734557681453633 0.0 0.5271797772644817 0.6891856952515839 0.5632473272849636 0.6010591176099149 0.9074291628518601 0.5048410625827946 0.3055183234377056 0.07973025925285093 0.8112978094229841
0.6945276108855281 0.07883474561592152 0.5271797772644817 0.0 0.09054984485079687 0.8029210152939253 0.8754790562037303 0.35592350374105175 0.10025066110357606 0.34165422327132233 0.09884484809752736 0.6322775613416686
0.5949806383409736 0.1434612543374988 0.6891856952515839 0.09054984485079687 0.0 0.06926108502379413 0.6823870970841529 0.2829680434172783 0.6564758165959311 0.8459690522616764 0.20544136002205737 0.4815531847039094
0.7290827211306616 0.17636369057838608 0.5632473272849636 0.8029210152939253 0.06926108502379413 0.0 0.12900556689387221 0.11883168997785365 0.05006166679361601 0.6118129737048784 0.06781652864836385 0.7913974388562515
0.5804095142809674 0.2536641015402773 0.6010591176099149 0.8754790562037303 0.6823870970841529 0.12900556689387221 0.0 0.23608582050162275 0.8932535156321624 0.8587635742913402 0.5996693985610363 0.6244908524675657
0.3910152314259462 0.6885388368479917 0.9074291628518601 0.35592350374105175 0.2829680434172783 0.11883168997785365 0.23608582050162275 0.0 0.8903883066065191 0.7756777534829233 0.28897873581386624 0.9727047336380014
0.1758327761782178 0.7641903375153508 0.5048410625827946 0.10025066110357606 0.6564758165959311 0.05006166679361601 0.8932535156321624 0.8903883066065191 0.0 0.10594436979166 0.5623814081004763 0.8716391043417133
0.9939651711221767 0.14227543953084232 0.3055183234377056 0.34165422327132233 0.8459690522616764 0.6118129737048784 0.8587635742913402 0.7756777534829233 0.10594436979166 0.0 0.2712376522550729 0.2908510811745324
0.004738036860487127 0.961888008387921 0.07973025925285093 0.09884484809752736 0.20544136002205737 0.06781652864836385 0.5996693985610363 0.28897873581386624 0.5623814081004763 0.2712376522550729 0.0 0.24025198143400983
0.45246527743269205 0.9236609771246936 0.8112978094229841 0.6322775613416686 0.4815531847039094 0.7913974388562515 0.6244908524675657 0.9727047336380014 0.8716391043417133 0.2908510811745324 0.24025198143400983 0.0

# Optimal Walk
0 10 11 9 8 7 6 5 4 3 1 2 0
