# MCW Instance
# Type: UNIFORM
# N: 12
# Optimal cost: 1.9412599932194272
# Optimal tour (permutation): [0, 7, 1, 4, 8, 11, 10, 3, 6, 2, 9, 5, 0]
# Optimal walk (full path): [0, 7, 1, 4, 8, 10, 11, 10, 3, 6, 2, 9, 5, 9, 7, 0]
# Walk size: 16
# Is walk (has repeats): true

# Distance Matrix
0.0000000000 0.6455572733 0.7460755075 0.7621872259 0.2883701867 0.6722620284 0.1331957388 0.0160156370 0.2762682387 0.7209287422 0.4217221005 0.1330533474
0.6455572733 0.0000000000 0.9989743047 0.8566797720 0.0062798601 0.5700277357 0.5518037206 0.0657253994 0.5490058066 0.3797741339 0.8196183663 0.4974556435
0.7460755075 0.9989743047 0.0000000000 0.8420257003 0.9008264212 0.9236017952 0.3072870292 0.6813079225 0.7650629132 0.2850165394 0.7577650776 0.9926467333
0.7621872259 0.8566797720 0.8420257003 0.0000000000 0.8306156725 0.5159355703 0.2051507982 0.7718173649 0.8826030062 0.5588530555 0.3496950524 0.7534841618
0.2883701867 0.0062798601 0.9008264212 0.8306156725 0.0000000000 0.4608465373 0.2402441477 0.6600320444 0.1072321689 0.9715858335 0.6775575000 0.1955991884
0.6722620284 0.5700277357 0.9236017952 0.5159355703 0.4608465373 0.0000000000 0.8741316098 0.3193051428 0.7847881116 0.1457175616 0.3035337194 0.6551380460
0.1331957388 0.5518037206 0.3072870292 0.2051507982 0.2402441477 0.8741316098 0.0000000000 0.4586921395 0.2799434196 0.7273355385 0.4799180908 0.8958700036
0.0160156370 0.0657253994 0.6813079225 0.7718173649 0.6600320444 0.3193051428 0.4586921395 0.0000000000 0.1615278709 0.1177400731 0.2627940827 0.8903570288
0.2762682387 0.5490058066 0.7650629132 0.8826030062 0.1072321689 0.7847881116 0.2799434196 0.1615278709 0.0000000000 0.4142987359 0.0145778700 0.9404312934
0.7209287422 0.3797741339 0.2850165394 0.5588530555 0.9715858335 0.1457175616 0.7273355385 0.1177400731 0.4142987359 0.0000000000 0.8920259863 0.5530044518
0.4217221005 0.8196183663 0.7577650776 0.3496950524 0.6775575000 0.3035337194 0.4799180908 0.2627940827 0.0145778700 0.8920259863 0.0000000000 0.0795444026
0.1330533474 0.4974556435 0.9926467333 0.7534841618 0.1955991884 0.6551380460 0.8958700036 0.8903570288 0.9404312934 0.5530044518 0.0795444026 0.0000000000
