# Graph size: 12
# Optimal cost: 2.3148040961903336

# Distance Matrix
0.0 0.09967148903562373 0.8890457887467199 0.7983168233746726 0.03707983175599272 0.9701786881672888 0.9550230326908252 0.5350665652840261 0.7304813386332764 0.46660944284808037 0.5678397172791315 0.1179832191719481
0.09967148903562373 0.0 0.7641020492975905 0.6065868030303525 0.8763179805146043 0.6221039611163883 0.8061127049168607 0.6570357533290815 0.8620741872257485 0.07181704132569089 0.5822844012549809 0.28651705828018037
0.8890457887467199 0.7641020492975905 0.0 0.9971412842409256 0.191970159092959 0.26747543448375244 0.0647150692195042 0.06610476202216398 0.5876907741609151 0.39430778784023823 0.2732207836161411 0.5907710408228558
0.7983168233746726 0.6065868030303525 0.9971412842409256 0.0 0.6730173106150701 0.3425409534208087 0.2739790422881727 0.429175999257873 0.21629132810416163 0.4970638201240958 0.7452444395033476 0.2857807458895284
0.03707983175599272 0.8763179805146043 0.191970159092959 0.6730173106150701 0.0 0.19936310044321537 0.7180899587009594 0.9396177476892816 0.06599057185833679 0.7980139563760849 0.8540556671743461 0.7447108891504773
0.9701786881672888 0.6221039611163883 0.26747543448375244 0.3425409534208087 0.19936310044321537 0.0 0.23567207468291052 0.6826003472281158 0.6458839919857763 0.734214958609016 0.6051325611069461 0.5107767325517467
0.9550230326908252 0.8061127049168607 0.0647150692195042 0.2739790422881727 0.7180899587009594 0.23567207468291052 0.0 0.5206920144394888 0.5856227509708046 0.2470650053819623 0.43825514011207656 0.45368327147206056
0.5350665652840261 0.6570357533290815 0.06610476202216398 0.429175999257873 0.9396177476892816 0.6826003472281158 0.5206920144394888 0.0 0.21058344167337084 0.5792507457178443 0.7089114918963363 0.2888802379166818
0.7304813386332764 0.8620741872257485 0.5876907741609151 0.21629132810416163 0.06599057185833679 0.6458839919857763 0.5856227509708046 0.21058344167337084 0.0 0.6948437539919392 0.9953511481406994 0.9021498557552552
0.46660944284808037 0.07181704132569089 0.39430778784023823 0.4970638201240958 0.7980139563760849 0.734214958609016 0.2470650053819623 0.5792507457178443 0.6948437539919392 0.0 0.6525169850416951 0.6769566519307275
0.5678397172791315 0.5822844012549809 0.2732207836161411 0.7452444395033476 0.8540556671743461 0.6051325611069461 0.43825514011207656 0.7089114918963363 0.9953511481406994 0.6525169850416951 0.0 0.8109087132736602
0.1179832191719481 0.28651705828018037 0.5907710408228558 0.2857807458895284 0.7447108891504773 0.5107767325517467 0.45368327147206056 0.2888802379166818 0.9021498557552552 0.6769566519307275 0.8109087132736602 0.0

# Optimal Walk
0 1 9 6 7 10 2 5 4 8 3 11 0
