# MCW Instance
# Type: EXPONENTIAL
# N: 12
# Optimal cost: 1.8000702983231713
# Optimal tour (permutation): [0, 11, 2, 10, 5, 1, 4, 9, 8, 3, 7, 6, 0]
# Optimal walk (full path): [0, 11, 2, 10, 5, 1, 4, 9, 3, 8, 3, 7, 0, 6, 0]
# Walk size: 15
# Is walk (has repeats): true

# Distance Matrix
0.0000000000 1.0213308927 0.3432017953 0.1527146019 2.8875460528 0.1826122395 0.0150626379 0.0332338764 0.6640843223 0.2286122129 0.5875555487 0.0187940976
1.0213308927 0.0000000000 1.1911240959 0.3205596726 0.2078253875 0.4665416919 1.3323289195 0.7007778049 5.5927215654 1.1151815887 1.2267935365 4.5134900961
0.3432017953 1.1911240959 0.0000000000 0.7920036607 0.5672105428 0.9565785795 0.4296956850 1.2017803832 2.5265794589 0.4453067975 0.0893232553 0.0519390901
0.1527146019 0.3205596726 0.7920036607 0.0000000000 0.4404189291 0.2784554385 0.3258083142 0.0158955597 0.2176956401 0.1084841613 0.4544444592 0.8796609161
2.8875460528 0.2078253875 0.5672105428 0.4404189291 0.0000000000 0.4283720820 1.0744181738 0.2556326126 0.4750694613 0.2760276905 0.4073260478 0.8180187910
0.1826122395 0.4665416919 0.9565785795 0.2784554385 0.4283720820 0.0000000000 0.9272691366 0.4809966401 0.5390546306 0.9215356765 0.0664889320 1.0804124341
0.0150626379 1.3323289195 0.4296956850 0.3258083142 1.0744181738 0.9272691366 0.0000000000 0.0814046768 0.8083385594 0.4830646716 3.3137581733 0.7051331413
0.0332338764 0.7007778049 1.2017803832 0.0158955597 0.2556326126 0.4809966401 0.0814046768 0.0000000000 1.1508824074 0.2909327556 1.6199099357 0.0876631383
0.6640843223 5.5927215654 2.5265794589 0.2176956401 0.4750694613 0.5390546306 0.8083385594 1.1508824074 0.0000000000 4.7738076008 0.8613283127 0.8325973099
0.2286122129 1.1151815887 0.4453067975 0.1084841613 0.2760276905 0.9215356765 0.4830646716 0.2909327556 4.7738076008 0.0000000000 0.4305087234 0.6495505093
0.5875555487 1.2267935365 0.0893232553 0.4544444592 0.4073260478 0.0664889320 3.3137581733 1.6199099357 0.8613283127 0.4305087234 0.0000000000 0.0755163814
0.0187940976 4.5134900961 0.0519390901 0.8796609161 0.8180187910 1.0804124341 0.7051331413 0.0876631383 0.8325973099 0.6495505093 0.0755163814 0.0000000000
