# MCW Instance
# Type: EXPONENTIAL
# N: 12
# Optimal cost: 1.4021146969100602
# Optimal tour (permutation): [0, 7, 6, 1, 9, 5, 2, 4, 11, 10, 8, 3, 0]
# Optimal walk (full path): [0, 7, 6, 1, 9, 5, 2, 4, 11, 10, 11, 3, 8, 3, 0]
# Walk size: 15
# Is walk (has repeats): true

# Distance Matrix
0.0000000000 0.3675699228 0.2892019823 0.1646861117 1.9848102453 1.1206091819 3.7571809147 0.0087114624 0.4388169622 3.5371522271 2.8449022672 0.4479460631
0.3675699228 0.0000000000 0.5313942745 0.8878532951 4.1930305411 0.2614059718 0.0048788880 1.9377344852 3.6970626293 0.0502618765 0.1440936395 2.0093161203
0.2892019823 0.5313942745 0.0000000000 0.7906603147 0.1607590378 0.0918030089 1.2508010367 2.1176914594 2.6352501827 0.3464509436 2.4278611012 1.8254583993
0.1646861117 0.8878532951 0.7906603147 0.0000000000 0.3350300279 0.3183346557 0.1915135676 0.3582568031 0.0657121128 0.1522996206 4.5357122271 0.1003469201
1.9848102453 4.1930305411 0.1607590378 0.3350300279 0.0000000000 1.5925139382 0.7685167835 0.5022703271 0.8348320995 1.3572970047 2.1270213554 0.1735830135
1.1206091819 0.2614059718 0.0918030089 0.3183346557 1.5925139382 0.0000000000 0.5269267135 0.3668958252 0.4951611090 0.1374629563 0.1081403117 0.2715055949
3.7571809147 0.0048788880 1.2508010367 0.1915135676 0.7685167835 0.5269267135 0.0000000000 0.3538565942 1.8740062295 2.6394664615 0.9379494239 0.4346248338
0.0087114624 1.9377344852 2.1176914594 0.3582568031 0.5022703271 0.3668958252 0.3538565942 0.0000000000 1.1597104412 0.4249959931 0.6799402811 1.4781546745
0.4388169622 3.6970626293 2.6352501827 0.0657121128 0.8348320995 0.4951611090 1.8740062295 1.1597104412 0.0000000000 0.9899654130 0.2137787053 0.5179873424
3.5371522271 0.0502618765 0.3464509436 0.1522996206 1.3572970047 0.1374629563 2.6394664615 0.4249959931 0.9899654130 0.0000000000 0.6424459526 0.7281728427
2.8449022672 0.1440936395 2.4278611012 4.5357122271 2.1270213554 0.1081403117 0.9379494239 0.6799402811 0.2137787053 0.6424459526 0.0000000000 0.0121703010
0.4479460631 2.0093161203 1.8254583993 0.1003469201 0.1735830135 0.2715055949 0.4346248338 1.4781546745 0.5179873424 0.7281728427 0.0121703010 0.0000000000
