# MCW Instance
# Type: EXPONENTIAL
# N: 12
# Optimal cost: 1.1674978717148883
# Optimal tour (permutation): [0, 11, 9, 5, 2, 8, 6, 7, 10, 3, 1, 4, 0]
# Optimal walk (full path): [0, 11, 9, 5, 9, 11, 2, 8, 6, 7, 10, 3, 1, 4, 0]
# Walk size: 15
# Is walk (has repeats): true

# Distance Matrix
0.0000000000 1.6470164796 0.1974114083 0.2169485146 0.0208142222 1.2287000937 0.8128614061 3.1521915919 0.7445333699 0.7296944521 0.2705886052 0.0937700481
1.6470164796 0.0000000000 2.0347377634 0.1755935260 0.1875096939 3.5996169230 2.0694283248 1.3645526524 1.4040937208 0.4195239812 1.7471407200 1.1114402823
0.1974114083 2.0347377634 0.0000000000 6.5900586319 1.4025673854 1.0265464566 0.4602849210 0.3105665603 0.1168898763 0.6792895963 0.4825956746 0.0246352526
0.2169485146 0.1755935260 6.5900586319 0.0000000000 0.2180560667 0.8145566422 0.0265713426 1.9965506360 2.1283158135 0.3165781473 0.0568212807 2.6720267377
0.0208142222 0.1875096939 1.4025673854 0.2180560667 0.0000000000 1.1579081665 1.2205769321 1.9014655181 1.3418112267 1.1742619279 0.5871633061 0.5285661756
1.2287000937 3.5996169230 1.0265464566 0.8145566422 1.1579081665 0.0000000000 0.3621879010 0.4392005097 1.1616671813 0.0516912742 0.6044387748 1.1091831789
0.8128614061 2.0694283248 0.4602849210 0.0265713426 1.2205769321 0.3621879010 0.0000000000 0.0884661325 0.0867455312 0.1631685026 0.2362456798 0.2616965756
3.1521915919 1.3645526524 0.3105665603 1.9965506360 1.9014655181 0.4392005097 0.0884661325 0.0000000000 2.4013315814 1.1498895554 0.0810584519 0.9182234863
0.7445333699 1.4040937208 0.1168898763 2.1283158135 1.3418112267 1.1616671813 0.0867455312 2.4013315814 0.0000000000 2.1764853378 0.9468529656 0.5529950719
0.7296944521 0.4195239812 0.6792895963 0.3165781473 1.1742619279 0.0516912742 0.1631685026 1.1498895554 2.1764853378 0.0000000000 0.2025521673 0.0659056539
0.2705886052 1.7471407200 0.4825956746 0.0568212807 0.5871633061 0.6044387748 0.2362456798 0.0810584519 0.9468529656 0.2025521673 0.0000000000 0.5600632566
0.0937700481 1.1114402823 0.0246352526 2.6720267377 0.5285661756 1.1091831789 0.2616965756 0.9182234863 0.5529950719 0.0659056539 0.5600632566 0.0000000000
