# MCW Instance
# Type: EXPONENTIAL
# N: 12
# Optimal cost: 2.417474744217828
# Optimal tour (permutation): [0, 6, 7, 4, 10, 11, 1, 9, 8, 2, 5, 3, 0]
# Optimal walk (full path): [0, 6, 0, 7, 4, 10, 11, 1, 9, 8, 1, 2, 3, 5, 3, 0]
# Walk size: 16
# Is walk (has repeats): true

# Distance Matrix
0.0000000000 2.3043341266 0.6059980181 0.0326224871 0.9427934617 1.6889823255 0.1125056680 0.0327755432 0.3174163441 0.9882228126 1.2521612851 0.2691006008
2.3043341266 0.0000000000 0.1746667816 1.0562493115 0.3492045504 0.1587456236 1.2214999526 0.2474638756 0.1313907518 0.0648055388 2.0690000783 0.2999304986
0.6059980181 0.1746667816 0.0000000000 0.0752294430 0.6177695961 0.2715744154 0.5756196730 2.1870602638 0.7874481654 0.7076245879 0.9194066527 0.3514361397
0.0326224871 1.0562493115 0.0752294430 0.0000000000 0.3432204666 0.0242305145 0.7170970717 0.5655958617 1.6332897504 0.2007532971 1.8981324713 1.0530808312
0.9427934617 0.3492045504 0.6177695961 0.3432204666 0.0000000000 0.8890747161 1.2859430055 0.2877113859 0.6042599108 0.4096245069 0.5012215857 1.1674886030
1.6889823255 0.1587456236 0.2715744154 0.0242305145 0.8890747161 0.0000000000 2.1611575354 0.2557460017 0.6652332435 2.3499857514 0.6833211486 0.3425902045
0.1125056680 1.2214999526 0.5756196730 0.7170970717 1.2859430055 2.1611575354 0.0000000000 0.5012686578 1.0093656208 1.0618762740 0.3803431234 0.5557922849
0.0327755432 0.2474638756 2.1870602638 0.5655958617 0.2877113859 0.2557460017 0.5012686578 0.0000000000 0.4872813866 1.5350677497 2.5383238585 1.3791483507
0.3174163441 0.1313907518 0.7874481654 1.6332897504 0.6042599108 0.6652332435 1.0093656208 0.4872813866 0.0000000000 0.1150638783 1.9720946166 2.1997169887
0.9882228126 0.0648055388 0.7076245879 0.2007532971 0.4096245069 2.3499857514 1.0618762740 1.5350677497 0.1150638783 0.0000000000 0.7798476891 1.1108870773
1.2521612851 2.0690000783 0.9194066527 1.8981324713 0.5012215857 0.6833211486 0.3803431234 2.5383238585 1.9720946166 0.7798476891 0.0000000000 0.4285844854
0.2691006008 0.2999304986 0.3514361397 1.0530808312 1.1674886030 0.3425902045 0.5557922849 1.3791483507 2.1997169887 1.1108870773 0.4285844854 0.0000000000
