# MCW Instance
# Type: EXPONENTIAL
# N: 12
# Optimal cost: 2.135382175628613
# Optimal tour (permutation): [0, 11, 5, 1, 10, 6, 2, 7, 8, 3, 9, 4, 0]
# Optimal walk (full path): [0, 11, 5, 11, 1, 10, 6, 2, 7, 8, 3, 9, 4, 11, 0]
# Walk size: 15
# Is walk (has repeats): true

# Distance Matrix
0.0000000000 0.5587871637 1.5427982865 0.9846952447 0.2788371658 1.4610003247 0.3251501952 0.4603564072 2.0257882644 2.8750035138 2.8464235351 0.0437487826
0.5587871637 0.0000000000 1.7482526666 0.5731679348 1.6233984331 1.4713854307 0.3394760742 0.5667377462 1.0895355871 0.2846009776 0.2044707165 0.2393518566
1.5427982865 1.7482526666 0.0000000000 2.1980637913 1.2039032715 1.5644812310 0.4811279322 0.1485778901 1.6959170206 0.4347551608 2.2248997582 1.8919225689
0.9846952447 0.5731679348 2.1980637913 0.0000000000 1.2691093923 2.8515140461 0.8835224456 2.3632636151 0.0668100153 0.2567043347 0.8262546590 0.8687823939
0.2788371658 1.6233984331 1.2039032715 1.2691093923 0.0000000000 1.2681076058 2.3753393005 4.0868703067 0.7961539841 0.0340100892 0.1901090446 0.1255051974
1.4610003247 1.4713854307 1.5644812310 2.8515140461 1.2681076058 0.0000000000 0.6830155170 1.1137600209 0.9718158193 0.3114288358 0.8778765387 0.0805344493
0.3251501952 0.3394760742 0.4811279322 0.8835224456 2.3753393005 0.6830155170 0.0000000000 1.4036223044 2.9343397716 2.0986505940 0.1697345160 0.4152271034
0.4603564072 0.5667377462 0.1485778901 2.3632636151 4.0868703067 1.1137600209 1.4036223044 0.0000000000 0.1605231638 0.8416145444 0.6158686025 1.0212827249
2.0257882644 1.0895355871 1.6959170206 0.0668100153 0.7961539841 0.9718158193 2.9343397716 0.1605231638 0.0000000000 1.4765444993 1.6117472338 0.2089843275
2.8750035138 0.2846009776 0.4347551608 0.2567043347 0.0340100892 0.3114288358 2.0986505940 0.8416145444 1.4765444993 0.0000000000 1.3604236270 0.4007827631
2.8464235351 0.2044707165 2.2248997582 0.8262546590 0.1901090446 0.8778765387 0.1697345160 0.6158686025 1.6117472338 1.3604236270 0.0000000000 1.1042999785
0.0437487826 0.2393518566 1.8919225689 0.8687823939 0.1255051974 0.0805344493 0.4152271034 1.0212827249 0.2089843275 0.4007827631 1.1042999785 0.0000000000
