# MCW Instance
# Type: EXPONENTIAL
# N: 12
# Optimal cost: 1.4703969682057003
# Optimal tour (permutation): [0, 6, 3, 2, 10, 11, 1, 5, 8, 9, 7, 4, 0]
# Optimal walk (full path): [0, 6, 0, 3, 2, 5, 1, 10, 1, 11, 1, 5, 8, 9, 0, 7, 4, 7, 0]
# Walk size: 19
# Is walk (has repeats): true

# Distance Matrix
0.0000000000 1.2758043906 1.5491125018 0.1076403703 3.2151842634 0.4256203254 0.0251910460 0.0376976972 0.3982002270 0.2002532687 4.2600748447 2.9374531734
1.2758043906 0.0000000000 1.2513958071 0.2565207322 0.3069827975 0.0059341364 0.8638749596 5.2648906339 0.9431482413 1.7683405251 0.1160929330 0.2550917944
1.5491125018 1.2513958071 0.0000000000 0.0577691591 0.7672007899 0.1343083481 0.5447927916 0.8490969332 0.4110559273 0.7534260164 1.4603896195 0.7453663111
0.1076403703 0.2565207322 0.0577691591 0.0000000000 1.7466822180 0.3092344529 2.4858056782 0.8976221228 0.8146844549 0.3396355325 0.3281898478 1.2956028187
3.2151842634 0.3069827975 0.7672007899 1.7466822180 0.0000000000 1.4055003376 0.8942610907 0.0345688362 0.2603434070 3.1192192789 7.0419298371 1.3574260171
0.4256203254 0.0059341364 0.1343083481 0.3092344529 1.4055003376 0.0000000000 3.9329705674 0.2346859984 0.0005050531 0.8638880206 0.4940670340 4.6236833354
0.0251910460 0.8638749596 0.5447927916 2.4858056782 0.8942610907 3.9329705674 0.0000000000 0.9392507694 0.6039309603 1.2283193362 0.4283645603 2.4814639727
0.0376976972 5.2648906339 0.8490969332 0.8976221228 0.0345688362 0.2346859984 0.9392507694 0.0000000000 3.5930451465 2.3044493247 2.6319717539 1.3108642472
0.3982002270 0.9431482413 0.4110559273 0.8146844549 0.2603434070 0.0005050531 0.6039309603 3.5930451465 0.0000000000 0.0207678825 0.5717664559 0.5236424508
0.2002532687 1.7683405251 0.7534260164 0.3396355325 3.1192192789 0.8638880206 1.2283193362 2.3044493247 0.0207678825 0.0000000000 0.6066873212 3.2499085061
4.2600748447 0.1160929330 1.4603896195 0.3281898478 7.0419298371 0.4940670340 0.4283645603 2.6319717539 0.5717664559 0.6066873212 0.0000000000 2.8964139665
2.9374531734 0.2550917944 0.7453663111 1.2956028187 1.3574260171 4.6236833354 2.4814639727 1.3108642472 0.5236424508 3.2499085061 2.8964139665 0.0000000000
