# MCW Instance
# Type: EXPONENTIAL
# N: 12
# Optimal cost: 1.0457750127432586
# Optimal tour (permutation): [0, 5, 6, 4, 8, 2, 11, 7, 3, 10, 9, 1, 0]
# Optimal walk (full path): [0, 5, 6, 4, 8, 2, 11, 7, 3, 7, 10, 9, 0, 1, 0]
# Walk size: 15
# Is walk (has repeats): true

# Distance Matrix
0.0000000000 0.0575919862 0.4859950988 1.2946306023 2.5380202744 0.2029491802 0.6224466458 0.1798367016 0.2003720611 0.1672796139 1.3772821392 0.5363873426
0.0575919862 0.0000000000 1.4887618668 0.2492328914 2.6321495945 2.4053764933 0.3220368335 1.7531517171 0.9244041993 0.9184038300 0.4108428014 2.2037482497
0.4859950988 1.4887618668 0.0000000000 0.4682384846 0.1833220704 1.2166831106 0.6311557227 0.2753018910 0.0098622577 0.5502569456 0.2186955153 0.0296771492
1.2946306023 0.2492328914 0.4682384846 0.0000000000 1.1700903872 0.5008180547 1.3511487032 0.0436020324 0.1264560907 0.3108230391 0.2145660043 1.0465294491
2.5380202744 2.6321495945 0.1833220704 1.1700903872 0.0000000000 1.2641554690 0.1170151468 1.3933506135 0.0536317370 3.5635210091 0.1971017210 0.3138651663
0.2029491802 2.4053764933 1.2166831106 0.5008180547 1.2641554690 0.0000000000 0.0717438840 0.3572158111 0.9093569458 0.2647744937 0.4006108302 2.4610464133
0.6224466458 0.3220368335 0.6311557227 1.3511487032 0.1170151468 0.0717438840 0.0000000000 1.3896407601 0.7656764681 3.2958496205 0.5001081747 1.2329777146
0.1798367016 1.7531517171 0.2753018910 0.0436020324 1.3933506135 0.3572158111 1.3896407601 0.0000000000 3.2242576344 0.6574882629 0.0352705043 0.0562098553
0.2003720611 0.9244041993 0.0098622577 0.1264560907 0.0536317370 0.9093569458 0.7656764681 3.2242576344 0.0000000000 1.0228075127 0.3504268510 1.0379104671
0.1672796139 0.9184038300 0.5502569456 0.3108230391 3.5635210091 0.2647744937 3.2958496205 0.6574882629 1.0228075127 0.0000000000 0.0997476471 2.1099229082
1.3772821392 0.4108428014 0.2186955153 0.2145660043 0.1971017210 0.4006108302 0.5001081747 0.0352705043 0.3504268510 0.0997476471 0.0000000000 4.0903555499
0.5363873426 2.2037482497 0.0296771492 1.0465294491 0.3138651663 2.4610464133 1.2329777146 0.0562098553 1.0379104671 2.1099229082 4.0903555499 0.0000000000
