# MCW Instance
# Type: EXPONENTIAL
# N: 12
# Optimal cost: 2.342966087510464
# Optimal tour (permutation): [0, 8, 5, 2, 11, 7, 9, 6, 3, 4, 10, 1, 0]
# Optimal walk (full path): [0, 8, 5, 2, 11, 7, 11, 9, 6, 9, 3, 4, 10, 1, 0]
# Walk size: 15
# Is walk (has repeats): true

# Distance Matrix
0.0000000000 0.3484115368 1.1030036511 0.5332648622 1.0971482613 1.0912316275 1.9746402808 1.4726345658 0.2246406756 1.0987264973 0.6340600019 0.7672978354
0.3484115368 0.0000000000 0.0649074212 0.1888258730 0.3157264208 1.6746373377 0.4922605710 2.1541532387 1.2454453054 2.1262918734 0.1922270015 0.5366216875
1.1030036511 0.0649074212 0.0000000000 0.5331966626 3.0758844027 0.3593191366 1.3233095255 0.4421249565 0.2555958316 1.7325814467 0.5045902435 0.0957343090
0.5332648622 0.1888258730 0.5331966626 0.0000000000 0.1129957182 0.5166589801 1.0823475589 0.5104171483 1.3929745076 0.0889507151 0.7433503757 0.9185388335
1.0971482613 0.3157264208 3.0758844027 0.1129957182 0.0000000000 2.7245132623 2.1405001685 3.1859634394 1.7358726183 0.1005600717 0.0577624253 0.1652112891
1.0912316275 1.6746373377 0.3593191366 0.5166589801 2.7245132623 0.0000000000 0.4609382241 2.3395490924 0.3617123906 0.4211300875 0.7603095025 4.9700441296
1.9746402808 0.4922605710 1.3233095255 1.0823475589 2.1405001685 0.4609382241 0.0000000000 0.7238691354 2.5640742775 0.0699728222 1.0149074048 0.2175722435
1.4726345658 2.1541532387 0.4421249565 0.5104171483 3.1859634394 2.3395490924 0.7238691354 0.0000000000 1.8092859439 1.6975676007 4.3821581401 0.1308910228
0.2246406756 1.2454453054 0.2555958316 1.3929745076 1.7358726183 0.3617123906 2.5640742775 1.8092859439 0.0000000000 3.4122837914 2.2061011937 0.1776414513
1.0987264973 2.1262918734 1.7325814467 0.0889507151 0.1005600717 0.4211300875 0.0699728222 1.6975676007 3.4122837914 0.0000000000 0.3996847654 0.0994844889
0.6340600019 0.1922270015 0.5045902435 0.7433503757 0.0577624253 0.7603095025 1.0149074048 4.3821581401 2.2061011937 0.3996847654 0.0000000000 0.1992072197
0.7672978354 0.5366216875 0.0957343090 0.9185388335 0.1652112891 4.9700441296 0.2175722435 0.1308910228 0.1776414513 0.0994844889 0.1992072197 0.0000000000
