# MCW Instance
# Type: EXPONENTIAL
# N: 12
# Optimal cost: 1.7919189604488732
# Optimal tour (permutation): [0, 6, 8, 3, 11, 10, 1, 4, 2, 7, 9, 5, 0]
# Optimal walk (full path): [0, 6, 8, 3, 8, 11, 10, 1, 10, 7, 2, 4, 2, 7, 9, 5, 0]
# Walk size: 17
# Is walk (has repeats): true

# Distance Matrix
0.0000000000 2.6886839673 1.6141961547 0.4453779984 0.4545242377 0.2769260524 0.2109334175 0.3280033994 0.8152105782 0.7396812995 2.6413493792 1.0296442457
2.6886839673 0.0000000000 0.6195130043 1.9341491846 1.5231315914 1.4188913738 0.2795036912 7.3564347414 0.4148743092 1.5192640741 0.0352554235 3.5060114347
1.6141961547 0.6195130043 0.0000000000 0.6747511698 0.0848799364 0.1205835026 0.9594028586 0.0239683362 0.6820341884 1.0885449673 0.5406169044 0.2786199270
0.4453779984 1.9341491846 0.6747511698 0.0000000000 0.8352080466 0.5043438006 0.7955917666 1.1860876881 0.0012151068 0.5785290044 2.5287381723 0.3743677923
0.4545242377 1.5231315914 0.0848799364 0.8352080466 0.0000000000 2.5240203760 0.6607910690 0.3126936308 0.8380456568 0.2279239795 0.4299274586 0.8883736248
0.2769260524 1.4188913738 0.1205835026 0.5043438006 2.5240203760 0.0000000000 0.6567365505 0.1754089593 1.6414323149 0.1743378822 1.1764036569 3.7886743196
0.2109334175 0.2795036912 0.9594028586 0.7955917666 0.6607910690 0.6567365505 0.0000000000 1.1746487216 0.1826290887 0.1153368627 2.8455148593 0.1241826193
0.3280033994 7.3564347414 0.0239683362 1.1860876881 0.3126936308 0.1754089593 1.1746487216 0.0000000000 0.6001403475 0.0958240054 0.2519899062 1.8028874087
0.8152105782 0.4148743092 0.6820341884 0.0012151068 0.8380456568 1.6414323149 0.1826290887 0.6001403475 0.0000000000 0.2801433405 0.6364820866 0.0617862374
0.7396812995 1.5192640741 1.0885449673 0.5785290044 0.2279239795 0.1743378822 0.1153368627 0.0958240054 0.2801433405 0.0000000000 0.9776276007 1.7307061575
2.6413493792 0.0352554235 0.5406169044 2.5287381723 0.4299274586 1.1764036569 2.8455148593 0.2519899062 0.6364820866 0.9776276007 0.0000000000 0.2468547648
1.0296442457 3.5060114347 0.2786199270 0.3743677923 0.8883736248 3.7886743196 0.1241826193 1.8028874087 0.0617862374 1.7307061575 0.2468547648 0.0000000000
