# MCW Instance
# Type: EXPONENTIAL
# N: 12
# Optimal cost: 1.5393846062772136
# Optimal tour (permutation): [0, 10, 11, 6, 1, 2, 8, 7, 3, 9, 5, 4, 0]
# Optimal walk (full path): [0, 10, 11, 2, 6, 2, 1, 2, 8, 2, 11, 7, 3, 9, 0, 5, 0, 4, 0]
# Walk size: 19
# Is walk (has repeats): true

# Distance Matrix
0.0000000000 1.9861257642 1.4422674123 0.9082634012 0.0049934037 0.0089605505 1.5291002333 1.3117653258 3.1661478795 0.1845889772 0.0177710041 1.3416049474
1.9861257642 0.0000000000 0.1266783121 1.8342976567 0.1963489309 0.4445109211 0.2878879237 0.3582431866 1.2388866601 1.3255678208 2.9569004115 0.1789145844
1.4422674123 0.1266783121 0.0000000000 2.0449476643 1.4869118519 2.5908124977 0.0145468366 0.1001693029 0.0352446448 0.4538817639 1.1352914794 0.0146382749
0.9082634012 1.8342976567 2.0449476643 0.0000000000 1.0176543913 0.3869941404 2.4975514170 0.3952237515 1.4098621052 0.4628495649 0.4869925937 0.9830295068
0.0049934037 0.1963489309 1.4869118519 1.0176543913 0.0000000000 0.6583377302 0.7139929284 0.6800628200 0.2191771446 0.7342832826 0.8807554676 0.5488808857
0.0089605505 0.4445109211 2.5908124977 0.3869941404 0.6583377302 0.0000000000 1.3001468933 2.6547321223 0.4808204491 2.3020925071 2.1150984759 0.4495613187
1.5291002333 0.2878879237 0.0145468366 2.4975514170 0.7139929284 1.3001468933 0.0000000000 2.0896025702 0.7228515529 1.0648798730 0.9321293297 0.0470546997
1.3117653258 0.3582431866 0.1001693029 0.3952237515 0.6800628200 2.6547321223 2.0896025702 0.0000000000 0.3299753651 0.7945563960 4.2997033541 0.0598645395
3.1661478795 1.2388866601 0.0352446448 1.4098621052 0.2191771446 0.4808204491 0.7228515529 0.3299753651 0.0000000000 2.1792375859 0.7471997017 0.1421995236
0.1845889772 1.3255678208 0.4538817639 0.4628495649 0.7342832826 2.3020925071 1.0648798730 0.7945563960 2.1792375859 0.0000000000 1.0048997362 0.8092002244
0.0177710041 2.9569004115 1.1352914794 0.4869925937 0.8807554676 2.1150984759 0.9321293297 4.2997033541 0.7471997017 1.0048997362 0.0000000000 0.0089627239
1.3416049474 0.1789145844 0.0146382749 0.9830295068 0.5488808857 0.4495613187 0.0470546997 0.0598645395 0.1421995236 0.8092002244 0.0089627239 0.0000000000
