# MCW Instance
# Type: EXPONENTIAL
# N: 12
# Optimal cost: 2.0839132556909945
# Optimal tour (permutation): [0, 8, 4, 3, 9, 7, 10, 6, 2, 5, 11, 1, 0]
# Optimal walk (full path): [0, 4, 8, 4, 3, 9, 7, 10, 2, 6, 2, 5, 11, 1, 2, 0]
# Walk size: 16
# Is walk (has repeats): true

# Distance Matrix
0.0000000000 0.5643083662 0.0170476169 0.3307523255 0.0033574222 0.2641286603 3.5794411216 0.3975090865 0.6120021971 0.3333535273 0.5532923922 1.1723151232
0.5643083662 0.0000000000 0.1469287528 0.5037682014 0.5292835136 2.7320296215 0.7662780771 0.5684921400 0.8040141014 0.8869659949 3.6019033624 0.3530944566
0.0170476169 0.1469287528 0.0000000000 0.3223404130 2.2264172999 0.0890425998 0.0622085751 0.2746165235 2.7628241008 0.5056195570 0.0469094627 0.6116166820
0.3307523255 0.5037682014 0.3223404130 0.0000000000 0.0878148194 0.3287681732 1.8208582345 0.6946506767 1.6996539823 0.2075499496 1.1970865562 1.1240009197
0.0033574222 0.5292835136 2.2264172999 0.0878148194 0.0000000000 0.1688357648 1.0178399884 0.9881024885 0.0086589884 0.7914799242 0.0883692650 0.4703243034
0.2641286603 2.7320296215 0.0890425998 0.3287681732 0.1688357648 0.0000000000 0.5960490312 1.2970135533 0.5595608451 5.1831602091 1.2197189983 0.4501579556
3.5794411216 0.7662780771 0.0622085751 1.8208582345 1.0178399884 0.5960490312 0.0000000000 1.1606176614 0.2148981521 1.4272242990 0.5839771495 5.2961991678
0.3975090865 0.5684921400 0.2746165235 0.6946506767 0.9881024885 1.2970135533 1.1606176614 0.0000000000 0.8909384696 0.2342581020 0.3060169911 2.6371937855
0.6120021971 0.8040141014 2.7628241008 1.6996539823 0.0086589884 0.5595608451 0.2148981521 0.8909384696 0.0000000000 0.1830268007 0.2249424967 0.8475236514
0.3333535273 0.8869659949 0.5056195570 0.2075499496 0.7914799242 5.1831602091 1.4272242990 0.2342581020 0.1830268007 0.0000000000 2.2045295793 1.1455119015
0.5532923922 3.6019033624 0.0469094627 1.1970865562 0.0883692650 1.2197189983 0.5839771495 0.3060169911 0.2249424967 2.2045295793 0.0000000000 3.9559889344
1.1723151232 0.3530944566 0.6116166820 1.1240009197 0.4703243034 0.4501579556 5.2961991678 2.6371937855 0.8475236514 1.1455119015 3.9559889344 0.0000000000
