# MCW Instance
# Type: EXPONENTIAL
# N: 12
# Optimal cost: 1.097363488367985
# Optimal tour (permutation): [0, 5, 6, 10, 9, 8, 3, 11, 7, 4, 2, 1, 0]
# Optimal walk (full path): [0, 1, 5, 1, 6, 9, 10, 9, 8, 3, 11, 7, 2, 4, 2, 1, 0]
# Walk size: 17
# Is walk (has repeats): true

# Distance Matrix
0.0000000000 0.0586473990 0.7604403883 0.7057867915 0.1152785113 0.5765980255 0.6790593260 1.7558044868 0.4006108671 3.3464483232 2.4028493999 2.3404987800
0.0586473990 0.0000000000 0.0269570073 0.1961952713 0.5906661517 0.0116025840 0.0993465386 0.4035270396 1.7266916705 1.0618860548 0.6796243755 1.0097414954
0.7604403883 0.0269570073 0.0000000000 0.3266286355 0.0193328502 1.1539012906 2.1105548281 0.0890802988 0.0338134438 0.2510815596 0.1012654671 0.4024037697
0.7057867915 0.1961952713 0.3266286355 0.0000000000 0.9802772510 1.1917407037 2.2963178203 0.8266728820 0.0352016031 0.6203096977 1.9101174680 0.1950499033
0.1152785113 0.5906661517 0.0193328502 0.9802772510 0.0000000000 0.7663164238 0.3716132092 1.6205067208 2.1309856610 1.2584315959 0.7413916020 0.5001197050
0.5765980255 0.0116025840 1.1539012906 1.1917407037 0.7663164238 0.0000000000 2.4615198541 0.8389258420 0.8276330723 0.0761486332 0.2352500310 3.4579396842
0.6790593260 0.0993465386 2.1105548281 2.2963178203 0.3716132092 2.4615198541 0.0000000000 3.3875308253 1.5809393785 0.1247168794 1.6151024897 2.3852672851
1.7558044868 0.4035270396 0.0890802988 0.8266728820 1.6205067208 0.8389258420 3.3875308253 0.0000000000 0.3009847315 1.8924833861 2.0486472592 0.3166415139
0.4006108671 1.7266916705 0.0338134438 0.0352016031 2.1309856610 0.8276330723 1.5809393785 0.3009847315 0.0000000000 0.0054521404 0.3862753725 4.1532783923
3.3464483232 1.0618860548 0.2510815596 0.6203096977 1.2584315959 0.0761486332 0.1247168794 1.8924833861 0.0054521404 0.0000000000 0.0128759685 1.7274613118
2.4028493999 0.6796243755 0.1012654671 1.9101174680 0.7413916020 0.2352500310 1.6151024897 2.0486472592 0.3862753725 0.0128759685 0.0000000000 1.0460394267
2.3404987800 1.0097414954 0.4024037697 0.1950499033 0.5001197050 3.4579396842 2.3852672851 0.3166415139 4.1532783923 1.7274613118 1.0460394267 0.0000000000
