# MCW Instance
# Type: EXPONENTIAL
# N: 12
# Optimal cost: 2.2856127294102953
# Optimal tour (permutation): [0, 4, 6, 11, 7, 10, 2, 3, 8, 5, 9, 1, 0]
# Optimal walk (full path): [0, 4, 6, 11, 7, 10, 7, 2, 3, 0, 5, 8, 5, 9, 1, 9, 5, 0]
# Walk size: 18
# Is walk (has repeats): true

# Distance Matrix
0.0000000000 0.4414098718 2.1088534996 0.2406407934 0.0732199291 0.0015562682 1.8915462453 1.2667440886 1.5189522594 0.8902844172 0.6847164864 1.5672501308
0.4414098718 0.0000000000 1.5769102865 4.3775402699 2.1051157998 2.5003558672 0.3009245123 1.0470051712 0.4148356895 0.2222423183 1.1186633156 0.7848714392
2.1088534996 1.5769102865 0.0000000000 0.3366735523 0.4839489501 0.2581382865 0.3136964400 0.3008896996 0.5078979110 0.2161646074 1.0655070445 3.0060285722
0.2406407934 4.3775402699 0.3366735523 0.0000000000 1.3082724293 3.0019035131 1.1762252391 0.7377765094 0.7608012935 1.1069792742 0.5095361704 2.5108017644
0.0732199291 2.1051157998 0.4839489501 1.3082724293 0.0000000000 1.0751371398 0.1233996805 0.4429848877 0.9545293187 2.2354209614 0.5348384394 2.9429207367
0.0015562682 2.5003558672 0.2581382865 3.0019035131 1.0751371398 0.0000000000 0.9218961492 0.8268275279 0.1631978527 0.0141162630 0.3442750194 0.4091945313
1.8915462453 0.3009245123 0.3136964400 1.1762252391 0.1233996805 0.9218961492 0.0000000000 1.1259200577 0.8955313369 0.4979121069 0.6417947530 0.0079469559
1.2667440886 1.0470051712 0.3008896996 0.7377765094 0.4429848877 0.8268275279 1.1259200577 0.0000000000 0.7095615054 1.4844783132 0.0097099416 0.3811968311
1.5189522594 0.4148356895 0.5078979110 0.7608012935 0.9545293187 0.1631978527 0.8955313369 0.7095615054 0.0000000000 0.2235573069 1.4264118191 0.4155335472
0.8902844172 0.2222423183 0.2161646074 1.1069792742 2.2354209614 0.0141162630 0.4979121069 1.4844783132 0.2235573069 0.0000000000 0.8308263215 1.7144171444
0.6847164864 1.1186633156 1.0655070445 0.5095361704 0.5348384394 0.3442750194 0.6417947530 0.0097099416 1.4264118191 0.8308263215 0.0000000000 0.3936790290
1.5672501308 0.7848714392 3.0060285722 2.5108017644 2.9429207367 0.4091945313 0.0079469559 0.3811968311 0.4155335472 1.7144171444 0.3936790290 0.0000000000
