# MCW Instance
# Type: EXPONENTIAL
# N: 12
# Optimal cost: 1.689026215623834
# Optimal tour (permutation): [0, 6, 7, 5, 9, 11, 2, 1, 4, 3, 10, 8, 0]
# Optimal walk (full path): [0, 6, 5, 7, 5, 6, 9, 11, 2, 1, 4, 3, 10, 8, 0]
# Walk size: 15
# Is walk (has repeats): true

# Distance Matrix
0.0000000000 1.3346158953 0.6646610460 2.2993894970 0.3360136917 1.0884278616 0.3242549208 1.2659378732 0.3199836550 0.4422087288 1.0045778674 0.8005459482
1.3346158953 0.0000000000 0.1569509155 2.8063092012 0.1569262720 0.3245586410 0.1460131531 0.7618641645 1.0791309584 0.5256150318 1.0567573623 2.4712173048
0.6646610460 0.1569509155 0.0000000000 1.0182394407 0.6180319025 0.5261498052 0.4631737757 0.5032951210 0.3103318313 0.4738769501 0.3591425117 0.1160292522
2.2993894970 2.8063092012 1.0182394407 0.0000000000 0.0012685815 0.6281894175 1.4582557654 0.0729012533 1.6320539926 0.8653408805 0.0032925963 1.3409815936
0.3360136917 0.1569262720 0.6180319025 0.0012685815 0.0000000000 1.6127944876 0.5932395149 0.1720142723 1.9415868733 7.2668305004 0.5828251091 2.6496040808
1.0884278616 0.3245586410 0.5261498052 0.6281894175 1.6127944876 0.0000000000 0.0223538709 0.0336768019 0.4575340039 0.7370610228 1.8805214950 2.8096115278
0.3242549208 0.1460131531 0.4631737757 1.4582557654 0.5932395149 0.0223538709 0.0000000000 0.1256734560 0.4481395971 0.0783989536 0.2554933364 2.7912638164
1.2659378732 0.7618641645 0.5032951210 0.0729012533 0.1720142723 0.0336768019 0.1256734560 0.0000000000 0.3662040646 1.5729413694 0.3046604393 3.1782597739
0.3199836550 1.0791309584 0.3103318313 1.6320539926 1.9415868733 0.4575340039 0.4481395971 0.3662040646 0.0000000000 1.0921570616 0.2102208143 1.1038982011
0.4422087288 0.5256150318 0.4738769501 0.8653408805 7.2668305004 0.7370610228 0.0783989536 1.5729413694 1.0921570616 0.0000000000 0.9530954016 0.2096389088
1.0045778674 1.0567573623 0.3591425117 0.0032925963 0.5828251091 1.8805214950 0.2554933364 0.3046604393 0.2102208143 0.9530954016 0.0000000000 0.1654190099
0.8005459482 2.4712173048 0.1160292522 1.3409815936 2.6496040808 2.8096115278 2.7912638164 3.1782597739 1.1038982011 0.2096389088 0.1654190099 0.0000000000
