# MCW Instance
# Type: EXPONENTIAL
# N: 12
# Optimal cost: 1.7432571404737955
# Optimal tour (permutation): [0, 6, 7, 8, 11, 9, 4, 2, 10, 1, 3, 5, 0]
# Optimal walk (full path): [0, 6, 7, 8, 7, 11, 9, 4, 2, 10, 1, 3, 5, 0]
# Walk size: 14
# Is walk (has repeats): true

# Distance Matrix
0.0000000000 1.8647178240 4.1051973941 0.1494528555 0.0315695033 0.1690882735 0.0887375358 0.2557344896 5.9046823148 0.3347973689 0.5000953458 0.0586158438
1.8647178240 0.0000000000 0.7137409508 0.0139119676 3.9985297555 0.7043081876 0.8722615140 0.7015052677 1.3367381998 1.1454090708 0.0931961706 0.9583217864
4.1051973941 0.7137409508 0.0000000000 0.9460978339 0.0100550778 0.3074871615 0.2520582986 0.0145574010 1.2034907268 0.4132140879 0.0775116883 0.1770632844
0.1494528555 0.0139119676 0.9460978339 0.0000000000 1.1908730792 0.1722620210 2.2101564740 1.0121986397 0.7823816535 3.6323200982 0.2247684430 2.1135736304
0.0315695033 3.9985297555 0.0100550778 1.1908730792 0.0000000000 0.2831164268 0.5493047809 0.1635462868 2.0169093617 0.1545354390 0.1828577923 2.1308914166
0.1690882735 0.7043081876 0.3074871615 0.1722620210 0.2831164268 0.0000000000 1.3649194153 3.6649863766 0.7939691848 0.4491708675 1.4587832700 2.0544327118
0.0887375358 0.8722615140 0.2520582986 2.2101564740 0.5493047809 1.3649194153 0.0000000000 0.1045917026 0.7204694085 0.7073565281 1.2270438944 1.3813862015
0.2557344896 0.7015052677 0.0145574010 1.0121986397 0.1635462868 3.6649863766 0.1045917026 0.0000000000 0.3094116379 2.3781052868 0.3789600807 0.0596550966
5.9046823148 1.3367381998 1.2034907268 0.7823816535 2.0169093617 0.7939691848 0.7204694085 0.3094116379 0.0000000000 1.3861984262 0.5869080278 0.5726665758
0.3347973689 1.1454090708 0.4132140879 3.6323200982 0.1545354390 0.4491708675 0.7073565281 2.3781052868 1.3861984262 0.0000000000 2.4328867425 0.1808888920
0.5000953458 0.0931961706 0.0775116883 0.2247684430 0.1828577923 1.4587832700 1.2270438944 0.3789600807 0.5869080278 2.4328867425 0.0000000000 0.4094783181
0.0586158438 0.9583217864 0.1770632844 2.1135736304 2.1308914166 2.0544327118 1.3813862015 0.0596550966 0.5726665758 0.1808888920 0.4094783181 0.0000000000
