# MCW Instance
# Type: EXPONENTIAL
# N: 12
# Optimal cost: 1.4517065227747472
# Optimal tour (permutation): [0, 4, 8, 11, 2, 9, 6, 7, 5, 1, 10, 3, 0]
# Optimal walk (full path): [0, 4, 8, 11, 2, 9, 6, 7, 5, 11, 1, 10, 3, 0]
# Walk size: 14
# Is walk (has repeats): true

# Distance Matrix
0.0000000000 3.6987141621 2.0255920139 0.0017048543 0.0456911482 1.4282155683 0.2863008545 1.0432705591 0.3074672621 0.9719829472 1.3896669292 3.1431395031
3.6987141621 0.0000000000 0.2396193715 0.2397177918 0.1764012441 0.4252766604 1.5153164704 0.9304967902 0.8992661063 0.6085103835 0.0429500752 0.0916054396
2.0255920139 0.2396193715 0.0000000000 1.3949981467 0.2652998821 1.1402386740 0.9970954745 0.7207741207 3.1732313468 0.2880190889 1.5272018141 0.0994194451
0.0017048543 0.2397177918 1.3949981467 0.0000000000 1.4796735354 1.6138139969 0.1929659685 1.1209631727 0.6584567768 0.3335318096 0.0788926309 2.0407874577
0.0456911482 0.1764012441 0.2652998821 1.4796735354 0.0000000000 2.2867082089 1.0479497899 0.4912499296 0.0972551194 1.2988966956 0.7429924301 0.3717589023
1.4282155683 0.4252766604 1.1402386740 1.6138139969 2.2867082089 0.0000000000 0.5448926812 0.0970405447 2.1317002892 0.5252320553 0.3783500297 0.0865375890
0.2863008545 1.5153164704 0.9970954745 0.1929659685 1.0479497899 0.5448926812 0.0000000000 0.1962656040 0.2405021873 0.2122794395 0.4110852423 0.0214738603
1.0432705591 0.9304967902 0.7207741207 1.1209631727 0.4912499296 0.0970405447 0.1962656040 0.0000000000 0.8657204848 0.8441882293 0.8415012445 0.7589665937
0.3074672621 0.8992661063 3.1732313468 0.6584567768 0.0972551194 2.1317002892 0.2405021873 0.8657204848 0.0000000000 2.7413373739 0.3907173346 0.1140455440
0.9719829472 0.6085103835 0.2880190889 0.3335318096 1.2988966956 0.5252320553 0.2122794395 0.8441882293 2.7413373739 0.0000000000 0.2760275891 0.3204013581
1.3896669292 0.0429500752 1.5272018141 0.0788926309 0.7429924301 0.3783500297 0.4110852423 0.8415012445 0.3907173346 0.2760275891 0.0000000000 0.3450856228
3.1431395031 0.0916054396 0.0994194451 2.0407874577 0.3717589023 0.0865375890 0.0214738603 0.7589665937 0.1140455440 0.3204013581 0.3450856228 0.0000000000
