# MCW Instance
# Type: EXPONENTIAL
# N: 12
# Optimal cost: 1.483184579663338
# Optimal tour (permutation): [0, 9, 3, 6, 5, 10, 11, 7, 8, 1, 4, 2, 0]
# Optimal walk (full path): [0, 9, 0, 3, 0, 6, 5, 10, 11, 7, 8, 1, 4, 2, 0]
# Walk size: 15
# Is walk (has repeats): true

# Distance Matrix
0.0000000000 2.0798485843 0.0339190118 0.1028760781 0.0132201791 1.3912881173 0.0209588885 1.3895282714 1.4450257719 0.1149552647 0.1181926860 5.1535759870
2.0798485843 0.0000000000 0.2540874074 2.0873869249 0.0644023998 0.9421354351 1.1514747297 2.2847190280 0.0341449830 0.1989153311 0.8640889203 1.7844084731
0.0339190118 0.2540874074 0.0000000000 1.4682184136 0.0308556628 0.7522990087 0.2271598008 1.8566692915 2.2872251147 1.5920739955 1.7614330681 0.7574720921
0.1028760781 2.0873869249 1.4682184136 0.0000000000 2.1368089826 0.7655831958 3.0179187949 0.2827247342 0.4671365721 0.2331382616 1.9889299316 0.4757939939
0.0132201791 0.0644023998 0.0308556628 2.1368089826 0.0000000000 1.0049082118 0.9216237140 0.6559885659 1.5631398160 0.4752346695 2.5500646471 0.4201913125
1.3912881173 0.9421354351 0.7522990087 0.7655831958 1.0049082118 0.0000000000 0.2289848523 0.2669895441 0.8270824753 1.3840342850 0.2235232679 0.2705134855
0.0209588885 1.1514747297 0.2271598008 3.0179187949 0.9216237140 0.2289848523 0.0000000000 0.3415517922 0.3876841866 0.8276668234 0.8401102003 1.2520632848
1.3895282714 2.2847190280 1.8566692915 0.2827247342 0.6559885659 0.2669895441 0.3415517922 0.0000000000 0.0854578422 0.3379756685 0.9309988529 0.1770647943
1.4450257719 0.0341449830 2.2872251147 0.4671365721 1.5631398160 0.8270824753 0.3876841866 0.0854578422 0.0000000000 0.3175855533 0.9603092945 3.3844627022
0.1149552647 0.1989153311 1.5920739955 0.2331382616 0.4752346695 1.3840342850 0.8276668234 0.3379756685 0.3175855533 0.0000000000 0.2790317871 0.7093480234
0.1181926860 0.8640889203 1.7614330681 1.9889299316 2.5500646471 0.2235232679 0.8401102003 0.9309988529 0.9603092945 0.2790317871 0.0000000000 0.1482101917
5.1535759870 1.7844084731 0.7574720921 0.4757939939 0.4201913125 0.2705134855 1.2520632848 0.1770647943 3.3844627022 0.7093480234 0.1482101917 0.0000000000
