# MCW Instance
# Type: EXPONENTIAL
# N: 12
# Optimal cost: 2.0469701804364617
# Optimal tour (permutation): [0, 10, 9, 8, 6, 3, 11, 1, 7, 5, 2, 4, 0]
# Optimal walk (full path): [0, 10, 9, 8, 6, 3, 6, 11, 1, 7, 5, 7, 2, 4, 0]
# Walk size: 15
# Is walk (has repeats): true

# Distance Matrix
0.0000000000 1.4831402548 2.8560860644 1.1621262876 0.1583514872 0.8154169981 1.1501154405 0.2240561025 1.4948413480 1.8849280630 0.4525827279 0.3523105246
1.4831402548 0.0000000000 0.4356829567 0.2332851036 1.8338977628 3.2068161234 0.6936746882 0.2568737618 0.5217072433 1.1618862644 0.9614318034 0.0303668387
2.8560860644 0.4356829567 0.0000000000 0.4007259606 0.1480080844 0.9065912102 1.6286943171 0.0330772637 0.3037585771 0.6145886249 1.6661106199 0.7104200572
1.1621262876 0.2332851036 0.4007259606 0.0000000000 1.8759186425 0.4426019309 0.0815018114 0.4561902471 1.8178129102 0.7274125780 0.5022665107 1.1675045961
0.1583514872 1.8338977628 0.1480080844 1.8759186425 0.0000000000 0.8030261288 0.5948768950 0.7271211778 1.4869155063 2.3721992869 4.0694565623 0.6977100755
0.8154169981 3.2068161234 0.9065912102 0.4426019309 0.8030261288 0.0000000000 1.1716599867 0.0850554140 0.6046678834 2.5185148228 0.7012155067 0.9727745837
1.1501154405 0.6936746882 1.6286943171 0.0815018114 0.5948768950 1.1716599867 0.0000000000 1.0989320228 0.2981383747 3.8148081770 1.8475547819 0.1391166128
0.2240561025 0.2568737618 0.0330772637 0.4561902471 0.7271211778 0.0850554140 1.0989320228 0.0000000000 0.2969889736 0.7281598446 0.7626385436 0.4817637093
1.4948413480 0.5217072433 0.3037585771 1.8178129102 1.4869155063 0.6046678834 0.2981383747 0.2969889736 0.0000000000 0.0175874633 0.1651881259 0.5128448110
1.8849280630 1.1618862644 0.6145886249 0.7274125780 2.3721992869 2.5185148228 3.8148081770 0.7281598446 0.0175874633 0.0000000000 0.1797531150 1.2077241691
0.4525827279 0.9614318034 1.6661106199 0.5022665107 4.0694565623 0.7012155067 1.8475547819 0.7626385436 0.1651881259 0.1797531150 0.0000000000 0.4839057191
0.3523105246 0.0303668387 0.7104200572 1.1675045961 0.6977100755 0.9727745837 0.1391166128 0.4817637093 0.5128448110 1.2077241691 0.4839057191 0.0000000000
