# MCW Instance
# Type: EXPONENTIAL
# N: 12
# Optimal cost: 1.5357433396091842
# Optimal tour (permutation): [0, 11, 6, 9, 8, 3, 10, 5, 7, 4, 1, 2, 0]
# Optimal walk (full path): [0, 11, 6, 9, 3, 8, 3, 10, 7, 5, 7, 2, 4, 2, 1, 2, 0]
# Walk size: 17
# Is walk (has repeats): true

# Distance Matrix
0.0000000000 1.5716616575 0.0210216150 0.3045140944 1.4398321142 2.4459338309 0.8297419744 1.7846723586 0.2993446611 0.6070223598 2.0888955111 0.1096468807
1.5716616575 0.0000000000 0.0267779659 0.1308227577 0.0965853730 0.4148092623 0.9117443607 5.2557822546 0.3218519077 0.4281593898 0.4196623067 0.2182226545
0.0210216150 0.0267779659 0.0000000000 0.8353311430 0.0288535786 1.1965248972 0.9698452666 0.1860894287 0.3370406441 2.6209253335 1.1509018861 0.2823289217
0.3045140944 0.1308227577 0.8353311430 0.0000000000 0.0868300323 0.4987035168 2.9219457395 0.2891953674 0.0086199471 0.2157603683 0.1391555659 1.5102360732
1.4398321142 0.0965853730 0.0288535786 0.0868300323 0.0000000000 1.1736258890 0.5750950753 0.6166616723 0.6850466178 0.8479784597 0.3769974070 0.7108063226
2.4459338309 0.4148092623 1.1965248972 0.4987035168 1.1736258890 0.0000000000 0.4017735273 0.0513566476 1.0281323752 1.2058882287 1.1745002519 1.4511618265
0.8297419744 0.9117443607 0.9698452666 2.9219457395 0.5750950753 0.4017735273 0.0000000000 0.7135952329 0.5742252716 0.1035652637 1.8815767888 0.2079016467
1.7846723586 5.2557822546 0.1860894287 0.2891953674 0.6166616723 0.0513566476 0.7135952329 0.0000000000 0.4227674879 0.3780721147 0.3213862922 0.7554534032
0.2993446611 0.3218519077 0.3370406441 0.0086199471 0.6850466178 1.0281323752 0.5742252716 0.4227674879 0.0000000000 0.7195361915 1.2596753083 0.1173750391
0.6070223598 0.4281593898 2.6209253335 0.2157603683 0.8479784597 1.2058882287 0.1035652637 0.3780721147 0.7195361915 0.0000000000 1.1370381288 1.1925489444
2.0888955111 0.4196623067 1.1509018861 0.1391555659 0.3769974070 1.1745002519 1.8815767888 0.3213862922 1.2596753083 1.1370381288 0.0000000000 0.5186523545
0.1096468807 0.2182226545 0.2823289217 1.5102360732 0.7108063226 1.4511618265 0.2079016467 0.7554534032 0.1173750391 1.1925489444 0.5186523545 0.0000000000
