# MCW Instance
# Type: EXPONENTIAL
# N: 12
# Optimal cost: 3.173771875276295
# Optimal tour (permutation): [0, 8, 6, 7, 2, 9, 4, 3, 5, 11, 1, 10, 0]
# Optimal walk (full path): [0, 8, 6, 8, 7, 2, 9, 4, 5, 3, 5, 11, 1, 0, 10, 0]
# Walk size: 16
# Is walk (has repeats): true

# Distance Matrix
0.0000000000 0.2995374185 0.9582305758 0.2414535209 0.8799247637 0.7192803391 1.5070978636 1.1527950728 0.1739087601 1.4368029929 0.2646181024 0.8300075340
0.2995374185 0.0000000000 0.6505561918 0.2539833233 0.5334083868 2.3966901719 1.1137753417 2.2917701619 0.4656232286 0.4813489476 2.3967562906 0.1283107126
0.9582305758 0.6505561918 0.0000000000 1.3290107756 0.7616926943 2.5631701695 1.4202981711 0.3995715861 0.8096660386 0.4161820757 2.0326011817 4.4107008992
0.2414535209 0.2539833233 1.3290107756 0.0000000000 2.6440376044 0.0268133524 0.7352178182 0.5929889826 1.6776929650 0.2108767170 1.2723931679 0.1983067704
0.8799247637 0.5334083868 0.7616926943 2.6440376044 0.0000000000 0.2837121120 0.8505811199 1.9143634854 0.6240458005 0.2789479082 1.0235770737 1.7040173746
0.7192803391 2.3966901719 2.5631701695 0.0268133524 0.2837121120 0.0000000000 5.1527292042 0.9856480300 0.4118719337 0.0880371665 1.8765136047 0.0349693810
1.5070978636 1.1137753417 1.4202981711 0.7352178182 0.8505811199 5.1527292042 0.0000000000 0.9676558147 0.2491962386 1.1645805409 1.8669351502 1.1752405470
1.1527950728 2.2917701619 0.3995715861 0.5929889826 1.9143634854 0.9856480300 0.9676558147 0.0000000000 0.0773765341 1.1387248351 2.6360621838 0.8669740730
0.1739087601 0.4656232286 0.8096660386 1.6776929650 0.6240458005 0.4118719337 0.2491962386 0.0773765341 0.0000000000 1.0526235281 1.1227805388 0.0027806096
1.4368029929 0.4813489476 0.4161820757 0.2108767170 0.2789479082 0.0880371665 1.1645805409 1.1387248351 1.0526235281 0.0000000000 0.6274360973 2.6018501452
0.2646181024 2.3967562906 2.0326011817 1.2723931679 1.0235770737 1.8765136047 1.8669351502 2.6360621838 1.1227805388 0.6274360973 0.0000000000 2.6019470513
0.8300075340 0.1283107126 4.4107008992 0.1983067704 1.7040173746 0.0349693810 1.1752405470 0.8669740730 0.0027806096 2.6018501452 2.6019470513 0.0000000000
