# MCW Instance
# Type: EXPONENTIAL
# N: 12
# Optimal cost: 1.3873769236986477
# Optimal tour (permutation): [0, 10, 9, 3, 11, 1, 6, 8, 7, 4, 5, 2, 0]
# Optimal walk (full path): [0, 10, 9, 3, 9, 11, 1, 11, 9, 10, 6, 8, 4, 7, 4, 5, 2, 0]
# Walk size: 18
# Is walk (has repeats): true

# Distance Matrix
0.0000000000 0.4545594564 0.1114773217 0.8189701255 0.7146708214 1.7038605695 1.1755957008 2.1205885924 1.0407322269 1.3983039232 0.1696326629 1.1323689646
0.4545594564 0.0000000000 0.8198114579 1.4854198171 0.4896090104 1.2757173526 0.4570702586 0.5545533785 2.2383267026 0.6965761745 0.3793753182 0.0519569047
0.1114773217 0.8198114579 0.0000000000 0.2661089419 0.4827531690 0.0934101653 0.2502966048 0.8092610829 0.9324717334 1.5842529796 0.2171575779 0.6870721756
0.8189701255 1.4854198171 0.2661089419 0.0000000000 0.2526842817 0.5255847733 2.1188385601 2.2144585800 1.7546597052 0.0057198297 1.0690642567 2.0230599776
0.7146708214 0.4896090104 0.4827531690 0.2526842817 0.0000000000 0.0899124610 0.2167370292 0.0276760272 0.2625570965 0.6182438494 1.5909395147 0.6156061950
1.7038605695 1.2757173526 0.0934101653 0.5255847733 0.0899124610 0.0000000000 0.2153768462 0.1846673380 2.8770680252 6.0060746930 2.1518279292 0.5123350600
1.1755957008 0.4570702586 0.2502966048 2.1188385601 0.2167370292 0.2153768462 0.0000000000 0.6548234559 0.1817435853 0.3988767570 0.0560494598 1.2950441684
2.1205885924 0.5545533785 0.8092610829 2.2144585800 0.0276760272 0.1846673380 0.6548234559 0.0000000000 0.6154752471 6.7060669352 1.3115438869 0.5716869705
1.0407322269 2.2383267026 0.9324717334 1.7546597052 0.2625570965 2.8770680252 0.1817435853 0.6154752471 0.0000000000 0.2551604295 0.4357479207 0.8467666725
1.3983039232 0.6965761745 1.5842529796 0.0057198297 0.6182438494 6.0060746930 0.3988767570 6.7060669352 0.2551604295 0.0000000000 0.0464748269 0.0794694970
0.1696326629 0.3793753182 0.2171575779 1.0690642567 1.5909395147 2.1518279292 0.0560494598 1.3115438869 0.4357479207 0.0464748269 0.0000000000 0.3149247761
1.1323689646 0.0519569047 0.6870721756 2.0230599776 0.6156061950 0.5123350600 1.2950441684 0.5716869705 0.8467666725 0.0794694970 0.3149247761 0.0000000000
