# MCW Instance
# Type: EXPONENTIAL
# N: 12
# Optimal cost: 1.240030767879062
# Optimal tour (permutation): [0, 6, 9, 7, 3, 8, 5, 11, 10, 1, 2, 4, 0]
# Optimal walk (full path): [0, 6, 9, 7, 3, 7, 8, 5, 8, 11, 10, 1, 2, 4, 0]
# Walk size: 15
# Is walk (has repeats): true

# Distance Matrix
0.0000000000 2.2601085602 1.0843648942 0.7282089290 0.1140557181 0.3122001168 0.1628029478 1.0878871897 0.4424588159 0.7321620206 1.5099230889 0.6734288744
2.2601085602 0.0000000000 0.3423736323 2.0488813761 1.1433443591 0.7226640076 2.2368615018 2.7610599947 0.7016544560 1.2242394828 0.0550154318 0.5184091520
1.0843648942 0.3423736323 0.0000000000 0.7374992577 0.0758930463 0.3004667341 0.3315467146 0.5231948406 0.3895548484 1.8932516205 0.6294655885 0.9202558243
0.7282089290 2.0488813761 0.7374992577 0.0000000000 0.8959646843 0.2627617415 0.5875007396 0.0878400952 0.7988210279 0.3288392551 1.2961263246 0.3322257526
0.1140557181 1.1433443591 0.0758930463 0.8959646843 0.0000000000 1.3836837345 0.5580336269 0.2820769309 1.5724652522 3.1421484407 1.5270931337 0.3323432784
0.3122001168 0.7226640076 0.3004667341 0.2627617415 1.3836837345 0.0000000000 0.8189259549 0.4344800173 0.0101925565 1.1192922063 0.2072435605 2.2038570872
0.1628029478 2.2368615018 0.3315467146 0.5875007396 0.5580336269 0.8189259549 0.0000000000 0.8504887987 3.8090742611 0.0789568046 1.7542343128 0.4948682263
1.0878871897 2.7610599947 0.5231948406 0.0878400952 0.2820769309 0.4344800173 0.8504887987 0.0000000000 0.0080988588 0.1681301555 0.5452534298 2.4978053034
0.4424588159 0.7016544560 0.3895548484 0.7988210279 1.5724652522 0.0101925565 3.8090742611 0.0080988588 0.0000000000 0.9678215467 0.0993597001 0.0347575624
0.7321620206 1.2242394828 1.8932516205 0.3288392551 3.1421484407 1.1192922063 0.0789568046 0.1681301555 0.9678215467 0.0000000000 0.1587319149 3.0147596819
1.5099230889 0.0550154318 0.6294655885 1.2961263246 1.5270931337 0.2072435605 1.7542343128 0.5452534298 0.0993597001 0.1587319149 0.0000000000 0.0038813068
0.6734288744 0.5184091520 0.9202558243 0.3322257526 0.3323432784 2.2038570872 0.4948682263 2.4978053034 0.0347575624 3.0147596819 0.0038813068 0.0000000000
