# MCW Instance
# Type: EXPONENTIAL
# N: 12
# Optimal cost: 1.9104561417883321
# Optimal tour (permutation): [0, 4, 8, 11, 6, 5, 1, 3, 7, 9, 10, 2, 0]
# Optimal walk (full path): [0, 4, 8, 11, 6, 5, 1, 3, 7, 9, 10, 2, 4, 0]
# Walk size: 14
# Is walk (has repeats): true

# Distance Matrix
0.0000000000 0.7751993634 0.6645624424 0.1648023321 0.0501828864 0.6749015138 0.4676458477 0.5480344710 0.2568170539 2.7697411981 0.7425507500 0.3137239727
0.7751993634 0.0000000000 2.8242081152 0.0618364477 0.5798689169 0.0610245294 1.2995602972 2.0544969631 0.0836323427 1.1089456261 0.4172780423 0.3223681064
0.6645624424 2.8242081152 0.0000000000 0.4859398942 0.1253334050 1.9835559628 1.7276051610 1.8929148570 0.4624066327 0.6249413846 0.2442180113 5.0111895762
0.1648023321 0.0618364477 0.4859398942 0.0000000000 0.7635542701 0.4240429142 3.1419783406 0.3110474281 0.2289253525 2.4146097255 0.9774773369 1.0996139663
0.0501828864 0.5798689169 0.1253334050 0.7635542701 0.0000000000 1.0904491141 0.5415775431 0.2786885498 0.0876753245 1.5176547945 2.8741677181 1.7707059234
0.6749015138 0.0610245294 1.9835559628 0.4240429142 1.0904491141 0.0000000000 0.2378578875 2.5933061994 1.2011106356 1.1837375373 1.0422898472 2.8525858887
0.4676458477 1.2995602972 1.7276051610 3.1419783406 0.5415775431 0.2378578875 0.0000000000 0.6197764505 0.4203147962 1.1440899407 0.2839352314 0.1060929618
0.5480344710 2.0544969631 1.8929148570 0.3110474281 0.2786885498 2.5933061994 0.6197764505 0.0000000000 1.8437504972 0.1655753630 0.5145166204 3.5298575885
0.2568170539 0.0836323427 0.4624066327 0.2289253525 0.0876753245 1.2011106356 0.4203147962 1.8437504972 0.0000000000 0.3627718680 1.0728565765 0.1220385908
2.7697411981 1.1089456261 0.6249413846 2.4146097255 1.5176547945 1.1837375373 1.1440899407 0.1655753630 0.3627718680 0.0000000000 0.2873904199 1.5904164733
0.7425507500 0.4172780423 0.2442180113 0.9774773369 2.8741677181 1.0422898472 0.2839352314 0.5145166204 1.0728565765 0.2873904199 0.0000000000 0.4440697559
0.3137239727 0.3223681064 5.0111895762 1.0996139663 1.7707059234 2.8525858887 0.1060929618 3.5298575885 0.1220385908 1.5904164733 0.4440697559 0.0000000000
