# Graph size: 18
# Optimal cost: 1.6255486866277327

# Distance Matrix
0.0 0.8778000251600834 0.3692813142579262 0.42125714734955366 0.41880882386776686 0.2803735190172437 0.03530538618372436 0.9086987077975983 0.811441677264336 0.5058890927651292 0.3089188304677152 0.05736732711352732 0.16255235343589958 0.9896888957278818 0.1383601754118159 0.09017225874233004 0.04737859703380087 0.2855191588830469
0.8778000251600834 0.0 0.962130781560943 0.8330790954519717 0.7235390278709847 0.8885719271833723 0.8026446317595778 0.47957731898888 0.12444087042940577 0.8546549987380871 0.041725905972562094 0.4789281363912389 0.727055424521229 0.6093196043005917 0.43316026812828046 0.17297871949440935 0.34975580305472986 0.37300141655918584
0.3692813142579262 0.962130781560943 0.0 0.7912953588934912 0.10418125631038488 0.7103256879443604 0.4417077739018438 0.7097251884647343 0.4965559304654079 0.8799116020588442 0.15750976600912503 0.6103813760161987 0.27168913737593725 0.6056057899247823 0.7790750837568219 0.40089424409298013 0.10345931562986288 0.8425099926207208
0.42125714734955366 0.8330790954519717 0.7912953588934912 0.0 0.6197035118658949 0.02687518991241833 0.43803486488441135 0.7355458287913067 0.7588040535097604 0.24581102462973992 0.10978972583782542 0.7219397448615054 0.35247877591084653 0.020550038155119354 0.16913384829822675 0.3872265768826506 0.06985528336423497 0.032898530286773586
0.41880882386776686 0.7235390278709847 0.10418125631038488 0.6197035118658949 0.0 0.8048578508508001 0.2007778508857101 0.4640362607383497 0.9516357616732356 0.7914417131602879 0.2812767122505879 0.15001105454193808 0.25429421379800965 0.7208798860161219 0.8982242758137987 0.5066007403107047 0.598341063419272 0.38892646167571876
0.2803735190172437 0.8885719271833723 0.7103256879443604 0.02687518991241833 0.8048578508508001 0.0 0.5024767422822631 0.24548487728027524 0.964936097213562 0.09726512057346137 0.6969767468357341 0.597584518423602 0.057229918387715184 0.3059609501547891 0.708256092584464 0.05555278589969259 0.7252059125688215 0.02465225015878081
0.03530538618372436 0.8026446317595778 0.4417077739018438 0.43803486488441135 0.2007778508857101 0.5024767422822631 0.0 0.5999516010055128 0.5808507682343987 0.5103580337010125 0.5662919885561056 0.6814894060642607 0.9348629739584812 0.7560356512957701 0.8038505641452663 0.3082572079603192 0.3257334594923088 0.11307602116439697
0.9086987077975983 0.47957731898888 0.7097251884647343 0.7355458287913067 0.4640362607383497 0.24548487728027524 0.5999516010055128 0.0 0.8682425052048761 0.5439985329993905 0.8760798744997762 0.685383687451542 0.30484195356979127 0.9618260553395478 0.5114696897652277 0.5064051884569065 0.06630265724222484 0.19716630918685962
0.811441677264336 0.12444087042940577 0.4965559304654079 0.7588040535097604 0.9516357616732356 0.964936097213562 0.5808507682343987 0.8682425052048761 0.0 0.7455189580335303 0.514986911785446 0.36100034476985 0.7341115884042343 0.4947009847412587 0.7078923803918753 0.29926656084836856 0.8060682825881744 0.4944285246215303
0.5058890927651292 0.8546549987380871 0.8799116020588442 0.24581102462973992 0.7914417131602879 0.09726512057346137 0.5103580337010125 0.5439985329993905 0.7455189580335303 0.0 0.6862948703561169 0.4836846460405503 0.22225661433846122 0.10769967447230422 0.3848500520857273 0.17507048454272556 0.3935288655392849 0.31857468075185424
0.3089188304677152 0.041725905972562094 0.15750976600912503 0.10978972583782542 0.2812767122505879 0.6969767468357341 0.5662919885561056 0.8760798744997762 0.514986911785446 0.6862948703561169 0.0 0.37449230746710926 0.43236141755583246 0.8241388188408943 0.4849765157570165 0.7638878937096408 0.6724891870543492 0.8605080952953954
0.05736732711352732 0.4789281363912389 0.6103813760161987 0.7219397448615054 0.15001105454193808 0.597584518423602 0.6814894060642607 0.685383687451542 0.36100034476985 0.4836846460405503 0.37449230746710926 0.0 0.9887858146237374 0.3895164121064054 0.42541370204078877 0.5437000490258247 0.2659260922135662 0.6806421514100113
0.16255235343589958 0.727055424521229 0.27168913737593725 0.35247877591084653 0.25429421379800965 0.057229918387715184 0.9348629739584812 0.30484195356979127 0.7341115884042343 0.22225661433846122 0.43236141755583246 0.9887858146237374 0.0 0.6698461909116938 0.9992250254933075 0.8251128275844704 0.31297478767854026 0.02679199547125577
0.9896888957278818 0.6093196043005917 0.6056057899247823 0.020550038155119354 0.7208798860161219 0.3059609501547891 0.7560356512957701 0.9618260553395478 0.4947009847412587 0.10769967447230422 0.8241388188408943 0.3895164121064054 0.6698461909116938 0.0 0.9159656776516721 0.7711658716668811 0.5236089864240243 0.26089454658523414
0.1383601754118159 0.43316026812828046 0.7790750837568219 0.16913384829822675 0.8982242758137987 0.708256092584464 0.8038505641452663 0.5114696897652277 0.7078923803918753 0.3848500520857273 0.4849765157570165 0.42541370204078877 0.9992250254933075 0.9159656776516721 0.0 0.3154244602926717 0.037261263975946646 0.7498707794909413
0.09017225874233004 0.17297871949440935 0.40089424409298013 0.3872265768826506 0.5066007403107047 0.05555278589969259 0.3082572079603192 0.5064051884569065 0.29926656084836856 0.17507048454272556 0.7638878937096408 0.5437000490258247 0.8251128275844704 0.7711658716668811 0.3154244602926717 0.0 0.9936638474416157 0.9931600246934924
0.04737859703380087 0.34975580305472986 0.10345931562986288 0.06985528336423497 0.598341063419272 0.7252059125688215 0.3257334594923088 0.06630265724222484 0.8060682825881744 0.3935288655392849 0.6724891870543492 0.2659260922135662 0.31297478767854026 0.5236089864240243 0.037261263975946646 0.9936638474416157 0.0 2.255641595193536E-4
0.2855191588830469 0.37300141655918584 0.8425099926207208 0.032898530286773586 0.38892646167571876 0.02465225015878081 0.11307602116439697 0.19716630918685962 0.4944285246215303 0.31857468075185424 0.8605080952953954 0.6806421514100113 0.02679199547125577 0.26089454658523414 0.7498707794909413 0.9931600246934924 2.255641595193536E-4 0.0

# Optimal Walk
0 11 4 2 10 8 1 15 5 9 13 3 17 12 16 14 7 6 0
