# MCW Instance
# Type: UNIFORM
# N: 18
# Optimal cost: 1.1763916652042965
# Optimal tour (permutation): [0, 17, 8, 4, 9, 12, 3, 2, 5, 11, 14, 6, 15, 10, 7, 1, 16, 13, 0]
# Optimal walk (full path): [0, 17, 8, 4, 9, 3, 12, 3, 2, 3, 5, 11, 14, 6, 14, 15, 10, 7, 10, 1, 16, 13, 0]
# Walk size: 23
# Is walk (has repeats): true

# Distance Matrix
0.0000000000 0.3109404747 0.5710420626 0.3742927483 0.4186933646 0.8525566120 0.3271263164 0.8377331082 0.1289782135 0.0336186624 0.7011435611 0.0498390663 0.2278645668 0.0594759238 0.5306853256 0.4921259595 0.4212844869 0.0420262765
0.3109404747 0.0000000000 0.7986165812 0.1023639789 0.1213111200 0.6055451324 0.8549412815 0.7341254046 0.8272426148 0.6630324751 0.0689288197 0.2609861634 0.5103263568 0.8936258421 0.8221759877 0.2743869377 0.1007866263 0.8588538531
0.5710420626 0.7986165812 0.0000000000 0.0120689430 0.9970101242 0.3252331293 0.8839818688 0.5251479647 0.9876312697 0.8231919846 0.8004271559 0.4611675948 0.4487547136 0.6834144762 0.3961981432 0.2411832707 0.4649446537 0.2837833705
0.3742927483 0.1023639789 0.0120689430 0.0000000000 0.9535385930 0.1167847871 0.2976146871 0.5930500988 0.5664341778 0.0126361324 0.9411404307 0.8983010807 0.0253655397 0.0807701158 0.5055111124 0.2589643104 0.9326682631 0.8226253019
0.4186933646 0.1213111200 0.9970101242 0.9535385930 0.0000000000 0.6323378063 0.8563324477 0.3690871904 0.1436019954 0.0738875457 0.8069922743 0.8705885825 0.2449526842 0.7689141079 0.9392142854 0.6942203611 0.8291121231 0.2344076096
0.8525566120 0.6055451324 0.3252331293 0.1167847871 0.6323378063 0.0000000000 0.4932705773 0.3527876142 0.6971102333 0.8589869726 0.6998130565 0.1803364314 0.4505014039 0.7315106242 0.7148582147 0.2539160448 0.6752814903 0.9675823805
0.3271263164 0.8549412815 0.8839818688 0.2976146871 0.8563324477 0.4932705773 0.0000000000 0.4455884614 0.3418161669 0.6815537781 0.1069812910 0.3880945330 0.6744521832 0.6002440664 0.0466451398 0.7163471066 0.2412981371 0.3969537723
0.8377331082 0.7341254046 0.5251479647 0.5930500988 0.3690871904 0.3527876142 0.4455884614 0.0000000000 0.1466898960 0.5111001405 0.0057436145 0.1530792284 0.6010477900 0.1980923182 0.8994773731 0.7856146563 0.8996591273 0.9768272042
0.1289782135 0.8272426148 0.9876312697 0.5664341778 0.1436019954 0.6971102333 0.3418161669 0.1466898960 0.0000000000 0.7089769557 0.2295948226 0.2257543296 0.2643764816 0.9989103596 0.9909228394 0.9296137274 0.9530652843 0.0307320715
0.0336186624 0.6630324751 0.8231919846 0.0126361324 0.0738875457 0.8589869726 0.6815537781 0.5111001405 0.7089769557 0.0000000000 0.8923678071 0.7992950544 0.5865619078 0.2294825953 0.7818051132 0.7091694274 0.3958089997 0.1277770542
0.7011435611 0.0689288197 0.8004271559 0.9411404307 0.8069922743 0.6998130565 0.1069812910 0.0057436145 0.2295948226 0.8923678071 0.0000000000 0.9493128128 0.3687085465 0.5043968222 0.8731949740 0.0085249045 0.3168172255 0.5123936969
0.0498390663 0.2609861634 0.4611675948 0.8983010807 0.8705885825 0.1803364314 0.3880945330 0.1530792284 0.2257543296 0.7992950544 0.9493128128 0.0000000000 0.3237600921 0.0376826700 0.0111072593 0.0983123783 0.4759252871 0.8471137482
0.2278645668 0.5103263568 0.4487547136 0.0253655397 0.2449526842 0.4505014039 0.6744521832 0.6010477900 0.2643764816 0.5865619078 0.3687085465 0.3237600921 0.0000000000 0.8468593746 0.2408055425 0.4704547038 0.3424073866 0.2070229371
0.0594759238 0.8936258421 0.6834144762 0.0807701158 0.7689141079 0.7315106242 0.6002440664 0.1980923182 0.9989103596 0.2294825953 0.5043968222 0.0376826700 0.8468593746 0.0000000000 0.1548473030 0.7038212102 0.0863443173 0.1924531506
0.5306853256 0.8221759877 0.3961981432 0.5055111124 0.9392142854 0.7148582147 0.0466451398 0.8994773731 0.9909228394 0.7818051132 0.8731949740 0.0111072593 0.2408055425 0.1548473030 0.0000000000 0.0615721004 0.6362143655 0.3276777013
0.4921259595 0.2743869377 0.2411832707 0.2589643104 0.6942203611 0.2539160448 0.7163471066 0.7856146563 0.9296137274 0.7091694274 0.0085249045 0.0983123783 0.4704547038 0.7038212102 0.0615721004 0.0000000000 0.5106880551 0.4666060056
0.4212844869 0.1007866263 0.4649446537 0.9326682631 0.8291121231 0.6752814903 0.2412981371 0.8996591273 0.9530652843 0.3958089997 0.3168172255 0.4759252871 0.3424073866 0.0863443173 0.6362143655 0.5106880551 0.0000000000 0.7319805476
0.0420262765 0.8588538531 0.2837833705 0.8226253019 0.2344076096 0.9675823805 0.3969537723 0.9768272042 0.0307320715 0.1277770542 0.5123936969 0.8471137482 0.2070229371 0.1924531506 0.3276777013 0.4666060056 0.7319805476 0.0000000000
