# Graph size: 18
# Optimal cost: 1.800130043877931

# Distance Matrix
0.0 0.387877349123408 0.934057598753776 0.5689294855977148 0.07783713209374565 0.47169986688790877 0.3270475990907338 0.8681746926865547 0.754224228614471 0.8970706333901975 0.2769281837201826 0.9874753771291209 0.19664395630002995 0.917031395455737 0.38967796143390654 0.2966367555243452 0.7590422289819206 0.924640578937674
0.387877349123408 0.0 0.9840763433381207 0.45711667419951585 0.21158958000165107 0.5729796388194849 0.5961332411893308 0.9150678132675053 0.3858051327921598 0.21808215522402918 0.07253211937206883 0.11429055043916925 0.38148723777643445 0.5766617155251821 0.10321414535480267 0.02067976492255197 0.9048173104991686 0.9602417321337351
0.934057598753776 0.9840763433381207 0.0 0.8645209764228085 0.28510022535950386 0.018917231458466466 0.6982661459309069 0.2968522380030162 0.38822713049114654 0.8313051181075543 0.39499707935494144 0.42458333044810703 0.4087396203099174 0.4171078042304278 0.47848211286724074 0.0410275817589385 0.6353568260394276 0.5825530028194492
0.5689294855977148 0.45711667419951585 0.8645209764228085 0.0 0.09459982982381165 0.027516789517512574 0.10355737041324986 0.9101777995345159 0.7751695001030025 0.5532121260856984 0.2794252680859286 0.8953543149187061 0.46633700211618967 0.41104740412408824 0.5359160320576773 0.8831473844296575 0.44192570186227076 0.7852453278289728
0.07783713209374565 0.21158958000165107 0.28510022535950386 0.09459982982381165 0.0 0.7709389840246347 0.9451833830542132 0.3461674353342199 0.8171361386942405 0.5020030594050061 0.7981230313410309 0.1112058262127622 0.4385481057649615 0.03877487922270151 0.3584951753908713 0.7769897090165669 0.07582688397020787 0.8827496353623081
0.47169986688790877 0.5729796388194849 0.018917231458466466 0.027516789517512574 0.7709389840246347 0.0 0.5530631644894711 0.3046523824291215 0.9925814879420661 0.3323367472913231 0.5595583661825773 0.3191975431808908 0.2355422144557835 0.3820137591135164 0.7395306127927126 0.3432905461599688 0.3754560014072986 0.39580389849779096
0.3270475990907338 0.5961332411893308 0.6982661459309069 0.10355737041324986 0.9451833830542132 0.5530631644894711 0.0 0.14322864432581406 0.4911791541696764 0.4937331137422931 0.708183593701537 0.6158380296568831 0.7802455171853538 0.15559833447089044 0.2596284704654892 0.21506800149180894 0.1874166284632982 0.43178902836759137
0.8681746926865547 0.9150678132675053 0.2968522380030162 0.9101777995345159 0.3461674353342199 0.3046523824291215 0.14322864432581406 0.0 0.6093576173185253 0.8619927120228461 0.32863808594520405 0.38338128384722225 0.18443736318509218 0.8902165309220528 0.17184169327387055 0.8081144059698743 0.42225761904778736 0.432846986536387
0.754224228614471 0.3858051327921598 0.38822713049114654 0.7751695001030025 0.8171361386942405 0.9925814879420661 0.4911791541696764 0.6093576173185253 0.0 0.507314618151613 0.4616234199680006 0.5424953103296467 0.3924230183775269 0.9941040131389902 0.4132778623222332 0.04503083684579423 0.07586039404116418 0.4770678046335537
0.8970706333901975 0.21808215522402918 0.8313051181075543 0.5532121260856984 0.5020030594050061 0.3323367472913231 0.4937331137422931 0.8619927120228461 0.507314618151613 0.0 0.6738644902563796 0.6718852747659636 0.4446401783235959 0.9264085179887931 0.7411405427916806 0.4940975541792526 0.32987989241748283 0.7900043931774426
0.2769281837201826 0.07253211937206883 0.39499707935494144 0.2794252680859286 0.7981230313410309 0.5595583661825773 0.708183593701537 0.32863808594520405 0.4616234199680006 0.6738644902563796 0.0 0.24932312031782455 0.9885622406707466 0.8925915246460694 0.7685775268269801 0.4798696216428978 0.4552003115446872 0.07134448032916874
0.9874753771291209 0.11429055043916925 0.42458333044810703 0.8953543149187061 0.1112058262127622 0.3191975431808908 0.6158380296568831 0.38338128384722225 0.5424953103296467 0.6718852747659636 0.24932312031782455 0.0 0.024716137753433176 0.09344278068235301 0.8914368807165269 0.7527152893961357 0.6189944779730401 0.07674336316940189
0.19664395630002995 0.38148723777643445 0.4087396203099174 0.46633700211618967 0.4385481057649615 0.2355422144557835 0.7802455171853538 0.18443736318509218 0.3924230183775269 0.4446401783235959 0.9885622406707466 0.024716137753433176 0.0 0.4888110716372204 0.9243203501428888 0.529910114835636 0.562932377888272 0.24564531229686082
0.917031395455737 0.5766617155251821 0.4171078042304278 0.41104740412408824 0.03877487922270151 0.3820137591135164 0.15559833447089044 0.8902165309220528 0.9941040131389902 0.9264085179887931 0.8925915246460694 0.09344278068235301 0.4888110716372204 0.0 0.12589214789167336 0.9590851864685169 0.8806538147322538 0.8000524720442638
0.38967796143390654 0.10321414535480267 0.47848211286724074 0.5359160320576773 0.3584951753908713 0.7395306127927126 0.2596284704654892 0.17184169327387055 0.4132778623222332 0.7411405427916806 0.7685775268269801 0.8914368807165269 0.9243203501428888 0.12589214789167336 0.0 0.10077271181187641 0.749154962581112 0.9142078324228199
0.2966367555243452 0.02067976492255197 0.0410275817589385 0.8831473844296575 0.7769897090165669 0.3432905461599688 0.21506800149180894 0.8081144059698743 0.04503083684579423 0.4940975541792526 0.4798696216428978 0.7527152893961357 0.529910114835636 0.9590851864685169 0.10077271181187641 0.0 0.47916098167160515 0.6683630949952155
0.7590422289819206 0.9048173104991686 0.6353568260394276 0.44192570186227076 0.07582688397020787 0.3754560014072986 0.1874166284632982 0.42225761904778736 0.07586039404116418 0.32987989241748283 0.4552003115446872 0.6189944779730401 0.562932377888272 0.8806538147322538 0.749154962581112 0.47916098167160515 0.0 0.6489929106033273
0.924640578937674 0.9602417321337351 0.5825530028194492 0.7852453278289728 0.8827496353623081 0.39580389849779096 0.43178902836759137 0.432846986536387 0.4770678046335537 0.7900043931774426 0.07134448032916874 0.07674336316940189 0.24564531229686082 0.8000524720442638 0.9142078324228199 0.6683630949952155 0.6489929106033273 0.0

# Optimal Walk
0 16 8 15 2 5 3 6 7 14 1 9 10 17 12 11 13 4 0
