# MCW Instance
# Type: UNIFORM
# N: 18
# Optimal cost: 1.3271462170790607
# Optimal tour (permutation): [0, 3, 13, 4, 2, 10, 8, 17, 9, 6, 15, 14, 12, 16, 1, 7, 11, 5, 0]
# Optimal walk (full path): [0, 3, 13, 4, 13, 2, 10, 8, 17, 6, 9, 6, 15, 14, 12, 14, 1, 16, 1, 7, 5, 11, 5, 0]
# Walk size: 24
# Is walk (has repeats): true

# Distance Matrix
0.0000000000 0.8520422271 0.4537122949 0.0643152566 0.4687695920 0.0157590980 0.3856963267 0.4598796055 0.6024522253 0.6631554576 0.9632227290 0.2294908293 0.3051656887 0.1703506875 0.3440222509 0.3917984573 0.6975214353 0.2454275067
0.8520422271 0.0000000000 0.7801735707 0.6742158910 0.2617000272 0.2932355769 0.5071505404 0.0111434876 0.2935022091 0.3193194506 0.3996319735 0.4648763515 0.8090444194 0.4606482945 0.0532846331 0.3643932436 0.1048593048 0.8411753582
0.4537122949 0.7801735707 0.0000000000 0.5386431726 0.5831999591 0.8977015468 0.3418578902 0.1913757796 0.7846264076 0.7291481084 0.0476187457 0.4526377080 0.1514541514 0.1101208406 0.5878331455 0.9538791039 0.5864766608 0.7017489447
0.0643152566 0.6742158910 0.5386431726 0.0000000000 0.3222755462 0.7523879176 0.6215720567 0.6815275548 0.3410625210 0.8670120898 0.3050939005 0.3275176182 0.5449802005 0.0379200178 0.1508629150 0.7683717044 0.6516852341 0.9399218203
0.4687695920 0.2617000272 0.5831999591 0.3222755462 0.0000000000 0.8267680894 0.7932591008 0.8336207052 0.9157880617 0.6369633844 0.5933027839 0.8350894763 0.6641671656 0.0088718242 0.3149299058 0.8387791585 0.2161158313 0.1346856676
0.0157590980 0.2932355769 0.8977015468 0.7523879176 0.8267680894 0.0000000000 0.3455764834 0.0561343930 0.9649220434 0.6367782380 0.3234758801 0.0013239891 0.4758131563 0.6274189309 0.9658000548 0.6751515307 0.2953063599 0.8154100046
0.3856963267 0.5071505404 0.3418578902 0.6215720567 0.7932591008 0.3455764834 0.0000000000 0.9432113923 0.4331100579 0.0043728112 0.3757401523 0.1939220177 0.1408826497 0.3152503136 0.1430760935 0.2666464630 0.3309428714 0.0986541039
0.4598796055 0.0111434876 0.1913757796 0.6815275548 0.8336207052 0.0561343930 0.9432113923 0.0000000000 0.3158907885 0.5093730286 0.4655095994 0.8462989012 0.2652523070 0.1796676283 0.0839634316 0.2230596581 0.2307752560 0.8422635931
0.6024522253 0.2935022091 0.7846264076 0.3410625210 0.9157880617 0.9649220434 0.4331100579 0.3158907885 0.0000000000 0.5669327900 0.0437625255 0.6559619276 0.7409792850 0.4846093708 0.2215114649 0.6661378623 0.1845453812 0.0134545013
0.6631554576 0.3193194506 0.7291481084 0.8670120898 0.6369633844 0.6367782380 0.0043728112 0.5093730286 0.5669327900 0.0000000000 0.9776200882 0.7244127513 0.3697114490 0.7033093233 0.8776324900 0.8145739213 0.4800420844 0.9560231520
0.9632227290 0.3996319735 0.0476187457 0.3050939005 0.5933027839 0.3234758801 0.3757401523 0.4655095994 0.0437625255 0.9776200882 0.0000000000 0.0635806248 0.5945466654 0.3451002502 0.9370662929 0.3895400979 0.8400318604 0.4222561049
0.2294908293 0.4648763515 0.4526377080 0.3275176182 0.8350894763 0.0013239891 0.1939220177 0.8462989012 0.6559619276 0.7244127513 0.0635806248 0.0000000000 0.2831948677 0.0357101106 0.1551580826 0.3721474477 0.8920865583 0.5756575731
0.3051656887 0.8090444194 0.1514541514 0.5449802005 0.6641671656 0.4758131563 0.1408826497 0.2652523070 0.7409792850 0.3697114490 0.5945466654 0.2831948677 0.0000000000 0.3654620905 0.0388575306 0.2839686428 0.4020292338 0.2282375176
0.1703506875 0.4606482945 0.1101208406 0.0379200178 0.0088718242 0.6274189309 0.3152503136 0.1796676283 0.4846093708 0.7033093233 0.3451002502 0.0357101106 0.3654620905 0.0000000000 0.2171652644 0.5106100024 0.8779499164 0.0962692903
0.3440222509 0.0532846331 0.5878331455 0.1508629150 0.3149299058 0.9658000548 0.1430760935 0.0839634316 0.2215114649 0.8776324900 0.9370662929 0.1551580826 0.0388575306 0.2171652644 0.0000000000 0.1917612313 0.3536512766 0.5744888319
0.3917984573 0.3643932436 0.9538791039 0.7683717044 0.8387791585 0.6751515307 0.2666464630 0.2230596581 0.6661378623 0.8145739213 0.3895400979 0.3721474477 0.2839686428 0.5106100024 0.1917612313 0.0000000000 0.9531964457 0.6671126091
0.6975214353 0.1048593048 0.5864766608 0.6516852341 0.2161158313 0.2953063599 0.3309428714 0.2307752560 0.1845453812 0.4800420844 0.8400318604 0.8920865583 0.4020292338 0.8779499164 0.3536512766 0.9531964457 0.0000000000 0.6020986829
0.2454275067 0.8411753582 0.7017489447 0.9399218203 0.1346856676 0.8154100046 0.0986541039 0.8422635931 0.0134545013 0.9560231520 0.4222561049 0.5756575731 0.2282375176 0.0962692903 0.5744888319 0.6671126091 0.6020986829 0.0000000000
