# Graph size: 18
# Optimal cost: 2.1396109859480075

# Distance Matrix
0.0 0.784201630988272 0.8863841755314469 0.1572809602727514 0.22736722589771197 0.7717266494069779 0.8591579782829387 0.22730094254848598 0.1854058196116678 0.5325323226828548 0.5931999383445953 0.7537076782286609 0.866962197858236 0.2484045540929155 0.4949372976921218 0.5146644805097312 0.253685194393267 0.25966721756728506
0.784201630988272 0.0 0.8553067929505472 0.496419081623508 0.8468925266091835 0.1582481183068385 0.558163082084187 0.9891510657575039 0.7883865440805754 0.9492427655279312 0.33494502402169046 0.4603166015530542 0.011552117724055289 0.9140626860616694 0.7428767558836561 0.6476595163857806 0.8036263582113194 0.2467326025954183
0.8863841755314469 0.8553067929505472 0.0 0.5840187310419735 0.5181597753000173 0.0906941076308937 0.7546261327562988 0.05377407280860369 0.22454138503115173 0.21887750666171546 0.9159074288660605 0.5099933970866998 0.9575638284781385 0.9983513725204076 0.36817163447467194 0.38761162490549295 0.6401722164166831 0.3012307913421919
0.1572809602727514 0.496419081623508 0.5840187310419735 0.0 0.46625457854880037 0.44878807169927026 0.7386834775319939 0.5600409525752148 0.8919079318526314 0.254811315973709 0.07653685982439884 0.10039360564780453 0.42401312264676017 0.47356848567679943 0.42773899147336814 0.3596583340091286 0.8852334896778077 0.3951685602608189
0.22736722589771197 0.8468925266091835 0.5181597753000173 0.46625457854880037 0.0 0.8399852721206187 0.6928313554422714 0.9694810935658615 0.818347210685561 0.09154068957074224 0.6474678182527701 0.12430074849688866 0.29157104391847655 0.42131496756160636 0.30145849117274626 0.9132508584241336 0.5452972187710946 0.6881683981604507
0.7717266494069779 0.1582481183068385 0.0906941076308937 0.44878807169927026 0.8399852721206187 0.0 0.5005954348644928 0.3155867427356932 0.8356336983412906 0.41333633393692215 0.6072848719494823 0.2340290142873267 0.8346850813437988 0.7389617825257395 0.6774305753488375 0.07612622945231207 0.6491566707245128 0.19607717244361533
0.8591579782829387 0.558163082084187 0.7546261327562988 0.7386834775319939 0.6928313554422714 0.5005954348644928 0.0 0.8194240653183421 0.6506969140608412 0.5263301552542609 0.31697802485821536 0.8573425734935074 0.778063788493259 0.8153120527215713 0.54978256908994 0.31986977294688745 0.9512682484176498 0.7914956453618611
0.22730094254848598 0.9891510657575039 0.05377407280860369 0.5600409525752148 0.9694810935658615 0.3155867427356932 0.8194240653183421 0.0 0.6370731144252078 0.20711825294488517 0.10518094131534561 0.023466189790210312 0.6058665071757926 0.9494463824549743 0.051399844646289106 0.06411831589399575 0.7827626919663091 0.46552724132779055
0.1854058196116678 0.7883865440805754 0.22454138503115173 0.8919079318526314 0.818347210685561 0.8356336983412906 0.6506969140608412 0.6370731144252078 0.0 0.41905463748451544 0.3815431607449067 0.7959713510002981 0.25134023049135745 0.0051119215340840185 0.6102826282407475 0.355019273236161 0.9874208108591802 0.2825033274777029
0.5325323226828548 0.9492427655279312 0.21887750666171546 0.254811315973709 0.09154068957074224 0.41333633393692215 0.5263301552542609 0.20711825294488517 0.41905463748451544 0.0 0.3998361979502607 0.7092914836838731 0.2386176443424579 0.4403740282249031 0.3648458912178332 0.07816147334178669 0.438770545572585 0.7379768888425671
0.5931999383445953 0.33494502402169046 0.9159074288660605 0.07653685982439884 0.6474678182527701 0.6072848719494823 0.31697802485821536 0.10518094131534561 0.3815431607449067 0.3998361979502607 0.0 0.9001730772572868 0.01831734101389948 0.5021361311079584 0.14221298812299965 0.914120506916461 0.6479917811200535 0.08405351152440266
0.7537076782286609 0.4603166015530542 0.5099933970866998 0.10039360564780453 0.12430074849688866 0.2340290142873267 0.8573425734935074 0.023466189790210312 0.7959713510002981 0.7092914836838731 0.9001730772572868 0.0 0.18854667649523094 0.8543417489284014 0.8831561465530824 0.7252546401683491 0.7559991875409419 0.7535194734898337
0.866962197858236 0.011552117724055289 0.9575638284781385 0.42401312264676017 0.29157104391847655 0.8346850813437988 0.778063788493259 0.6058665071757926 0.25134023049135745 0.2386176443424579 0.01831734101389948 0.18854667649523094 0.0 0.3573394067238196 0.8573895669971666 0.9791519269579708 0.40568249942335555 0.4945855973702036
0.2484045540929155 0.9140626860616694 0.9983513725204076 0.47356848567679943 0.42131496756160636 0.7389617825257395 0.8153120527215713 0.9494463824549743 0.0051119215340840185 0.4403740282249031 0.5021361311079584 0.8543417489284014 0.3573394067238196 0.0 0.9217497224645053 0.8335670011719658 0.1990717271838307 0.2841637309328069
0.4949372976921218 0.7428767558836561 0.36817163447467194 0.42773899147336814 0.30145849117274626 0.6774305753488375 0.54978256908994 0.051399844646289106 0.6102826282407475 0.3648458912178332 0.14221298812299965 0.8831561465530824 0.8573895669971666 0.9217497224645053 0.0 0.6588374965214903 0.0257586159536346 0.5777527737308759
0.5146644805097312 0.6476595163857806 0.38761162490549295 0.3596583340091286 0.9132508584241336 0.07612622945231207 0.31986977294688745 0.06411831589399575 0.355019273236161 0.07816147334178669 0.914120506916461 0.7252546401683491 0.9791519269579708 0.8335670011719658 0.6588374965214903 0.0 0.6659965299608622 0.9633432217417767
0.253685194393267 0.8036263582113194 0.6401722164166831 0.8852334896778077 0.5452972187710946 0.6491566707245128 0.9512682484176498 0.7827626919663091 0.9874208108591802 0.438770545572585 0.6479917811200535 0.7559991875409419 0.40568249942335555 0.1990717271838307 0.0257586159536346 0.6659965299608622 0.0 0.6948263869887507
0.25966721756728506 0.2467326025954183 0.3012307913421919 0.3951685602608189 0.6881683981604507 0.19607717244361533 0.7914956453618611 0.46552724132779055 0.2825033274777029 0.7379768888425671 0.08405351152440266 0.7535194734898337 0.4945855973702036 0.2841637309328069 0.5777527737308759 0.9633432217417767 0.6948263869887507 0.0

# Optimal Walk
0 8 13 16 14 7 2 5 17 10 12 1 6 15 9 4 11 3 0
