# MCW Instance
# Type: UNIFORM
# N: 18
# Optimal cost: 1.7215330928541133
# Optimal tour (permutation): [0, 16, 3, 2, 5, 11, 7, 15, 10, 9, 17, 8, 12, 14, 13, 1, 4, 6, 0]
# Optimal walk (full path): [0, 16, 3, 2, 5, 11, 7, 15, 10, 15, 9, 8, 17, 8, 12, 14, 13, 14, 1, 4, 6, 0]
# Walk size: 22
# Is walk (has repeats): true

# Distance Matrix
0.0000000000 0.1737937689 0.9499378952 0.2644624013 0.5706498288 0.2020165772 0.0714377604 0.1594302602 0.5603708737 0.4966800603 0.2484704189 0.6417348917 0.5424883155 0.2103666274 0.1901545850 0.2999935403 0.3163287046 0.8853864592
0.1737937689 0.0000000000 0.5169533168 0.6019815083 0.0184420807 0.7548544852 0.8187980638 0.9828459519 0.8996443233 0.7482363950 0.1223705790 0.3387312575 0.5242941851 0.7519307970 0.0302683626 0.0901533813 0.3503314054 0.5983070336
0.9499378952 0.5169533168 0.0000000000 0.1941935137 0.4179367875 0.1886415437 0.4607192758 0.7149691216 0.4942541645 0.6116025503 0.8173691761 0.5241009746 0.5322859913 0.9832065406 0.9134910125 0.7947669553 0.2602432493 0.4169398800
0.2644624013 0.6019815083 0.1941935137 0.0000000000 0.6991849348 0.9545299995 0.9889730400 0.6326433153 0.5493247885 0.9277349257 0.7870941550 0.3798634052 0.6823197819 0.8224634940 0.4035850710 0.8227448584 0.0861096073 0.3950858398
0.5706498288 0.0184420807 0.4179367875 0.6991849348 0.0000000000 0.4849746087 0.0403034574 0.9326248096 0.2748608235 0.3227610187 0.5859572387 0.9160459053 0.1117017657 0.8364124720 0.8714834272 0.6855457315 0.5221378351 0.7482784790
0.2020165772 0.7548544852 0.1886415437 0.9545299995 0.4849746087 0.0000000000 0.9931073473 0.5598015330 0.9516660306 0.9389677110 0.5012187862 0.0084148296 0.3461022368 0.7852251746 0.5302500392 0.9644784958 0.8302038321 0.8770673291
0.0714377604 0.8187980638 0.4607192758 0.9889730400 0.0403034574 0.9931073473 0.0000000000 0.6515391925 0.8928819653 0.4287511205 0.8869111311 0.7895413935 0.6805474488 0.2334378527 0.5206588877 0.5505392925 0.8376411358 0.3183362337
0.1594302602 0.9828459519 0.7149691216 0.6326433153 0.9326248096 0.5598015330 0.6515391925 0.0000000000 0.4191777485 0.3530438923 0.2029053164 0.1373650030 0.5983391846 0.8203649365 0.3316085372 0.0991037777 0.5167601252 0.9983701260
0.5603708737 0.8996443233 0.4942541645 0.5493247885 0.2748608235 0.9516660306 0.8928819653 0.4191777485 0.0000000000 0.0112129027 0.5074607054 0.1426143501 0.0952408442 0.8977086682 0.0811146313 0.4543589611 0.6050710865 0.0946684686
0.4966800603 0.7482363950 0.6116025503 0.9277349257 0.3227610187 0.9389677110 0.4287511205 0.3530438923 0.0112129027 0.0000000000 0.8203167898 0.6549475179 0.8734461344 0.6074244722 0.0765515136 0.0050780163 0.3906753059 0.9963736723
0.2484704189 0.1223705790 0.8173691761 0.7870941550 0.5859572387 0.5012187862 0.8869111311 0.2029053164 0.5074607054 0.8203167898 0.0000000000 0.2987192890 0.5882502060 0.3571436423 0.2262680600 0.0789191581 0.5088836525 0.3552851179
0.6417348917 0.3387312575 0.5241009746 0.3798634052 0.9160459053 0.0084148296 0.7895413935 0.1373650030 0.1426143501 0.6549475179 0.2987192890 0.0000000000 0.6624479001 0.8015726143 0.9944740498 0.2839697732 0.4003278848 0.4115437650
0.5424883155 0.5242941851 0.5322859913 0.6823197819 0.1117017657 0.3461022368 0.6805474488 0.5983391846 0.0952408442 0.8734461344 0.5882502060 0.6624479001 0.0000000000 0.6237425464 0.0636363820 0.6310475562 0.5600759427 0.4349585950
0.2103666274 0.7519307970 0.9832065406 0.8224634940 0.8364124720 0.7852251746 0.2334378527 0.8203649365 0.8977086682 0.6074244722 0.3571436423 0.8015726143 0.6237425464 0.0000000000 0.0042905269 0.5440489909 0.6617780508 0.9820939461
0.1901545850 0.0302683626 0.9134910125 0.4035850710 0.8714834272 0.5302500392 0.5206588877 0.3316085372 0.0811146313 0.0765515136 0.2262680600 0.9944740498 0.0636363820 0.0042905269 0.0000000000 0.1435277906 0.3464462266 0.2015584404
0.2999935403 0.0901533813 0.7947669553 0.8227448584 0.6855457315 0.9644784958 0.5505392925 0.0991037777 0.4543589611 0.0050780163 0.0789191581 0.2839697732 0.6310475562 0.5440489909 0.1435277906 0.0000000000 0.5011919818 0.3080305664
0.3163287046 0.3503314054 0.2602432493 0.0861096073 0.5221378351 0.8302038321 0.8376411358 0.5167601252 0.6050710865 0.3906753059 0.5088836525 0.4003278848 0.5600759427 0.6617780508 0.3464462266 0.5011919818 0.0000000000 0.3394023530
0.8853864592 0.5983070336 0.4169398800 0.3950858398 0.7482784790 0.8770673291 0.3183362337 0.9983701260 0.0946684686 0.9963736723 0.3552851179 0.4115437650 0.4349585950 0.9820939461 0.2015584404 0.3080305664 0.3394023530 0.0000000000
