# MCW Instance
# Type: UNIFORM
# N: 18
# Optimal cost: 1.2309477398167983
# Optimal tour (permutation): [0, 17, 4, 13, 6, 3, 15, 12, 5, 14, 11, 7, 1, 10, 9, 16, 2, 8, 0]
# Optimal walk (full path): [0, 4, 17, 4, 13, 3, 6, 3, 15, 12, 5, 14, 11, 1, 7, 1, 10, 9, 16, 2, 8, 0]
# Walk size: 22
# Is walk (has repeats): true

# Distance Matrix
0.0000000000 0.7564560734 0.2514302620 0.5631631952 0.1642067835 0.7360049613 0.3242800054 0.3715897713 0.0333889834 0.1503619650 0.3933770192 0.0865598137 0.3875667681 0.9457519414 0.6525178240 0.8751566929 0.4098953244 0.5737518543
0.7564560734 0.0000000000 0.5335227624 0.0719839643 0.2931326353 0.7550383039 0.7807795356 0.0251085970 0.3658801970 0.0985130683 0.1085589345 0.0300636035 0.8971923324 0.5726637421 0.0641802568 0.8531613976 0.4140573307 0.7801171435
0.2514302620 0.5335227624 0.0000000000 0.4007678723 0.3150955688 0.6875424252 0.2216958458 0.4752542589 0.1567852974 0.8959341597 0.2528889557 0.9304494262 0.9416436512 0.8569943171 0.2335000865 0.1944100096 0.0619268779 0.6364910269
0.5631631952 0.0719839643 0.4007678723 0.0000000000 0.4503370672 0.1360060566 0.0115490230 0.2864532136 0.7531593533 0.5524970270 0.9637221684 0.9441364218 0.4857010920 0.0330929785 0.3490097172 0.0314760734 0.2164385531 0.1418908114
0.1642067835 0.2931326353 0.3150955688 0.4503370672 0.0000000000 0.5678563918 0.8348442932 0.9778729560 0.7942395060 0.1913850290 0.3162148292 0.2084511432 0.1625022107 0.0052272322 0.6093797145 0.3578475609 0.4403477432 0.0333813512
0.7360049613 0.7550383039 0.6875424252 0.1360060566 0.5678563918 0.0000000000 0.2886510809 0.1641834319 0.3191170317 0.2425673560 0.1625192033 0.9408597687 0.0854751248 0.9722756629 0.0410286429 0.8210330473 0.8364728730 0.2616827145
0.3242800054 0.7807795356 0.2216958458 0.0115490230 0.8348442932 0.2886510809 0.0000000000 0.6531718922 0.7993635050 0.4263067189 0.1518328035 0.6493899303 0.5835178452 0.4084787431 0.7299628726 0.4143078733 0.7220095004 0.4177238509
0.3715897713 0.0251085970 0.4752542589 0.2864532136 0.9778729560 0.1641834319 0.6531718922 0.0000000000 0.1525726844 0.2361227234 0.2103114752 0.1479840905 0.1348195708 0.2315998921 0.7937777789 0.3258751454 0.4260442641 0.3094234218
0.0333889834 0.3658801970 0.1567852974 0.7531593533 0.7942395060 0.3191170317 0.7993635050 0.1525726844 0.0000000000 0.4837618652 0.8535033688 0.6047096088 0.3696847054 0.3824211329 0.6001561647 0.1207616555 0.8835830071 0.7720488208
0.1503619650 0.0985130683 0.8959341597 0.5524970270 0.1913850290 0.2425673560 0.4263067189 0.2361227234 0.4837618652 0.0000000000 0.1593024724 0.8893985639 0.9749502411 0.5663759399 0.2555041371 0.8974593930 0.1340020257 0.6441371291
0.3933770192 0.1085589345 0.2528889557 0.9637221684 0.3162148292 0.1625192033 0.1518328035 0.2103114752 0.8535033688 0.1593024724 0.0000000000 0.3852532031 0.2221216186 0.7337549876 0.2892965557 0.7064137958 0.5813226825 0.5908408794
0.0865598137 0.0300636035 0.9304494262 0.9441364218 0.2084511432 0.9408597687 0.6493899303 0.1479840905 0.6047096088 0.8893985639 0.3852532031 0.0000000000 0.9476811150 0.1528620209 0.0362972867 0.9149856383 0.7763694053 0.2440805914
0.3875667681 0.8971923324 0.9416436512 0.4857010920 0.1625022107 0.0854751248 0.5835178452 0.1348195708 0.3696847054 0.9749502411 0.2221216186 0.9476811150 0.0000000000 0.7488489694 0.1252115483 0.0100374806 0.0838794714 0.7594508739
0.9457519414 0.5726637421 0.8569943171 0.0330929785 0.0052272322 0.9722756629 0.4084787431 0.2315998921 0.3824211329 0.5663759399 0.7337549876 0.1528620209 0.7488489694 0.0000000000 0.1758594846 0.9975630596 0.5980777977 0.5969972060
0.6525178240 0.0641802568 0.2335000865 0.3490097172 0.6093797145 0.0410286429 0.7299628726 0.7937777789 0.6001561647 0.2555041371 0.2892965557 0.0362972867 0.1252115483 0.1758594846 0.0000000000 0.2318170547 0.8725418303 0.1478962656
0.8751566929 0.8531613976 0.1944100096 0.0314760734 0.3578475609 0.8210330473 0.4143078733 0.3258751454 0.1207616555 0.8974593930 0.7064137958 0.9149856383 0.0100374806 0.9975630596 0.2318170547 0.0000000000 0.1570035856 0.7598776977
0.4098953244 0.4140573307 0.0619268779 0.2164385531 0.4403477432 0.8364728730 0.7220095004 0.4260442641 0.8835830071 0.1340020257 0.5813226825 0.7763694053 0.0838794714 0.5980777977 0.8725418303 0.1570035856 0.0000000000 0.2129708593
0.5737518543 0.7801171435 0.6364910269 0.1418908114 0.0333813512 0.2616827145 0.4177238509 0.3094234218 0.7720488208 0.6441371291 0.5908408794 0.2440805914 0.7594508739 0.5969972060 0.1478962656 0.7598776977 0.2129708593 0.0000000000
