# MCW Instance
# Type: UNIFORM
# N: 18
# Optimal cost: 2.4547892540144716
# Optimal tour (permutation): [0, 14, 17, 10, 1, 16, 12, 7, 2, 4, 9, 6, 8, 15, 5, 11, 13, 3, 0]
# Optimal walk (full path): [0, 14, 17, 10, 1, 12, 16, 12, 7, 2, 4, 9, 6, 8, 15, 5, 11, 13, 3, 8, 0]
# Walk size: 21
# Is walk (has repeats): true

# Distance Matrix
0.0000000000 0.3856597261 0.5758789883 0.4587874527 0.0658158322 0.8743900056 0.6298860269 0.1970643933 0.0568206261 0.0886882232 0.9273132145 0.3689377382 0.4321883531 0.8303866636 0.2413859880 0.3225098448 0.5983593307 0.9056633228
0.3856597261 0.0000000000 0.9951810745 0.4373340303 0.4404876961 0.4146268738 0.6928980809 0.6506827140 0.5148906329 0.8157286219 0.2650953799 0.6985994090 0.1399740041 0.4303150670 0.3889558329 0.8117551221 0.5409386634 0.2723615469
0.5758789883 0.9951810745 0.0000000000 0.4159373705 0.0914814393 0.6654852994 0.0894038236 0.1417018881 0.5579541385 0.2808999649 0.2829106796 0.2870055231 0.9103530978 0.4873163358 0.9398180598 0.2232723518 0.3679249924 0.8376150563
0.4587874527 0.4373340303 0.4159373705 0.0000000000 0.5516707107 0.1728620633 0.5712278141 0.8413342954 0.1237948789 0.8415821481 0.4144369741 0.7481299040 0.2841513626 0.1997834476 0.8524449718 0.1557375970 0.6899954691 0.9184172794
0.0658158322 0.4404876961 0.0914814393 0.5516707107 0.0000000000 0.1805876080 0.1680535481 0.5001963141 0.7877212949 0.0201819508 0.5408639499 0.9320451499 0.2987406717 0.2596617534 0.4959181590 0.9536084010 0.4516795670 0.4989492286
0.8743900056 0.4146268738 0.6654852994 0.1728620633 0.1805876080 0.0000000000 0.6584539835 0.9761579231 0.7701175760 0.1238016246 0.8789478809 0.0059375947 0.4464146180 0.9972245561 0.5367767605 0.0905017446 0.5211667254 0.8966442008
0.6298860269 0.6928980809 0.0894038236 0.5712278141 0.1680535481 0.6584539835 0.0000000000 0.2916424346 0.0520876683 0.0083643223 0.2483825973 0.1480232583 0.4389608054 0.9179438810 0.4150821277 0.1285821865 0.3453980442 0.1987123562
0.1970643933 0.6506827140 0.1417018881 0.8413342954 0.5001963141 0.9761579231 0.2916424346 0.0000000000 0.7770760709 0.8143742515 0.2519509097 0.7271635427 0.1153043965 0.5028603488 0.3198569637 0.6014939555 0.3512251056 0.7591487026
0.0568206261 0.5148906329 0.5579541385 0.1237948789 0.7877212949 0.7701175760 0.0520876683 0.7770760709 0.0000000000 0.6369445470 0.1651653297 0.5282731025 0.6915491013 0.7571022572 0.3806495452 0.0297703751 0.3694390585 0.5013614229
0.0886882232 0.8157286219 0.2808999649 0.8415821481 0.0201819508 0.1238016246 0.0083643223 0.8143742515 0.6369445470 0.0000000000 0.4015312921 0.4197923231 0.4196055600 0.3958659661 0.4499322861 0.9663470311 0.9866394167 0.3104812033
0.9273132145 0.2650953799 0.2829106796 0.4144369741 0.5408639499 0.8789478809 0.2483825973 0.2519509097 0.1651653297 0.4015312921 0.0000000000 0.3962603687 0.8603258432 0.9236239436 0.8315190443 0.7595758833 0.3790349789 0.2912732932
0.3689377382 0.6985994090 0.2870055231 0.7481299040 0.9320451499 0.0059375947 0.1480232583 0.7271635427 0.5282731025 0.4197923231 0.3962603687 0.0000000000 0.6530342893 0.1994061524 0.7597193858 0.9868401985 0.8033724710 0.9536289775
0.4321883531 0.1399740041 0.9103530978 0.2841513626 0.2987406717 0.4464146180 0.4389608054 0.1153043965 0.6915491013 0.4196055600 0.8603258432 0.6530342893 0.0000000000 0.3463422068 0.5985266686 0.8371272045 0.0920842342 0.6519839211
0.8303866636 0.4303150670 0.4873163358 0.1997834476 0.2596617534 0.9972245561 0.9179438810 0.5028603488 0.7571022572 0.3958659661 0.9236239436 0.1994061524 0.3463422068 0.0000000000 0.3867952754 0.2173908025 0.9018621284 0.3395773783
0.2413859880 0.3889558329 0.9398180598 0.8524449718 0.4959181590 0.5367767605 0.4150821277 0.3198569637 0.3806495452 0.4499322861 0.8315190443 0.7597193858 0.5985266686 0.3867952754 0.0000000000 0.6308930630 0.9891586300 0.1977556357
0.3225098448 0.8117551221 0.2232723518 0.1557375970 0.9536084010 0.0905017446 0.1285821865 0.6014939555 0.0297703751 0.9663470311 0.7595758833 0.9868401985 0.8371272045 0.2173908025 0.6308930630 0.0000000000 0.7652964790 0.4470634474
0.5983593307 0.5409386634 0.3679249924 0.6899954691 0.4516795670 0.5211667254 0.3453980442 0.3512251056 0.3694390585 0.9866394167 0.3790349789 0.8033724710 0.0920842342 0.9018621284 0.9891586300 0.7652964790 0.0000000000 0.5019747994
0.9056633228 0.2723615469 0.8376150563 0.9184172794 0.4989492286 0.8966442008 0.1987123562 0.7591487026 0.5013614229 0.3104812033 0.2912732932 0.9536289775 0.6519839211 0.3395773783 0.1977556357 0.4470634474 0.5019747994 0.0000000000
