# Graph size: 18
# Optimal cost: 1.706965129714479

# Distance Matrix
0.0 0.5523869282139764 0.26084321421993073 0.06738221395734467 0.21696801211549455 0.4437858054264534 0.04862011217122442 0.6902126890171134 0.1959450775365975 0.2566711484109163 0.4809287792460073 0.3513879321456951 0.9523673747035059 0.9007648874342896 0.27005966205869025 0.8813494283221319 0.5989505277839869 0.5143617322512678
0.5523869282139764 0.0 0.8119291275642972 0.3699676811197158 0.25741887956744436 0.48421355888211426 0.8654459807719819 0.8660801466491671 0.014834842748069788 0.25081516736134835 0.32646067544668467 0.13954549200489252 0.48563453695157255 0.3207526739077803 0.8238667323411419 0.478744925802956 0.840239922059857 0.7056276833320024
0.26084321421993073 0.8119291275642972 0.0 0.139837679905911 0.8099382188906838 0.5761569503223918 0.08617148988043877 0.26184767451483104 0.5196081312670336 0.7537582648066088 0.3605156056500868 0.21103742702928197 0.2369043877437208 0.896487818944082 0.8771860823523384 0.6596510077507155 0.49052368753369746 0.26401434554182424
0.06738221395734467 0.3699676811197158 0.139837679905911 0.0 0.5762409391796568 0.7496837757969657 0.5928400813335687 0.7468988221897152 0.4660713298413591 0.4555452041374767 0.3238255457913576 0.202631346069434 0.34873882915863286 0.2954546999879445 0.9882779465493129 0.6554306148042975 0.4733227233919338 0.18945229599027102
0.21696801211549455 0.25741887956744436 0.8099382188906838 0.5762409391796568 0.0 0.2020994694630851 0.4159892348512221 0.8446027616404697 0.7863206963971837 0.3268457867395562 0.8423866346364697 0.24350418508149163 0.6373785777844392 0.8164923264201099 0.15968069625126935 0.6260840246867383 0.18201966471417552 0.8663407583988678
0.4437858054264534 0.48421355888211426 0.5761569503223918 0.7496837757969657 0.2020994694630851 0.0 0.4832278171333687 0.459438172771816 0.6280355728872252 0.6612153933436876 0.9495710877309588 0.725761538109303 0.4591752241439695 0.20857565718500792 0.6487741656068398 0.7798942031183901 0.4830569877843054 0.21189758538760528
0.04862011217122442 0.8654459807719819 0.08617148988043877 0.5928400813335687 0.4159892348512221 0.4832278171333687 0.0 0.8733685174264042 0.9810383570011648 0.044464109373751115 0.6906533498428754 0.0516200538764654 0.035932509721376404 0.27221818488591965 0.08544515386765128 0.6166106449049348 0.28862103881104184 0.002239141579502668
0.6902126890171134 0.8660801466491671 0.26184767451483104 0.7468988221897152 0.8446027616404697 0.459438172771816 0.8733685174264042 0.0 0.40032565075498616 0.9776689197249555 0.7710582606261456 0.3250643957983085 0.5290639513948305 0.7069739324540489 0.6891383058606272 0.5430141844856071 0.2880930498717169 0.031693935198724876
0.1959450775365975 0.014834842748069788 0.5196081312670336 0.4660713298413591 0.7863206963971837 0.6280355728872252 0.9810383570011648 0.40032565075498616 0.0 0.16034343203661305 0.6903536920551856 0.836100486803686 0.7308122551732738 0.4420549024869518 0.6692169180702587 0.09870127036615761 0.5758307517734539 0.5936720828242649
0.2566711484109163 0.25081516736134835 0.7537582648066088 0.4555452041374767 0.3268457867395562 0.6612153933436876 0.044464109373751115 0.9776689197249555 0.16034343203661305 0.0 0.4847213598780419 0.5363581747663131 0.5258304854636343 0.5010373394791136 0.024616190106829028 0.09469118942667576 0.989908690350624 0.458265344385166
0.4809287792460073 0.32646067544668467 0.3605156056500868 0.3238255457913576 0.8423866346364697 0.9495710877309588 0.6906533498428754 0.7710582606261456 0.6903536920551856 0.4847213598780419 0.0 0.3219715693001437 0.45854484598123446 0.6037996547113653 0.049927372837736184 0.26382965147417925 0.7946580334768132 0.13252651135772564
0.3513879321456951 0.13954549200489252 0.21103742702928197 0.202631346069434 0.24350418508149163 0.725761538109303 0.0516200538764654 0.3250643957983085 0.836100486803686 0.5363581747663131 0.3219715693001437 0.0 0.9056425931341525 0.26440287246430993 0.012507945179462632 0.3072199708622433 0.00947976796538852 0.5083185620859402
0.9523673747035059 0.48563453695157255 0.2369043877437208 0.34873882915863286 0.6373785777844392 0.4591752241439695 0.035932509721376404 0.5290639513948305 0.7308122551732738 0.5258304854636343 0.45854484598123446 0.9056425931341525 0.0 0.19887649299432442 0.6317790529617441 0.6381747849123748 0.9875734884845562 0.2889134306828566
0.9007648874342896 0.3207526739077803 0.896487818944082 0.2954546999879445 0.8164923264201099 0.20857565718500792 0.27221818488591965 0.7069739324540489 0.4420549024869518 0.5010373394791136 0.6037996547113653 0.26440287246430993 0.19887649299432442 0.0 0.4538377507907855 0.6750203527785181 0.7052752871072359 0.22494777997768778
0.27005966205869025 0.8238667323411419 0.8771860823523384 0.9882779465493129 0.15968069625126935 0.6487741656068398 0.08544515386765128 0.6891383058606272 0.6692169180702587 0.024616190106829028 0.049927372837736184 0.012507945179462632 0.6317790529617441 0.4538377507907855 0.0 0.8845410738342963 3.8641114680870725E-4 0.09991282772530541
0.8813494283221319 0.478744925802956 0.6596510077507155 0.6554306148042975 0.6260840246867383 0.7798942031183901 0.6166106449049348 0.5430141844856071 0.09870127036615761 0.09469118942667576 0.26382965147417925 0.3072199708622433 0.6381747849123748 0.6750203527785181 0.8845410738342963 0.0 0.8240250188239341 0.47292253871011525
0.5989505277839869 0.840239922059857 0.49052368753369746 0.4733227233919338 0.18201966471417552 0.4830569877843054 0.28862103881104184 0.2880930498717169 0.5758307517734539 0.989908690350624 0.7946580334768132 0.00947976796538852 0.9875734884845562 0.7052752871072359 3.8641114680870725E-4 0.8240250188239341 0.0 0.895180873596229
0.5143617322512678 0.7056276833320024 0.26401434554182424 0.18945229599027102 0.8663407583988678 0.21189758538760528 0.002239141579502668 0.031693935198724876 0.5936720828242649 0.458265344385166 0.13252651135772564 0.5083185620859402 0.2889134306828566 0.22494777997768778 0.09991282772530541 0.47292253871011525 0.895180873596229 0.0

# Optimal Walk
0 12 13 5 4 1 8 15 9 14 10 16 11 17 7 6 2 3 0
