# MCW Instance
# Type: UNIFORM
# N: 18
# Optimal cost: 1.4481272642291931
# Optimal tour (permutation): [0, 9, 7, 17, 1, 4, 2, 12, 3, 16, 13, 6, 5, 14, 11, 10, 8, 15, 0]
# Optimal walk (full path): [0, 9, 7, 17, 1, 4, 2, 12, 3, 16, 6, 13, 6, 5, 14, 11, 10, 8, 10, 11, 15, 0]
# Walk size: 22
# Is walk (has repeats): true

# Distance Matrix
0.0000000000 0.7195548988 0.4894504841 0.9177165364 0.1451083410 0.5464650255 0.7253637519 0.6601670698 0.2796727673 0.1416306739 0.3041750084 0.5525450549 0.9827232110 0.4044603980 0.7597828527 0.2082709099 0.7187306669 0.7547124618
0.7195548988 0.0000000000 0.2075589108 0.0753376699 0.0312245084 0.3556404889 0.7152799571 0.1579425373 0.3790267036 0.8654301301 0.5689050553 0.5000674705 0.5654663140 0.4813608969 0.6519782018 0.4810873679 0.2220306006 0.0577303655
0.4894504841 0.2075589108 0.0000000000 0.4006011964 0.0057122788 0.6916984373 0.3764280130 0.5703350025 0.4840458346 0.5722398282 0.2281483986 0.3570529039 0.0922690906 0.1260556345 0.8225849397 0.2506814980 0.1804351979 0.7406698306
0.9177165364 0.0753376699 0.4006011964 0.0000000000 0.1875467206 0.3689311845 0.8510873726 0.6327756183 0.6397925083 0.9175301383 0.6708884001 0.0287766244 0.1144777894 0.8541415663 0.1971775001 0.1260524427 0.1254622337 0.7950566557
0.1451083410 0.0312245084 0.0057122788 0.1875467206 0.0000000000 0.5023460068 0.2417175576 0.3953261584 0.6969205215 0.1611504029 0.6894314198 0.7417969511 0.8701624683 0.2295577574 0.0898567381 0.6363867658 0.4364654343 0.5884449652
0.5464650255 0.3556404889 0.6916984373 0.3689311845 0.5023460068 0.0000000000 0.0166517131 0.9613957592 0.4295240743 0.6514498619 0.1074215069 0.8830354956 0.3565048157 0.8434991779 0.0278429932 0.4312793482 0.1870352839 0.4450140690
0.7253637519 0.7152799571 0.3764280130 0.8510873726 0.2417175576 0.0166517131 0.0000000000 0.9672158183 0.3311483529 0.4172144300 0.3665214337 0.6649822934 0.8654919139 0.0680490062 0.1693751569 0.3202971177 0.0659252680 0.2208860114
0.6601670698 0.1579425373 0.5703350025 0.6327756183 0.3953261584 0.9613957592 0.9672158183 0.0000000000 0.1805181358 0.1205174602 0.3264360708 0.9668244441 0.8626928476 0.5395228405 0.6132750885 0.4527546291 0.6962339710 0.0030631924
0.2796727673 0.3790267036 0.4840458346 0.6397925083 0.6969205215 0.4295240743 0.3311483529 0.1805181358 0.0000000000 0.8050968381 0.0435861530 0.7045543580 0.9958727721 0.3389177509 0.4883910169 0.4126608489 0.1940763263 0.2603111945
0.1416306739 0.8654301301 0.5722398282 0.9175301383 0.1611504029 0.6514498619 0.4172144300 0.1205174602 0.8050968381 0.0000000000 0.3776011678 0.4665140431 0.7464535339 0.9803600487 0.1090650210 0.3607722371 0.3994160994 0.5272390751
0.3041750084 0.5689050553 0.2281483986 0.6708884001 0.6894314198 0.1074215069 0.3665214337 0.3264360708 0.0435861530 0.3776011678 0.0000000000 0.0426804529 0.7234362169 0.7630915034 0.8469011470 0.5164866225 0.3881385878 0.6496961755
0.5525450549 0.5000674705 0.3570529039 0.0287766244 0.7417969511 0.8830354956 0.6649822934 0.9668244441 0.7045543580 0.4665140431 0.0426804529 0.0000000000 0.7551924460 0.9215108712 0.0482973617 0.0804202012 0.4728241324 0.0883305046
0.9827232110 0.5654663140 0.0922690906 0.1144777894 0.8701624683 0.3565048157 0.8654919139 0.8626928476 0.9958727721 0.7464535339 0.7234362169 0.7551924460 0.0000000000 0.6320804751 0.2533342034 0.2849784577 0.8252241131 0.6631042354
0.4044603980 0.4813608969 0.1260556345 0.8541415663 0.2295577574 0.8434991779 0.0680490062 0.5395228405 0.3389177509 0.9803600487 0.7630915034 0.9215108712 0.6320804751 0.0000000000 0.4923688037 0.7589299337 0.5659506414 0.7790155038
0.7597828527 0.6519782018 0.8225849397 0.1971775001 0.0898567381 0.0278429932 0.1693751569 0.6132750885 0.4883910169 0.1090650210 0.8469011470 0.0482973617 0.2533342034 0.4923688037 0.0000000000 0.9562055478 0.1259130522 0.7346084626
0.2082709099 0.4810873679 0.2506814980 0.1260524427 0.6363867658 0.4312793482 0.3202971177 0.4527546291 0.4126608489 0.3607722371 0.5164866225 0.0804202012 0.2849784577 0.7589299337 0.9562055478 0.0000000000 0.2685837220 0.6759575980
0.7187306669 0.2220306006 0.1804351979 0.1254622337 0.4364654343 0.1870352839 0.0659252680 0.6962339710 0.1940763263 0.3994160994 0.3881385878 0.4728241324 0.8252241131 0.5659506414 0.1259130522 0.2685837220 0.0000000000 0.8875696442
0.7547124618 0.0577303655 0.7406698306 0.7950566557 0.5884449652 0.4450140690 0.2208860114 0.0030631924 0.2603111945 0.5272390751 0.6496961755 0.0883305046 0.6631042354 0.7790155038 0.7346084626 0.6759575980 0.8875696442 0.0000000000
