# MCW Instance
# Type: UNIFORM
# N: 18
# Optimal cost: 2.3458806836208326
# Optimal tour (permutation): [0, 8, 16, 12, 7, 11, 10, 1, 4, 9, 14, 5, 15, 13, 3, 17, 2, 6, 0]
# Optimal walk (full path): [0, 8, 16, 12, 7, 11, 10, 1, 10, 11, 4, 9, 14, 5, 15, 17, 13, 17, 3, 17, 2, 6, 0]
# Walk size: 23
# Is walk (has repeats): true

# Distance Matrix
0.0000000000 0.9838020624 0.7417989551 0.9211580078 0.4664427890 0.9827051452 0.1130638912 0.3860795885 0.5671577412 0.2393069217 0.6983047575 0.2617296956 0.5750993370 0.6222698369 0.9718594801 0.7173913934 0.2699638171 0.4743767803
0.9838020624 0.0000000000 0.9137644508 0.9429021679 0.2773474597 0.6397445205 0.2208719510 0.9637515500 0.9913511372 0.3925577880 0.0707103012 0.5161619196 0.3525554866 0.9282432391 0.7877269880 0.7724664168 0.6674322175 0.2821041688
0.7417989551 0.9137644508 0.0000000000 0.6922186440 0.9268238747 0.2265462550 0.0257881832 0.8741657026 0.6522881992 0.0814428587 0.8585617122 0.6273540957 0.2224749416 0.9739020621 0.2582168886 0.8035798415 0.6545455072 0.0762828215
0.9211580078 0.9429021679 0.6922186440 0.0000000000 0.6855376066 0.4023971403 0.5749553766 0.8979675325 0.4466035960 0.2987836356 0.6353893739 0.4404572360 0.2088123262 0.1292619115 0.2135337795 0.4424563251 0.3393508360 0.0064289126
0.4664427890 0.2773474597 0.9268238747 0.6855376066 0.0000000000 0.8218113834 0.3463252750 0.6889501952 0.9125101768 0.1169323169 0.4385682343 0.1791079469 0.3344693837 0.6540900256 0.4695621628 0.5675646007 0.9463674878 0.5618582558
0.9827051452 0.6397445205 0.2265462550 0.4023971403 0.8218113834 0.0000000000 0.9415226771 0.0646722076 0.9190805116 0.1273215001 0.1687408926 0.0523944716 0.7431483299 0.8756980699 0.1604150985 0.0180294515 0.2874413533 0.1046911846
0.1130638912 0.2208719510 0.0257881832 0.5749553766 0.3463252750 0.9415226771 0.0000000000 0.3539395999 0.9563477474 0.1844960653 0.9910304461 0.2353021901 0.9166897606 0.5327841222 0.3251422056 0.9232813280 0.0756685979 0.3368440764
0.3860795885 0.9637515500 0.8741657026 0.8979675325 0.6889501952 0.0646722076 0.3539395999 0.0000000000 0.6496143413 0.8654224010 0.7014750820 0.0681185428 0.0780970806 0.8963120359 0.6423844066 0.2225043884 0.3535084110 0.0424581662
0.5671577412 0.9913511372 0.6522881992 0.4466035960 0.9125101768 0.9190805116 0.9563477474 0.6496143413 0.0000000000 0.5199145557 0.7750363300 0.7678889681 0.6231232068 0.6361886166 0.9877899476 0.4109780107 0.3927455640 0.7154042663
0.2393069217 0.3925577880 0.0814428587 0.2987836356 0.1169323169 0.1273215001 0.1844960653 0.8654224010 0.5199145557 0.0000000000 0.1140027111 0.8405585295 0.6981254496 0.9909161291 0.1595768409 0.6748461145 0.8823382067 0.8222870515
0.6983047575 0.0707103012 0.8585617122 0.6353893739 0.4385682343 0.1687408926 0.9910304461 0.7014750820 0.7750363300 0.1140027111 0.0000000000 0.0125410155 0.7956729031 0.4573791159 0.9807669888 0.9317127606 0.8209442399 0.8888312785
0.2617296956 0.5161619196 0.6273540957 0.4404572360 0.1791079469 0.0523944716 0.2353021901 0.0681185428 0.7678889681 0.8405585295 0.0125410155 0.0000000000 0.9770092227 0.5977165279 0.2558226688 0.1883883647 0.3214350393 0.6726777977
0.5750993370 0.3525554866 0.2224749416 0.2088123262 0.3344693837 0.7431483299 0.9166897606 0.0780970806 0.6231232068 0.6981254496 0.7956729031 0.9770092227 0.0000000000 0.2643197453 0.8938522040 0.4055102253 0.0893258896 0.3164535624
0.6222698369 0.9282432391 0.9739020621 0.1292619115 0.6540900256 0.8756980699 0.5327841222 0.8963120359 0.6361886166 0.9909161291 0.4573791159 0.5977165279 0.2643197453 0.0000000000 0.4312648662 0.7712974967 0.0959040848 0.0608557773
0.9718594801 0.7877269880 0.2582168886 0.2135337795 0.4695621628 0.1604150985 0.3251422056 0.6423844066 0.9877899476 0.1595768409 0.9807669888 0.2558226688 0.8938522040 0.4312648662 0.0000000000 0.3001238376 0.8970012057 0.4201983114
0.7173913934 0.7724664168 0.8035798415 0.4424563251 0.5675646007 0.0180294515 0.9232813280 0.2225043884 0.4109780107 0.6748461145 0.9317127606 0.1883883647 0.4055102253 0.7712974967 0.3001238376 0.0000000000 0.6486887515 0.0001673018
0.2699638171 0.6674322175 0.6545455072 0.3393508360 0.9463674878 0.2874413533 0.0756685979 0.3535084110 0.3927455640 0.8823382067 0.8209442399 0.3214350393 0.0893258896 0.0959040848 0.8970012057 0.6486887515 0.0000000000 0.2678217925
0.4743767803 0.2821041688 0.0762828215 0.0064289126 0.5618582558 0.1046911846 0.3368440764 0.0424581662 0.7154042663 0.8222870515 0.8888312785 0.6726777977 0.3164535624 0.0608557773 0.4201983114 0.0001673018 0.2678217925 0.0000000000
