# MCW Instance
# Type: UNIFORM
# N: 18
# Optimal cost: 1.977435887086194
# Optimal tour (permutation): [0, 14, 8, 13, 15, 12, 4, 9, 2, 3, 6, 16, 11, 5, 17, 10, 7, 1, 0]
# Optimal walk (full path): [0, 14, 8, 13, 15, 12, 15, 4, 15, 9, 2, 9, 3, 6, 16, 5, 11, 5, 17, 10, 17, 1, 7, 1, 0]
# Walk size: 25
# Is walk (has repeats): true

# Distance Matrix
0.0000000000 0.0570911499 0.6420893900 0.5663124764 0.2284154214 0.9011626308 0.7151645676 0.6231288207 0.8625062844 0.2515226456 0.3456901291 0.7827950391 0.6410486963 0.6594091370 0.0785476744 0.4313712660 0.4209207008 0.1092598530
0.0570911499 0.0000000000 0.3795087387 0.6792159004 0.3507993615 0.1263381300 0.1453656277 0.0473661492 0.7631051109 0.9961607441 0.1666619067 0.8316540297 0.2305972448 0.7786196643 0.4497911246 0.6834066479 0.8198771776 0.0819162992
0.6420893900 0.3795087387 0.0000000000 0.4390217917 0.4934309034 0.5984709738 0.6249028784 0.3440454424 0.4950850552 0.0078261815 0.4611528768 0.9749337252 0.6125903991 0.8014722372 0.3640582553 0.7139298216 0.4723382705 0.8657579326
0.5663124764 0.6792159004 0.4390217917 0.0000000000 0.2794783804 0.5122878584 0.1677991350 0.3899931090 0.9409417719 0.0904139773 0.8227419477 0.5334861438 0.7121284792 0.8408509931 0.2328234987 0.9488828060 0.4723373814 0.2861879159
0.2284154214 0.3507993615 0.4934309034 0.2794783804 0.0000000000 0.3822093929 0.2643759927 0.8928693649 0.3277649926 0.4297393776 0.9017698847 0.7657338465 0.9360833716 0.8382514850 0.4130465406 0.1408127874 0.3801179758 0.6810312903
0.9011626308 0.1263381300 0.5984709738 0.5122878584 0.3822093929 0.0000000000 0.8549962871 0.9035924162 0.5702712843 0.8009537912 0.5896380714 0.0828003201 0.5984943985 0.4207368780 0.2975694989 0.6157613275 0.0991412231 0.0068275477
0.7151645676 0.1453656277 0.6249028784 0.1677991350 0.2643759927 0.8549962871 0.0000000000 0.9220505628 0.5190124277 0.6254104570 0.6747928817 0.7235390009 0.4126937527 0.8387692307 0.1906898643 0.6175595843 0.1294589369 0.9425410586
0.6231288207 0.0473661492 0.3440454424 0.3899931090 0.8928693649 0.9035924162 0.9220505628 0.0000000000 0.6707392582 0.4932031950 0.7021248967 0.4558804012 0.4107306355 0.2652160519 0.3690072927 0.1206444156 0.8869373443 0.9995533502
0.8625062844 0.7631051109 0.4950850552 0.9409417719 0.3277649926 0.5702712843 0.5190124277 0.6707392582 0.0000000000 0.3618652306 0.4612122272 0.8619211078 0.5704356478 0.1486044071 0.2760907374 0.7014584154 0.9563603846 0.4913652452
0.2515226456 0.9961607441 0.0078261815 0.0904139773 0.4297393776 0.8009537912 0.6254104570 0.4932031950 0.3618652306 0.0000000000 0.1301850823 0.4629214426 0.4631847599 0.1503486816 0.7379011136 0.0507989439 0.8743111261 0.3147088232
0.3456901291 0.1666619067 0.4611528768 0.8227419477 0.9017698847 0.5896380714 0.6747928817 0.7021248967 0.4612122272 0.1301850823 0.0000000000 0.9797861188 0.7516428147 0.7711685640 0.8740685990 0.1792030426 0.7585787924 0.0416001294
0.7827950391 0.8316540297 0.9749337252 0.5334861438 0.7657338465 0.0828003201 0.7235390009 0.4558804012 0.8619211078 0.4629214426 0.9797861188 0.0000000000 0.4576908291 0.1805728659 0.8746206029 0.8994279619 0.7630635355 0.7170084517
0.6410486963 0.2305972448 0.6125903991 0.7121284792 0.9360833716 0.5984943985 0.4126937527 0.4107306355 0.5704356478 0.4631847599 0.7516428147 0.4576908291 0.0000000000 0.4443784897 0.5753831610 0.0716355014 0.5327024878 0.7053549794
0.6594091370 0.7786196643 0.8014722372 0.8408509931 0.8382514850 0.4207368780 0.8387692307 0.2652160519 0.1486044071 0.1503486816 0.7711685640 0.1805728659 0.4443784897 0.0000000000 0.2077514372 0.0066637172 0.7342209820 0.1728719509
0.0785476744 0.4497911246 0.3640582553 0.2328234987 0.4130465406 0.2975694989 0.1906898643 0.3690072927 0.2760907374 0.7379011136 0.8740685990 0.8746206029 0.5753831610 0.2077514372 0.0000000000 0.3604989605 0.5266118956 0.8848933963
0.4313712660 0.6834066479 0.7139298216 0.9488828060 0.1408127874 0.6157613275 0.6175595843 0.1206444156 0.7014584154 0.0507989439 0.1792030426 0.8994279619 0.0716355014 0.0066637172 0.3604989605 0.0000000000 0.3767747927 0.0273080580
0.4209207008 0.8198771776 0.4723382705 0.4723373814 0.3801179758 0.0991412231 0.1294589369 0.8869373443 0.9563603846 0.8743111261 0.7585787924 0.7630635355 0.5327024878 0.7342209820 0.5266118956 0.3767747927 0.0000000000 0.8672651290
0.1092598530 0.0819162992 0.8657579326 0.2861879159 0.6810312903 0.0068275477 0.9425410586 0.9995533502 0.4913652452 0.3147088232 0.0416001294 0.7170084517 0.7053549794 0.1728719509 0.8848933963 0.0273080580 0.8672651290 0.0000000000
