# MCW Instance
# Type: UNIFORM
# N: 18
# Optimal cost: 2.153102637353207
# Optimal tour (permutation): [0, 12, 4, 9, 11, 10, 8, 7, 5, 17, 16, 15, 3, 13, 14, 2, 6, 1, 0]
# Optimal walk (full path): [0, 12, 4, 9, 11, 10, 8, 10, 7, 5, 17, 16, 3, 15, 3, 13, 14, 2, 6, 1, 12, 0]
# Walk size: 22
# Is walk (has repeats): true

# Distance Matrix
0.0000000000 0.4659795367 0.3260180351 0.1716678686 0.2196167044 0.2975427156 0.3508013895 0.6237028213 0.7388311261 0.8572123449 0.8754045810 0.2169635897 0.0462488339 0.9894929838 0.3362101679 0.4609891706 0.7806974422 0.2228998057
0.4659795367 0.0000000000 0.2511190875 0.4144039537 0.6808490830 0.8180482217 0.0662941404 0.4441477670 0.6204791750 0.9198554918 0.4605081699 0.5004537405 0.1122091951 0.2194018817 0.8927714256 0.7315794770 0.2533966383 0.9382262554
0.3260180351 0.2511190875 0.0000000000 0.4377026498 0.9351479217 0.2372495923 0.1363074002 0.2431468692 0.2970564602 0.2329075741 0.3147086995 0.2658321793 0.1042638014 0.6501437809 0.0348407158 0.2933967393 0.6343663282 0.5475086785
0.1716678686 0.4144039537 0.4377026498 0.0000000000 0.8085222019 0.6449064972 0.2227263503 0.2171484422 0.8264975999 0.3570229456 0.5870174607 0.7851957858 0.1877944269 0.1092693724 0.8494024061 0.0035453362 0.1682816095 0.6193833085
0.2196167044 0.6808490830 0.9351479217 0.8085222019 0.0000000000 0.3381615035 0.2769889492 0.7240157102 0.7485315930 0.1734405766 0.3691011922 0.8634388506 0.0962038269 0.8458893892 0.1609287833 0.7422185308 0.4358890758 0.4823125416
0.2975427156 0.8180482217 0.2372495923 0.6449064972 0.3381615035 0.0000000000 0.2984519901 0.3354962474 0.9451793149 0.2590571938 0.5579502261 0.3245383707 0.8177327615 0.4717124629 0.2828177695 0.3982590674 0.5095688414 0.0987980752
0.3508013895 0.0662941404 0.1363074002 0.2227263503 0.2769889492 0.2984519901 0.0000000000 0.3010399866 0.5148120942 0.5684559315 0.3074704301 0.3194542582 0.7944242255 0.7226917523 0.2408763750 0.9090839054 0.6218702625 0.6643657368
0.6237028213 0.4441477670 0.2431468692 0.2171484422 0.7240157102 0.3354962474 0.3010399866 0.0000000000 0.5996363902 0.8452475991 0.2254656156 0.7522311648 0.9840403151 0.7468105894 0.4691794741 0.6806049254 0.6988906443 0.6708583703
0.7388311261 0.6204791750 0.2970564602 0.8264975999 0.7485315930 0.9451793149 0.5148120942 0.5996363902 0.0000000000 0.8454476155 0.0132505282 0.7395295134 0.5622373767 0.6884911262 0.3649901200 0.9754374438 0.2318211539 0.4414230925
0.8572123449 0.9198554918 0.2329075741 0.3570229456 0.1734405766 0.2590571938 0.5684559315 0.8452475991 0.8454476155 0.0000000000 0.9288300263 0.1268934881 0.8430250760 0.4051526966 0.9926727436 0.9905374910 0.7230059469 0.7730720493
0.8754045810 0.4605081699 0.3147086995 0.5870174607 0.3691011922 0.5579502261 0.3074704301 0.2254656156 0.0132505282 0.9288300263 0.0000000000 0.0672287839 0.5112774735 0.6831476327 0.9127379456 0.2555290411 0.7208360498 0.9328475873
0.2169635897 0.5004537405 0.2658321793 0.7851957858 0.8634388506 0.3245383707 0.3194542582 0.7522311648 0.7395295134 0.1268934881 0.0672287839 0.0000000000 0.7942373803 0.5344792112 0.2673317520 0.1012829646 0.1846520870 0.6901853022
0.0462488339 0.1122091951 0.1042638014 0.1877944269 0.0962038269 0.8177327615 0.7944242255 0.9840403151 0.5622373767 0.8430250760 0.5112774735 0.7942373803 0.0000000000 0.2456426422 0.8437496434 0.7290137341 0.7513196344 0.3049007884
0.9894929838 0.2194018817 0.6501437809 0.1092693724 0.8458893892 0.4717124629 0.7226917523 0.7468105894 0.6884911262 0.4051526966 0.6831476327 0.5344792112 0.2456426422 0.0000000000 0.0023312010 0.3203685300 0.8985846385 0.5573186102
0.3362101679 0.8927714256 0.0348407158 0.8494024061 0.1609287833 0.2828177695 0.2408763750 0.4691794741 0.3649901200 0.9926727436 0.9127379456 0.2673317520 0.8437496434 0.0023312010 0.0000000000 0.3150686816 0.2250459021 0.9933718088
0.4609891706 0.7315794770 0.2933967393 0.0035453362 0.7422185308 0.3982590674 0.9090839054 0.6806049254 0.9754374438 0.9905374910 0.2555290411 0.1012829646 0.7290137341 0.3203685300 0.3150686816 0.0000000000 0.6416483657 0.2234667859
0.7806974422 0.2533966383 0.6343663282 0.1682816095 0.4358890758 0.5095688414 0.6218702625 0.6988906443 0.2318211539 0.7230059469 0.7208360498 0.1846520870 0.7513196344 0.8985846385 0.2250459021 0.6416483657 0.0000000000 0.2739529925
0.2228998057 0.9382262554 0.5475086785 0.6193833085 0.4823125416 0.0987980752 0.6643657368 0.6708583703 0.4414230925 0.7730720493 0.9328475873 0.6901853022 0.3049007884 0.5573186102 0.9933718088 0.2234667859 0.2739529925 0.0000000000
