# Graph size: 18
# Optimal cost: 1.4395971350421415

# Distance Matrix
0.0 0.5688178938073287 0.25753175481448565 2.0509744554919607E-6 0.7413339565000107 0.39846731206091934 0.510454891354463 0.4339485033879422 0.7800414604408726 0.4507283895226907 0.7542352152886932 0.8673848671370237 0.45822363240879893 0.7090189192659976 0.22557263732301303 0.8069980734061266 0.2075640777440686 0.4863483274005036
0.5688178938073287 0.0 0.06017652947740637 0.01601051708381973 0.7577165613986475 0.42634230796273087 0.7105965874480114 0.22122550639793426 0.09965334327375153 0.014277950195824562 0.5426207930587953 0.7009481021270715 0.9824542804426574 0.7072912167841141 0.5253098637539116 0.41421254008064734 0.9919067196172939 0.59076915796804
0.25753175481448565 0.06017652947740637 0.0 0.20415174901624322 0.645223749687943 0.6743258727793882 0.5470418985687633 0.9524840988502302 0.23164656459467792 0.6152939567280219 0.2828401298811508 0.8332463972762462 0.32135385627274504 0.860555865249799 0.2035857947996117 0.2712873692075787 0.25947026861347666 0.5750977574572537
2.0509744554919607E-6 0.01601051708381973 0.20415174901624322 0.0 0.04543535250504893 0.13586792816593907 0.6460253347967365 0.3764744011991886 0.3800959866269522 0.7636633233806102 0.8242565951574726 0.3497399162071878 0.5927874641649814 0.9144826520956283 0.06057902713959107 0.3538757310845776 0.7003233197956108 0.6450877233382877
0.7413339565000107 0.7577165613986475 0.645223749687943 0.04543535250504893 0.0 0.4594647302745024 0.8633987586408897 0.4241367921698922 0.6109075999748019 0.21995255085001741 0.25387133487416724 0.2621786409631236 0.36110873999646365 0.18523398396273472 0.13632447407013937 0.9139652383359951 0.7793951596709942 0.7627390612585697
0.39846731206091934 0.42634230796273087 0.6743258727793882 0.13586792816593907 0.4594647302745024 0.0 0.07314388974267139 0.304657228993218 0.9410771242556341 0.1993712045421615 0.7667583994253903 0.6269003821856876 0.3063603724881103 0.885017758331884 0.6025084940067043 0.27326180655740817 0.3504726318917567 0.8271886380047239
0.510454891354463 0.7105965874480114 0.5470418985687633 0.6460253347967365 0.8633987586408897 0.07314388974267139 0.0 0.24836258565827785 0.26744649449106284 0.44315788827294045 0.6906127312860848 0.866687085132539 0.8190803869923554 0.0332328459547403 0.8278478064939211 0.3770657576349946 0.924698188981097 0.9683143893909816
0.4339485033879422 0.22122550639793426 0.9524840988502302 0.3764744011991886 0.4241367921698922 0.304657228993218 0.24836258565827785 0.0 0.5404362906675634 0.12420263412377153 0.5166750511731634 0.08549067816494615 0.40486625038874413 0.2512321995366458 0.5221934868381579 0.0456226849681739 0.8735729413346178 0.056299150978754264
0.7800414604408726 0.09965334327375153 0.23164656459467792 0.3800959866269522 0.6109075999748019 0.9410771242556341 0.26744649449106284 0.5404362906675634 0.0 0.33593808071361186 0.7521268643256613 0.5184430136165865 0.6190595501650307 0.6330620441546507 0.5945041126541168 0.2227604515219591 0.02379386745849621 0.1530716093087232
0.4507283895226907 0.014277950195824562 0.6152939567280219 0.7636633233806102 0.21995255085001741 0.1993712045421615 0.44315788827294045 0.12420263412377153 0.33593808071361186 0.0 0.18754363838433996 0.3472590833706235 0.5771118390042899 0.07062526482138587 0.23904508422492077 0.3969239553547377 0.5207677138112806 0.835847091870796
0.7542352152886932 0.5426207930587953 0.2828401298811508 0.8242565951574726 0.25387133487416724 0.7667583994253903 0.6906127312860848 0.5166750511731634 0.7521268643256613 0.18754363838433996 0.0 0.6720657884018599 0.9974094759695984 0.8738939933060216 0.9146041905795145 0.15211427072022976 0.05341977496209216 0.2040004631452772
0.8673848671370237 0.7009481021270715 0.8332463972762462 0.3497399162071878 0.2621786409631236 0.6269003821856876 0.866687085132539 0.08549067816494615 0.5184430136165865 0.3472590833706235 0.6720657884018599 0.0 0.6883007160213968 0.7253754504259465 0.8061226063407986 0.3223743035105008 0.8830915703326497 0.36096649440056794
0.45822363240879893 0.9824542804426574 0.32135385627274504 0.5927874641649814 0.36110873999646365 0.3063603724881103 0.8190803869923554 0.40486625038874413 0.6190595501650307 0.5771118390042899 0.9974094759695984 0.6883007160213968 0.0 0.13264472819352102 0.12705687616223738 0.2900212567561211 0.8083868956820759 0.8379238191286771
0.7090189192659976 0.7072912167841141 0.860555865249799 0.9144826520956283 0.18523398396273472 0.885017758331884 0.0332328459547403 0.2512321995366458 0.6330620441546507 0.07062526482138587 0.8738939933060216 0.7253754504259465 0.13264472819352102 0.0 0.07536060788502585 0.21044439533179427 0.3307399647805789 0.8776676155386602
0.22557263732301303 0.5253098637539116 0.2035857947996117 0.06057902713959107 0.13632447407013937 0.6025084940067043 0.8278478064939211 0.5221934868381579 0.5945041126541168 0.23904508422492077 0.9146041905795145 0.8061226063407986 0.12705687616223738 0.07536060788502585 0.0 0.05792976545813422 0.015186252975454728 0.5549674063076857
0.8069980734061266 0.41421254008064734 0.2712873692075787 0.3538757310845776 0.9139652383359951 0.27326180655740817 0.3770657576349946 0.0456226849681739 0.2227604515219591 0.3969239553547377 0.15211427072022976 0.3223743035105008 0.2900212567561211 0.21044439533179427 0.05792976545813422 0.0 0.42089869655816115 0.7676368848577033
0.2075640777440686 0.9919067196172939 0.25947026861347666 0.7003233197956108 0.7793951596709942 0.3504726318917567 0.924698188981097 0.8735729413346178 0.02379386745849621 0.5207677138112806 0.05341977496209216 0.8830915703326497 0.8083868956820759 0.3307399647805789 0.015186252975454728 0.42089869655816115 0.0 0.4412529968558847
0.4863483274005036 0.59076915796804 0.5750977574572537 0.6450877233382877 0.7627390612585697 0.8271886380047239 0.9683143893909816 0.056299150978754264 0.1530716093087232 0.835847091870796 0.2040004631452772 0.36096649440056794 0.8379238191286771 0.8776676155386602 0.5549674063076857 0.7676368848577033 0.4412529968558847 0.0

# Optimal Walk
0 5 6 13 12 14 16 10 8 15 11 17 7 9 2 1 4 3 0
