# MCW Instance
# Type: UNIFORM
# N: 18
# Optimal cost: 1.7330166125094189
# Optimal tour (permutation): [0, 12, 3, 13, 4, 2, 14, 16, 6, 5, 17, 1, 11, 7, 15, 8, 10, 9, 0]
# Optimal walk (full path): [0, 12, 3, 13, 4, 2, 14, 6, 16, 6, 5, 6, 14, 17, 1, 11, 7, 15, 8, 10, 9, 0]
# Walk size: 22
# Is walk (has repeats): true

# Distance Matrix
0.0000000000 0.4957938533 0.4294405858 0.4275591971 0.9487603461 0.8034598683 0.6538959639 0.5611811966 0.6201760774 0.0618376164 0.3775413204 0.8239480114 0.1168470109 0.3417635393 0.7893502367 0.0835558505 0.3946905571 0.1691643895
0.4957938533 0.0000000000 0.5874247597 0.8378598497 0.0704062718 0.2008860709 0.7500478714 0.2569943683 0.3594369940 0.0786085051 0.9066741351 0.0613096953 0.4645916415 0.2960825612 0.2117215739 0.3638175297 0.3811804712 0.0721510203
0.4294405858 0.5874247597 0.0000000000 0.6328158611 0.0286899919 0.9839277893 0.1604922369 0.6051778004 0.8014572359 0.6915908648 0.2467517221 0.0751338531 0.4519016970 0.9671283913 0.0847039452 0.0582683831 0.4372471595 0.4044251467
0.4275591971 0.8378598497 0.6328158611 0.0000000000 0.8053120676 0.9715254084 0.1410936085 0.1769945197 0.8960311744 0.1636070805 0.5726495644 0.1797434887 0.1924261714 0.2643046329 0.5211656208 0.2817999360 0.8501526389 0.2009368044
0.9487603461 0.0704062718 0.0286899919 0.8053120676 0.0000000000 0.5520742155 0.7265651847 0.6725752432 0.9888601265 0.9041924652 0.8645693297 0.3577748977 0.6930539930 0.3014460298 0.0853708736 0.1984224465 0.2790727825 0.9279241953
0.8034598683 0.2008860709 0.9839277893 0.9715254084 0.5520742155 0.0000000000 0.0266559651 0.5189732871 0.4241965015 0.3316772650 0.8818571177 0.6668638419 0.7434000789 0.8205193694 0.9020248284 0.6878671834 0.2998009356 0.9922010079
0.6538959639 0.7500478714 0.1604922369 0.1410936085 0.7265651847 0.0266559651 0.0000000000 0.9933497669 0.9104921558 0.7155331720 0.4016676436 0.6486476417 0.5402861499 0.6765360148 0.0097217652 0.3192821096 0.0221292238 0.1335330423
0.5611811966 0.2569943683 0.6051778004 0.1769945197 0.6725752432 0.5189732871 0.9933497669 0.0000000000 0.9802576307 0.7334159631 0.3670828299 0.0415179735 0.5973396454 0.5971444147 0.8600836177 0.0513517137 0.5587463907 0.5769785072
0.6201760774 0.3594369940 0.8014572359 0.8960311744 0.9888601265 0.4241965015 0.9104921558 0.9802576307 0.0000000000 0.5657492950 0.1696143707 0.6692043568 0.4553107668 0.8317895970 0.0366452207 0.0043868899 0.8749091381 0.5529927326
0.0618376164 0.0786085051 0.6915908648 0.1636070805 0.9041924652 0.3316772650 0.7155331720 0.7334159631 0.5657492950 0.0000000000 0.1377425461 0.9458551617 0.1441496135 0.3034836336 0.9587841413 0.0974697573 0.1616115704 0.5709269226
0.3775413204 0.9066741351 0.2467517221 0.5726495644 0.8645693297 0.8818571177 0.4016676436 0.3670828299 0.1696143707 0.1377425461 0.0000000000 0.8250689093 0.9854032275 0.6368243218 0.2335748504 0.9209682028 0.6167350736 0.4333672535
0.8239480114 0.0613096953 0.0751338531 0.1797434887 0.3577748977 0.6668638419 0.6486476417 0.0415179735 0.6692043568 0.9458551617 0.8250689093 0.0000000000 0.1095356015 0.7780154399 0.4257124174 0.0411898859 0.8773655409 0.3403511394
0.1168470109 0.4645916415 0.4519016970 0.1924261714 0.6930539930 0.7434000789 0.5402861499 0.5973396454 0.4553107668 0.1441496135 0.9854032275 0.1095356015 0.0000000000 0.8721112872 0.8969325281 0.9180641429 0.5689794577 0.9727348807
0.3417635393 0.2960825612 0.9671283913 0.2643046329 0.3014460298 0.8205193694 0.6765360148 0.5971444147 0.8317895970 0.3034836336 0.6368243218 0.7780154399 0.8721112872 0.0000000000 0.5141920479 0.6607779250 0.4300820503 0.3449366132
0.7893502367 0.2117215739 0.0847039452 0.5211656208 0.0853708736 0.9020248284 0.0097217652 0.8600836177 0.0366452207 0.9587841413 0.2335748504 0.4257124174 0.8969325281 0.5141920479 0.0000000000 0.1600912814 0.8279956143 0.0276730961
0.0835558505 0.3638175297 0.0582683831 0.2817999360 0.1984224465 0.6878671834 0.3192821096 0.0513517137 0.0043868899 0.0974697573 0.9209682028 0.0411898859 0.9180641429 0.6607779250 0.1600912814 0.0000000000 0.9201577290 0.1201751283
0.3946905571 0.3811804712 0.4372471595 0.8501526389 0.2790727825 0.2998009356 0.0221292238 0.5587463907 0.8749091381 0.1616115704 0.6167350736 0.8773655409 0.5689794577 0.4300820503 0.8279956143 0.9201577290 0.0000000000 0.5707436722
0.1691643895 0.0721510203 0.4044251467 0.2009368044 0.9279241953 0.9922010079 0.1335330423 0.5769785072 0.5529927326 0.5709269226 0.4333672535 0.3403511394 0.9727348807 0.3449366132 0.0276730961 0.1201751283 0.5707436722 0.0000000000
