# Graph size: 18
# Optimal cost: 1.7681039020456155

# Distance Matrix
0.0 0.4202944441093702 0.7293562216085526 0.23729605579555912 0.947666515161731 0.1859685960028774 0.5776668116399116 0.6865124800631605 0.6763549020817583 0.053916006001195504 0.9423222488559091 0.707428420546398 0.37316976008244573 0.4553120180035548 0.6358769988941362 0.643688339433936 0.841521347113201 0.24235463620381115
0.4202944441093702 0.0 0.43946037550367245 0.1435145081980177 0.12172278276167003 0.009917582301243844 0.9959411246055778 0.6310378438241148 0.27536772355550454 0.6493669136759473 0.41863110135318926 0.6890068160707195 0.99182952257733 0.8564953897565825 0.6238592265908852 0.5557854829217892 0.7757016771107849 0.8477555525642658
0.7293562216085526 0.43946037550367245 0.0 0.7795359616710256 0.7374038768820648 0.7484130790339865 0.8524488363670187 0.6768680015347615 0.8145249926426686 0.9029158585224119 0.043255058111564604 0.2786713992876829 0.884544617974782 0.9872574986416349 0.44346248726703696 0.17527092776374809 0.720641714376671 0.06101312675853743
0.23729605579555912 0.1435145081980177 0.7795359616710256 0.0 0.0064860033250428994 0.18776185999178474 0.6524481112131802 0.16796778782526123 0.5017369094411712 0.8984505955984604 0.37710883419566776 0.4991028195513456 0.060634569713789443 0.4595778907272129 0.39485497408365544 0.881854107392595 0.2375269667605835 0.6339694215351672
0.947666515161731 0.12172278276167003 0.7374038768820648 0.0064860033250428994 0.0 0.5298130864177778 0.42477454787100954 0.22251334347885743 0.6550458880933071 0.044626701161329496 0.6711466442546007 0.40663919060960485 0.15866492623289974 0.18656667193947374 0.6707556021096078 0.8446597496947705 0.13555562683289546 0.6131591939289881
0.1859685960028774 0.009917582301243844 0.7484130790339865 0.18776185999178474 0.5298130864177778 0.0 0.9659471680802107 0.28654537791352963 0.580645909019175 0.03696143021631304 0.6062583893010834 0.3561283766361425 0.27437164211356346 0.6019666116481628 0.9553238654373866 0.1437675604474825 0.9210958404515499 0.9582215757192991
0.5776668116399116 0.9959411246055778 0.8524488363670187 0.6524481112131802 0.42477454787100954 0.9659471680802107 0.0 0.23442395189959186 0.9496332226109668 0.6910550497723457 0.7365919528295567 0.4589552430351789 0.16519183251377534 0.06478947037196403 0.14221108990175224 0.6672680693987115 0.31269658684083657 0.7628017069658943
0.6865124800631605 0.6310378438241148 0.6768680015347615 0.16796778782526123 0.22251334347885743 0.28654537791352963 0.23442395189959186 0.0 0.683000586860206 0.1157297447729333 0.075966098911188 0.4582292337614091 0.6287523253728539 0.4195358964563133 0.7504602567700417 0.9166032750445662 0.6566127206514832 0.45570717968511865
0.6763549020817583 0.27536772355550454 0.8145249926426686 0.5017369094411712 0.6550458880933071 0.580645909019175 0.9496332226109668 0.683000586860206 0.0 0.9166389397109458 0.18430742948014034 0.2804118015540342 0.21287166115930445 0.29781570589322215 0.4561371094442246 0.08413163826352399 0.6718481957059925 0.7021951678528895
0.053916006001195504 0.6493669136759473 0.9029158585224119 0.8984505955984604 0.044626701161329496 0.03696143021631304 0.6910550497723457 0.1157297447729333 0.9166389397109458 0.0 0.2924005977387757 0.48390947284288655 0.23170950375291466 0.6685093642654565 0.9272916054694231 0.7283232438847655 0.15791803790361003 0.9356448811958383
0.9423222488559091 0.41863110135318926 0.043255058111564604 0.37710883419566776 0.6711466442546007 0.6062583893010834 0.7365919528295567 0.075966098911188 0.18430742948014034 0.2924005977387757 0.0 0.5128021086384013 0.11330796265083765 0.022291763401900755 0.13887928090369372 0.27623291731118726 0.9359037833750843 0.1289708782614558
0.707428420546398 0.6890068160707195 0.2786713992876829 0.4991028195513456 0.40663919060960485 0.3561283766361425 0.4589552430351789 0.4582292337614091 0.2804118015540342 0.48390947284288655 0.5128021086384013 0.0 0.19882169679435147 0.7343996632965106 0.540137589853843 0.47622090506704784 0.7138792029905051 0.3039194333039008
0.37316976008244573 0.99182952257733 0.884544617974782 0.060634569713789443 0.15866492623289974 0.27437164211356346 0.16519183251377534 0.6287523253728539 0.21287166115930445 0.23170950375291466 0.11330796265083765 0.19882169679435147 0.0 0.9186915504226996 0.890821052514755 0.2930469317829858 0.8745034740277372 0.7256139715949778
0.4553120180035548 0.8564953897565825 0.9872574986416349 0.4595778907272129 0.18656667193947374 0.6019666116481628 0.06478947037196403 0.4195358964563133 0.29781570589322215 0.6685093642654565 0.022291763401900755 0.7343996632965106 0.9186915504226996 0.0 0.5899515654276976 0.1730467561675122 0.17097027494180117 0.22817907254372316
0.6358769988941362 0.6238592265908852 0.44346248726703696 0.39485497408365544 0.6707556021096078 0.9553238654373866 0.14221108990175224 0.7504602567700417 0.4561371094442246 0.9272916054694231 0.13887928090369372 0.540137589853843 0.890821052514755 0.5899515654276976 0.0 0.5749072303494187 0.6523156645094139 0.019731534523563132
0.643688339433936 0.5557854829217892 0.17527092776374809 0.881854107392595 0.8446597496947705 0.1437675604474825 0.6672680693987115 0.9166032750445662 0.08413163826352399 0.7283232438847655 0.27623291731118726 0.47622090506704784 0.2930469317829858 0.1730467561675122 0.5749072303494187 0.0 0.680103872516 0.94162854485523
0.841521347113201 0.7757016771107849 0.720641714376671 0.2375269667605835 0.13555562683289546 0.9210958404515499 0.31269658684083657 0.6566127206514832 0.6718481957059925 0.15791803790361003 0.9359037833750843 0.7138792029905051 0.8745034740277372 0.17097027494180117 0.6523156645094139 0.680103872516 0.0 0.8440715645649527
0.24235463620381115 0.8477555525642658 0.06101312675853743 0.6339694215351672 0.6131591939289881 0.9582215757192991 0.7628017069658943 0.45570717968511865 0.7021951678528895 0.9356448811958383 0.1289708782614558 0.3039194333039008 0.7256139715949778 0.22817907254372316 0.019731534523563132 0.94162854485523 0.8440715645649527 0.0

# Optimal Walk
0 9 5 1 15 8 11 12 3 4 16 13 6 14 17 2 10 7 0
