# MCW Instance
# Type: UNIFORM
# N: 18
# Optimal cost: 2.593209824927665
# Optimal tour (permutation): [0, 8, 1, 2, 4, 9, 16, 10, 13, 6, 12, 5, 14, 3, 11, 17, 15, 7, 0]
# Optimal walk (full path): [0, 8, 1, 2, 4, 9, 16, 10, 13, 6, 12, 5, 14, 3, 11, 17, 15, 7, 0]
# Walk size: 19
# Is walk (has repeats): false

# Distance Matrix
0.0000000000 0.2190755976 0.6524805438 0.7275648671 0.5693531009 0.9792320841 0.9047671381 0.1858091928 0.0509370412 0.6883947482 0.3673814799 0.2032221882 0.8469866696 0.6828960820 0.5975110835 0.6729866984 0.5471947638 0.7509699797
0.2190755976 0.0000000000 0.1942421790 0.2322816293 0.3093379192 0.5520740313 0.9799413455 0.8320985019 0.1074313175 0.1365851242 0.6763969595 0.8412841006 0.6932860448 0.6838185961 0.4136410728 0.2446547309 0.2583162568 0.4054232915
0.6524805438 0.1942421790 0.0000000000 0.9650373245 0.3397533587 0.9787318946 0.6715558073 0.6891340886 0.9627975886 0.8547921098 0.8088390448 0.7769459584 0.6815936789 0.5135835980 0.6919620433 0.5527412914 0.5816670931 0.9348268251
0.7275648671 0.2322816293 0.9650373245 0.0000000000 0.2048789851 0.2570770639 0.2415878688 0.3805025696 0.8829174830 0.9527364559 0.2444451245 0.1616298649 0.5637072979 0.9373891370 0.1046512863 0.2593159565 0.6726926070 0.3212074414
0.5693531009 0.3093379192 0.3397533587 0.2048789851 0.0000000000 0.8027338713 0.2322375565 0.8480922088 0.2333364187 0.2154986770 0.2890018057 0.9705237313 0.4580293946 0.6049249767 0.8813746763 0.3041096980 0.1694251285 0.9863798751
0.9792320841 0.5520740313 0.9787318946 0.2570770639 0.8027338713 0.0000000000 0.6831533100 0.3787340859 0.8333558986 0.6352156929 0.3594979331 0.4472209055 0.2752412008 0.2105404283 0.1028282539 0.8365563976 0.3750344567 0.9759282926
0.9047671381 0.9799413455 0.6715558073 0.2415878688 0.2322375565 0.6831533100 0.0000000000 0.5139278973 0.2788791681 0.8433552215 0.3790637511 0.0406900097 0.3558135573 0.0573526572 0.8157888727 0.8519756326 0.5188231704 0.9905110695
0.1858091928 0.8320985019 0.6891340886 0.3805025696 0.8480922088 0.3787340859 0.5139278973 0.0000000000 0.7487507701 0.7203462273 0.7586133096 0.8575209518 0.4768219567 0.2149700337 0.8882122942 0.2135046670 0.7586934786 0.2647915755
0.0509370412 0.1074313175 0.9627975886 0.8829174830 0.2333364187 0.8333558986 0.2788791681 0.7487507701 0.0000000000 0.5772134320 0.8962986415 0.1825169794 0.9420924758 0.7287607285 0.3811587113 0.6431985065 0.1378607017 0.5262134984
0.6883947482 0.1365851242 0.8547921098 0.9527364559 0.2154986770 0.6352156929 0.8433552215 0.7203462273 0.5772134320 0.0000000000 0.8291691729 0.5399231860 0.6529247572 0.4930259723 0.3538000228 0.3387171593 0.1125978036 0.2072297014
0.3673814799 0.6763969595 0.8088390448 0.2444451245 0.2890018057 0.3594979331 0.3790637511 0.7586133096 0.8962986415 0.8291691729 0.0000000000 0.8044710038 0.9583286792 0.0276166501 0.8910088049 0.6716454182 0.0324378911 0.2704486894
0.2032221882 0.8412841006 0.7769459584 0.1616298649 0.9705237313 0.4472209055 0.0406900097 0.8575209518 0.1825169794 0.5399231860 0.8044710038 0.0000000000 0.9562085690 0.5548901337 0.4771805270 0.2135793916 0.7282202592 0.0035027518
0.8469866696 0.6932860448 0.6815936789 0.5637072979 0.4580293946 0.2752412008 0.3558135573 0.4768219567 0.9420924758 0.6529247572 0.9583286792 0.9562085690 0.0000000000 0.9501978670 0.7851822211 0.9935364271 0.4387209679 0.7259016563
0.6828960820 0.6838185961 0.5135835980 0.9373891370 0.6049249767 0.2105404283 0.0573526572 0.2149700337 0.7287607285 0.4930259723 0.0276166501 0.5548901337 0.9501978670 0.0000000000 0.7376112583 0.7203722041 0.2971928480 0.2313692732
0.5975110835 0.4136410728 0.6919620433 0.1046512863 0.8813746763 0.1028282539 0.8157888727 0.8882122942 0.3811587113 0.3538000228 0.8910088049 0.4771805270 0.7851822211 0.7376112583 0.0000000000 0.4954466650 0.2871002297 0.4973012449
0.6729866984 0.2446547309 0.5527412914 0.2593159565 0.3041096980 0.8365563976 0.8519756326 0.2135046670 0.6431985065 0.3387171593 0.6716454182 0.2135793916 0.9935364271 0.7203722041 0.4954466650 0.0000000000 0.9882609474 0.0523614750
0.5471947638 0.2583162568 0.5816670931 0.6726926070 0.1694251285 0.3750344567 0.5188231704 0.7586934786 0.1378607017 0.1125978036 0.0324378911 0.7282202592 0.4387209679 0.2971928480 0.2871002297 0.9882609474 0.0000000000 0.8198477186
0.7509699797 0.4054232915 0.9348268251 0.3212074414 0.9863798751 0.9759282926 0.9905110695 0.2647915755 0.5262134984 0.2072297014 0.2704486894 0.0035027518 0.7259016563 0.2313692732 0.4973012449 0.0523614750 0.8198477186 0.0000000000
