# Graph size: 18
# Optimal cost: 1.809937062084631

# Distance Matrix
0.0 0.9672854282770478 0.9519989930287672 0.8797201219500205 0.6452748686471662 0.15630102147380032 0.4972963950058982 0.28282212247083505 0.30904606846126537 0.10438618371093733 0.6173721861661803 0.18670125976352248 0.8061948796170751 0.04483773105372957 0.5937052938249775 0.7387442816274614 0.025619290030385433 0.9465801189276601
0.9672854282770478 0.0 0.4427755118820512 0.010225769212626523 0.39811689112957116 0.9312858564164729 0.22902472677993435 0.22522309064958557 0.6423757012322844 0.5263119868646398 0.8284796064639278 0.002853389070877621 0.013765862957747843 0.8821458346776503 0.10888697841447448 0.6052943512135158 0.9675839216220423 0.50590383584312
0.9519989930287672 0.4427755118820512 0.0 0.39162635884663866 0.1225280456985487 0.18844036263410346 0.766529253109866 0.4913291179377529 0.24447247484740553 0.008770063034052145 0.41268636133886927 0.5910466266452731 0.7721433145796153 0.34198447430692835 0.6109494994190786 0.7039752870910488 0.3017136614557311 0.389573551452263
0.8797201219500205 0.010225769212626523 0.39162635884663866 0.0 0.5597380237405815 0.49715866995342683 0.5788173369626427 0.5465041107490779 0.5635485071138325 0.8082528488531862 0.8651666781166367 0.12555073212788082 0.562388393797238 0.27335342979751454 0.28553349405068684 0.7487343592554395 0.5029157540574534 0.1020482798689839
0.6452748686471662 0.39811689112957116 0.1225280456985487 0.5597380237405815 0.0 0.5303674307011842 0.512832406255746 0.6106419676635648 0.185272796764394 0.4778030704047963 0.3259638849430866 0.5766557952278892 0.40220945316952916 0.26853374810625386 0.13354161515866336 0.9076783693524627 0.20438719785877868 0.11800606744518627
0.15630102147380032 0.9312858564164729 0.18844036263410346 0.49715866995342683 0.5303674307011842 0.0 0.10442271671662273 0.204860614435174 0.29830006740868553 0.6826164300891056 0.23187803635774318 0.9345859499133501 0.5222788035698779 0.11006659988034861 0.21903964057838643 0.33364297916364594 0.8190131746584347 0.9987628518354751
0.4972963950058982 0.22902472677993435 0.766529253109866 0.5788173369626427 0.512832406255746 0.10442271671662273 0.0 0.9647750169053849 0.45148400824129986 0.5420365863461902 0.36711884968365194 0.44347554789776134 0.9738870758383149 0.2026492426124996 0.3908495562288242 0.28103572011766986 0.395190829100422 0.16316922698408776
0.28282212247083505 0.22522309064958557 0.4913291179377529 0.5465041107490779 0.6106419676635648 0.204860614435174 0.9647750169053849 0.0 0.10482016690988916 0.8693388813628741 0.31037272144122474 0.7130657553949094 0.48573979167649406 0.4328543589287339 0.08359315814714852 0.42644264402149923 0.33296731432307014 0.06348938466789555
0.30904606846126537 0.6423757012322844 0.24447247484740553 0.5635485071138325 0.185272796764394 0.29830006740868553 0.45148400824129986 0.10482016690988916 0.0 0.9164292574138463 0.6925039303839857 0.14692249351560605 0.37362916336723573 0.38687370603984217 0.8350478818720091 0.7680722141599156 0.08233658923187048 0.8592757123439928
0.10438618371093733 0.5263119868646398 0.008770063034052145 0.8082528488531862 0.4778030704047963 0.6826164300891056 0.5420365863461902 0.8693388813628741 0.9164292574138463 0.0 0.2926994732920265 0.8841888233166512 0.5459728691129798 0.7757527112023189 0.9185058720203594 0.6395532610555758 0.9720390875400964 0.7312028848878772
0.6173721861661803 0.8284796064639278 0.41268636133886927 0.8651666781166367 0.3259638849430866 0.23187803635774318 0.36711884968365194 0.31037272144122474 0.6925039303839857 0.2926994732920265 0.0 0.5756828967571 0.4870026374477414 0.8138274267878733 0.40690001176667423 0.8557152276977655 0.11219889473215972 0.6335110338545605
0.18670125976352248 0.002853389070877621 0.5910466266452731 0.12555073212788082 0.5766557952278892 0.9345859499133501 0.44347554789776134 0.7130657553949094 0.14692249351560605 0.8841888233166512 0.5756828967571 0.0 0.8917543283065735 0.9256763917424513 0.7292208576564346 0.5425887412910165 0.6556736786147446 0.22354948950048503
0.8061948796170751 0.013765862957747843 0.7721433145796153 0.562388393797238 0.40220945316952916 0.5222788035698779 0.9738870758383149 0.48573979167649406 0.37362916336723573 0.5459728691129798 0.4870026374477414 0.8917543283065735 0.0 0.2975591910027905 0.18114194423619645 0.45606188061692154 0.9634928738574825 0.24282042050591024
0.04483773105372957 0.8821458346776503 0.34198447430692835 0.27335342979751454 0.26853374810625386 0.11006659988034861 0.2026492426124996 0.4328543589287339 0.38687370603984217 0.7757527112023189 0.8138274267878733 0.9256763917424513 0.2975591910027905 0.0 0.08114811848036574 0.7563416823953364 0.1874097215997298 0.07692194862493573
0.5937052938249775 0.10888697841447448 0.6109494994190786 0.28553349405068684 0.13354161515866336 0.21903964057838643 0.3908495562288242 0.08359315814714852 0.8350478818720091 0.9185058720203594 0.40690001176667423 0.7292208576564346 0.18114194423619645 0.08114811848036574 0.0 0.1741361546690806 0.8144923715588493 0.40484388842200414
0.7387442816274614 0.6052943512135158 0.7039752870910488 0.7487343592554395 0.9076783693524627 0.33364297916364594 0.28103572011766986 0.42644264402149923 0.7680722141599156 0.6395532610555758 0.8557152276977655 0.5425887412910165 0.45606188061692154 0.7563416823953364 0.1741361546690806 0.0 0.9082876815648584 0.14975634026947704
0.025619290030385433 0.9675839216220423 0.3017136614557311 0.5029157540574534 0.20438719785877868 0.8190131746584347 0.395190829100422 0.33296731432307014 0.08233658923187048 0.9720390875400964 0.11219889473215972 0.6556736786147446 0.9634928738574825 0.1874097215997298 0.8144923715588493 0.9082876815648584 0.0 0.4599425942824896
0.9465801189276601 0.50590383584312 0.389573551452263 0.1020482798689839 0.11800606744518627 0.9987628518354751 0.16316922698408776 0.06348938466789555 0.8592757123439928 0.7312028848878772 0.6335110338545605 0.22354948950048503 0.24282042050591024 0.07692194862493573 0.40484388842200414 0.14975634026947704 0.4599425942824896 0.0

# Optimal Walk
0 13 5 6 15 17 7 8 11 3 1 12 14 4 2 9 16 10 0
