# Graph size: 18
# Optimal cost: 1.7425054341808193

# Distance Matrix
0.0 0.5911794925560532 0.4826531317311177 0.185188065355407 0.09077627108735398 0.5673584211912522 0.756329340713814 0.6522290578351383 0.5099132359805637 0.46954870732291754 0.44906651006378695 0.6950612166122309 0.6920297396040329 0.7042014811310229 0.9833060151410293 0.5058766792256918 0.32014868742764024 0.7913182671415633
0.5911794925560532 0.0 0.3365737336553071 0.6298081522848622 0.20087653008428963 0.997383354024784 0.49397087747169854 0.0405077794946449 0.3698257133067614 0.4738972820522629 0.3271413353431377 0.7755415461355236 0.10509634116670297 0.3734654529013931 0.6580467539468164 0.08451043734836738 0.35763655458511223 0.9476229432750359
0.4826531317311177 0.3365737336553071 0.0 0.649669711668152 0.8406613009280484 0.38171515100654485 0.9440530570629012 0.08080460680691937 0.04585189984656968 0.15440441088767454 0.7155834722478274 0.5083844250077432 0.6190863628358879 0.5098845664367775 0.3293206841057186 0.7983312323865821 0.3004384825106714 0.7825460681272126
0.185188065355407 0.6298081522848622 0.649669711668152 0.0 0.6215100107997112 0.014706781158468463 0.4250320978819797 0.15227927149993536 0.5821845324132757 0.1969790848309796 0.5258493419427442 0.8160056754463646 0.6733936636346083 0.12650949167802616 0.209489118417033 0.571418724593432 0.6857780208938024 0.7859043867842458
0.09077627108735398 0.20087653008428963 0.8406613009280484 0.6215100107997112 0.0 0.5155995712399718 0.3920660684461854 0.52048377391585 0.8486639045739122 0.018560092118010685 0.09731962972515062 0.8468869780027725 0.20160004975252155 0.25908974114492034 0.27644366687174315 0.9313238442927522 0.19878494792467982 0.7038108312952961
0.5673584211912522 0.997383354024784 0.38171515100654485 0.014706781158468463 0.5155995712399718 0.0 0.21288490643876234 0.05800046957073712 0.07332930472110089 0.3223975681845642 0.6730733809820185 0.8704814002263679 0.6920802029659223 0.0447916510979407 0.0734360042805986 0.6506334971011295 0.6283665135745065 0.8150679908227493
0.756329340713814 0.49397087747169854 0.9440530570629012 0.4250320978819797 0.3920660684461854 0.21288490643876234 0.0 0.7199896963357406 0.021627708766684517 0.3492089904565824 0.693885331658385 0.5267943236204241 0.8125780850499821 0.16595141207619013 0.4780582513004531 0.8627101700547304 0.8546241488273315 0.481058207232672
0.6522290578351383 0.0405077794946449 0.08080460680691937 0.15227927149993536 0.52048377391585 0.05800046957073712 0.7199896963357406 0.0 0.6036382911642357 0.9503184471369046 0.2917387577841456 0.7788628898782392 0.6779939438135595 0.5465277094620643 0.5842709151420689 0.7543407893134286 0.8467305076863706 0.4713028767248917
0.5099132359805637 0.3698257133067614 0.04585189984656968 0.5821845324132757 0.8486639045739122 0.07332930472110089 0.021627708766684517 0.6036382911642357 0.0 0.7592087235642716 0.9515187445823015 0.3428922169205739 0.9191176351886293 0.6183747997950565 0.29192320319086296 0.9887411916317241 0.3871451365975106 0.5542430717229534
0.46954870732291754 0.4738972820522629 0.15440441088767454 0.1969790848309796 0.018560092118010685 0.3223975681845642 0.3492089904565824 0.9503184471369046 0.7592087235642716 0.0 0.9135075078715272 0.12450867942586286 0.48486608590989644 0.3427918154655608 0.8117881769438497 0.4238659627168617 0.8516869894942385 0.783785203526739
0.44906651006378695 0.3271413353431377 0.7155834722478274 0.5258493419427442 0.09731962972515062 0.6730733809820185 0.693885331658385 0.2917387577841456 0.9515187445823015 0.9135075078715272 0.0 0.877458668976033 0.32246401136632985 0.9023258338617096 0.34110144153200295 0.05853894614784971 0.33374192983367024 0.14413630639299146
0.6950612166122309 0.7755415461355236 0.5083844250077432 0.8160056754463646 0.8468869780027725 0.8704814002263679 0.5267943236204241 0.7788628898782392 0.3428922169205739 0.12450867942586286 0.877458668976033 0.0 0.9992026911337022 0.5401574456457493 0.3553066281814352 0.36620565851498554 0.39656821992310154 0.03135133798012102
0.6920297396040329 0.10509634116670297 0.6190863628358879 0.6733936636346083 0.20160004975252155 0.6920802029659223 0.8125780850499821 0.6779939438135595 0.9191176351886293 0.48486608590989644 0.32246401136632985 0.9992026911337022 0.0 0.17953697159565318 0.08697570171585933 0.9228888223881894 0.4758106290588333 0.8136676306624706
0.7042014811310229 0.3734654529013931 0.5098845664367775 0.12650949167802616 0.25908974114492034 0.0447916510979407 0.16595141207619013 0.5465277094620643 0.6183747997950565 0.3427918154655608 0.9023258338617096 0.5401574456457493 0.17953697159565318 0.0 0.26529989145050314 0.874047355201144 0.7622796183142203 0.8874594296716443
0.9833060151410293 0.6580467539468164 0.3293206841057186 0.209489118417033 0.27644366687174315 0.0734360042805986 0.4780582513004531 0.5842709151420689 0.29192320319086296 0.8117881769438497 0.34110144153200295 0.3553066281814352 0.08697570171585933 0.26529989145050314 0.0 0.42926434776663525 0.947386301535908 0.300369347365705
0.5058766792256918 0.08451043734836738 0.7983312323865821 0.571418724593432 0.9313238442927522 0.6506334971011295 0.8627101700547304 0.7543407893134286 0.9887411916317241 0.4238659627168617 0.05853894614784971 0.36620565851498554 0.9228888223881894 0.874047355201144 0.42926434776663525 0.0 0.38066426210112525 0.05776392963639021
0.32014868742764024 0.35763655458511223 0.3004384825106714 0.6857780208938024 0.19878494792467982 0.6283665135745065 0.8546241488273315 0.8467305076863706 0.3871451365975106 0.8516869894942385 0.33374192983367024 0.39656821992310154 0.4758106290588333 0.7622796183142203 0.947386301535908 0.38066426210112525 0.0 0.32949044064591093
0.7913182671415633 0.9476229432750359 0.7825460681272126 0.7859043867842458 0.7038108312952961 0.8150679908227493 0.481058207232672 0.4713028767248917 0.5542430717229534 0.783785203526739 0.14413630639299146 0.03135133798012102 0.8136676306624706 0.8874594296716443 0.300369347365705 0.05776392963639021 0.32949044064591093 0.0

# Optimal Walk
0 16 2 8 6 13 5 3 14 12 7 1 15 10 17 11 9 4 0
