# MCW Instance
# Type: UNIFORM
# N: 18
# Optimal cost: 1.4311536686825512
# Optimal tour (permutation): [0, 13, 11, 12, 14, 10, 7, 3, 6, 5, 15, 8, 2, 17, 16, 9, 4, 1, 0]
# Optimal walk (full path): [0, 13, 11, 12, 7, 10, 14, 10, 7, 3, 6, 5, 15, 2, 8, 2, 17, 9, 16, 9, 4, 1, 0]
# Walk size: 23
# Is walk (has repeats): true

# Distance Matrix
0.0000000000 0.0070116113 0.9339692422 0.8659311242 0.8295617979 0.3297621562 0.3076596450 0.8425970256 0.2024644255 0.0658365670 0.2823169577 0.8151643697 0.6045341267 0.1283535645 0.1324711636 0.5078438803 0.2093703944 0.3427852906
0.0070116113 0.0000000000 0.9041847374 0.4877822367 0.0583195995 0.6327419482 0.2185331786 0.6285075945 0.8301121257 0.2904436352 0.7665616855 0.3565637676 0.8087044792 0.4635017350 0.2691854054 0.9736002949 0.9404702112 0.7562336866
0.9339692422 0.9041847374 0.0000000000 0.6686659527 0.1284112859 0.5056725786 0.8915867371 0.8427097777 0.0768936414 0.5941905868 0.7088474479 0.1878990384 0.7126205943 0.2717597688 0.3826656137 0.0060789859 0.4767040728 0.0505275031
0.8659311242 0.4877822367 0.6686659527 0.0000000000 0.6405228877 0.7454901150 0.1628452624 0.0365121386 0.9286275415 0.7978479700 0.3219499059 0.9165938247 0.9303186477 0.7332363355 0.4404107383 0.7689547457 0.5764147704 0.5665949344
0.8295617979 0.0583195995 0.1284112859 0.6405228877 0.0000000000 0.3171367926 0.5334245351 0.7035432032 0.8927459077 0.0966350647 0.8619766402 0.8143378661 0.5013177397 0.2289275343 0.9846599105 0.9724954047 0.3885895472 0.2218119867
0.3297621562 0.6327419482 0.5056725786 0.7454901150 0.3171367926 0.0000000000 0.1725387806 0.7260302965 0.9201921554 0.4269527060 0.3567547565 0.0936720530 0.2667670997 0.2585130164 0.4716108420 0.0721982298 0.1340982679 0.1815182024
0.3076596450 0.2185331786 0.8915867371 0.1628452624 0.5334245351 0.1725387806 0.0000000000 0.1296194305 0.8265992355 0.2398952059 0.5268645752 0.3077434115 0.7103222825 0.9513210904 0.6908659712 0.8265995435 0.5294432169 0.9905224640
0.8425970256 0.6285075945 0.8427097777 0.0365121386 0.7035432032 0.7260302965 0.1296194305 0.0000000000 0.5594565042 0.5381815473 0.0124668406 0.1398318379 0.0606443365 0.3027001926 0.2765575148 0.4339783423 0.5935380862 0.0314262038
0.2024644255 0.8301121257 0.0768936414 0.9286275415 0.8927459077 0.9201921554 0.8265992355 0.5594565042 0.0000000000 0.1913538181 0.4135559071 0.7082439312 0.2999609965 0.9331222298 0.6321619043 0.8181580403 0.2951495379 0.6948566472
0.0658365670 0.2904436352 0.5941905868 0.7978479700 0.0966350647 0.4269527060 0.2398952059 0.5381815473 0.1913538181 0.0000000000 0.7590340633 0.9146556504 0.1488883326 0.4720318961 0.2996768269 0.2239044766 0.0333706932 0.0790710453
0.2823169577 0.7665616855 0.7088474479 0.3219499059 0.8619766402 0.3567547565 0.5268645752 0.0124668406 0.4135559071 0.7590340633 0.0000000000 0.1688827899 0.4965068440 0.7448510079 0.0681881065 0.0937188133 0.1529013840 0.8867977590
0.8151643697 0.3565637676 0.1878990384 0.9165938247 0.8143378661 0.0936720530 0.3077434115 0.1398318379 0.7082439312 0.9146556504 0.1688827899 0.0000000000 0.0201186269 0.0984603561 0.8209319448 0.1783453981 0.7553532168 0.1291217835
0.6045341267 0.8087044792 0.7126205943 0.9303186477 0.5013177397 0.2667670997 0.7103222825 0.0606443365 0.2999609965 0.1488883326 0.4965068440 0.0201186269 0.0000000000 0.8967174966 0.8602428208 0.3748396308 0.2121445499 0.6359338344
0.1283535645 0.4635017350 0.2717597688 0.7332363355 0.2289275343 0.2585130164 0.9513210904 0.3027001926 0.9331222298 0.4720318961 0.7448510079 0.0984603561 0.8967174966 0.0000000000 0.6480366832 0.6807212714 0.4099688176 0.9398441489
0.1324711636 0.2691854054 0.3826656137 0.4404107383 0.9846599105 0.4716108420 0.6908659712 0.2765575148 0.6321619043 0.2996768269 0.0681881065 0.8209319448 0.8602428208 0.6480366832 0.0000000000 0.1910157461 0.4505312120 0.2356286118
0.5078438803 0.9736002949 0.0060789859 0.7689547457 0.9724954047 0.0721982298 0.8265995435 0.4339783423 0.8181580403 0.2239044766 0.0937188133 0.1783453981 0.3748396308 0.6807212714 0.1910157461 0.0000000000 0.4388921767 0.5354819664
0.2093703944 0.9404702112 0.4767040728 0.5764147704 0.3885895472 0.1340982679 0.5294432169 0.5935380862 0.2951495379 0.0333706932 0.1529013840 0.7553532168 0.2121445499 0.4099688176 0.4505312120 0.4388921767 0.0000000000 0.2423625213
0.3427852906 0.7562336866 0.0505275031 0.5665949344 0.2218119867 0.1815182024 0.9905224640 0.0314262038 0.6948566472 0.0790710453 0.8867977590 0.1291217835 0.6359338344 0.9398441489 0.2356286118 0.5354819664 0.2423625213 0.0000000000
