# MCW Instance
# Type: UNIFORM
# N: 18
# Optimal cost: 2.3764543647147116
# Optimal tour (permutation): [0, 8, 10, 1, 6, 13, 3, 16, 15, 5, 9, 2, 11, 4, 12, 17, 7, 14, 0]
# Optimal walk (full path): [0, 8, 10, 1, 6, 13, 3, 13, 15, 16, 15, 5, 9, 2, 15, 11, 4, 12, 17, 7, 14, 0]
# Walk size: 22
# Is walk (has repeats): true

# Distance Matrix
0.0000000000 0.9124941200 0.3424711901 0.1332945009 0.9096590592 0.7513853224 0.4730754103 0.2651053436 0.0029538456 0.8161374142 0.1770412824 0.5528122038 0.6224834651 0.1517059310 0.1042750141 0.7769316565 0.7615673156 0.9251077425
0.9124941200 0.0000000000 0.7666005134 0.4064190206 0.2650067571 0.5244466477 0.1282641170 0.4811302453 0.2773250898 0.3055685556 0.1296905995 0.6092138800 0.9798646988 0.1438477676 0.8852437319 0.1866413957 0.3267333784 0.9183319073
0.3424711901 0.7666005134 0.0000000000 0.6170338457 0.1814358123 0.7015048976 0.8064499086 0.7393531614 0.3417598890 0.1597436819 0.7997141636 0.8921097800 0.4848767951 0.1968371819 0.1643239203 0.1366695652 0.6030979540 0.7862833733
0.1332945009 0.4064190206 0.6170338457 0.0000000000 0.6653043589 0.9738042523 0.8831839050 0.7704957482 0.2487916632 0.3209836085 0.3772658103 0.5543509706 0.5343013736 0.0950379213 0.9862070181 0.4511194740 0.9072937241 0.5862569458
0.9096590592 0.2650067571 0.1814358123 0.6653043589 0.0000000000 0.6204252957 0.9610829099 0.2220762655 0.3812795521 0.8885479157 0.7250563997 0.1260604395 0.1946682391 0.4308737259 0.8881975895 0.7986158801 0.6028512179 0.0624675087
0.7513853224 0.5244466477 0.7015048976 0.9738042523 0.6204252957 0.0000000000 0.1338989173 0.4612420915 0.3391538750 0.2198135010 0.7032230425 0.3605040921 0.5049310143 0.8153070743 0.3022557354 0.0511552800 0.7793493548 0.4954640484
0.4730754103 0.1282641170 0.8064499086 0.8831839050 0.9610829099 0.1338989173 0.0000000000 0.9179147744 0.7140969453 0.4691598669 0.4715800157 0.2121668684 0.9323008688 0.0298379643 0.5456723978 0.3452695200 0.8175477240 0.5107585544
0.2651053436 0.4811302453 0.7393531614 0.7704957482 0.2220762655 0.4612420915 0.9179147744 0.0000000000 0.6898902719 0.7905679198 0.6318104102 0.2296128087 0.5541784357 0.9465416881 0.0793386163 0.8650612964 0.5748334477 0.1262100804
0.0029538456 0.2773250898 0.3417598890 0.2487916632 0.3812795521 0.3391538750 0.7140969453 0.6898902719 0.0000000000 0.2589768122 0.0716584816 0.9356912602 0.8096683286 0.8609747428 0.6673719465 0.4940374524 0.8824418183 0.5685260406
0.8161374142 0.3055685556 0.1597436819 0.3209836085 0.8885479157 0.2198135010 0.4691598669 0.7905679198 0.2589768122 0.0000000000 0.4215585240 0.9249327965 0.9505090867 0.7814971886 0.4800494747 0.7604982209 0.7222585421 0.7182854479
0.1770412824 0.1296905995 0.7997141636 0.3772658103 0.7250563997 0.7032230425 0.4715800157 0.6318104102 0.0716584816 0.4215585240 0.0000000000 0.5040350815 0.7048049523 0.8783074322 0.6714710718 0.6707283563 0.5903672817 0.8120268914
0.5528122038 0.6092138800 0.8921097800 0.5543509706 0.1260604395 0.3605040921 0.2121668684 0.2296128087 0.9356912602 0.9249327965 0.5040350815 0.0000000000 0.6939056358 0.7863269689 0.6088365385 0.1167792034 0.2741049232 0.8955807513
0.6224834651 0.9798646988 0.4848767951 0.5343013736 0.1946682391 0.5049310143 0.9323008688 0.5541784357 0.8096683286 0.9505090867 0.7048049523 0.6939056358 0.0000000000 0.9963471398 0.7202892727 0.6232914770 0.9373123188 0.1830662445
0.1517059310 0.1438477676 0.1968371819 0.0950379213 0.4308737259 0.8153070743 0.0298379643 0.9465416881 0.8609747428 0.7814971886 0.8783074322 0.7863269689 0.9963471398 0.0000000000 0.1222348522 0.0411578185 0.1915262178 0.5268509363
0.1042750141 0.8852437319 0.1643239203 0.9862070181 0.8881975895 0.3022557354 0.5456723978 0.0793386163 0.6673719465 0.4800494747 0.6714710718 0.6088365385 0.7202892727 0.1222348522 0.0000000000 0.2780553325 0.4533992125 0.4912820902
0.7769316565 0.1866413957 0.1366695652 0.4511194740 0.7986158801 0.0511552800 0.3452695200 0.8650612964 0.4940374524 0.7604982209 0.6707283563 0.1167792034 0.6232914770 0.0411578185 0.2780553325 0.0000000000 0.1425179151 0.2901418387
0.7615673156 0.3267333784 0.6030979540 0.9072937241 0.6028512179 0.7793493548 0.8175477240 0.5748334477 0.8824418183 0.7222585421 0.5903672817 0.2741049232 0.9373123188 0.1915262178 0.4533992125 0.1425179151 0.0000000000 0.6212900692
0.9251077425 0.9183319073 0.7862833733 0.5862569458 0.0624675087 0.4954640484 0.5107585544 0.1262100804 0.5685260406 0.7182854479 0.8120268914 0.8955807513 0.1830662445 0.5268509363 0.4912820902 0.2901418387 0.6212900692 0.0000000000
