# Graph size: 18
# Optimal cost: 1.4676158263237844

# Distance Matrix
0.0 0.5939290170383128 0.9652212498061166 0.209204981293588 0.34066328911722743 0.622330813587975 0.4715536928722863 0.17767520990778496 0.48924451935338875 0.1253746741122591 0.6427605140661632 0.1291046643420115 0.3586032878729174 0.85300440822428 0.3385231361473404 0.576581178186468 0.8167476317557626 0.10527185134888883
0.5939290170383128 0.0 0.8373256910557537 0.13258767766715374 0.5943481499828954 0.512139989188958 0.6991296701836429 0.7246922390958241 0.7858944758279774 0.802682002174224 0.3686427328822556 0.49400858797929104 0.9348445122706714 0.9155138727132407 0.16520775500041052 0.03734683962354868 0.052406709063387735 0.24077358775739155
0.9652212498061166 0.8373256910557537 0.0 0.8453782357553808 0.8580745582994017 0.8502588872596738 0.0036878645976896607 0.4955346144680859 0.37606113655187634 0.9294222352393499 0.8007429605786737 0.11443530754357267 0.6136788526293112 0.6606717882061345 0.08170283538920997 0.8793852727594571 0.7226861779245056 0.01628034010707491
0.209204981293588 0.13258767766715374 0.8453782357553808 0.0 0.9341949280158729 0.7547442384858228 0.8459206382773574 0.66855542206977 0.872309941931399 0.7977852674118007 0.41807920184075786 0.2575436768598205 0.45663871724880645 0.24445402464994304 0.9014669608076171 0.8484414144518296 0.4803958070465556 0.21636754493913357
0.34066328911722743 0.5943481499828954 0.8580745582994017 0.9341949280158729 0.0 0.12544529448610686 0.2486631276873813 0.14475616919296397 0.6804310060698606 0.8524131726373767 0.03518479583678846 0.11625758540278053 0.11373942281017857 0.9285058914520828 0.8546923761128306 0.6100980839278223 0.17897084051631573 0.39379829374791653
0.622330813587975 0.512139989188958 0.8502588872596738 0.7547442384858228 0.12544529448610686 0.0 0.8022301841760342 0.6753845924029419 0.5992661460828714 0.22464986506578632 0.4584575831201233 0.67186492693266 0.33663017169107823 0.9599313843676156 0.4712869072398892 0.5224023868960335 0.12417725778714017 0.3232242107732386
0.4715536928722863 0.6991296701836429 0.0036878645976896607 0.8459206382773574 0.2486631276873813 0.8022301841760342 0.0 0.4045892327365118 0.7014284369935558 0.3800841606449976 0.09468501321167411 0.9448189178199263 0.07683573867854143 0.5399017525532397 0.9091196804160326 0.4558218455521864 0.6612501141264158 0.8839161125501345
0.17767520990778496 0.7246922390958241 0.4955346144680859 0.66855542206977 0.14475616919296397 0.6753845924029419 0.4045892327365118 0.0 0.3609125642391351 0.302756029141085 0.04834676646711655 0.007538850975563061 0.7818083828960919 0.3279681564545174 0.8108528527082288 0.18524552408847683 0.3241451451365347 0.3548324502254159
0.48924451935338875 0.7858944758279774 0.37606113655187634 0.872309941931399 0.6804310060698606 0.5992661460828714 0.7014284369935558 0.3609125642391351 0.0 0.4191042824293979 0.01236983521798829 0.5299892886638667 0.6199737009284695 0.30250227185610346 0.8741007016311066 0.3957244456080926 0.5899590666105735 0.5209408450211215
0.1253746741122591 0.802682002174224 0.9294222352393499 0.7977852674118007 0.8524131726373767 0.22464986506578632 0.3800841606449976 0.302756029141085 0.4191042824293979 0.0 0.9873180292198437 0.0519976824987195 0.7054583242441779 0.13925350905738587 0.988442387229027 0.5705281654985408 0.2140356920340457 0.8049536530739076
0.6427605140661632 0.3686427328822556 0.8007429605786737 0.41807920184075786 0.03518479583678846 0.4584575831201233 0.09468501321167411 0.04834676646711655 0.01236983521798829 0.9873180292198437 0.0 0.2992625651742258 0.08213522372314508 0.4021507292466109 0.21802014084911925 0.7927442967203552 0.34444365302334345 0.21760958002404585
0.1291046643420115 0.49400858797929104 0.11443530754357267 0.2575436768598205 0.11625758540278053 0.67186492693266 0.9448189178199263 0.007538850975563061 0.5299892886638667 0.0519976824987195 0.2992625651742258 0.0 0.15120549230921765 0.6021123863384011 0.13307657636319126 0.4856223759026336 0.43032134672743316 0.26903731244889784
0.3586032878729174 0.9348445122706714 0.6136788526293112 0.45663871724880645 0.11373942281017857 0.33663017169107823 0.07683573867854143 0.7818083828960919 0.6199737009284695 0.7054583242441779 0.08213522372314508 0.15120549230921765 0.0 0.3467466041004069 0.6647861006330917 0.8161819938827428 0.8105469846647971 0.5145089927252435
0.85300440822428 0.9155138727132407 0.6606717882061345 0.24445402464994304 0.9285058914520828 0.9599313843676156 0.5399017525532397 0.3279681564545174 0.30250227185610346 0.13925350905738587 0.4021507292466109 0.6021123863384011 0.3467466041004069 0.0 0.36372679616633175 0.04336339148925694 0.699322989029653 0.4725405897179018
0.3385231361473404 0.16520775500041052 0.08170283538920997 0.9014669608076171 0.8546923761128306 0.4712869072398892 0.9091196804160326 0.8108528527082288 0.8741007016311066 0.988442387229027 0.21802014084911925 0.13307657636319126 0.6647861006330917 0.36372679616633175 0.0 0.6447985045545473 0.36566167690503815 0.19832957080367053
0.576581178186468 0.03734683962354868 0.8793852727594571 0.8484414144518296 0.6100980839278223 0.5224023868960335 0.4558218455521864 0.18524552408847683 0.3957244456080926 0.5705281654985408 0.7927442967203552 0.4856223759026336 0.8161819938827428 0.04336339148925694 0.6447985045545473 0.0 0.3381610736718602 0.47815104709984313
0.8167476317557626 0.052406709063387735 0.7226861779245056 0.4803958070465556 0.17897084051631573 0.12417725778714017 0.6612501141264158 0.3241451451365347 0.5899590666105735 0.2140356920340457 0.34444365302334345 0.43032134672743316 0.8105469846647971 0.699322989029653 0.36566167690503815 0.3381610736718602 0.0 0.8341120115735218
0.10527185134888883 0.24077358775739155 0.01628034010707491 0.21636754493913357 0.39379829374791653 0.3232242107732386 0.8839161125501345 0.3548324502254159 0.5209408450211215 0.8049536530739076 0.21760958002404585 0.26903731244889784 0.5145089927252435 0.4725405897179018 0.19832957080367053 0.47815104709984313 0.8341120115735218 0.0

# Optimal Walk
0 9 11 7 14 17 2 6 12 10 8 4 5 16 1 13 15 3 0
