# MCW Instance
# Type: UNIFORM
# N: 18
# Optimal cost: 1.7627120383985266
# Optimal tour (permutation): [0, 8, 5, 12, 17, 14, 9, 11, 10, 6, 4, 13, 1, 3, 2, 16, 7, 15, 0]
# Optimal walk (full path): [0, 7, 5, 8, 5, 12, 17, 14, 9, 11, 4, 6, 10, 6, 4, 13, 1, 13, 4, 3, 2, 16, 2, 7, 15, 7, 0]
# Walk size: 27
# Is walk (has repeats): true

# Distance Matrix
0.0000000000 0.5819886835 0.3239229925 0.2687722789 0.5688056799 0.3920735736 0.8231344527 0.0614883579 0.7629205362 0.3011817506 0.1925560546 0.3283234407 0.7992747859 0.2750381825 0.9696791067 0.1605620090 0.9983944626 0.2266952687
0.5819886835 0.0000000000 0.5757093640 0.6137210477 0.2103196454 0.4329423038 0.7338085672 0.5087294181 0.6446733936 0.8559432631 0.3215944029 0.5319055192 0.9988963349 0.0754561241 0.4230662439 0.8044184893 0.7596767994 0.7879628920
0.3239229925 0.5757093640 0.0000000000 0.1976627913 0.1085190251 0.7957715461 0.8612663529 0.0679471212 0.2556780384 0.1348254709 0.7465857760 0.6424535463 0.6608723594 0.1224631801 0.6449110490 0.7365196232 0.0476088765 0.9988388765
0.2687722789 0.6137210477 0.1976627913 0.0000000000 0.2003502016 0.8314662058 0.3498792840 0.2959959907 0.6504332138 0.3212766074 0.3000902752 0.3588005808 0.3018101914 0.9359661699 0.8961142059 0.7228783845 0.9195095429 0.8021214888
0.5688056799 0.2103196454 0.1085190251 0.2003502016 0.0000000000 0.9259581324 0.0448978927 0.1188979004 0.7036282849 0.9951497857 0.7737066732 0.1317103258 0.2393959186 0.0497909689 0.7752422949 0.3809954132 0.7399251495 0.2173305432
0.3920735736 0.4329423038 0.7957715461 0.8314662058 0.9259581324 0.0000000000 0.6798028488 0.1445472944 0.0008553720 0.8974602189 0.8071763820 0.2123722600 0.1191663265 0.4271387206 0.1432925996 0.8509649273 0.9764983736 0.3166007117
0.8231344527 0.7338085672 0.8612663529 0.3498792840 0.0448978927 0.6798028488 0.0000000000 0.9914741813 0.5756449418 0.2040945123 0.0073087316 0.6020292760 0.2019321809 0.7851563347 0.3381581427 0.2958405442 0.3979146861 0.8029453343
0.0614883579 0.5087294181 0.0679471212 0.2959959907 0.1188979004 0.1445472944 0.9914741813 0.0000000000 0.4228463294 0.3407703950 0.4917903254 0.2267497546 0.4391690826 0.1141162229 0.6022396125 0.0428765965 0.9101088289 0.8900128767
0.7629205362 0.6446733936 0.2556780384 0.6504332138 0.7036282849 0.0008553720 0.5756449418 0.4228463294 0.0000000000 0.2540135971 0.4841171087 0.4169304479 0.9275948044 0.5170976843 0.5886734559 0.3261027042 0.4038930591 0.3650383965
0.3011817506 0.8559432631 0.1348254709 0.3212766074 0.9951497857 0.8974602189 0.2040945123 0.3407703950 0.2540135971 0.0000000000 0.8283229013 0.0347141840 0.1348575423 0.3864966344 0.0856356726 0.4431545742 0.9585581081 0.2038180336
0.1925560546 0.3215944029 0.7465857760 0.3000902752 0.7737066732 0.8071763820 0.0073087316 0.4917903254 0.4841171087 0.8283229013 0.0000000000 0.8313507204 0.8491837324 0.1165327132 0.9533870252 0.9555534527 0.2241121146 0.9624147130
0.3283234407 0.5319055192 0.6424535463 0.3588005808 0.1317103258 0.2123722600 0.6020292760 0.2267497546 0.4169304479 0.0347141840 0.8313507204 0.0000000000 0.9647582669 0.3400881965 0.8796683554 0.8513853521 0.3390349210 0.9246775707
0.7992747859 0.9988963349 0.6608723594 0.3018101914 0.2393959186 0.1191663265 0.2019321809 0.4391690826 0.9275948044 0.1348575423 0.8491837324 0.9647582669 0.0000000000 0.8632308121 0.1196616174 0.4716909571 0.7155092649 0.0294515975
0.2750381825 0.0754561241 0.1224631801 0.9359661699 0.0497909689 0.4271387206 0.7851563347 0.1141162229 0.5170976843 0.3864966344 0.1165327132 0.3400881965 0.8632308121 0.0000000000 0.6501439563 0.6910101316 0.9125907175 0.6279032998
0.9696791067 0.4230662439 0.6449110490 0.8961142059 0.7752422949 0.1432925996 0.3381581427 0.6022396125 0.5886734559 0.0856356726 0.9533870252 0.8796683554 0.1196616174 0.6501439563 0.0000000000 0.6385118826 0.0905412534 0.0909606829
0.1605620090 0.8044184893 0.7365196232 0.7228783845 0.3809954132 0.8509649273 0.2958405442 0.0428765965 0.3261027042 0.4431545742 0.9555534527 0.8513853521 0.4716909571 0.6910101316 0.6385118826 0.0000000000 0.4192302193 0.8234701379
0.9983944626 0.7596767994 0.0476088765 0.9195095429 0.7399251495 0.9764983736 0.3979146861 0.9101088289 0.4038930591 0.9585581081 0.2241121146 0.3390349210 0.7155092649 0.9125907175 0.0905412534 0.4192302193 0.0000000000 0.3224465280
0.2266952687 0.7879628920 0.9988388765 0.8021214888 0.2173305432 0.3166007117 0.8029453343 0.8900128767 0.3650383965 0.2038180336 0.9624147130 0.9246775707 0.0294515975 0.6279032998 0.0909606829 0.8234701379 0.3224465280 0.0000000000
