# Graph size: 18
# Optimal cost: 0.9334535669171433

# Distance Matrix
0.0 0.4260042483359333 0.889271822307016 0.9156800272818717 0.36294788041014214 0.6738970478051161 0.8479342770365731 0.31481177600515287 0.3148543375558941 0.9438907575813568 0.1561775436991627 0.27111543313412323 0.5703129595713398 0.022103971213289775 0.4886370968767124 0.6141993591976151 0.7307311159324239 0.853699504992667
0.4260042483359333 0.0 0.09748883763425165 0.40271930076420115 0.6269283820211454 0.6950252990004218 0.9554091041283014 0.10054838005572264 0.5000608915784105 0.4647614422869445 0.24973964336916066 0.7139315716286664 0.2055189570082434 0.3182735762651263 0.7220286816716122 0.8557191745362681 0.08289448863302384 0.29847496782557403
0.889271822307016 0.09748883763425165 0.0 0.9027830266117508 0.5475012535249724 0.33140447549462504 0.026850577614190296 0.3781808510658258 0.19644062764278514 0.9576954847638339 0.7898983121858455 0.843658155361371 0.590829603446031 0.6217432545740602 0.04909435788751715 0.8486965142269861 0.9468712445703827 0.9966005938037196
0.9156800272818717 0.40271930076420115 0.9027830266117508 0.0 0.35659043838242854 0.8178034006142513 0.008913205467431573 0.5790358427855238 0.8942032220752361 0.14459089692041927 0.9563384119951244 0.24064324013184246 0.3698569650061102 0.8990218396988386 0.40254345659131874 0.1927953252054374 0.8034924316530166 0.9623077791691216
0.36294788041014214 0.6269283820211454 0.5475012535249724 0.35659043838242854 0.0 0.08491223763472766 0.45384711572247705 0.8135568047086147 0.20960559274303436 0.9394187536788048 0.35329031330000726 0.37554009413569067 0.6975754010503343 0.12946995760130542 0.0850952479120789 0.6656263913793431 0.6820249049599352 0.255825335601377
0.6738970478051161 0.6950252990004218 0.33140447549462504 0.8178034006142513 0.08491223763472766 0.0 0.8312669913662927 0.5253785075606379 0.6902804427172949 0.41290747103627823 0.5166814954682548 0.2874771958934319 0.8035885915185507 0.9765433941181413 0.8275563864996733 0.18788713102955745 0.7667663321968315 0.009153984097596712
0.8479342770365731 0.9554091041283014 0.026850577614190296 0.008913205467431573 0.45384711572247705 0.8312669913662927 0.0 0.7284502021766915 0.3564232473147775 0.5354818545436504 0.9506344597634274 0.3464730923553171 0.42554350517414363 0.39596216804107986 0.8266461812283757 0.7564306349570642 0.12629439668632636 0.8475877686362453
0.31481177600515287 0.10054838005572264 0.3781808510658258 0.5790358427855238 0.8135568047086147 0.5253785075606379 0.7284502021766915 0.0 0.5507663409754696 0.8969119638186066 0.8506882713225459 0.02574841352644386 0.022918151646235563 0.5748722113954627 0.0513922414569552 0.5604987350315004 0.6337320325326204 0.27504843915741883
0.3148543375558941 0.5000608915784105 0.19644062764278514 0.8942032220752361 0.20960559274303436 0.6902804427172949 0.3564232473147775 0.5507663409754696 0.0 0.5224606653861978 0.41596561222517614 0.4729631388051653 0.28058694253868155 0.058944231610404296 0.43612413373035785 0.00981861075749213 0.43254953576243804 0.7285605830898301
0.9438907575813568 0.4647614422869445 0.9576954847638339 0.14459089692041927 0.9394187536788048 0.41290747103627823 0.5354818545436504 0.8969119638186066 0.5224606653861978 0.0 0.03447249770953453 0.2640237058476528 0.7085050287826851 0.005212823391522958 0.7083004215676046 0.5186825241049013 0.684200959981561 0.31199371922412056
0.1561775436991627 0.24973964336916066 0.7898983121858455 0.9563384119951244 0.35329031330000726 0.5166814954682548 0.9506344597634274 0.8506882713225459 0.41596561222517614 0.03447249770953453 0.0 0.8326597248621509 0.4394662432378649 0.8573504742848503 0.10041549226793345 0.49480988320092034 0.059387438155043104 0.7588573548028311
0.27111543313412323 0.7139315716286664 0.843658155361371 0.24064324013184246 0.37554009413569067 0.2874771958934319 0.3464730923553171 0.02574841352644386 0.4729631388051653 0.2640237058476528 0.8326597248621509 0.0 0.45295566147696087 0.9668251857706363 0.46439631473607434 0.7543422181480438 0.33761215064740746 0.7822143500388652
0.5703129595713398 0.2055189570082434 0.590829603446031 0.3698569650061102 0.6975754010503343 0.8035885915185507 0.42554350517414363 0.022918151646235563 0.28058694253868155 0.7085050287826851 0.4394662432378649 0.45295566147696087 0.0 0.17226105107835143 0.4476211631448632 0.06601149367685777 0.28181762196779503 0.13567080515802066
0.022103971213289775 0.3182735762651263 0.6217432545740602 0.8990218396988386 0.12946995760130542 0.9765433941181413 0.39596216804107986 0.5748722113954627 0.058944231610404296 0.005212823391522958 0.8573504742848503 0.9668251857706363 0.17226105107835143 0.0 0.6378275807509072 0.21071599805589925 0.9249101164440859 0.020226807625472687
0.4886370968767124 0.7220286816716122 0.04909435788751715 0.40254345659131874 0.0850952479120789 0.8275563864996733 0.8266461812283757 0.0513922414569552 0.43612413373035785 0.7083004215676046 0.10041549226793345 0.46439631473607434 0.4476211631448632 0.6378275807509072 0.0 0.8531570634539727 0.22272715408289512 0.6233545332483778
0.6141993591976151 0.8557191745362681 0.8486965142269861 0.1927953252054374 0.6656263913793431 0.18788713102955745 0.7564306349570642 0.5604987350315004 0.00981861075749213 0.5186825241049013 0.49480988320092034 0.7543422181480438 0.06601149367685777 0.21071599805589925 0.8531570634539727 0.0 0.908963388431143 0.5867539928589882
0.7307311159324239 0.08289448863302384 0.9468712445703827 0.8034924316530166 0.6820249049599352 0.7667663321968315 0.12629439668632636 0.6337320325326204 0.43254953576243804 0.684200959981561 0.059387438155043104 0.33761215064740746 0.28181762196779503 0.9249101164440859 0.22272715408289512 0.908963388431143 0.0 0.2567842524389796
0.853699504992667 0.29847496782557403 0.9966005938037196 0.9623077791691216 0.255825335601377 0.009153984097596712 0.8475877686362453 0.27504843915741883 0.7285605830898301 0.31199371922412056 0.7588573548028311 0.7822143500388652 0.13567080515802066 0.020226807625472687 0.6233545332483778 0.5867539928589882 0.2567842524389796 0.0

# Optimal Walk
0 13 9 10 16 1 6 3 2 14 11 7 12 15 8 17 5 4 0
