# Graph size: 18
# Optimal cost: 1.196451650067398

# Distance Matrix
0.0 0.3191128040318175 0.31192560924353907 0.5752788691842875 0.3829524348056935 0.632651023736391 0.896463692259555 0.31947285566025196 0.053355068165252706 0.9058022577724281 0.4527810278576069 0.10111809535741445 0.5325170602847351 0.5469829948000519 0.9271219564595573 0.5913144833884226 0.40675989797539036 0.36403681627933693
0.3191128040318175 0.0 0.5885669225111723 0.02825878491904532 0.518976239764474 0.9795036254544912 0.4088604061572152 0.6463806667500935 0.3037500442621772 0.1135348900258123 0.7194082417439923 0.7614704923092287 0.33996895695358187 0.483265212779451 0.7235994654540471 0.29625263235278054 0.6917599527558226 0.5840510610261037
0.31192560924353907 0.5885669225111723 0.0 0.18577281337186857 0.06308592511963984 0.9923689547939314 0.41583996411185675 0.8925607933071386 0.43394822554864954 0.6406434783065824 0.29703454594390954 0.2880097067394022 0.12258939243231537 0.9260669497029917 0.26856745278107375 0.02078713920844477 0.679713013655559 0.37583233210709266
0.5752788691842875 0.02825878491904532 0.18577281337186857 0.0 0.2325048204157052 0.009952427404251729 0.9592744345746363 0.12623154198311715 0.8923475036282187 0.035180627923171004 0.25245831250063255 0.6606763881785126 0.7663007899217411 0.7879933375019506 0.0056264282335387605 0.8279557194922971 0.030134813548596262 0.7824649072740311
0.3829524348056935 0.518976239764474 0.06308592511963984 0.2325048204157052 0.0 0.039502371676236714 0.6568726065166547 0.7128598068558482 0.5170356093586573 0.9690864861378576 0.1171945738963599 0.8162913030972371 0.8034783103170133 0.0872711960421122 0.6418883952464198 0.25868258385073195 0.23472872562128466 0.31985304874881115
0.632651023736391 0.9795036254544912 0.9923689547939314 0.009952427404251729 0.039502371676236714 0.0 0.9219009999373287 0.1529527502657656 0.3502034286425534 0.9856148588839234 0.2122859531138781 0.8216405786813763 0.17539406444038064 0.002377256199535549 0.1472652280059188 0.12356590363625053 0.4619400916855505 0.8683960748346171
0.896463692259555 0.4088604061572152 0.41583996411185675 0.9592744345746363 0.6568726065166547 0.9219009999373287 0.0 0.8518537648416005 0.12128174434104533 0.13504653082114126 0.21820847557193268 0.9589647294848782 0.8537520374244012 0.16702737974612314 0.0030067315066647504 0.9934512914876822 0.9952911972607611 0.33891879502967226
0.31947285566025196 0.6463806667500935 0.8925607933071386 0.12623154198311715 0.7128598068558482 0.1529527502657656 0.8518537648416005 0.0 0.3778461239058064 0.46833050161335255 0.47965365970782003 0.12652144953770528 0.19146899147938434 0.953473587127608 0.7472627941242952 0.2528940023123295 0.5692541396768077 0.3233362638883942
0.053355068165252706 0.3037500442621772 0.43394822554864954 0.8923475036282187 0.5170356093586573 0.3502034286425534 0.12128174434104533 0.3778461239058064 0.0 0.13392020969180662 0.2862350011300553 0.4557772223829625 0.36784153382211227 0.06093816279897035 0.030253686178611128 0.14069422078642257 0.9593165355008962 0.10948923924158693
0.9058022577724281 0.1135348900258123 0.6406434783065824 0.035180627923171004 0.9690864861378576 0.9856148588839234 0.13504653082114126 0.46833050161335255 0.13392020969180662 0.0 0.35354488943229523 0.7301367185228601 0.00842431443147551 0.7660690511744406 0.5351466675490429 0.24553426375690945 0.5133199842610378 0.6113192200072658
0.4527810278576069 0.7194082417439923 0.29703454594390954 0.25245831250063255 0.1171945738963599 0.2122859531138781 0.21820847557193268 0.47965365970782003 0.2862350011300553 0.35354488943229523 0.0 0.16537401455735812 0.5327557474577044 0.10880029952714687 0.9910596511884542 0.1341854559516933 0.446688084921518 0.65600436668781
0.10111809535741445 0.7614704923092287 0.2880097067394022 0.6606763881785126 0.8162913030972371 0.8216405786813763 0.9589647294848782 0.12652144953770528 0.4557772223829625 0.7301367185228601 0.16537401455735812 0.0 0.7562303298093459 0.26375382284960736 0.839847130843511 0.5782624687722372 0.487544888491639 0.6975763895541764
0.5325170602847351 0.33996895695358187 0.12258939243231537 0.7663007899217411 0.8034783103170133 0.17539406444038064 0.8537520374244012 0.19146899147938434 0.36784153382211227 0.00842431443147551 0.5327557474577044 0.7562303298093459 0.0 0.7283427018407019 0.8449790697380996 0.731009292555886 0.24537361997223028 0.6344953043614708
0.5469829948000519 0.483265212779451 0.9260669497029917 0.7879933375019506 0.0872711960421122 0.002377256199535549 0.16702737974612314 0.953473587127608 0.06093816279897035 0.7660690511744406 0.10880029952714687 0.26375382284960736 0.7283427018407019 0.0 0.7329747739897692 0.16206094014954187 0.5011897098398135 0.5126296208131071
0.9271219564595573 0.7235994654540471 0.26856745278107375 0.0056264282335387605 0.6418883952464198 0.1472652280059188 0.0030067315066647504 0.7472627941242952 0.030253686178611128 0.5351466675490429 0.9910596511884542 0.839847130843511 0.8449790697380996 0.7329747739897692 0.0 0.7535018048178961 0.2689347073155274 0.7015228415716555
0.5913144833884226 0.29625263235278054 0.02078713920844477 0.8279557194922971 0.25868258385073195 0.12356590363625053 0.9934512914876822 0.2528940023123295 0.14069422078642257 0.24553426375690945 0.1341854559516933 0.5782624687722372 0.731009292555886 0.16206094014954187 0.7535018048178961 0.0 0.8530457142426581 0.42318564624661537
0.40675989797539036 0.6917599527558226 0.679713013655559 0.030134813548596262 0.23472872562128466 0.4619400916855505 0.9952911972607611 0.5692541396768077 0.9593165355008962 0.5133199842610378 0.446688084921518 0.487544888491639 0.24537361997223028 0.5011897098398135 0.2689347073155274 0.8530457142426581 0.0 0.0999643657147341
0.36403681627933693 0.5840510610261037 0.37583233210709266 0.7824649072740311 0.31985304874881115 0.8683960748346171 0.33891879502967226 0.3233362638883942 0.10948923924158693 0.6113192200072658 0.65600436668781 0.6975763895541764 0.6344953043614708 0.5126296208131071 0.7015228415716555 0.42318564624661537 0.0999643657147341 0.0

# Optimal Walk
0 8 17 16 12 9 14 6 5 13 10 15 2 4 3 1 7 11 0
