# MCW Instance
# Type: UNIFORM
# N: 18
# Optimal cost: 2.376112260693742
# Optimal tour (permutation): [0, 11, 9, 5, 8, 12, 16, 2, 10, 13, 7, 15, 4, 14, 17, 6, 1, 3, 0]
# Optimal walk (full path): [0, 6, 11, 9, 5, 8, 12, 16, 2, 10, 13, 7, 15, 4, 15, 14, 17, 6, 0, 1, 0, 3, 0]
# Walk size: 23
# Is walk (has repeats): true

# Distance Matrix
0.0000000000 0.3072106707 0.4512011564 0.0713487922 0.2189324299 0.8245991172 0.0059412446 0.7697823557 0.1656299552 0.5344739114 0.8670202736 0.9416184651 0.1942424790 0.4197468956 0.8809063297 0.2164888428 0.4204330015 0.8924315376
0.3072106707 0.0000000000 0.3933158290 0.7734907945 0.8228312454 0.5673072559 0.7519820124 0.4068632842 0.9570834897 0.3922587684 0.3486929422 0.7447399511 0.6204419495 0.9666200377 0.6933053203 0.6832659234 0.4600885286 0.9110785633
0.4512011564 0.3933158290 0.0000000000 0.8962292345 0.3962156580 0.2928010580 0.9661726011 0.8509186065 0.8593521523 0.2092353711 0.0911401625 0.3541905579 0.6891178803 0.3730094304 0.2108557053 0.3797363781 0.2368504809 0.7929406899
0.0713487922 0.7734907945 0.8962292345 0.0000000000 0.4158163313 0.7289756533 0.3025672193 0.2462014073 0.3586164142 0.3234442933 0.5364640747 0.9608210221 0.3100759526 0.4741961006 0.5816266760 0.6278783304 0.8391642201 0.5662366661
0.2189324299 0.8228312454 0.3962156580 0.4158163313 0.0000000000 0.2780520566 0.8068908849 0.3630876894 0.7297977302 0.7959315408 0.8123225291 0.8773865052 0.2352984065 0.3952468904 0.7247943662 0.0206115181 0.5451298493 0.6190832435
0.8245991172 0.5673072559 0.2928010580 0.7289756533 0.2780520566 0.0000000000 0.2574982883 0.2541299110 0.1829379510 0.1196639304 0.8264767290 0.3448338472 0.8398684167 0.9889638548 0.3228456134 0.5270035950 0.4272773426 0.4198597149
0.0059412446 0.7519820124 0.9661726011 0.3025672193 0.8068908849 0.2574982883 0.0000000000 0.7657022593 0.6893028808 0.1066994819 0.7591269906 0.2263735995 0.6838606842 0.6804056200 0.5301947984 0.1578244411 0.3866204268 0.1096691930
0.7697823557 0.4068632842 0.8509186065 0.2462014073 0.3630876894 0.2541299110 0.7657022593 0.0000000000 0.8014218481 0.5374591686 0.4516142381 0.3429018463 0.3547578114 0.0372149332 0.7965459942 0.0821063396 0.4700062366 0.7717577205
0.1656299552 0.9570834897 0.8593521523 0.3586164142 0.7297977302 0.1829379510 0.6893028808 0.8014218481 0.0000000000 0.7330439655 0.5936340944 0.7815066990 0.0437574406 0.3121700896 0.1780243391 0.5869051451 0.9046317967 0.8942498068
0.5344739114 0.3922587684 0.2092353711 0.3234442933 0.7959315408 0.1196639304 0.1066994819 0.5374591686 0.7330439655 0.0000000000 0.4537404427 0.1917835369 0.2798127839 0.1718123719 0.1809079380 0.3592708531 0.8695041307 0.8754088853
0.8670202736 0.3486929422 0.0911401625 0.5364640747 0.8123225291 0.8264767290 0.7591269906 0.4516142381 0.5936340944 0.4537404427 0.0000000000 0.9536984399 0.7003591959 0.0290613681 0.1743012213 0.7237918440 0.8885010567 0.3575411343
0.9416184651 0.7447399511 0.3541905579 0.9608210221 0.8773865052 0.3448338472 0.2263735995 0.3429018463 0.7815066990 0.1917835369 0.9536984399 0.0000000000 0.3474917837 0.7823891898 0.9111638450 0.7786293958 0.6452909144 0.5245368359
0.1942424790 0.6204419495 0.6891178803 0.3100759526 0.2352984065 0.8398684167 0.6838606842 0.3547578114 0.0437574406 0.2798127839 0.7003591959 0.3474917837 0.0000000000 0.1813711007 0.4850733770 0.3875946570 0.0470622098 0.2238599280
0.4197468956 0.9666200377 0.3730094304 0.4741961006 0.3952468904 0.9889638548 0.6804056200 0.0372149332 0.3121700896 0.1718123719 0.0290613681 0.7823891898 0.1813711007 0.0000000000 0.2359050611 0.2522727741 0.3902100957 0.8233366021
0.8809063297 0.6933053203 0.2108557053 0.5816266760 0.7247943662 0.3228456134 0.5301947984 0.7965459942 0.1780243391 0.1809079380 0.1743012213 0.9111638450 0.4850733770 0.2359050611 0.0000000000 0.1451590117 0.3955432641 0.0231076524
0.2164888428 0.6832659234 0.3797363781 0.6278783304 0.0206115181 0.5270035950 0.1578244411 0.0821063396 0.5869051451 0.3592708531 0.7237918440 0.7786293958 0.3875946570 0.2522727741 0.1451590117 0.0000000000 0.9764136256 0.2814507922
0.4204330015 0.4600885286 0.2368504809 0.8391642201 0.5451298493 0.4272773426 0.3866204268 0.4700062366 0.9046317967 0.8695041307 0.8885010567 0.6452909144 0.0470622098 0.3902100957 0.3955432641 0.9764136256 0.0000000000 0.5159360745
0.8924315376 0.9110785633 0.7929406899 0.5662366661 0.6190832435 0.4198597149 0.1096691930 0.7717577205 0.8942498068 0.8754088853 0.3575411343 0.5245368359 0.2238599280 0.8233366021 0.0231076524 0.2814507922 0.5159360745 0.0000000000
