# Graph size: 18
# Optimal cost: 1.6209778607646061

# Distance Matrix
0.0 0.6322252824715403 0.8493185370709798 0.5672425645361749 0.5031805095595597 0.041934395957297976 0.9103832243363432 0.8148321308080716 0.25101484006547603 0.3111956912342869 0.5410184366152271 0.8957456685258013 0.4379136169010247 0.45472306803372675 0.4983681654972876 0.002139726231071837 0.49767978552964076 0.6200570049236894
0.6322252824715403 0.0 0.028317881506817244 0.9375705295818684 0.3439160815368836 0.08011142864951648 0.6902874954145084 0.37755052817733614 0.4405687764448406 0.4198895324191292 0.6425277844204687 0.372140677091071 0.898053838765943 0.9000652743101593 0.2741814729273677 0.9761072924102424 0.528589577631326 0.10610349529676655
0.8493185370709798 0.028317881506817244 0.0 0.7979088297383662 0.7837732967324121 0.9125243366232331 0.8988183285838895 0.17566709654422563 0.3185459236039515 0.1768612314547463 0.370746217047903 0.5402717020834779 0.6812037523810782 0.3678469888846503 0.9824363242082448 0.09665668149647644 0.5963780834738934 0.011404801230924022
0.5672425645361749 0.9375705295818684 0.7979088297383662 0.0 0.30373746099803123 0.33929058063708095 0.013265052232821706 0.698356141994593 0.8173877497326538 0.3059929615999316 0.7144563672217336 0.30579001283964635 0.055689305053352456 0.503436407042226 0.9658781303916001 0.7716025542848677 0.9357769577824823 0.08590694991644432
0.5031805095595597 0.3439160815368836 0.7837732967324121 0.30373746099803123 0.0 0.10117894212975853 0.1761433849964663 0.5349667663128976 0.8464359764841636 0.07550965335354054 0.25307000052605133 0.7048962298249246 0.5882048406374416 0.4464893835743331 0.3509246493508573 0.8616452880015482 0.48416311388030286 0.9442530959701098
0.041934395957297976 0.08011142864951648 0.9125243366232331 0.33929058063708095 0.10117894212975853 0.0 0.29761299272900776 0.008752934106428079 0.10409007442354945 0.777828311720726 0.5818773712346784 0.5510216221370577 0.8908682902445318 0.09168983357645888 0.7590218800604526 0.7392279320577843 0.0015270358864918343 0.5341927802357923
0.9103832243363432 0.6902874954145084 0.8988183285838895 0.013265052232821706 0.1761433849964663 0.29761299272900776 0.0 0.01256022205200491 0.6493339894183754 0.5936528144985974 0.7286861364288565 0.35912178817684615 0.4445217796185048 0.8340523787875788 0.5484600575337136 0.07086500039879906 0.2943480571989484 0.1340939781471172
0.8148321308080716 0.37755052817733614 0.17566709654422563 0.698356141994593 0.5349667663128976 0.008752934106428079 0.01256022205200491 0.0 0.4882825225645363 0.5078113702678627 0.7325445584016513 0.3749403805837396 0.09813156562676972 0.7019277113424417 0.42346496720959514 0.17592725083601823 0.3988316010970302 0.7154477928608127
0.25101484006547603 0.4405687764448406 0.3185459236039515 0.8173877497326538 0.8464359764841636 0.10409007442354945 0.6493339894183754 0.4882825225645363 0.0 0.2769059800082847 0.5806286869738646 0.43465365434924286 0.007839061719921214 0.6020074100022432 0.8876918669580716 0.6345406906969615 0.7889841298429444 0.5231616654679287
0.3111956912342869 0.4198895324191292 0.1768612314547463 0.3059929615999316 0.07550965335354054 0.777828311720726 0.5936528144985974 0.5078113702678627 0.2769059800082847 0.0 0.7373103339863514 0.45147122189559297 0.6105603605097367 0.1943403875610542 0.9792461322933164 0.8285755017335618 0.25326556540125755 0.4429722505647946
0.5410184366152271 0.6425277844204687 0.370746217047903 0.7144563672217336 0.25307000052605133 0.5818773712346784 0.7286861364288565 0.7325445584016513 0.5806286869738646 0.7373103339863514 0.0 0.29459869883326173 0.40097049436255117 0.30445142800546854 0.3504824449853954 0.021058455571915657 0.9838811593763032 0.6888904228745644
0.8957456685258013 0.372140677091071 0.5402717020834779 0.30579001283964635 0.7048962298249246 0.5510216221370577 0.35912178817684615 0.3749403805837396 0.43465365434924286 0.45147122189559297 0.29459869883326173 0.0 0.9338310625639662 0.1401714235341771 0.8204672360065923 0.8148163761862041 0.5308640648452411 0.9251806649152362
0.4379136169010247 0.898053838765943 0.6812037523810782 0.055689305053352456 0.5882048406374416 0.8908682902445318 0.4445217796185048 0.09813156562676972 0.007839061719921214 0.6105603605097367 0.40097049436255117 0.9338310625639662 0.0 0.26687656555926875 0.9280423382610434 0.7120171606583275 0.31929946334626036 0.07739660604888765
0.45472306803372675 0.9000652743101593 0.3678469888846503 0.503436407042226 0.4464893835743331 0.09168983357645888 0.8340523787875788 0.7019277113424417 0.6020074100022432 0.1943403875610542 0.30445142800546854 0.1401714235341771 0.26687656555926875 0.0 0.7288739161658384 0.5418892956861096 0.7168095767897902 0.21917884649423014
0.4983681654972876 0.2741814729273677 0.9824363242082448 0.9658781303916001 0.3509246493508573 0.7590218800604526 0.5484600575337136 0.42346496720959514 0.8876918669580716 0.9792461322933164 0.3504824449853954 0.8204672360065923 0.9280423382610434 0.7288739161658384 0.0 0.2997001094660827 0.7964295229033336 0.45316792240180037
0.002139726231071837 0.9761072924102424 0.09665668149647644 0.7716025542848677 0.8616452880015482 0.7392279320577843 0.07086500039879906 0.17592725083601823 0.6345406906969615 0.8285755017335618 0.021058455571915657 0.8148163761862041 0.7120171606583275 0.5418892956861096 0.2997001094660827 0.0 0.19386089648629357 0.9155579582588865
0.49767978552964076 0.528589577631326 0.5963780834738934 0.9357769577824823 0.48416311388030286 0.0015270358864918343 0.2943480571989484 0.3988316010970302 0.7889841298429444 0.25326556540125755 0.9838811593763032 0.5308640648452411 0.31929946334626036 0.7168095767897902 0.7964295229033336 0.19386089648629357 0.0 0.3049566749847672
0.6200570049236894 0.10610349529676655 0.011404801230924022 0.08590694991644432 0.9442530959701098 0.5341927802357923 0.1340939781471172 0.7154477928608127 0.5231616654679287 0.4429722505647946 0.6888904228745644 0.9251806649152362 0.07739660604888765 0.21917884649423014 0.45316792240180037 0.9155579582588865 0.3049566749847672 0.0

# Optimal Walk
0 15 10 11 13 9 4 14 1 2 17 8 12 3 6 7 16 5 0
