# Graph size: 18
# Optimal cost: 1.5127948224598833

# Distance Matrix
0.0 0.9756304870327879 0.08563443009722127 0.641778082588566 0.2207618519524962 0.279603293272632 0.5015411106571989 0.2813942461203316 0.6366493750025379 0.21072798639962065 0.798527285346958 0.2809153538000665 0.7474895730000893 0.28769036744408416 0.11088560323927965 0.09309084335161621 0.6809435508238938 0.7460675951485771
0.9756304870327879 0.0 0.1879243260234571 0.6460419862841424 0.6241403695227334 0.6062576623756856 0.11368094927045169 0.5678196855880192 0.9573621682058437 0.13188239302385873 0.6381557518595622 0.11126514144307309 0.6954313919782702 0.3141921542734649 0.8036893520776094 0.637846752845415 0.6006001032398175 0.9096028116453854
0.08563443009722127 0.1879243260234571 0.0 0.668272849196008 0.42637292311532404 0.08953050867276435 0.7303464407877913 0.5769925404437163 0.2609568439412814 0.8469949506001581 0.3423187531538038 0.6134760584223247 0.7223361290664011 0.8802124357835109 0.059558778246929456 0.5751202568340006 0.3576266247762363 0.600278156512296
0.641778082588566 0.6460419862841424 0.668272849196008 0.0 0.14139634760219677 0.059045383977379795 0.9358163317396055 0.40093135493648635 0.3961559330742346 0.02013429365388042 0.8097818632657541 0.11994569433886282 0.9744059802964682 0.4681793985975805 3.36536695082601E-4 0.7147162225288167 0.9950951153751566 0.8080740852201246
0.2207618519524962 0.6241403695227334 0.42637292311532404 0.14139634760219677 0.0 0.9937956153031605 0.46115463039799365 0.7895173895466344 0.6951493356446254 0.4017708497047814 0.9937952320318613 0.9709014005159585 0.1771707162182361 0.5703832357906259 0.5450518419463857 0.24151838407461024 0.32517432003515534 0.9458089464463043
0.279603293272632 0.6062576623756856 0.08953050867276435 0.059045383977379795 0.9937956153031605 0.0 0.8128553428928424 0.8345569439332232 0.5172350339525986 0.5040506289419658 0.988441108281494 0.7546133605203335 0.03242397083386983 0.8350521706440327 0.6098434490293291 0.5284977169932183 0.6366263302816028 0.5347520961817086
0.5015411106571989 0.11368094927045169 0.7303464407877913 0.9358163317396055 0.46115463039799365 0.8128553428928424 0.0 0.07169485924717334 0.00715784991684576 0.3975547911109084 0.4033970918534112 0.8182152420955353 0.8698748961546396 0.05320791384364232 0.5744137115564999 0.47381677974540337 0.8734853406314027 0.8761865110698397
0.2813942461203316 0.5678196855880192 0.5769925404437163 0.40093135493648635 0.7895173895466344 0.8345569439332232 0.07169485924717334 0.0 0.1053629240536843 0.42453811154674437 0.562236297977677 0.12569579259703667 0.7509787990501412 0.6535614576808616 0.10798255448916705 0.8597244647709269 0.6080190460268985 0.9553542782418487
0.6366493750025379 0.9573621682058437 0.2609568439412814 0.3961559330742346 0.6951493356446254 0.5172350339525986 0.00715784991684576 0.1053629240536843 0.0 0.1857845973521497 0.0918064520036449 0.07263165778516978 0.005517564513621842 0.30656971414919754 0.019934635842593473 0.08316889802859517 0.1472103918516091 0.826368488897458
0.21072798639962065 0.13188239302385873 0.8469949506001581 0.02013429365388042 0.4017708497047814 0.5040506289419658 0.3975547911109084 0.42453811154674437 0.1857845973521497 0.0 0.32961049277160936 0.9348556401156982 0.1700606142857125 0.9307416282720031 0.37867716193311385 0.0474464733762654 0.8037600048794611 0.25336294031123063
0.798527285346958 0.6381557518595622 0.3423187531538038 0.8097818632657541 0.9937952320318613 0.988441108281494 0.4033970918534112 0.562236297977677 0.0918064520036449 0.32961049277160936 0.0 0.40849782291435177 0.9429820042659056 0.12608146992184666 0.42932618470243766 0.7942050152518378 0.3479815677022814 0.5938448927921492
0.2809153538000665 0.11126514144307309 0.6134760584223247 0.11994569433886282 0.9709014005159585 0.7546133605203335 0.8182152420955353 0.12569579259703667 0.07263165778516978 0.9348556401156982 0.40849782291435177 0.0 0.8065949434885749 0.7461611307883562 0.7728858625857329 0.9453972163647644 0.7431163389775248 0.8054336713037172
0.7474895730000893 0.6954313919782702 0.7223361290664011 0.9744059802964682 0.1771707162182361 0.03242397083386983 0.8698748961546396 0.7509787990501412 0.005517564513621842 0.1700606142857125 0.9429820042659056 0.8065949434885749 0.0 0.14129026526769817 0.7944617448257275 0.4024708153312595 0.9380035201313784 0.042485103185792794
0.28769036744408416 0.3141921542734649 0.8802124357835109 0.4681793985975805 0.5703832357906259 0.8350521706440327 0.05320791384364232 0.6535614576808616 0.30656971414919754 0.9307416282720031 0.12608146992184666 0.7461611307883562 0.14129026526769817 0.0 0.3377501744647269 0.7275319127115085 0.02558829690192721 0.9630467282260933
0.11088560323927965 0.8036893520776094 0.059558778246929456 3.36536695082601E-4 0.5450518419463857 0.6098434490293291 0.5744137115564999 0.10798255448916705 0.019934635842593473 0.37867716193311385 0.42932618470243766 0.7728858625857329 0.7944617448257275 0.3377501744647269 0.0 0.23252035142639882 0.31946149132164203 0.07537678789445401
0.09309084335161621 0.637846752845415 0.5751202568340006 0.7147162225288167 0.24151838407461024 0.5284977169932183 0.47381677974540337 0.8597244647709269 0.08316889802859517 0.0474464733762654 0.7942050152518378 0.9453972163647644 0.4024708153312595 0.7275319127115085 0.23252035142639882 0.0 0.4166990456073024 0.3653017273376675
0.6809435508238938 0.6006001032398175 0.3576266247762363 0.9950951153751566 0.32517432003515534 0.6366263302816028 0.8734853406314027 0.6080190460268985 0.1472103918516091 0.8037600048794611 0.3479815677022814 0.7431163389775248 0.9380035201313784 0.02558829690192721 0.31946149132164203 0.4166990456073024 0.0 0.2784673711241029
0.7460675951485771 0.9096028116453854 0.600278156512296 0.8080740852201246 0.9458089464463043 0.5347520961817086 0.8761865110698397 0.9553542782418487 0.826368488897458 0.25336294031123063 0.5938448927921492 0.8054336713037172 0.042485103185792794 0.9630467282260933 0.07537678789445401 0.3653017273376675 0.2784673711241029 0.0

# Optimal Walk
0 15 9 1 11 7 6 16 13 10 8 17 12 5 14 3 4 2 0
