# MCW Instance
# Type: UNIFORM
# N: 18
# Optimal cost: 1.9133182713453545
# Optimal tour (permutation): [0, 14, 15, 12, 11, 2, 6, 10, 4, 5, 3, 1, 7, 9, 16, 13, 17, 8, 0]
# Optimal walk (full path): [0, 14, 15, 12, 11, 2, 6, 10, 6, 4, 6, 5, 1, 3, 1, 7, 9, 16, 13, 8, 17, 8, 14, 0]
# Walk size: 24
# Is walk (has repeats): true

# Distance Matrix
0.0000000000 0.9951513251 0.5607321823 0.8371753299 0.4087284320 0.2366847300 0.6873704299 0.2799370122 0.1106152965 0.3768225630 0.3667756996 0.2505191520 0.3345468033 0.2954943589 0.0405668507 0.9670759199 0.3389866333 0.6676933652
0.9951513251 0.0000000000 0.3135758608 0.0384403888 0.4537721375 0.1507933381 0.8403157603 0.0887471031 0.3868785425 0.0985230807 0.7551736781 0.4092163645 0.9168422740 0.0567569461 0.6409881545 0.4044645140 0.9972412877 0.3910045089
0.5607321823 0.3135758608 0.0000000000 0.4769595649 0.9610564078 0.6365440296 0.2714605859 0.4843809169 0.5076176119 0.7848029847 0.8987025925 0.2974657296 0.4586758095 0.8580825648 0.2915988764 0.4265886544 0.9385016531 0.4621754181
0.8371753299 0.0384403888 0.4769595649 0.0000000000 0.1787183732 0.5525436589 0.1665718159 0.3390750637 0.5355083986 0.7929635127 0.6528779931 0.5528370819 0.0917341403 0.7158332946 0.3991571940 0.4558748062 0.6971494856 0.5400701354
0.4087284320 0.4537721375 0.9610564078 0.1787183732 0.0000000000 0.6312203647 0.0323999793 0.7780962021 0.6594298845 0.1979081270 0.8026322814 0.2437039839 0.3535410402 0.6638033471 0.5895664808 0.1075916032 0.3086547591 0.2956825779
0.2366847300 0.1507933381 0.6365440296 0.5525436589 0.6312203647 0.0000000000 0.0994992181 0.7794449224 0.3607393755 0.5967894583 0.4481821884 0.4505748541 0.6948364855 0.7783650391 0.4763819814 0.2485344099 0.5871350248 0.5744710641
0.6873704299 0.8403157603 0.2714605859 0.1665718159 0.0323999793 0.0994992181 0.0000000000 0.9417913949 0.8681009433 0.6600085080 0.1039946181 0.4486506063 0.1994059150 0.5353002535 0.0628232301 0.2821011676 0.0687211667 0.7174294666
0.2799370122 0.0887471031 0.4843809169 0.3390750637 0.7780962021 0.7794449224 0.9417913949 0.0000000000 0.3895318323 0.1512094318 0.5833875100 0.5154313506 0.6895238665 0.2127602966 0.7295975932 0.8218325332 0.1254211303 0.6473360918
0.1106152965 0.3868785425 0.5076176119 0.5355083986 0.6594298845 0.3607393755 0.8681009433 0.3895318323 0.0000000000 0.8102217928 0.6063023328 0.1855975685 0.4898596645 0.0295926596 0.0533100989 0.7281049539 0.3786945803 0.0331392102
0.3768225630 0.0985230807 0.7848029847 0.7929635127 0.1979081270 0.5967894583 0.6600085080 0.1512094318 0.8102217928 0.0000000000 0.3755569327 0.9638389129 0.3805597497 0.4919902315 0.4687398906 0.5906457370 0.0729290648 0.8861408013
0.3667756996 0.7551736781 0.8987025925 0.6528779931 0.8026322814 0.4481821884 0.1039946181 0.5833875100 0.6063023328 0.3755569327 0.0000000000 0.7382455267 0.1191722162 0.6212520811 0.4845041675 0.6246588287 0.5416119929 0.6752442770
0.2505191520 0.4092163645 0.2974657296 0.5528370819 0.2437039839 0.4505748541 0.4486506063 0.5154313506 0.1855975685 0.9638389129 0.7382455267 0.0000000000 0.1461467061 0.5825125029 0.8861032416 0.5266605556 0.9742307444 0.5254908610
0.3345468033 0.9168422740 0.4586758095 0.0917341403 0.3535410402 0.6948364855 0.1994059150 0.6895238665 0.4898596645 0.3805597497 0.1191722162 0.1461467061 0.0000000000 0.8723849383 0.1203793270 0.0426665827 0.0413411783 0.8384194926
0.2954943589 0.0567569461 0.8580825648 0.7158332946 0.6638033471 0.7783650391 0.5353002535 0.2127602966 0.0295926596 0.4919902315 0.6212520811 0.5825125029 0.8723849383 0.0000000000 0.1912887755 0.3852011848 0.0010352092 0.3430416922
0.0405668507 0.6409881545 0.2915988764 0.3991571940 0.5895664808 0.4763819814 0.0628232301 0.7295975932 0.0533100989 0.4687398906 0.4845041675 0.8861032416 0.1203793270 0.1912887755 0.0000000000 0.0113804493 0.1876482718 0.5392617714
0.9670759199 0.4044645140 0.4265886544 0.4558748062 0.1075916032 0.2485344099 0.2821011676 0.8218325332 0.7281049539 0.5906457370 0.6246588287 0.5266605556 0.0426665827 0.3852011848 0.0113804493 0.0000000000 0.3662954990 0.9746201886
0.3389866333 0.9972412877 0.9385016531 0.6971494856 0.3086547591 0.5871350248 0.0687211667 0.1254211303 0.3786945803 0.0729290648 0.5416119929 0.9742307444 0.0413411783 0.0010352092 0.1876482718 0.3662954990 0.0000000000 0.6561904706
0.6676933652 0.3910045089 0.4621754181 0.5400701354 0.2956825779 0.5744710641 0.7174294666 0.6473360918 0.0331392102 0.8861408013 0.6752442770 0.5254908610 0.8384194926 0.3430416922 0.5392617714 0.9746201886 0.6561904706 0.0000000000
