# Graph size: 18
# Optimal cost: 1.6372529307085224

# Distance Matrix
0.0 0.9102132422900219 0.9053101019110938 0.8006420856418552 0.773993897567924 0.44230667225973364 0.059853582921708504 0.34924154057814205 0.45975558361091917 0.8731147973321637 0.7690860737821265 0.3886408580262195 0.7937611259294245 0.4473702572171139 0.08103372565787947 0.8686183000874979 0.7189814608823062 0.20809988944472413
0.9102132422900219 0.0 0.8164095111810266 0.37705564825897664 0.6363268916980261 0.37826236489361065 0.3196898702424561 0.9469185766269933 0.694916452710168 0.11621125975467095 0.45655334728261876 0.41725411679363045 0.5378308481985578 0.13451719738491252 0.46171503872240305 0.09994472187539294 0.889121378048169 0.26640717468888253
0.9053101019110938 0.8164095111810266 0.0 0.1874809631898977 0.36430994395641003 0.20476184236045436 0.4400570388392334 0.28088445758642966 0.8932483307057667 0.978394176113343 0.6781994435341038 0.8260564270112088 0.7874637777771203 0.19213270996095388 0.6789856369767349 0.02852014332609787 0.39842221429619806 0.8333560074549273
0.8006420856418552 0.37705564825897664 0.1874809631898977 0.0 0.2537665170612392 0.5893901152543268 0.7560355978651361 0.3603293562689607 0.39843502784040163 0.5199940427239653 0.7236724667054428 0.492664848689922 0.057197837411281593 0.28122570838645444 0.5609452662308968 0.7270404538713383 0.7011217150679913 0.296975550217083
0.773993897567924 0.6363268916980261 0.36430994395641003 0.2537665170612392 0.0 0.40382642165048066 0.53426287729688 0.688525866485203 0.0872750627739387 0.28199701149842815 0.28067392927591295 2.6849122899785804E-4 0.49433012247912145 0.6849328214888379 0.5350635144510493 0.35020204499149166 0.7334070179059513 0.36108455035402265
0.44230667225973364 0.37826236489361065 0.20476184236045436 0.5893901152543268 0.40382642165048066 0.0 0.5716664583142419 0.8595485054202481 0.2905749243281507 0.9886106880466206 0.5604850406905628 0.4536726400070852 0.010596425049092306 0.5914725554237 0.14809237290642596 0.8907071568589131 0.07079792062954826 0.09130295652481335
0.059853582921708504 0.3196898702424561 0.4400570388392334 0.7560355978651361 0.53426287729688 0.5716664583142419 0.0 0.8752363916264763 0.8637111280861538 0.9205398362167757 0.1833114490960649 0.15197808745231278 0.9315188135473254 0.6809464749609263 0.8035909076393684 0.3167616536055776 0.12816310902538852 0.9458436702137777
0.34924154057814205 0.9469185766269933 0.28088445758642966 0.3603293562689607 0.688525866485203 0.8595485054202481 0.8752363916264763 0.0 0.8155409121082148 0.6427283058503376 0.9767341071117376 0.4023919367637798 0.1847262415386023 0.02274964884973174 0.290760032241798 0.1986917044217389 0.8343391683677022 0.4640704228821513
0.45975558361091917 0.694916452710168 0.8932483307057667 0.39843502784040163 0.0872750627739387 0.2905749243281507 0.8637111280861538 0.8155409121082148 0.0 0.5846741546889015 0.5256763299028109 0.5775364784761363 0.4541146158906221 0.1346580661477954 0.451897582426132 0.008273680697365449 0.7209230307869979 0.7321280773607937
0.8731147973321637 0.11621125975467095 0.978394176113343 0.5199940427239653 0.28199701149842815 0.9886106880466206 0.9205398362167757 0.6427283058503376 0.5846741546889015 0.0 0.6523474082907927 0.9988600603963209 0.9048542630649445 0.954358280720871 0.3062488955778415 0.500309968798742 0.1825952353366327 0.3402100244503329
0.7690860737821265 0.45655334728261876 0.6781994435341038 0.7236724667054428 0.28067392927591295 0.5604850406905628 0.1833114490960649 0.9767341071117376 0.5256763299028109 0.6523474082907927 0.0 0.10378831815979983 0.6706677399306328 0.9401916851766536 0.2036645407078569 0.9980491171857354 0.9668343256819116 0.17872258047603184
0.3886408580262195 0.41725411679363045 0.8260564270112088 0.492664848689922 2.6849122899785804E-4 0.4536726400070852 0.15197808745231278 0.4023919367637798 0.5775364784761363 0.9988600603963209 0.10378831815979983 0.0 0.9438317826057746 0.06594822949421475 0.7270260870695997 0.4544070858151892 0.6173350039895966 0.6007633588375081
0.7937611259294245 0.5378308481985578 0.7874637777771203 0.057197837411281593 0.49433012247912145 0.010596425049092306 0.9315188135473254 0.1847262415386023 0.4541146158906221 0.9048542630649445 0.6706677399306328 0.9438317826057746 0.0 0.94384724071503 0.8043461889831415 0.2274474844604315 0.3488799452383399 0.382059498843068
0.4473702572171139 0.13451719738491252 0.19213270996095388 0.28122570838645444 0.6849328214888379 0.5914725554237 0.6809464749609263 0.02274964884973174 0.1346580661477954 0.954358280720871 0.9401916851766536 0.06594822949421475 0.94384724071503 0.0 0.2897657432822208 0.6540840174267992 0.6246745032166551 0.930483223585014
0.08103372565787947 0.46171503872240305 0.6789856369767349 0.5609452662308968 0.5350635144510493 0.14809237290642596 0.8035909076393684 0.290760032241798 0.451897582426132 0.3062488955778415 0.2036645407078569 0.7270260870695997 0.8043461889831415 0.2897657432822208 0.0 0.5005411193785907 0.3997265479494685 0.8899910668608619
0.8686183000874979 0.09994472187539294 0.02852014332609787 0.7270404538713383 0.35020204499149166 0.8907071568589131 0.3167616536055776 0.1986917044217389 0.008273680697365449 0.500309968798742 0.9980491171857354 0.4544070858151892 0.2274474844604315 0.6540840174267992 0.5005411193785907 0.0 0.09406713086923402 0.6079483637815126
0.7189814608823062 0.889121378048169 0.39842221429619806 0.7011217150679913 0.7334070179059513 0.07079792062954826 0.12816310902538852 0.8343391683677022 0.7209230307869979 0.1825952353366327 0.9668343256819116 0.6173350039895966 0.3488799452383399 0.6246745032166551 0.3997265479494685 0.09406713086923402 0.0 0.35859008864605235
0.20809988944472413 0.26640717468888253 0.8333560074549273 0.296975550217083 0.36108455035402265 0.09130295652481335 0.9458436702137777 0.4640704228821513 0.7321280773607937 0.3402100244503329 0.17872258047603184 0.6007633588375081 0.382059498843068 0.930483223585014 0.8899910668608619 0.6079483637815126 0.35859008864605235 0.0

# Optimal Walk
0 14 5 12 3 17 10 11 4 13 7 8 15 2 1 9 16 6 0
