# Graph size: 18
# Optimal cost: 1.5290844586794998

# Distance Matrix
0.0 0.6828313008794196 0.3985081644683156 0.7511527099156386 0.8279695663526593 0.2969487647420377 0.444609134157225 0.11926703265659022 0.607534498559151 0.7091441244105072 0.022343710084772317 0.43810484659589066 0.12851849420653694 0.858080159460659 0.5115070518955498 0.6421438636929364 0.6907899792715437 0.8640513408255874
0.6828313008794196 0.0 0.908694814041121 0.11699593661297314 0.02870722905727896 0.7842593443396034 0.3240578110434069 0.7381188557224347 0.1656082324040633 0.01571834357045121 0.4113082024933675 0.024458200104999772 0.5571578991375029 0.5032911363386293 0.47172997358775004 0.5142279431893111 0.23354432937302194 0.8800841867417866
0.3985081644683156 0.908694814041121 0.0 0.29423636192555847 0.7053888266664147 0.8624294280769225 0.418405561761366 0.1460553764503726 0.4199866406592745 0.39772360573756516 0.20171713123228885 0.7124137857996277 0.2493629701585719 0.25366798719643513 0.24148791444208462 0.198628833122664 0.8163528896858592 0.7493722139646721
0.7511527099156386 0.11699593661297314 0.29423636192555847 0.0 0.3575831937128212 0.25430650573707725 0.9509359453650712 0.9058690822122039 0.5167995344614121 0.8568835434589903 0.5174075875009445 0.5459125300460805 0.9813831906460858 0.8005401763751986 0.5539908385986675 0.04615792650646122 0.05784546454976658 0.9765487566833313
0.8279695663526593 0.02870722905727896 0.7053888266664147 0.3575831937128212 0.0 0.5899083185949163 0.02202982211734872 0.456115173960712 0.20241367059704463 0.49028761398140275 0.6874938925797074 0.2700454579869723 0.9596957148484582 0.9458730805759233 0.625116294931338 0.3725179070424165 0.03420416208301713 0.7723703819901906
0.2969487647420377 0.7842593443396034 0.8624294280769225 0.25430650573707725 0.5899083185949163 0.0 0.22620571619277252 0.5818643088923199 0.7172783547470561 0.5133499500567856 0.11649885128110338 0.30105225531939916 0.9231698099676705 0.4509886214168638 0.46976338637444404 0.45705801596642937 0.3050747731623358 0.020529070177075726
0.444609134157225 0.3240578110434069 0.418405561761366 0.9509359453650712 0.02202982211734872 0.22620571619277252 0.0 0.22985676618086037 0.4750761475492089 0.21115661114546458 0.7971889691808475 0.9111932542421011 0.7106919368436997 0.1119358515011506 0.6783531811804112 0.8282356670540822 0.2328698703255353 0.9517154381515195
0.11926703265659022 0.7381188557224347 0.1460553764503726 0.9058690822122039 0.456115173960712 0.5818643088923199 0.22985676618086037 0.0 0.6192335256056615 0.31654230126163563 0.10158703433476834 0.7292472607640009 0.29678287448880436 0.7510637549670736 0.3161675679789985 0.49663553758846246 0.37450114803638446 0.9417980179377152
0.607534498559151 0.1656082324040633 0.4199866406592745 0.5167995344614121 0.20241367059704463 0.7172783547470561 0.4750761475492089 0.6192335256056615 0.0 0.42385070699389005 0.8805111609385569 0.6198729630574602 0.7925769060262338 0.3728512857072971 0.17580091680735144 0.9865279113772799 0.9456701688367959 0.570148357444726
0.7091441244105072 0.01571834357045121 0.39772360573756516 0.8568835434589903 0.49028761398140275 0.5133499500567856 0.21115661114546458 0.31654230126163563 0.42385070699389005 0.0 0.03995367421004781 0.9148160664954826 0.5030586103290992 0.26146409121046177 0.8242755734388 0.5273429476563979 0.8146405447566502 0.28937179601867746
0.022343710084772317 0.4113082024933675 0.20171713123228885 0.5174075875009445 0.6874938925797074 0.11649885128110338 0.7971889691808475 0.10158703433476834 0.8805111609385569 0.03995367421004781 0.0 0.6190645280315378 0.10010976648297709 0.7543011417182173 0.005198038971866881 0.1605240774386768 0.17525599965854255 0.8666870748023668
0.43810484659589066 0.024458200104999772 0.7124137857996277 0.5459125300460805 0.2700454579869723 0.30105225531939916 0.9111932542421011 0.7292472607640009 0.6198729630574602 0.9148160664954826 0.6190645280315378 0.0 0.6113610578223498 0.8499751337119495 0.948003617234523 0.2606941466959396 0.4930136242194567 0.2696736465090155
0.12851849420653694 0.5571578991375029 0.2493629701585719 0.9813831906460858 0.9596957148484582 0.9231698099676705 0.7106919368436997 0.29678287448880436 0.7925769060262338 0.5030586103290992 0.10010976648297709 0.6113610578223498 0.0 0.10825281877703541 0.1500885109412976 0.16133549982028528 0.7445811761898913 0.14638198655989687
0.858080159460659 0.5032911363386293 0.25366798719643513 0.8005401763751986 0.9458730805759233 0.4509886214168638 0.1119358515011506 0.7510637549670736 0.3728512857072971 0.26146409121046177 0.7543011417182173 0.8499751337119495 0.10825281877703541 0.0 0.49734700849628466 0.2755468408851287 0.6957239637881905 0.24315467507043742
0.5115070518955498 0.47172997358775004 0.24148791444208462 0.5539908385986675 0.625116294931338 0.46976338637444404 0.6783531811804112 0.3161675679789985 0.17580091680735144 0.8242755734388 0.005198038971866881 0.948003617234523 0.1500885109412976 0.49734700849628466 0.0 0.3037158417300687 0.8366908231047717 0.758316196717985
0.6421438636929364 0.5142279431893111 0.198628833122664 0.04615792650646122 0.3725179070424165 0.45705801596642937 0.8282356670540822 0.49663553758846246 0.9865279113772799 0.5273429476563979 0.1605240774386768 0.2606941466959396 0.16133549982028528 0.2755468408851287 0.3037158417300687 0.0 0.25523942205394934 0.7066508840993142
0.6907899792715437 0.23354432937302194 0.8163528896858592 0.05784546454976658 0.03420416208301713 0.3050747731623358 0.2328698703255353 0.37450114803638446 0.9456701688367959 0.8146405447566502 0.17525599965854255 0.4930136242194567 0.7445811761898913 0.6957239637881905 0.8366908231047717 0.25523942205394934 0.0 0.0534599914078272
0.8640513408255874 0.8800841867417866 0.7493722139646721 0.9765487566833313 0.7723703819901906 0.020529070177075726 0.9517154381515195 0.9417980179377152 0.570148357444726 0.28937179601867746 0.8666870748023668 0.2696736465090155 0.14638198655989687 0.24315467507043742 0.758316196717985 0.7066508840993142 0.0534599914078272 0.0

# Optimal Walk
0 10 14 8 11 9 1 4 6 13 12 17 5 16 3 15 2 7 0
