# MCW Instance
# Type: UNIFORM
# N: 18
# Optimal cost: 2.540137278124315
# Optimal tour (permutation): [0, 17, 11, 1, 9, 10, 4, 16, 7, 2, 14, 6, 3, 13, 8, 15, 5, 12, 0]
# Optimal walk (full path): [0, 17, 11, 1, 9, 10, 4, 16, 4, 7, 2, 14, 6, 3, 13, 8, 15, 5, 15, 12, 0]
# Walk size: 21
# Is walk (has repeats): true

# Distance Matrix
0.0000000000 0.9496386593 0.8115973311 0.4138032536 0.4217342677 0.5278591337 0.5762826444 0.4305402905 0.5750991000 0.9671985653 0.7453807098 0.3369229295 0.1770251666 0.8491122324 0.2445622147 0.7359390121 0.6731238371 0.1716144780
0.9496386593 0.0000000000 0.8227027624 0.8744043516 0.5977110011 0.4764318219 0.6026288463 0.5685363097 0.9149967436 0.3075628614 0.8304350774 0.3217892500 0.7376948852 0.4927300978 0.6324851365 0.9198940832 0.7951525135 0.8964364112
0.8115973311 0.8227027624 0.0000000000 0.5979980651 0.2108963491 0.9225148823 0.2318143039 0.0451606432 0.4820888013 0.2731044816 0.2381837110 0.8999955081 0.8310852287 0.9181071344 0.0322099676 0.2197539151 0.1948850165 0.9908224606
0.4138032536 0.8744043516 0.5979980651 0.0000000000 0.7227802345 0.5263907807 0.2486284666 0.5571496364 0.4431937344 0.2807192688 0.2148449231 0.9496439317 0.7989868968 0.0241306138 0.7343476751 0.3893928109 0.3556917735 0.9423043475
0.4217342677 0.5977110011 0.2108963491 0.7227802345 0.0000000000 0.3415300730 0.3381254874 0.1980524508 0.8641230761 0.7596701932 0.1723829992 0.7807002408 0.9990448723 0.1859518572 0.4522402032 0.2600161205 0.0374756393 0.9712621308
0.5278591337 0.4764318219 0.9225148823 0.5263907807 0.3415300730 0.0000000000 0.2689854958 0.2478840049 0.5912227168 0.6164265172 0.8993276043 0.4602664162 0.3348998863 0.8043946830 0.2681130394 0.0470096663 0.6241936654 0.2669915097
0.5762826444 0.6026288463 0.2318143039 0.2486284666 0.3381254874 0.2689854958 0.0000000000 0.5272022837 0.4840125896 0.8131888125 0.6451992398 0.3950660374 0.7848695895 0.9704910523 0.1435386994 0.7698275188 0.4463249956 0.2026733309
0.4305402905 0.5685363097 0.0451606432 0.5571496364 0.1980524508 0.2478840049 0.5272022837 0.0000000000 0.7019682151 0.5278909971 0.9803525838 0.3336114847 0.6128216419 0.3509599203 0.1054004522 0.2595638506 0.9956573378 0.8861632520
0.5750991000 0.9149967436 0.4820888013 0.4431937344 0.8641230761 0.5912227168 0.4840125896 0.7019682151 0.0000000000 0.6703180790 0.9023889149 0.3094921411 0.5371717044 0.1667090832 0.3170834400 0.1297459047 0.7086001684 0.2489295879
0.9671985653 0.3075628614 0.2731044816 0.2807192688 0.7596701932 0.6164265172 0.8131888125 0.5278909971 0.6703180790 0.0000000000 0.1748634803 0.7463232022 0.3816565429 0.0256786371 0.5392987962 0.7496113096 0.4859112101 0.0131039967
0.7453807098 0.8304350774 0.2381837110 0.2148449231 0.1723829992 0.8993276043 0.6451992398 0.9803525838 0.9023889149 0.1748634803 0.0000000000 0.5805511016 0.6627740777 0.6502254093 0.5465727134 0.6315550483 0.8515737618 0.5652911122
0.3369229295 0.3217892500 0.8999955081 0.9496439317 0.7807002408 0.4602664162 0.3950660374 0.3336114847 0.3094921411 0.7463232022 0.5805511016 0.0000000000 0.1367328114 0.7800201599 0.3970538656 0.3708985918 0.7252190345 0.0114210238
0.1770251666 0.7376948852 0.8310852287 0.7989868968 0.9990448723 0.3348998863 0.7848695895 0.6128216419 0.5371717044 0.3816565429 0.6627740777 0.1367328114 0.0000000000 0.3517678280 0.1929623729 0.0463315783 0.7706818014 0.8168400192
0.8491122324 0.4927300978 0.9181071344 0.0241306138 0.1859518572 0.8043946830 0.9704910523 0.3509599203 0.1667090832 0.0256786371 0.6502254093 0.7800201599 0.3517678280 0.0000000000 0.1985001349 0.3332441850 0.6940508804 0.5749968816
0.2445622147 0.6324851365 0.0322099676 0.7343476751 0.4522402032 0.2681130394 0.1435386994 0.1054004522 0.3170834400 0.5392987962 0.5465727134 0.3970538656 0.1929623729 0.1985001349 0.0000000000 0.3111731412 0.4207737955 0.1776995595
0.7359390121 0.9198940832 0.2197539151 0.3893928109 0.2600161205 0.0470096663 0.7698275188 0.2595638506 0.1297459047 0.7496113096 0.6315550483 0.3708985918 0.0463315783 0.3332441850 0.3111731412 0.0000000000 0.5938077589 0.0356610066
0.6731238371 0.7951525135 0.1948850165 0.3556917735 0.0374756393 0.6241936654 0.4463249956 0.9956573378 0.7086001684 0.4859112101 0.8515737618 0.7252190345 0.7706818014 0.6940508804 0.4207737955 0.5938077589 0.0000000000 0.8914707990
0.1716144780 0.8964364112 0.9908224606 0.9423043475 0.9712621308 0.2669915097 0.2026733309 0.8861632520 0.2489295879 0.0131039967 0.5652911122 0.0114210238 0.8168400192 0.5749968816 0.1776995595 0.0356610066 0.8914707990 0.0000000000
