# MCW Instance
# Type: UNIFORM
# N: 18
# Optimal cost: 1.6088331116505468
# Optimal tour (permutation): [0, 17, 11, 16, 9, 14, 2, 7, 6, 1, 15, 10, 4, 12, 3, 8, 13, 5, 0]
# Optimal walk (full path): [0, 17, 11, 16, 9, 14, 2, 7, 1, 6, 1, 15, 10, 4, 12, 3, 8, 13, 0, 5, 0]
# Walk size: 21
# Is walk (has repeats): true

# Distance Matrix
0.0000000000 0.4297747835 0.5404668213 0.2982363033 0.1512159341 0.0659863924 0.7229735219 0.3158457810 0.4541810305 0.5310417047 0.2244322928 0.6957713949 0.5711605388 0.0001411681 0.9204559867 0.6466314700 0.9785215283 0.1011896713
0.4297747835 0.0000000000 0.1499036631 0.5434941963 0.3410397884 0.5300926882 0.1666343009 0.0388445447 0.9263231568 0.6768719451 0.4250549773 0.2361436762 0.8282647338 0.3156094078 0.9685372289 0.0068220666 0.4409622416 0.7872054256
0.5404668213 0.1499036631 0.0000000000 0.1673139565 0.6731486712 0.9927046071 0.2611630607 0.0612586761 0.7022705321 0.8490406750 0.6010874386 0.6029875492 0.7608185719 0.7246088504 0.0783152220 0.1680141806 0.4648268052 0.9053208815
0.2982363033 0.5434941963 0.1673139565 0.0000000000 0.6790661274 0.8012258309 0.4263137554 0.0756566697 0.0327351476 0.8027389302 0.7457269203 0.3702414765 0.0524198954 0.4212307614 0.9285517840 0.8245403380 0.2235052277 0.6191335110
0.1512159341 0.3410397884 0.6731486712 0.6790661274 0.0000000000 0.3147392304 0.4864196122 0.1021027997 0.1016154600 0.5012063779 0.0684882334 0.9923703217 0.0600636518 0.9105176973 0.1705466041 0.9602119023 0.3708209775 0.6129544142
0.0659863924 0.5300926882 0.9927046071 0.8012258309 0.3147392304 0.0000000000 0.7821343182 0.3105870664 0.3112202540 0.7445321027 0.9870825241 0.4066328459 0.2074961886 0.3801280421 0.5351398908 0.2410298193 0.8129459044 0.5187309569
0.7229735219 0.1666343009 0.2611630607 0.4263137554 0.4864196122 0.7821343182 0.0000000000 0.2201567482 0.4835197729 0.6297474029 0.9169277856 0.8099740852 0.8232087556 0.8341341523 0.8670937125 0.6100800642 0.3002661729 0.9421638926
0.3158457810 0.0388445447 0.0612586761 0.0756566697 0.1021027997 0.3105870664 0.2201567482 0.0000000000 0.6583527763 0.6112592833 0.9788572794 0.8621077118 0.3812283470 0.5708749466 0.7516225199 0.5195255092 0.9410046067 0.3080878197
0.4541810305 0.9263231568 0.7022705321 0.0327351476 0.1016154600 0.3112202540 0.4835197729 0.6583527763 0.0000000000 0.2857442009 0.8123821453 0.6301705466 0.9552300740 0.1216172297 0.2560986404 0.3769211775 0.9007159573 0.7173674162
0.5310417047 0.6768719451 0.8490406750 0.8027389302 0.5012063779 0.7445321027 0.6297474029 0.6112592833 0.2857442009 0.0000000000 0.3122206909 0.8345409020 0.6832855091 0.7959371346 0.0594268662 0.8055961719 0.1530416851 0.6961851286
0.2244322928 0.4250549773 0.6010874386 0.7457269203 0.0684882334 0.9870825241 0.9169277856 0.9788572794 0.8123821453 0.3122206909 0.0000000000 0.5618872143 0.1052161184 0.8016546696 0.5554234626 0.0175224822 0.8593411054 0.2822724577
0.6957713949 0.2361436762 0.6029875492 0.3702414765 0.9923703217 0.4066328459 0.8099740852 0.8621077118 0.6301705466 0.8345409020 0.5618872143 0.0000000000 0.0580409835 0.5275029105 0.4066709113 0.7890892641 0.1733401213 0.1183650632
0.5711605388 0.8282647338 0.7608185719 0.0524198954 0.0600636518 0.2074961886 0.8232087556 0.3812283470 0.9552300740 0.6832855091 0.1052161184 0.0580409835 0.0000000000 0.4271459183 0.1471890175 0.7754391792 0.4694134000 0.6551461507
0.0001411681 0.3156094078 0.7246088504 0.4212307614 0.9105176973 0.3801280421 0.8341341523 0.5708749466 0.1216172297 0.7959371346 0.8016546696 0.5275029105 0.4271459183 0.0000000000 0.1751936856 0.2890699092 0.6506135861 0.5521941573
0.9204559867 0.9685372289 0.0783152220 0.9285517840 0.1705466041 0.5351398908 0.8670937125 0.7516225199 0.2560986404 0.0594268662 0.5554234626 0.4066709113 0.1471890175 0.1751936856 0.0000000000 0.1264117864 0.5373260660 0.0599722407
0.6466314700 0.0068220666 0.1680141806 0.8245403380 0.9602119023 0.2410298193 0.6100800642 0.5195255092 0.3769211775 0.8055961719 0.0175224822 0.7890892641 0.7754391792 0.2890699092 0.1264117864 0.0000000000 0.6118003205 0.7885949410
0.9785215283 0.4409622416 0.4648268052 0.2235052277 0.3708209775 0.8129459044 0.3002661729 0.9410046067 0.9007159573 0.1530416851 0.8593411054 0.1733401213 0.4694134000 0.6506135861 0.5373260660 0.6118003205 0.0000000000 0.7808953555
0.1011896713 0.7872054256 0.9053208815 0.6191335110 0.6129544142 0.5187309569 0.9421638926 0.3080878197 0.7173674162 0.6961851286 0.2822724577 0.1183650632 0.6551461507 0.5521941573 0.0599722407 0.7885949410 0.7808953555 0.0000000000
