# MCW Instance
# Type: UNIFORM
# N: 18
# Optimal cost: 1.9786248159917161
# Optimal tour (permutation): [0, 6, 15, 12, 3, 11, 5, 14, 7, 2, 8, 13, 10, 17, 9, 4, 16, 1, 0]
# Optimal walk (full path): [0, 6, 15, 12, 3, 11, 5, 14, 7, 2, 8, 13, 10, 17, 9, 4, 16, 1, 0]
# Walk size: 19
# Is walk (has repeats): false

# Distance Matrix
0.0000000000 0.1406078904 0.8357767053 0.2516365152 0.6161926513 0.1711561201 0.0564033085 0.9522781201 0.4005233208 0.4471735915 0.4279841677 0.4098443691 0.4070453031 0.7812499880 0.6198818850 0.5695328456 0.9189527006 0.9356596723
0.1406078904 0.0000000000 0.3107020638 0.4682130741 0.7186901683 0.4781787467 0.6283897346 0.2788542870 0.1751750856 0.4165591911 0.7111230042 0.2793771944 0.9214365596 0.2940634243 0.9945028807 0.4014781358 0.1583464343 0.8200644977
0.8357767053 0.3107020638 0.0000000000 0.4487031944 0.4222000489 0.8789063454 0.7825687792 0.1386573896 0.0495017310 0.5975939968 0.9436190488 0.1610240305 0.1228027920 0.4905610428 0.8538881341 0.2235864329 0.9004592204 0.2050135118
0.2516365152 0.4682130741 0.4487031944 0.0000000000 0.0393742188 0.8759060031 0.9383498164 0.9798955796 0.8109610088 0.6744628198 0.3772314077 0.1350358767 0.0267069926 0.3711814301 0.5512468144 0.4322047372 0.4970800284 0.5511533039
0.6161926513 0.7186901683 0.4222000489 0.0393742188 0.0000000000 0.7059459909 0.2890700826 0.3649549673 0.0135320792 0.2714076611 0.3358286001 0.7150431550 0.5889911387 0.5745250950 0.3443277242 0.8715249725 0.0177979551 0.0942463760
0.1711561201 0.4781787467 0.8789063454 0.8759060031 0.7059459909 0.0000000000 0.1307832695 0.3280075487 0.9744726878 0.3645358719 0.6357364216 0.0205313568 0.3181635878 0.4120504956 0.0186831148 0.7022015149 0.1722848840 0.1790005861
0.0564033085 0.6283897346 0.7825687792 0.9383498164 0.2890700826 0.1307832695 0.0000000000 0.2698475020 0.5071203913 0.4926279405 0.7263919587 0.5378607089 0.4016504195 0.3700692759 0.1388223832 0.0996447626 0.1126369501 0.4321643855
0.9522781201 0.2788542870 0.1386573896 0.9798955796 0.3649549673 0.3280075487 0.2698475020 0.0000000000 0.9592318727 0.6575908332 0.2950730808 0.3573292861 0.6704832276 0.4391601765 0.1557896427 0.6959766498 0.2103754496 0.3953246592
0.4005233208 0.1751750856 0.0495017310 0.8109610088 0.0135320792 0.9744726878 0.5071203913 0.9592318727 0.0000000000 0.4851049005 0.9048866633 0.7576697075 0.6468032992 0.0649708781 0.7442574709 0.0589331611 0.2108405172 0.7200037134
0.4471735915 0.4165591911 0.5975939968 0.6744628198 0.2714076611 0.3645358719 0.4926279405 0.6575908332 0.4851049005 0.0000000000 0.9612936578 0.3794837357 0.9563098974 0.8568878502 0.4898557210 0.7564445544 0.6812174252 0.1979950557
0.4279841677 0.7111230042 0.9436190488 0.3772314077 0.3358286001 0.6357364216 0.7263919587 0.2950730808 0.9048866633 0.9612936578 0.0000000000 0.2326068645 0.6078936154 0.1842167325 0.5566608714 0.8602585845 0.9093209827 0.2105375118
0.4098443691 0.2793771944 0.1610240305 0.1350358767 0.7150431550 0.0205313568 0.5378607089 0.3573292861 0.7576697075 0.3794837357 0.2326068645 0.0000000000 0.9244126342 0.9619292098 0.0870822377 0.1927684447 0.8445450966 0.3112949434
0.4070453031 0.9214365596 0.1228027920 0.0267069926 0.5889911387 0.3181635878 0.4016504195 0.6704832276 0.6468032992 0.9563098974 0.6078936154 0.9244126342 0.0000000000 0.4982633112 0.7782237689 0.0317905218 0.9751261999 0.8673486029
0.7812499880 0.2940634243 0.4905610428 0.3711814301 0.5745250950 0.4120504956 0.3700692759 0.4391601765 0.0649708781 0.8568878502 0.1842167325 0.9619292098 0.4982633112 0.0000000000 0.2371627160 0.4644323696 0.4839661128 0.3323110221
0.6198818850 0.9945028807 0.8538881341 0.5512468144 0.3443277242 0.0186831148 0.1388223832 0.1557896427 0.7442574709 0.4898557210 0.5566608714 0.0870822377 0.7782237689 0.2371627160 0.0000000000 0.9799193482 0.7230632422 0.3091228530
0.5695328456 0.4014781358 0.2235864329 0.4322047372 0.8715249725 0.7022015149 0.0996447626 0.6959766498 0.0589331611 0.7564445544 0.8602585845 0.1927684447 0.0317905218 0.4644323696 0.9799193482 0.0000000000 0.8162185461 0.5760401143
0.9189527006 0.1583464343 0.9004592204 0.4970800284 0.0177979551 0.1722848840 0.1126369501 0.2103754496 0.2108405172 0.6812174252 0.9093209827 0.8445450966 0.9751261999 0.4839661128 0.7230632422 0.8162185461 0.0000000000 0.1792886160
0.9356596723 0.8200644977 0.2050135118 0.5511533039 0.0942463760 0.1790005861 0.4321643855 0.3953246592 0.7200037134 0.1979950557 0.2105375118 0.3112949434 0.8673486029 0.3323110221 0.3091228530 0.5760401143 0.1792886160 0.0000000000
