# Graph size: 18
# Optimal cost: 1.4014925939339964

# Distance Matrix
0.0 0.8392061473535366 0.328599842144631 0.3294088946036131 0.6790497464034299 0.6453464766494704 0.6239235891353099 0.6477727326607265 0.00905456181926001 0.02877193533828859 0.9084683372997546 0.49354678970246224 0.22073471508050857 0.7779108928790486 0.010504058340173095 0.9270071152080765 0.11159591598609209 0.45383234994948884
0.8392061473535366 0.0 0.007613658397022549 0.449033398493917 0.9437161689184278 0.5677515960562638 0.9670471484520029 0.2322613537096604 0.15219410279810253 0.7836225020764491 0.5413394189695379 0.6300221366586263 0.35650818260943695 0.3780242486636558 0.2541832274999012 0.21529694417801204 0.861829090002792 0.42490269070176734
0.328599842144631 0.007613658397022549 0.0 0.5234628111665683 0.35289091857989685 0.18986626426020048 0.6893274321982787 0.21151781459997132 0.8402571242994221 0.5626192882218838 0.012277747188797594 0.767121098791093 0.46587854731222866 0.677443325944044 0.04757185282816012 0.829318197678165 0.42884152509250806 0.5581271815497864
0.3294088946036131 0.449033398493917 0.5234628111665683 0.0 0.5724053914240756 0.5001901210016633 0.4392117095947916 0.7442214853464045 0.23456700908081218 0.3617652663982115 0.9760495150386812 0.5896437390693033 0.5222500503400874 0.7117207137772463 0.618378777772111 0.981625766720959 0.9464812151582862 0.42317625318910734
0.6790497464034299 0.9437161689184278 0.35289091857989685 0.5724053914240756 0.0 0.5841488650925164 0.36235829576290235 0.9115383993539716 0.2957996603235895 0.6132072202559611 0.5382265330584189 0.5153316371577731 0.7586051518755381 0.1125255769437713 0.39531971585463144 0.5695726674656113 0.3092409657610633 0.0454000549809318
0.6453464766494704 0.5677515960562638 0.18986626426020048 0.5001901210016633 0.5841488650925164 0.0 0.3049362333977259 0.4586600644288894 0.13022666326790566 0.39107137627919286 0.6990955941162182 0.0665582720245087 0.9095140300196175 0.1271884231591529 0.023607215225247558 0.8925512745123291 0.010910191346170883 0.594765033790824
0.6239235891353099 0.9670471484520029 0.6893274321982787 0.4392117095947916 0.36235829576290235 0.3049362333977259 0.0 0.03503510700676549 0.649601756853675 0.7893150730743566 0.7937557550395398 0.1979365956736444 0.09314979584740313 0.026389985263344906 0.6271038592167533 0.7600424405429306 0.5635353538707684 0.17418751472943572
0.6477727326607265 0.2322613537096604 0.21151781459997132 0.7442214853464045 0.9115383993539716 0.4586600644288894 0.03503510700676549 0.0 0.3620905081195006 0.9355845018817502 0.7418313082949614 0.3374376453290361 0.610041419402314 0.5107665036265523 0.416724611281288 0.699598311284296 0.9389231059766608 0.10041202440442376
0.00905456181926001 0.15219410279810253 0.8402571242994221 0.23456700908081218 0.2957996603235895 0.13022666326790566 0.649601756853675 0.3620905081195006 0.0 0.6391854169857919 0.40344354268430016 0.8280879672287056 0.2311135482528075 0.5020150434056112 0.7338757501242648 0.05040376759589926 0.4037449034610735 0.92296540624164
0.02877193533828859 0.7836225020764491 0.5626192882218838 0.3617652663982115 0.6132072202559611 0.39107137627919286 0.7893150730743566 0.9355845018817502 0.6391854169857919 0.0 0.8188129014416242 0.7242296100453022 0.2969886660961797 0.232974222862939 0.9634156375143152 0.21617723533886546 0.31356950797864824 0.07516162712255958
0.9084683372997546 0.5413394189695379 0.012277747188797594 0.9760495150386812 0.5382265330584189 0.6990955941162182 0.7937557550395398 0.7418313082949614 0.40344354268430016 0.8188129014416242 0.0 0.1635832643646452 0.795322726804363 0.742172686039777 0.10558554584541557 0.3065615371002015 0.44051074125398304 0.9105670750637324
0.49354678970246224 0.6300221366586263 0.767121098791093 0.5896437390693033 0.5153316371577731 0.0665582720245087 0.1979365956736444 0.3374376453290361 0.8280879672287056 0.7242296100453022 0.1635832643646452 0.0 0.2533547437459235 0.05966936653291699 0.4846195060722177 0.8392403005842506 0.8455499496444612 0.47256571872428255
0.22073471508050857 0.35650818260943695 0.46587854731222866 0.5222500503400874 0.7586051518755381 0.9095140300196175 0.09314979584740313 0.610041419402314 0.2311135482528075 0.2969886660961797 0.795322726804363 0.2533547437459235 0.0 0.8431314806444286 0.06989265810082945 0.7315049629395873 0.8741416239762634 0.4190813897871214
0.7779108928790486 0.3780242486636558 0.677443325944044 0.7117207137772463 0.1125255769437713 0.1271884231591529 0.026389985263344906 0.5107665036265523 0.5020150434056112 0.232974222862939 0.742172686039777 0.05966936653291699 0.8431314806444286 0.0 0.539426370384941 0.6513516865027101 0.7320369146445066 0.9024296718217711
0.010504058340173095 0.2541832274999012 0.04757185282816012 0.618378777772111 0.39531971585463144 0.023607215225247558 0.6271038592167533 0.416724611281288 0.7338757501242648 0.9634156375143152 0.10558554584541557 0.4846195060722177 0.06989265810082945 0.539426370384941 0.0 0.5976047734632138 0.4853334947262735 0.7609446566048045
0.9270071152080765 0.21529694417801204 0.829318197678165 0.981625766720959 0.5695726674656113 0.8925512745123291 0.7600424405429306 0.699598311284296 0.05040376759589926 0.21617723533886546 0.3065615371002015 0.8392403005842506 0.7315049629395873 0.6513516865027101 0.5976047734632138 0.0 0.5891360043652112 0.5253457803680919
0.11159591598609209 0.861829090002792 0.42884152509250806 0.9464812151582862 0.3092409657610633 0.010910191346170883 0.5635353538707684 0.9389231059766608 0.4037449034610735 0.31356950797864824 0.44051074125398304 0.8455499496444612 0.8741416239762634 0.7320369146445066 0.4853334947262735 0.5891360043652112 0.0 0.693244589415787
0.45383234994948884 0.42490269070176734 0.5581271815497864 0.42317625318910734 0.0454000549809318 0.594765033790824 0.17418751472943572 0.10041202440442376 0.92296540624164 0.07516162712255958 0.9105670750637324 0.47256571872428255 0.4190813897871214 0.9024296718217711 0.7609446566048045 0.5253457803680919 0.693244589415787 0.0

# Optimal Walk
0 15 8 3 9 17 4 7 6 13 11 16 5 14 12 10 2 1 0
