# Graph size: 18
# Optimal cost: 1.6846844643323111

# Distance Matrix
0.0 0.47815345801914844 0.895247519901713 0.16148884458096424 0.40348279427817135 0.00997823252449248 0.8340490641492144 0.9313469863079126 0.14420768965689335 0.3477079437292554 0.09701677862732416 0.20919744974203414 0.4199321754055604 0.5931215800149806 0.9413893857426074 0.9661805691483913 0.9248662382789814 0.5768090581162938
0.47815345801914844 0.0 0.7552022487413456 0.955293427173832 0.9447290363033076 0.5539579773520624 0.016460977060191118 0.09682468641414399 0.22824604494031164 0.9318491093155186 0.756046884161756 0.30884362490286776 0.9277008397898494 0.027870389675702545 0.35250969720485725 0.8171973550645979 0.4293728149192023 0.37346081291076594
0.895247519901713 0.7552022487413456 0.0 0.2300670773294532 0.5116976549838709 0.2784811139632274 0.8772471108279709 0.3055445481603386 0.22865423611706515 0.8182942885678229 0.23973800277091928 0.8356536761769697 0.9346390980686478 0.6093541144058348 0.37229160465203726 0.6529201144059593 0.6623421550964916 0.1723010955186861
0.16148884458096424 0.955293427173832 0.2300670773294532 0.0 0.21467397248781217 0.6467375727583747 0.7066054200046124 0.10657833901824865 0.2683779623397361 0.7454371708201407 0.027199627764122436 0.17732952030901183 0.3669729684810298 0.5859267485277297 0.024633154365183763 0.5340954051465255 0.6901079830435483 0.5193675187082352
0.40348279427817135 0.9447290363033076 0.5116976549838709 0.21467397248781217 0.0 0.8562606712184425 0.8274530262261118 0.7943918198741613 0.5945206367986435 0.24218429759193383 0.6235303404566263 0.48222603770574735 0.6848094860445799 0.27391790106498237 0.1813680318965627 0.6587673379666712 0.9808081434799121 0.08351040359545392
0.00997823252449248 0.5539579773520624 0.2784811139632274 0.6467375727583747 0.8562606712184425 0.0 0.3543897599674447 0.9375482374106187 0.6567800996102781 0.3568016641349263 0.10478079487289538 0.6468861053274926 0.6380557007098481 0.5817104660558539 0.8783639434432057 0.06206198425611209 0.04545056628227451 0.6109307529636955
0.8340490641492144 0.016460977060191118 0.8772471108279709 0.7066054200046124 0.8274530262261118 0.3543897599674447 0.0 0.8776013810283101 0.14235290573270132 0.07359152312093364 0.5881389188076699 0.09163912909451011 0.7873520758735502 0.7719307209779477 0.5377916526751195 0.7948509109114695 0.6436136922670558 0.4403921209824344
0.9313469863079126 0.09682468641414399 0.3055445481603386 0.10657833901824865 0.7943918198741613 0.9375482374106187 0.8776013810283101 0.0 0.9508199543088033 0.10912643266956712 0.7905098960771672 0.12600938398458816 0.5120021570550133 0.14018860576426373 0.21328984400066042 0.012577739141508615 0.7095245725346548 0.14451343221340884
0.14420768965689335 0.22824604494031164 0.22865423611706515 0.2683779623397361 0.5945206367986435 0.6567800996102781 0.14235290573270132 0.9508199543088033 0.0 0.8316815871006188 0.3322563820355323 0.4432157158639042 0.1609645635842789 0.9939795564064744 0.7962226791529022 0.9051661803174641 0.5500448201260463 0.769411773155143
0.3477079437292554 0.9318491093155186 0.8182942885678229 0.7454371708201407 0.24218429759193383 0.3568016641349263 0.07359152312093364 0.10912643266956712 0.8316815871006188 0.0 0.4408925723652949 0.9449226705476923 0.9237047506819602 0.07568273595031239 0.216886614724218 0.851171697364404 0.019938274556071334 0.6639388723275401
0.09701677862732416 0.756046884161756 0.23973800277091928 0.027199627764122436 0.6235303404566263 0.10478079487289538 0.5881389188076699 0.7905098960771672 0.3322563820355323 0.4408925723652949 0.0 0.6098342574048186 0.9828047925500547 0.178934265774071 0.250005907120733 0.07527366998013474 0.9644835642913435 0.2113417356938253
0.20919744974203414 0.30884362490286776 0.8356536761769697 0.17732952030901183 0.48222603770574735 0.6468861053274926 0.09163912909451011 0.12600938398458816 0.4432157158639042 0.9449226705476923 0.6098342574048186 0.0 0.6285982908811728 0.0943182473927986 0.2252994080452434 0.6142454738221464 0.4363028392287879 0.21242491618714965
0.4199321754055604 0.9277008397898494 0.9346390980686478 0.3669729684810298 0.6848094860445799 0.6380557007098481 0.7873520758735502 0.5120021570550133 0.1609645635842789 0.9237047506819602 0.9828047925500547 0.6285982908811728 0.0 0.5038498100715081 0.28673864878257327 0.33948991695776376 0.5105135636834279 0.5690289645015459
0.5931215800149806 0.027870389675702545 0.6093541144058348 0.5859267485277297 0.27391790106498237 0.5817104660558539 0.7719307209779477 0.14018860576426373 0.9939795564064744 0.07568273595031239 0.178934265774071 0.0943182473927986 0.5038498100715081 0.0 0.12451667177677506 0.8149077067188312 0.5758509595846706 0.8130575518842063
0.9413893857426074 0.35250969720485725 0.37229160465203726 0.024633154365183763 0.1813680318965627 0.8783639434432057 0.5377916526751195 0.21328984400066042 0.7962226791529022 0.216886614724218 0.250005907120733 0.2252994080452434 0.28673864878257327 0.12451667177677506 0.0 0.1317070688391604 0.3635658128624196 0.18952636040148696
0.9661805691483913 0.8171973550645979 0.6529201144059593 0.5340954051465255 0.6587673379666712 0.06206198425611209 0.7948509109114695 0.012577739141508615 0.9051661803174641 0.851171697364404 0.07527366998013474 0.6142454738221464 0.33948991695776376 0.8149077067188312 0.1317070688391604 0.0 0.5617528220829575 0.9781881740090465
0.9248662382789814 0.4293728149192023 0.6623421550964916 0.6901079830435483 0.9808081434799121 0.04545056628227451 0.6436136922670558 0.7095245725346548 0.5500448201260463 0.019938274556071334 0.9644835642913435 0.4363028392287879 0.5105135636834279 0.5758509595846706 0.3635658128624196 0.5617528220829575 0.0 0.95261669148604
0.5768090581162938 0.37346081291076594 0.1723010955186861 0.5193675187082352 0.08351040359545392 0.6109307529636955 0.4403921209824344 0.14451343221340884 0.769411773155143 0.6639388723275401 0.2113417356938253 0.21242491618714965 0.5690289645015459 0.8130575518842063 0.18952636040148696 0.9781881740090465 0.95261669148604 0.0

# Optimal Walk
0 5 16 9 13 1 6 11 7 15 10 3 14 4 17 2 12 8 0
