# MCW Instance
# Type: UNIFORM
# N: 18
# Optimal cost: 1.8223707362546415
# Optimal tour (permutation): [0, 3, 9, 17, 12, 7, 10, 1, 15, 4, 8, 5, 2, 13, 16, 14, 11, 6, 0]
# Optimal walk (full path): [0, 3, 9, 17, 12, 7, 10, 1, 15, 4, 8, 5, 13, 2, 13, 16, 14, 11, 6, 3, 0]
# Walk size: 21
# Is walk (has repeats): true

# Distance Matrix
0.0000000000 0.8658627458 0.0739447201 0.0011285626 0.6177438839 0.8016737651 0.5900764216 0.8001774367 0.2129446849 0.5125960744 0.9711258290 0.6789133113 0.3723186302 0.0756613260 0.5724516796 0.8277308931 0.1994264513 0.8924749330
0.8658627458 0.0000000000 0.4319912029 0.3114154210 0.3360939078 0.9874661152 0.7939827482 0.9775809540 0.6371740906 0.4368609581 0.0094824297 0.5207487218 0.6275143116 0.3729888310 0.7009119675 0.1901340989 0.4413534495 0.6657598623
0.0739447201 0.4319912029 0.0000000000 0.5866647138 0.5520608213 0.3437897273 0.8216267382 0.9018353219 0.9220233521 0.8646227232 0.8600711998 0.9224277997 0.5667698448 0.0367876086 0.9286323002 0.7029359182 0.5433793847 0.2247640388
0.0011285626 0.3114154210 0.5866647138 0.0000000000 0.1997194784 0.7709785404 0.0901590765 0.5527553901 0.1559309032 0.1877121683 0.8132878479 0.9980987491 0.7153229388 0.0790312536 0.5234857552 0.8022800835 0.7740546284 0.4701067742
0.6177438839 0.3360939078 0.5520608213 0.1997194784 0.0000000000 0.4685887072 0.9700925716 0.6510561071 0.0146018806 0.8807602967 0.2768907592 0.6078477706 0.9999428338 0.2111742907 0.3845569966 0.0863625085 0.8313126064 0.1603520983
0.8016737651 0.9874661152 0.3437897273 0.7709785404 0.4685887072 0.0000000000 0.3787103718 0.5586007229 0.0495733353 0.6289421435 0.2828531667 0.9141736982 0.8221129184 0.0115784735 0.8795631157 0.1252682157 0.7606503980 0.8355588265
0.5900764216 0.7939827482 0.8216267382 0.0901590765 0.9700925716 0.3787103718 0.0000000000 0.4745043469 0.5232908878 0.8663233965 0.6064324483 0.0759437175 0.3974284052 0.3799202048 0.8641909824 0.8306234321 0.7825853897 0.3239084277
0.8001774367 0.9775809540 0.9018353219 0.5527553901 0.6510561071 0.5586007229 0.4745043469 0.0000000000 0.8766061517 0.4562546801 0.2426388188 0.5629501863 0.1003600985 0.8415615600 0.1746742534 0.2808844156 0.5259658991 0.9467178780
0.2129446849 0.6371740906 0.9220233521 0.1559309032 0.0146018806 0.0495733353 0.5232908878 0.8766061517 0.0000000000 0.6608456028 0.8746944998 0.2890768341 0.6301842841 0.1767271169 0.3997692515 0.4786350225 0.0523667326 0.5285021919
0.5125960744 0.4368609581 0.8646227232 0.1877121683 0.8807602967 0.6289421435 0.8663233965 0.4562546801 0.6608456028 0.0000000000 0.8658042938 0.9014115139 0.8621813205 0.2360608183 0.8789796404 0.6728410136 0.4595251546 0.2050537167
0.9711258290 0.0094824297 0.8600711998 0.8132878479 0.2768907592 0.2828531667 0.6064324483 0.2426388188 0.8746944998 0.8658042938 0.0000000000 0.3535886464 0.8956569745 0.2448161992 0.9381776464 0.2750824133 0.3606830296 0.9161796811
0.6789133113 0.5207487218 0.9224277997 0.9980987491 0.6078477706 0.9141736982 0.0759437175 0.5629501863 0.2890768341 0.9014115139 0.3535886464 0.0000000000 0.7244434128 0.7865327647 0.1582397635 0.5555224057 0.2149039512 0.1918061142
0.3723186302 0.6275143116 0.5667698448 0.7153229388 0.9999428338 0.8221129184 0.3974284052 0.1003600985 0.6301842841 0.8621813205 0.8956569745 0.7244434128 0.0000000000 0.3239759751 0.4566507332 0.5442972495 0.8212795196 0.1595362276
0.0756613260 0.3729888310 0.0367876086 0.0790312536 0.2111742907 0.0115784735 0.3799202048 0.8415615600 0.1767271169 0.2360608183 0.2448161992 0.7865327647 0.3239759751 0.0000000000 0.3917514872 0.6902848037 0.0897191199 0.6663276059
0.5724516796 0.7009119675 0.9286323002 0.5234857552 0.3845569966 0.8795631157 0.8641909824 0.1746742534 0.3997692515 0.8789796404 0.9381776464 0.1582397635 0.4566507332 0.3917514872 0.0000000000 0.2869696247 0.0754429600 0.4909806579
0.8277308931 0.1901340989 0.7029359182 0.8022800835 0.0863625085 0.1252682157 0.8306234321 0.2808844156 0.4786350225 0.6728410136 0.2750824133 0.5555224057 0.5442972495 0.6902848037 0.2869696247 0.0000000000 0.6097497050 0.0834803274
0.1994264513 0.4413534495 0.5433793847 0.7740546284 0.8313126064 0.7606503980 0.7825853897 0.5259658991 0.0523667326 0.4595251546 0.3606830296 0.2149039512 0.8212795196 0.0897191199 0.0754429600 0.6097497050 0.0000000000 0.5118915227
0.8924749330 0.6657598623 0.2247640388 0.4701067742 0.1603520983 0.8355588265 0.3239084277 0.9467178780 0.5285021919 0.2050537167 0.9161796811 0.1918061142 0.1595362276 0.6663276059 0.4909806579 0.0834803274 0.5118915227 0.0000000000
