# Graph size: 18
# Optimal cost: 2.0400987188450754

# Distance Matrix
0.0 0.6236199020659837 0.589632269874893 0.1751291994829306 0.4910513352210708 0.2499688022670531 0.36280237208469124 0.5554261586307384 0.47519677404296945 0.26539735288291666 0.3491491383820481 0.9068034485958876 0.7805493347509342 0.3951268911940127 0.36283511967034077 0.6181652495815677 0.6030852686094741 0.09576627348506406
0.6236199020659837 0.0 0.6216409651167621 0.5859017683286292 0.4386638829089007 0.22118714358127856 0.9919434174146161 0.2677082928638945 0.19808497157091542 0.8382565688898246 0.6039869252969463 0.5688939389333696 0.9079093920694988 0.10090526220331764 0.9307410681407514 0.18499054208876942 0.4501979216585684 0.8419851322522124
0.589632269874893 0.6216409651167621 0.0 0.7761751383166084 0.5410725169652584 0.5374884303862455 0.0745976086210065 0.0025702944007330863 0.2660506707760145 0.3937444786241189 0.9080499097450339 0.24152863777185118 0.21930505881001883 0.41767369126100806 0.47832344453582754 0.27962764468465684 0.4473719642942632 0.4417269854386051
0.1751291994829306 0.5859017683286292 0.7761751383166084 0.0 0.36891475767984416 0.2872076205462316 0.09000356130580167 0.06825507464164271 0.6551363657361843 0.5675687857867842 0.17776893785976655 0.9637116919123736 0.1434411894228197 0.04389349182999436 0.4674672663734851 0.9224578114609668 0.5970606033695257 0.27249858668454496
0.4910513352210708 0.4386638829089007 0.5410725169652584 0.36891475767984416 0.0 0.9469757007341943 0.9736347462518788 0.7402233816058754 0.37356146346935815 0.4077554869344241 0.7977381175983755 0.6154486309584745 0.9042527689015731 0.5310921222660538 0.24393901846876676 0.4318826638470312 0.3642477664127507 0.2632462955560785
0.2499688022670531 0.22118714358127856 0.5374884303862455 0.2872076205462316 0.9469757007341943 0.0 0.7948624949416732 0.3873765938102566 0.7198771785337347 0.865044201872342 0.4124475696076535 0.0729776454135207 0.060717690757786436 0.9130375766423297 0.31667709887520634 0.9757334553452458 0.2612111858772316 0.7022148103637619
0.36280237208469124 0.9919434174146161 0.0745976086210065 0.09000356130580167 0.9736347462518788 0.7948624949416732 0.0 0.8983801656295882 0.2841864638119662 0.30994078983736706 0.9543466635885239 0.14797302900154918 0.6706601162235971 0.790481260387162 0.4714012121607014 0.6939193130192853 0.9754171224745989 0.8502794842004396
0.5554261586307384 0.2677082928638945 0.0025702944007330863 0.06825507464164271 0.7402233816058754 0.3873765938102566 0.8983801656295882 0.0 0.39006459233147783 0.7878543275012742 0.749995138403262 0.8778111449492342 0.9912552750329816 0.347731551851442 0.43050243977875113 0.0232972305624376 0.5976215726940914 0.4760145940921251
0.47519677404296945 0.19808497157091542 0.2660506707760145 0.6551363657361843 0.37356146346935815 0.7198771785337347 0.2841864638119662 0.39006459233147783 0.0 0.5063828904241068 0.644554595236624 0.9523631568901856 0.7068508782649979 0.4261354648098905 0.7370925586361673 0.6143196418995808 0.6043284133962588 0.13870058958923182
0.26539735288291666 0.8382565688898246 0.3937444786241189 0.5675687857867842 0.4077554869344241 0.865044201872342 0.30994078983736706 0.7878543275012742 0.5063828904241068 0.0 0.4163573987073227 0.32712002607828605 0.23333000972891071 0.10770220248038875 0.5600654463919672 0.024288915390459742 0.4551642114820268 0.3554604373178232
0.3491491383820481 0.6039869252969463 0.9080499097450339 0.17776893785976655 0.7977381175983755 0.4124475696076535 0.9543466635885239 0.749995138403262 0.644554595236624 0.4163573987073227 0.0 0.7898543782436404 0.1175568207762192 0.9620660297721784 0.5946672873474569 0.0740217033585534 0.9822234961848314 0.4578242680023883
0.9068034485958876 0.5688939389333696 0.24152863777185118 0.9637116919123736 0.6154486309584745 0.0729776454135207 0.14797302900154918 0.8778111449492342 0.9523631568901856 0.32712002607828605 0.7898543782436404 0.0 0.7878431072738006 0.36690805773630697 0.10127458159638358 0.4162067290587098 0.5381693369837318 0.8655223764057619
0.7805493347509342 0.9079093920694988 0.21930505881001883 0.1434411894228197 0.9042527689015731 0.060717690757786436 0.6706601162235971 0.9912552750329816 0.7068508782649979 0.23333000972891071 0.1175568207762192 0.7878431072738006 0.0 0.15905362926847189 0.4045186720597779 0.5600188197974912 0.6602950149898071 0.48564320652051607
0.3951268911940127 0.10090526220331764 0.41767369126100806 0.04389349182999436 0.5310921222660538 0.9130375766423297 0.790481260387162 0.347731551851442 0.4261354648098905 0.10770220248038875 0.9620660297721784 0.36690805773630697 0.15905362926847189 0.0 0.04654347167461659 0.10348179560729964 0.7843836911584073 0.644709916386107
0.36283511967034077 0.9307410681407514 0.47832344453582754 0.4674672663734851 0.24393901846876676 0.31667709887520634 0.4714012121607014 0.43050243977875113 0.7370925586361673 0.5600654463919672 0.5946672873474569 0.10127458159638358 0.4045186720597779 0.04654347167461659 0.0 0.31727908978055075 0.614412284596339 0.9247463682833882
0.6181652495815677 0.18499054208876942 0.27962764468465684 0.9224578114609668 0.4318826638470312 0.9757334553452458 0.6939193130192853 0.0232972305624376 0.6143196418995808 0.024288915390459742 0.0740217033585534 0.4162067290587098 0.5600188197974912 0.10348179560729964 0.31727908978055075 0.0 0.6304204230452464 0.011297492104397233
0.6030852686094741 0.4501979216585684 0.4473719642942632 0.5970606033695257 0.3642477664127507 0.2612111858772316 0.9754171224745989 0.5976215726940914 0.6043284133962588 0.4551642114820268 0.9822234961848314 0.5381693369837318 0.6602950149898071 0.7843836911584073 0.614412284596339 0.6304204230452464 0.0 0.09999600627521954
0.09576627348506406 0.8419851322522124 0.4417269854386051 0.27249858668454496 0.2632462955560785 0.7022148103637619 0.8502794842004396 0.4760145940921251 0.13870058958923182 0.3554604373178232 0.4578242680023883 0.8655223764057619 0.48564320652051607 0.644709916386107 0.9247463682833882 0.011297492104397233 0.09999600627521954 0.0

# Optimal Walk
0 17 15 9 10 12 5 11 14 4 8 1 13 3 6 2 7 16 0
