# MCW Instance
# Type: UNIFORM
# N: 24
# Optimal cost: 2.463110335358124
# Optimal tour (permutation): [0, 13, 15, 21, 8, 19, 12, 18, 2, 20, 11, 7, 23, 3, 5, 6, 1, 14, 17, 16, 22, 10, 9, 4, 0]
# Optimal walk (full path): [0, 13, 15, 8, 21, 8, 19, 12, 18, 2, 20, 11, 7, 23, 3, 5, 1, 6, 1, 14, 17, 16, 17, 9, 22, 9, 10, 9, 4, 0]
# Walk size: 30
# Is walk (has repeats): true

# Distance Matrix
0.0000000000 0.8692230414 0.5293327449 0.1118743811 0.0248051705 0.1726542327 0.5077512425 0.5343957398 0.9057625928 0.9758508694 0.7589780974 0.4597683023 0.6718222074 0.0995037036 0.1481673267 0.7941786537 0.7016265374 0.4307568286 0.8945591344 0.9486883267 0.7149589349 0.2062094373 0.4584867088 0.8998275302
0.8692230414 0.0000000000 0.9429159534 0.7084468492 0.4842234356 0.0651009815 0.0381393373 0.2220788174 0.3294629366 0.5547151832 0.6157635452 0.8462392658 0.0647631882 0.8774389055 0.0588981701 0.2927285751 0.2100748145 0.9763595677 0.4968788959 0.1124556791 0.8905134539 0.5493999977 0.6701848451 0.8875641211
0.5293327449 0.9429159534 0.0000000000 0.5398241789 0.9698119211 0.7328339431 0.8026026747 0.7575259767 0.7634635053 0.9112322235 0.6653276133 0.4345125190 0.5225902481 0.3378668564 0.8862004530 0.8019252390 0.3397799880 0.3088968611 0.1453712999 0.6294030596 0.3313144371 0.6766098682 0.4769147678 0.4013529860
0.1118743811 0.7084468492 0.5398241789 0.0000000000 0.5855908173 0.0808763257 0.2823119502 0.9336741032 0.9201994227 0.2481480031 0.3486481612 0.5584071481 0.1603338123 0.6422105110 0.2917232029 0.7000703561 0.2615623797 0.3378143380 0.9702471529 0.3949819383 0.4915912449 0.1064727231 0.3245214284 0.0636580908
0.0248051705 0.4842234356 0.9698119211 0.5855908173 0.0000000000 0.0585003823 0.3531285518 0.7814811858 0.6364148056 0.0270361373 0.7230570401 0.8377019564 0.9535906519 0.0998947462 0.9102845696 0.6829499181 0.2143469445 0.8575336436 0.4419680855 0.7590814829 0.1317904490 0.3478981528 0.9875940820 0.9625750144
0.1726542327 0.0651009815 0.7328339431 0.0808763257 0.0585003823 0.0000000000 0.3672033588 0.4965532223 0.0475194846 0.7937032306 0.7624536536 0.6680611523 0.7122915123 0.1313325277 0.8671987995 0.8510482207 0.5523471973 0.4695607144 0.2662840026 0.3622539139 0.5971073552 0.3908824026 0.2527759274 0.6689590018
0.5077512425 0.0381393373 0.8026026747 0.2823119502 0.3531285518 0.3672033588 0.0000000000 0.7931442569 0.7702969192 0.4633616962 0.9145395887 0.2930156910 0.7057510523 0.1953816680 0.9984957508 0.4195227293 0.4525345215 0.2585540683 0.6101558032 0.1745622381 0.7027235609 0.3794884010 0.4443574427 0.7174093976
0.5343957398 0.2220788174 0.7575259767 0.9336741032 0.7814811858 0.4965532223 0.7931442569 0.0000000000 0.3954939284 0.3733736058 0.9377601031 0.3241793237 0.8701015010 0.5247658697 0.2560430099 0.9583815033 0.5805550693 0.8781904215 0.9350959487 0.7318938585 0.7794827465 0.4293103403 0.5334110506 0.2163485927
0.9057625928 0.3294629366 0.7634635053 0.9201994227 0.6364148056 0.0475194846 0.7702969192 0.3954939284 0.0000000000 0.5484193040 0.5287046450 0.8882351774 0.7768346295 0.3027195323 0.1628370543 0.0846443924 0.8429867928 0.4315276301 0.1605854987 0.0445536475 0.3069451360 0.0467109683 0.7887423014 0.7217756803
0.9758508694 0.5547151832 0.9112322235 0.2481480031 0.0270361373 0.7937032306 0.4633616962 0.3733736058 0.5484193040 0.0000000000 0.0433318865 0.9093915870 0.6461829814 0.2495958366 0.8833083373 0.4786863421 0.2439415064 0.0289300289 0.2429370855 0.6844929027 0.1672187228 0.6679849368 0.0054893953 0.4646351566
0.7589780974 0.6157635452 0.6653276133 0.3486481612 0.7230570401 0.7624536536 0.9145395887 0.9377601031 0.5287046450 0.0433318865 0.0000000000 0.2553892489 0.8884416288 0.1880023250 0.3264083288 0.8073620141 0.9985345421 0.3843026824 0.1935408107 0.4221878393 0.2999997597 0.9698807642 0.5818158082 0.7185972880
0.4597683023 0.8462392658 0.4345125190 0.5584071481 0.8377019564 0.6680611523 0.2930156910 0.3241793237 0.8882351774 0.9093915870 0.2553892489 0.0000000000 0.8437183118 0.5784094591 0.7100732818 0.8421903622 0.2779809886 0.4153690551 0.4980380872 0.3652894021 0.1436538180 0.5611523056 0.5283979317 0.9120047742
0.6718222074 0.0647631882 0.5225902481 0.1603338123 0.9535906519 0.7122915123 0.7057510523 0.8701015010 0.7768346295 0.6461829814 0.8884416288 0.8437183118 0.0000000000 0.8621237278 0.5341875168 0.9577804722 0.5998529936 0.8347567011 0.0340326745 0.0497559983 0.1793049448 0.5267011339 0.9650565636 0.4727183605
0.0995037036 0.8774389055 0.3378668564 0.6422105110 0.0998947462 0.1313325277 0.1953816680 0.5247658697 0.3027195323 0.2495958366 0.1880023250 0.5784094591 0.8621237278 0.0000000000 0.5739319216 0.1432215705 0.5532377005 0.7564734696 0.3763552791 0.5233489917 0.6117755307 0.3335913868 0.7389954620 0.1734857830
0.1481673267 0.0588981701 0.8862004530 0.2917232029 0.9102845696 0.8671987995 0.9984957508 0.2560430099 0.1628370543 0.8833083373 0.3264083288 0.7100732818 0.5341875168 0.5739319216 0.0000000000 0.7856225527 0.4050544003 0.0136547284 0.9427045574 0.9107101640 0.4644600156 0.4402569199 0.7018323650 0.4605547413
0.7941786537 0.2927285751 0.8019252390 0.7000703561 0.6829499181 0.8510482207 0.4195227293 0.9583815033 0.0846443924 0.4786863421 0.8073620141 0.8421903622 0.9577804722 0.1432215705 0.7856225527 0.0000000000 0.6910148695 0.1626069267 0.5300125349 0.4210951635 0.5787809816 0.8578215701 0.3352884255 0.8340263282
0.7016265374 0.2100748145 0.3397799880 0.2615623797 0.2143469445 0.5523471973 0.4525345215 0.5805550693 0.8429867928 0.2439415064 0.9985345421 0.2779809886 0.5998529936 0.5532377005 0.4050544003 0.6910148695 0.0000000000 0.1081140345 0.3061223085 0.5398549430 0.6795577858 0.4849579223 0.2989697185 0.4459750831
0.4307568286 0.9763595677 0.3088968611 0.3378143380 0.8575336436 0.4695607144 0.2585540683 0.8781904215 0.4315276301 0.0289300289 0.3843026824 0.4153690551 0.8347567011 0.7564734696 0.0136547284 0.1626069267 0.1081140345 0.0000000000 0.7314405509 0.9746383518 0.3860585674 0.1651603530 0.5102689633 0.6390232404
0.8945591344 0.4968788959 0.1453712999 0.9702471529 0.4419680855 0.2662840026 0.6101558032 0.9350959487 0.1605854987 0.2429370855 0.1935408107 0.4980380872 0.0340326745 0.3763552791 0.9427045574 0.5300125349 0.3061223085 0.7314405509 0.0000000000 0.0954811308 0.5410654812 0.4854789960 0.8493952201 0.4264059150
0.9486883267 0.1124556791 0.6294030596 0.3949819383 0.7590814829 0.3622539139 0.1745622381 0.7318938585 0.0445536475 0.6844929027 0.4221878393 0.3652894021 0.0497559983 0.5233489917 0.9107101640 0.4210951635 0.5398549430 0.9746383518 0.0954811308 0.0000000000 0.3256495007 0.2321280418 0.2921076957 0.6099075232
0.7149589349 0.8905134539 0.3313144371 0.4915912449 0.1317904490 0.5971073552 0.7027235609 0.7794827465 0.3069451360 0.1672187228 0.2999997597 0.1436538180 0.1793049448 0.6117755307 0.4644600156 0.5787809816 0.6795577858 0.3860585674 0.5410654812 0.3256495007 0.0000000000 0.9785067906 0.3354555386 0.8100724513
0.2062094373 0.5493999977 0.6766098682 0.1064727231 0.3478981528 0.3908824026 0.3794884010 0.4293103403 0.0467109683 0.6679849368 0.9698807642 0.5611523056 0.5267011339 0.3335913868 0.4402569199 0.8578215701 0.4849579223 0.1651603530 0.4854789960 0.2321280418 0.9785067906 0.0000000000 0.3611230575 0.8508729991
0.4584867088 0.6701848451 0.4769147678 0.3245214284 0.9875940820 0.2527759274 0.4443574427 0.5334110506 0.7887423014 0.0054893953 0.5818158082 0.5283979317 0.9650565636 0.7389954620 0.7018323650 0.3352884255 0.2989697185 0.5102689633 0.8493952201 0.2921076957 0.3354555386 0.3611230575 0.0000000000 0.4543876450
0.8998275302 0.8875641211 0.4013529860 0.0636580908 0.9625750144 0.6689590018 0.7174093976 0.2163485927 0.7217756803 0.4646351566 0.7185972880 0.9120047742 0.4727183605 0.1734857830 0.4605547413 0.8340263282 0.4459750831 0.6390232404 0.4264059150 0.6099075232 0.8100724513 0.8508729991 0.4543876450 0.0000000000
