# MCW Instance
# Type: UNIFORM
# N: 24
# Optimal cost: 1.1327106241857918
# Optimal tour (permutation): [0, 8, 20, 11, 18, 7, 3, 10, 15, 5, 13, 9, 22, 4, 6, 16, 19, 23, 2, 21, 17, 14, 12, 1, 0]
# Optimal walk (full path): [0, 8, 20, 11, 3, 18, 3, 7, 3, 10, 15, 5, 13, 9, 22, 4, 22, 6, 16, 19, 2, 23, 2, 21, 17, 14, 12, 1, 0]
# Walk size: 29
# Is walk (has repeats): true

# Distance Matrix
0.0000000000 0.0662108737 0.7573058690 0.6944939405 0.9640190681 0.3041543374 0.8548736470 0.8337778710 0.1001884732 0.4757707175 0.9719061596 0.5677180777 0.9450818238 0.2998926575 0.9327782354 0.7949284102 0.4350169311 0.9903734945 0.9543075365 0.2956114587 0.1964492118 0.8430933071 0.7039339755 0.9671818944
0.0662108737 0.0000000000 0.1691692990 0.2450237033 0.1452916767 0.4612118517 0.7536028660 0.4156851412 0.2092901392 0.8020516943 0.1223798335 0.9266812960 0.0407348583 0.8184550668 0.1888793261 0.0615969894 0.8136822474 0.2517645483 0.6092459015 0.3763973981 0.8831372408 0.2176899963 0.1094110067 0.3995684441
0.7573058690 0.1691692990 0.0000000000 0.3463665119 0.2934390158 0.3749437706 0.2715890295 0.9240139685 0.8779346442 0.7190931179 0.2649279213 0.4393692317 0.6300829473 0.7531732243 0.5486094708 0.0735543355 0.7285288846 0.3234826784 0.2654940061 0.0050572101 0.4160658250 0.0502374546 0.9757699992 0.0039552180
0.6944939405 0.2450237033 0.3463665119 0.0000000000 0.7928406023 0.9065359630 0.7867569804 0.0443358123 0.1047225761 0.4091646093 0.0369698241 0.0228351672 0.8366813346 0.1580904445 0.2314959991 0.2268806028 0.7657450485 0.6577768862 0.0360899100 0.2831352445 0.7540873450 0.5809978006 0.5289888058 0.9348090111
0.9640190681 0.1452916767 0.2934390158 0.7928406023 0.0000000000 0.4700171762 0.8946137692 0.5823074938 0.1459128782 0.4131231649 0.5568138912 0.1989698645 0.7111980031 0.5895503151 0.8166154245 0.8664870069 0.7624352344 0.9343628694 0.4989522392 0.5054933865 0.3048545102 0.1101749776 0.0424727852 0.3888040227
0.3041543374 0.4612118517 0.3749437706 0.9065359630 0.4700171762 0.0000000000 0.1919779261 0.6247060580 0.4722069715 0.4858571845 0.7527441263 0.3046451116 0.9355500959 0.0477584244 0.6217356364 0.0391846474 0.9075518809 0.8897440761 0.1914852035 0.3638112196 0.6802867366 0.7507328397 0.5052508586 0.8934164255
0.8548736470 0.7536028660 0.2715890295 0.7867569804 0.8946137692 0.1919779261 0.0000000000 0.2911214083 0.3137366726 0.3393137894 0.8335185746 0.6159841501 0.9562528876 0.6857668741 0.7993619158 0.9562800357 0.0663618511 0.8399261581 0.9548868366 0.0818842668 0.8081051277 0.8209112849 0.0470408340 0.3576864318
0.8337778710 0.4156851412 0.9240139685 0.0443358123 0.5823074938 0.6247060580 0.2911214083 0.0000000000 0.5488215430 0.9096050242 0.2556271835 0.2774458102 0.7714694730 0.6751164355 0.9048639799 0.4562584166 0.1865655776 0.9790356797 0.9900533897 0.8917244967 0.9312216960 0.0961829596 0.1612374489 0.0939449023
0.1001884732 0.2092901392 0.8779346442 0.1047225761 0.1459128782 0.4722069715 0.3137366726 0.5488215430 0.0000000000 0.1968630877 0.2712183129 0.2754429256 0.5057634177 0.3625628410 0.7423923182 0.8800948205 0.4872114322 0.7275288486 0.5068827576 0.0224043863 0.0219002033 0.2341313583 0.8765754047 0.5930139035
0.4757707175 0.8020516943 0.7190931179 0.4091646093 0.4131231649 0.4858571845 0.3393137894 0.9096050242 0.1968630877 0.0000000000 0.2181453064 0.1519604397 0.1788120581 0.0069076295 0.6238966097 0.5537545584 0.7935424657 0.4005741765 0.3520864158 0.5556428608 0.0864807480 0.6816326518 0.0217973157 0.7169953580
0.9719061596 0.1223798335 0.2649279213 0.0369698241 0.5568138912 0.7527441263 0.8335185746 0.2556271835 0.2712183129 0.2181453064 0.0000000000 0.6972814816 0.7056112464 0.5606904660 0.6992766479 0.0724144592 0.5742935937 0.9854239641 0.2686507426 0.0943306629 0.5510245285 0.3793303184 0.9936856377 0.1516771094
0.5677180777 0.9266812960 0.4393692317 0.0228351672 0.1989698645 0.3046451116 0.6159841501 0.2774458102 0.2754429256 0.1519604397 0.6972814816 0.0000000000 0.3705941034 0.4204105420 0.5373581360 0.0197314562 0.7847943142 0.9777421505 0.2716610276 0.4758914134 0.0294703517 0.4906867518 0.0534659300 0.6619686009
0.9450818238 0.0407348583 0.6300829473 0.8366813346 0.7111980031 0.9355500959 0.9562528876 0.7714694730 0.5057634177 0.1788120581 0.7056112464 0.3705941034 0.0000000000 0.5248646177 0.0728224567 0.3918973973 0.8231997480 0.5282777266 0.5413152244 0.9103243698 0.2033030429 0.6465481073 0.8624821040 0.9601776736
0.2998926575 0.8184550668 0.7531732243 0.1580904445 0.5895503151 0.0477584244 0.6857668741 0.6751164355 0.3625628410 0.0069076295 0.5606904660 0.4204105420 0.5248646177 0.0000000000 0.5555708542 0.0855778526 0.8255889931 0.4791532073 0.9419042381 0.2651090450 0.1094638002 0.7029623393 0.2348592524 0.9591817443
0.9327782354 0.1888793261 0.5486094708 0.2314959991 0.8166154245 0.6217356364 0.7993619158 0.9048639799 0.7423923182 0.6238966097 0.6992766479 0.5373581360 0.0728224567 0.5555708542 0.0000000000 0.2902956085 0.1376421452 0.0121880620 0.4361808151 0.7540292730 0.2785403227 0.3390232030 0.1671057636 0.9230538000
0.7949284102 0.0615969894 0.0735543355 0.2268806028 0.8664870069 0.0391846474 0.9562800357 0.4562584166 0.8800948205 0.5537545584 0.0724144592 0.0197314562 0.3918973973 0.0855778526 0.2902956085 0.0000000000 0.9224405814 0.2697663898 0.5466742110 0.6844221934 0.5608965180 0.7699076332 0.7290961668 0.4156292804
0.4350169311 0.8136822474 0.7285288846 0.7657450485 0.7624352344 0.9075518809 0.0663618511 0.1865655776 0.4872114322 0.7935424657 0.5742935937 0.7847943142 0.8231997480 0.8255889931 0.1376421452 0.9224405814 0.0000000000 0.2656925646 0.1574149712 0.1188326211 0.5440133015 0.6814533953 0.0939982581 0.2763790527
0.9903734945 0.2517645483 0.3234826784 0.6577768862 0.9343628694 0.8897440761 0.8399261581 0.9790356797 0.7275288486 0.4005741765 0.9854239641 0.9777421505 0.5282777266 0.4791532073 0.0121880620 0.2697663898 0.2656925646 0.0000000000 0.1471358140 0.2257736417 0.6184654500 0.0000904558 0.7040339681 0.3638420461
0.9543075365 0.6092459015 0.2654940061 0.0360899100 0.4989522392 0.1914852035 0.9548868366 0.9900533897 0.5068827576 0.3520864158 0.2686507426 0.2716610276 0.5413152244 0.9419042381 0.4361808151 0.5466742110 0.1574149712 0.1471358140 0.0000000000 0.7075531752 0.1272914165 0.7410277207 0.8723854123 0.3740279505
0.2956114587 0.3763973981 0.0050572101 0.2831352445 0.5054933865 0.3638112196 0.0818842668 0.8917244967 0.0224043863 0.5556428608 0.0943306629 0.4758914134 0.9103243698 0.2651090450 0.7540292730 0.6844221934 0.1188326211 0.2257736417 0.7075531752 0.0000000000 0.1613910969 0.7808042402 0.3368593554 0.3675180787
0.1964492118 0.8831372408 0.4160658250 0.7540873450 0.3048545102 0.6802867366 0.8081051277 0.9312216960 0.0219002033 0.0864807480 0.5510245285 0.0294703517 0.2033030429 0.1094638002 0.2785403227 0.5608965180 0.5440133015 0.6184654500 0.1272914165 0.1613910969 0.0000000000 0.1764499032 0.6997901381 0.7361643721
0.8430933071 0.2176899963 0.0502374546 0.5809978006 0.1101749776 0.7507328397 0.8209112849 0.0961829596 0.2341313583 0.6816326518 0.3793303184 0.4906867518 0.6465481073 0.7029623393 0.3390232030 0.7699076332 0.6814533953 0.0000904558 0.7410277207 0.7808042402 0.1764499032 0.0000000000 0.1304505954 0.5766204950
0.7039339755 0.1094110067 0.9757699992 0.5289888058 0.0424727852 0.5052508586 0.0470408340 0.1612374489 0.8765754047 0.0217973157 0.9936856377 0.0534659300 0.8624821040 0.2348592524 0.1671057636 0.7290961668 0.0939982581 0.7040339681 0.8723854123 0.3368593554 0.6997901381 0.1304505954 0.0000000000 0.3263619090
0.9671818944 0.3995684441 0.0039552180 0.9348090111 0.3888040227 0.8934164255 0.3576864318 0.0939449023 0.5930139035 0.7169953580 0.1516771094 0.6619686009 0.9601776736 0.9591817443 0.9230538000 0.4156292804 0.2763790527 0.3638420461 0.3740279505 0.3675180787 0.7361643721 0.5766204950 0.3263619090 0.0000000000
