# Graph size: 24
# Optimal cost: 1.6035168363085002

# Distance Matrix
0.0 0.5913089111610162 0.5830619994237752 0.24291700913805736 0.3450171422332292 0.7896097755447191 0.4730639201705228 0.706230338211733 0.018133180944086336 0.10409952893780006 0.2136490425257357 0.13390417766196194 0.5843593625066482 0.2903184188769222 0.26846275273923503 0.9956744578817506 0.599531647078949 0.8838251884529017 0.7938373267614183 0.824425040852068 0.4459565904867261 0.3606716524824183 0.9910172209460268 0.0842014285194449
0.5913089111610162 0.0 0.27628904850348845 0.7590446173849394 0.46933346224168404 0.21766873937907183 0.17650412630022738 0.18715444584680763 0.4567836709556926 0.029050306819318528 0.38490803545443975 0.6746762790552304 0.5782626982376011 0.8564349935882078 0.17854653738042492 0.6385262111803268 0.8367285076405483 0.566442635192213 0.3440334286995457 0.8284816208558836 0.3788768532256006 0.2645885767838768 0.9867360592881099 0.9941312403684707
0.5830619994237752 0.27628904850348845 0.0 0.604437161329295 0.7562901723464835 0.8004187966149033 0.6718669811565152 0.18699122654989542 0.21630919454960307 0.8188589138299243 0.42910634697022176 0.6142554972932827 0.22852607216231258 0.10161429752407647 0.6226607979987534 0.9270566437386707 0.3432931498481985 0.7680359172339706 0.2291416357293803 0.4387692183722982 0.5662159297195883 0.2867817074361607 0.5875221258630546 0.35077313396254706
0.24291700913805736 0.7590446173849394 0.604437161329295 0.0 0.7400627154363001 0.9525037697691112 0.9574507132199659 0.34452818577412403 0.6106046998325475 0.037043302103338505 0.641636664232742 0.42715127991311697 0.4775398690096422 0.18938309409410625 0.04660670167544101 0.5349215437261127 0.7232561826230894 0.2767706699972988 0.46335669912055977 0.6579276119301875 0.1850403349649733 0.008839516865451036 0.537900198259374 0.5391098503067079
0.3450171422332292 0.46933346224168404 0.7562901723464835 0.7400627154363001 0.0 0.2904407611109977 0.3672197600466115 0.3714411687332364 0.3222402282165582 0.11084426782000911 0.07504409185806693 0.9408754300685794 0.8759207483356714 0.004928063001232608 0.08391814387688401 0.06255194896554483 0.9044709906172274 0.32149985645346224 0.3303393069736378 0.4357008737862291 0.37161417748526615 0.7103406563296254 0.8192113551893326 0.396662964780123
0.7896097755447191 0.21766873937907183 0.8004187966149033 0.9525037697691112 0.2904407611109977 0.0 0.20916030643850225 0.9500162363606033 0.42901693613784275 0.8910306275288695 0.760423564633611 0.8432250413652045 0.7013737272260538 0.8280378878884184 0.9169011661588694 0.6531015495021372 0.27711385180141157 0.4200128410577435 0.44677889676490723 0.7579960409799043 0.5716908666291092 0.32943313854772716 0.5851182016379437 0.687602874217978
0.4730639201705228 0.17650412630022738 0.6718669811565152 0.9574507132199659 0.3672197600466115 0.20916030643850225 0.0 0.74463220060728 0.44710111191874446 0.5581185530220073 0.46991123186349726 0.010919117586483229 0.9071820636484016 0.3476383378178042 0.2663039318389314 0.8665902591044486 0.508325652870296 0.6671954202364189 0.6012310792102445 0.8565291322202868 0.05481691204864758 0.8169592719096106 0.1032371360056743 0.09930987288192594
0.706230338211733 0.18715444584680763 0.18699122654989542 0.34452818577412403 0.3714411687332364 0.9500162363606033 0.74463220060728 0.0 0.25768001150361863 0.8127840120790178 0.5657217376300717 0.9021391469794243 0.7428844569792447 0.9431218240685901 0.3086657944704936 0.4483472653899322 0.4022797823362264 0.6976948239617221 0.2766560244485706 0.7205444178904254 0.7926118343215468 0.833092639419444 0.04389315605104427 0.5344728441502644
0.018133180944086336 0.4567836709556926 0.21630919454960307 0.6106046998325475 0.3222402282165582 0.42901693613784275 0.44710111191874446 0.25768001150361863 0.0 0.5389495765708526 0.1930019211270827 0.913469446192251 0.8017493010477493 0.7310787222525769 0.7845633077870076 0.5960543583807484 0.9141067831724207 0.11489442903032876 0.5273901634193953 0.532227060094822 0.44740781279907316 0.47555208088328704 0.03807241824711638 0.7830474550350334
0.10409952893780006 0.029050306819318528 0.8188589138299243 0.037043302103338505 0.11084426782000911 0.8910306275288695 0.5581185530220073 0.8127840120790178 0.5389495765708526 0.0 0.22061638925699056 0.985111959614678 0.7905284441539021 0.5550578502552508 0.11307928266674339 0.44463971894482757 0.0013562795763846225 0.8487599129541573 0.9428814871105294 0.28920152094501217 0.6293748771911079 0.4237123332281558 0.13970508992309316 0.9439190775122502
0.2136490425257357 0.38490803545443975 0.42910634697022176 0.641636664232742 0.07504409185806693 0.760423564633611 0.46991123186349726 0.5657217376300717 0.1930019211270827 0.22061638925699056 0.0 0.9498353080035871 0.25874670658775833 0.9075341215260653 0.6202264632759806 0.26632052569961584 0.9524003036452782 0.06571292549745145 0.9236971476432023 0.4571416121756742 0.05651645183593701 0.7812788339051977 0.7082860389139991 0.21807759926393078
0.13390417766196194 0.6746762790552304 0.6142554972932827 0.42715127991311697 0.9408754300685794 0.8432250413652045 0.010919117586483229 0.9021391469794243 0.913469446192251 0.985111959614678 0.9498353080035871 0.0 0.16506427818639602 0.9611546818912559 0.45655829190064656 0.059594426563825964 0.690581519947495 0.15969989333232515 0.09145287605733443 0.3442186755677291 0.6522454814432022 0.4752843159215471 0.5323555513610354 0.9085296012254049
0.5843593625066482 0.5782626982376011 0.22852607216231258 0.4775398690096422 0.8759207483356714 0.7013737272260538 0.9071820636484016 0.7428844569792447 0.8017493010477493 0.7905284441539021 0.25874670658775833 0.16506427818639602 0.0 0.47242876071465423 0.058961270090381435 0.4967325219435307 0.10427302977123487 0.732698192764828 0.5389819434314492 0.01830242414381389 0.4143892552548337 0.07556664846500949 0.876806275721001 0.9037011714847653
0.2903184188769222 0.8564349935882078 0.10161429752407647 0.18938309409410625 0.004928063001232608 0.8280378878884184 0.3476383378178042 0.9431218240685901 0.7310787222525769 0.5550578502552508 0.9075341215260653 0.9611546818912559 0.47242876071465423 0.0 0.15228618822894913 0.9549090070558921 0.9134302351164326 0.8818205853049704 0.13647806260957573 0.7358055770475859 0.1392626053644308 0.5134778652097871 0.6477493335587539 0.7236770297814341
0.26846275273923503 0.17854653738042492 0.6226607979987534 0.04660670167544101 0.08391814387688401 0.9169011661588694 0.2663039318389314 0.3086657944704936 0.7845633077870076 0.11307928266674339 0.6202264632759806 0.45655829190064656 0.058961270090381435 0.15228618822894913 0.0 0.026449707881088913 0.023800630988055738 0.42229206157740884 0.06292722907246284 0.5994591178862415 0.09568744405637586 0.9118044020371555 0.08691144739089951 0.7878987499072178
0.9956744578817506 0.6385262111803268 0.9270566437386707 0.5349215437261127 0.06255194896554483 0.6531015495021372 0.8665902591044486 0.4483472653899322 0.5960543583807484 0.44463971894482757 0.26632052569961584 0.059594426563825964 0.4967325219435307 0.9549090070558921 0.026449707881088913 0.0 0.3199313837306166 0.5503267769461359 0.6238992166096159 0.504960856935955 0.43607035856846 0.30763144817762456 0.9678025008661201 0.3255450409031797
0.599531647078949 0.8367285076405483 0.3432931498481985 0.7232561826230894 0.9044709906172274 0.27711385180141157 0.508325652870296 0.4022797823362264 0.9141067831724207 0.0013562795763846225 0.9524003036452782 0.690581519947495 0.10427302977123487 0.9134302351164326 0.023800630988055738 0.3199313837306166 0.0 0.7177542830259191 0.3802703151739224 0.7077915966092694 0.10002828336619385 0.857395955317962 0.473924348434797 0.3775224451664858
0.8838251884529017 0.566442635192213 0.7680359172339706 0.2767706699972988 0.32149985645346224 0.4200128410577435 0.6671954202364189 0.6976948239617221 0.11489442903032876 0.8487599129541573 0.06571292549745145 0.15969989333232515 0.732698192764828 0.8818205853049704 0.42229206157740884 0.5503267769461359 0.7177542830259191 0.0 0.8328141684624122 0.48709935916280533 0.764488169467343 0.9325511676767694 0.6792070954975991 0.03633492832357188
0.7938373267614183 0.3440334286995457 0.2291416357293803 0.46335669912055977 0.3303393069736378 0.44677889676490723 0.6012310792102445 0.2766560244485706 0.5273901634193953 0.9428814871105294 0.9236971476432023 0.09145287605733443 0.5389819434314492 0.13647806260957573 0.06292722907246284 0.6238992166096159 0.3802703151739224 0.8328141684624122 0.0 0.29036100910955887 0.3936123360117372 0.9698221988586093 0.9715586066384004 0.22470561113216192
0.824425040852068 0.8284816208558836 0.4387692183722982 0.6579276119301875 0.4357008737862291 0.7579960409799043 0.8565291322202868 0.7205444178904254 0.532227060094822 0.28920152094501217 0.4571416121756742 0.3442186755677291 0.01830242414381389 0.7358055770475859 0.5994591178862415 0.504960856935955 0.7077915966092694 0.48709935916280533 0.29036100910955887 0.0 0.6037899950020776 0.7586548386261196 0.5889476998475519 0.20397466448784196
0.4459565904867261 0.3788768532256006 0.5662159297195883 0.1850403349649733 0.37161417748526615 0.5716908666291092 0.05481691204864758 0.7926118343215468 0.44740781279907316 0.6293748771911079 0.05651645183593701 0.6522454814432022 0.4143892552548337 0.1392626053644308 0.09568744405637586 0.43607035856846 0.10002828336619385 0.764488169467343 0.3936123360117372 0.6037899950020776 0.0 0.9392112342261554 0.5090980553595293 0.43865320301245136
0.3606716524824183 0.2645885767838768 0.2867817074361607 0.008839516865451036 0.7103406563296254 0.32943313854772716 0.8169592719096106 0.833092639419444 0.47555208088328704 0.4237123332281558 0.7812788339051977 0.4752843159215471 0.07556664846500949 0.5134778652097871 0.9118044020371555 0.30763144817762456 0.857395955317962 0.9325511676767694 0.9698221988586093 0.7586548386261196 0.9392112342261554 0.0 0.6477942327405778 0.9857442414402497
0.9910172209460268 0.9867360592881099 0.5875221258630546 0.537900198259374 0.8192113551893326 0.5851182016379437 0.1032371360056743 0.04389315605104427 0.03807241824711638 0.13970508992309316 0.7082860389139991 0.5323555513610354 0.876806275721001 0.6477493335587539 0.08691144739089951 0.9678025008661201 0.473924348434797 0.6792070954975991 0.9715586066384004 0.5889476998475519 0.5090980553595293 0.6477942327405778 0.0 0.1816106728073409
0.0842014285194449 0.9941312403684707 0.35077313396254706 0.5391098503067079 0.396662964780123 0.687602874217978 0.09930987288192594 0.5344728441502644 0.7830474550350334 0.9439190775122502 0.21807759926393078 0.9085296012254049 0.9037011714847653 0.7236770297814341 0.7878987499072178 0.3255450409031797 0.3775224451664858 0.03633492832357188 0.22470561113216192 0.20397466448784196 0.43865320301245136 0.9857442414402497 0.1816106728073409 0.0

# Optimal Walk
0 8 22 7 2 13 4 15 18 14 19 12 21 3 16 9 1 5 11 6 20 10 17 23 0
