# Graph size: 24
# Optimal cost: 2.141464498588335

# Distance Matrix
0.0 0.6467962046433501 0.9504973931355207 0.5979955024032199 0.22530699882495542 0.4644321307381486 0.7848331981772005 0.3839489236450536 0.8582717788262852 0.23218984745026594 0.7394372172732898 0.6125993080638275 0.23461293704735953 0.8363245579619013 0.29561485876562776 0.3391075800014264 0.8237841021427966 0.9685849397304238 0.20524456269895652 0.935830832131812 0.6474995012340962 0.6792054512071097 0.9035890173429282 0.4219610071502782
0.6467962046433501 0.0 0.4545009797966517 0.31858729333017977 0.7758595668129867 0.04514822145200337 0.4342741656317164 0.7780979715120316 0.5759041199960082 0.2721217303983612 0.9091970127085661 0.2538974366224265 0.7104278103919285 0.4244228010652228 0.2502690560716051 0.8524248963297567 0.5484451383833411 0.5557157049943843 0.5984825082408387 0.23215636924074945 0.39320089152739635 0.8087445081367305 0.8420614201496711 0.13347087052832107
0.9504973931355207 0.4545009797966517 0.0 0.2625867963850492 0.4128547351163011 0.6992087605687295 0.08693826900711299 0.1641190441620567 0.6871007075882491 0.6866651507919185 0.8100696169175625 0.12183209851048316 0.8993108355666594 0.21629757314600406 0.8035464311464356 0.814982037078151 0.5980848380963102 0.05509989429069451 0.440172619226723 0.32224243503437955 0.08254826399508153 0.9084014593545353 0.4032687236067046 0.1301149356460949
0.5979955024032199 0.31858729333017977 0.2625867963850492 0.0 0.003791206734507724 0.9417438752903461 0.6759553322460956 0.26056522963359396 0.7022699684712058 0.6438004992171498 0.40874859270883335 0.10043453750559739 0.7770517923265406 0.5508765004205018 0.9001173202980103 0.2739658589809091 0.5556341260730955 0.0029424447258018516 0.6131283276280046 0.6898229974316092 0.5871719345811736 0.2818173573434508 0.6210323712998763 0.7152696387045563
0.22530699882495542 0.7758595668129867 0.4128547351163011 0.003791206734507724 0.0 0.0172976588754733 0.19403204421368025 0.1256202826545737 0.2827148623394793 0.7193204785033532 0.40406739524235413 0.7244050993432867 0.6176203593007955 0.3544424253545332 0.598075843047205 0.9161627284833754 0.1918037262078257 0.11273124370203025 0.8638591344847575 0.929090060700157 0.45246159109128403 0.7469407426256868 0.5097890047612255 0.3318163220521497
0.4644321307381486 0.04514822145200337 0.6992087605687295 0.9417438752903461 0.0172976588754733 0.0 0.8547747184229157 0.6528715296499544 0.9135215052236257 0.04472963540958552 0.7347470406469012 0.17281613869667378 0.8907700597360887 0.30755765011109293 0.5989691619829345 0.002734325350316924 0.5050660509116607 0.8788672879522743 0.4792860362087309 0.5691559678006503 0.20135001378117978 0.24412591800063754 0.10288763741767737 0.5084102548404743
0.7848331981772005 0.4342741656317164 0.08693826900711299 0.6759553322460956 0.19403204421368025 0.8547747184229157 0.0 0.6394005211742146 0.891191796064523 0.7621306107923833 0.9286317954422659 0.6275219546916025 0.7755791717642391 0.9334375876963688 0.9640955172056938 0.11257618023462979 0.9425694113759256 0.8909103573639038 0.24178395525334628 0.26935762639550487 0.8992161921285022 0.7878318862436605 0.27169212820463673 0.35047499689834716
0.3839489236450536 0.7780979715120316 0.1641190441620567 0.26056522963359396 0.1256202826545737 0.6528715296499544 0.6394005211742146 0.0 0.7365196377803279 0.938021189497325 0.44522659407312193 0.1073169224942021 0.1905203367187127 0.3190444958859274 0.2801568339382303 0.27334312424600027 0.8007912559480496 0.6405744724747535 0.7859292422711727 0.8128567017573771 0.07578174471358923 0.6737294992868853 0.3397544597712583 0.3815767381842917
0.8582717788262852 0.5759041199960082 0.6871007075882491 0.7022699684712058 0.2827148623394793 0.9135215052236257 0.891191796064523 0.7365196377803279 0.0 0.1066946151650554 0.9210125613814989 0.26173148649834976 0.7197453467620893 0.3850538152288765 0.12150984476148541 0.3563727876446411 0.5041665610484799 0.6738465452355983 0.5322971441019104 0.04824664032281245 0.5224888945431638 0.6581006344039094 0.4045417676521432 0.38105425560115724
0.23218984745026594 0.2721217303983612 0.6866651507919185 0.6438004992171498 0.7193204785033532 0.04472963540958552 0.7621306107923833 0.938021189497325 0.1066946151650554 0.0 0.9012074448790782 0.7579841107996932 0.5815765524283003 0.07231086327657166 0.518275406312853 0.9259910613150963 0.6862615813335475 0.01990150560735049 0.6618789605869851 0.4695034639443977 0.9362384317380391 0.14213397394696492 0.45884356157953476 0.940996468065417
0.7394372172732898 0.9091970127085661 0.8100696169175625 0.40874859270883335 0.40406739524235413 0.7347470406469012 0.9286317954422659 0.44522659407312193 0.9210125613814989 0.9012074448790782 0.0 0.22822071607371652 0.1995125428809542 0.5893036134988049 0.9203800696143232 0.7662537461866845 0.29430816176929664 0.32868191275534153 0.0774474939965939 0.17391534964026145 0.07310200381535314 0.013688624045998798 0.24712647774396457 0.7267186365321018
0.6125993080638275 0.2538974366224265 0.12183209851048316 0.10043453750559739 0.7244050993432867 0.17281613869667378 0.6275219546916025 0.1073169224942021 0.26173148649834976 0.7579841107996932 0.22822071607371652 0.0 0.2678308506056478 0.6159647930330634 0.3762068764282591 0.06851703687074795 0.10246472039350896 0.22515772272627232 0.10744402837598188 0.5345003534065956 0.2652979560189914 0.8926315445902191 0.4554140978503848 0.9934104213257909
0.23461293704735953 0.7104278103919285 0.8993108355666594 0.7770517923265406 0.6176203593007955 0.8907700597360887 0.7755791717642391 0.1905203367187127 0.7197453467620893 0.5815765524283003 0.1995125428809542 0.2678308506056478 0.0 0.6009377131044203 0.46767898005722375 0.4982244923246685 0.9428932392596284 0.4114238414816832 0.7700147693279952 0.2601581892669832 0.44444422017693974 0.27251722493763775 0.6854954708279486 0.9925583093202207
0.8363245579619013 0.4244228010652228 0.21629757314600406 0.5508765004205018 0.3544424253545332 0.30755765011109293 0.9334375876963688 0.3190444958859274 0.3850538152288765 0.07231086327657166 0.5893036134988049 0.6159647930330634 0.6009377131044203 0.0 0.3681914511747225 0.5690441483722383 0.5464243809616552 0.873735197027143 0.33280203483456516 0.5322863845765208 0.4634640557611467 0.7434051207192391 0.6720842562220892 0.4227578273512046
0.29561485876562776 0.2502690560716051 0.8035464311464356 0.9001173202980103 0.598075843047205 0.5989691619829345 0.9640955172056938 0.2801568339382303 0.12150984476148541 0.518275406312853 0.9203800696143232 0.3762068764282591 0.46767898005722375 0.3681914511747225 0.0 0.11309333203347394 0.8631462132571557 0.7373988431916779 0.6433105807523352 0.8527096237838087 0.8515835045862368 0.8537803754837461 0.9903645087171408 0.9348915040921527
0.3391075800014264 0.8524248963297567 0.814982037078151 0.2739658589809091 0.9161627284833754 0.002734325350316924 0.11257618023462979 0.27334312424600027 0.3563727876446411 0.9259910613150963 0.7662537461866845 0.06851703687074795 0.4982244923246685 0.5690441483722383 0.11309333203347394 0.0 0.8814924399768941 0.2877097930441166 0.9551560688246519 0.02300024938238232 0.9457353941647461 0.6557677225027254 0.9722536510922191 0.17221382087429016
0.8237841021427966 0.5484451383833411 0.5980848380963102 0.5556341260730955 0.1918037262078257 0.5050660509116607 0.9425694113759256 0.8007912559480496 0.5041665610484799 0.6862615813335475 0.29430816176929664 0.10246472039350896 0.9428932392596284 0.5464243809616552 0.8631462132571557 0.8814924399768941 0.0 0.4999235073891619 0.30593724942058154 0.7791885115705359 0.9332498110283746 0.07192219930150978 0.3371143491914629 0.5989014495762676
0.9685849397304238 0.5557157049943843 0.05509989429069451 0.0029424447258018516 0.11273124370203025 0.8788672879522743 0.8909103573639038 0.6405744724747535 0.6738465452355983 0.01990150560735049 0.32868191275534153 0.22515772272627232 0.4114238414816832 0.873735197027143 0.7373988431916779 0.2877097930441166 0.4999235073891619 0.0 0.2604490056766361 0.49179516624789077 0.08742248441495526 0.6858074744368858 0.4615543819670541 0.24050843221731255
0.20524456269895652 0.5984825082408387 0.440172619226723 0.6131283276280046 0.8638591344847575 0.4792860362087309 0.24178395525334628 0.7859292422711727 0.5322971441019104 0.6618789605869851 0.0774474939965939 0.10744402837598188 0.7700147693279952 0.33280203483456516 0.6433105807523352 0.9551560688246519 0.30593724942058154 0.2604490056766361 0.0 0.11821754844799781 0.8866319948728366 0.5134351247110878 0.04169279086073818 0.9482083571351555
0.935830832131812 0.23215636924074945 0.32224243503437955 0.6898229974316092 0.929090060700157 0.5691559678006503 0.26935762639550487 0.8128567017573771 0.04824664032281245 0.4695034639443977 0.17391534964026145 0.5345003534065956 0.2601581892669832 0.5322863845765208 0.8527096237838087 0.02300024938238232 0.7791885115705359 0.49179516624789077 0.11821754844799781 0.0 0.25877333136925307 0.6861685891779244 0.22798895566768695 0.05090650183197898
0.6474995012340962 0.39320089152739635 0.08254826399508153 0.5871719345811736 0.45246159109128403 0.20135001378117978 0.8992161921285022 0.07578174471358923 0.5224888945431638 0.9362384317380391 0.07310200381535314 0.2652979560189914 0.44444422017693974 0.4634640557611467 0.8515835045862368 0.9457353941647461 0.9332498110283746 0.08742248441495526 0.8866319948728366 0.25877333136925307 0.0 0.46179889549410336 0.5673081811689683 0.6019768349837059
0.6792054512071097 0.8087445081367305 0.9084014593545353 0.2818173573434508 0.7469407426256868 0.24412591800063754 0.7878318862436605 0.6737294992868853 0.6581006344039094 0.14213397394696492 0.013688624045998798 0.8926315445902191 0.27251722493763775 0.7434051207192391 0.8537803754837461 0.6557677225027254 0.07192219930150978 0.6858074744368858 0.5134351247110878 0.6861685891779244 0.46179889549410336 0.0 0.9186589625790315 0.5917825344162766
0.9035890173429282 0.8420614201496711 0.4032687236067046 0.6210323712998763 0.5097890047612255 0.10288763741767737 0.27169212820463673 0.3397544597712583 0.4045417676521432 0.45884356157953476 0.24712647774396457 0.4554140978503848 0.6854954708279486 0.6720842562220892 0.9903645087171408 0.9722536510922191 0.3371143491914629 0.4615543819670541 0.04169279086073818 0.22798895566768695 0.5673081811689683 0.9186589625790315 0.0 0.2588279612269897
0.4219610071502782 0.13347087052832107 0.1301149356460949 0.7152696387045563 0.3318163220521497 0.5084102548404743 0.35047499689834716 0.3815767381842917 0.38105425560115724 0.940996468065417 0.7267186365321018 0.9934104213257909 0.9925583093202207 0.4227578273512046 0.9348915040921527 0.17221382087429016 0.5989014495762676 0.24050843221731255 0.9482083571351555 0.05090650183197898 0.6019768349837059 0.5917825344162766 0.2588279612269897 0.0

# Optimal Walk
0 18 22 5 1 4 3 17 13 9 2 6 15 14 8 23 19 11 16 21 10 20 7 12 0
