# Graph size: 24
# Optimal cost: 1.5336479795131595

# Distance Matrix
0.0 0.10503971882094665 0.6374316274894472 0.5188283856743101 0.9027512871216943 0.03171634148873037 0.7648878715644937 0.12391057970860175 0.1804762336248602 0.4961582261193095 0.2130635640832863 0.30119635443648574 0.6342498810459191 0.8298081149748274 0.1437582255526606 0.48780003483669754 0.4889576548545389 0.15913145985542143 0.7726981723040456 0.2635033160365139 0.08997380221612494 0.48493148075692316 0.4314500578637145 0.5377862183233416
0.10503971882094665 0.0 0.028437652053272755 0.7307048642556714 0.12325469013226642 0.03452761634054646 0.5555091277364258 0.9214461276196443 0.7236906822523428 0.2479896260568818 0.968251689930253 0.7490339828427862 0.42336620208394815 0.4040519307141692 0.9867041780942708 0.6563110871390369 0.48737663276573817 0.6022637704392938 0.009867649815760826 0.22919353656014296 0.9150546610870322 0.23713267544364558 0.5377466798368834 0.12462444189177224
0.6374316274894472 0.028437652053272755 0.0 0.12357818460808068 0.0011708198827743432 0.9772495363489915 0.9819115862200495 0.35029138161608864 0.257571143935739 0.511665071621674 0.765966033120599 0.07113214614433205 0.33698725307452715 0.7065982526838491 0.7731851282872215 0.36634898103307034 0.3607425276488596 0.049660702654902966 0.09419985400604303 0.8297294596473967 0.5218953545490069 0.6768763366506644 0.6724331042049518 0.31385089881889583
0.5188283856743101 0.7307048642556714 0.12357818460808068 0.0 0.36593911954402736 0.1256764692641047 0.2233919243499799 0.5314035560715437 0.5045170672855944 0.07252251095579554 0.1868434032431977 0.29142522315236785 0.3683838078543339 0.662608854685388 0.5725003998763051 0.9393257853893043 0.05994642375174064 0.21976241086584392 0.02956996573595061 0.39086845533228953 0.1010704485340369 0.8365690295698297 0.7214936896025852 0.0028144414694477593
0.9027512871216943 0.12325469013226642 0.0011708198827743432 0.36593911954402736 0.0 0.8884366315252976 0.5879218565485063 0.6194360823993784 0.4067260830603142 0.966586888909845 0.8855996877174362 0.6415531482234011 0.3474631740420263 0.8078984148956838 0.7971487131418274 0.6598005255893238 0.514195615432134 0.6490774618635239 0.9892536545224998 0.7720164969388762 0.3292953737833181 0.0753653533014752 0.3239497727791024 0.3942423176170077
0.03171634148873037 0.03452761634054646 0.9772495363489915 0.1256764692641047 0.8884366315252976 0.0 0.6692588686981573 0.4665005368038663 0.03544041364760009 0.6667182043929736 0.5318508371567192 0.12258301916974568 0.8459487537952552 0.38672071982745637 0.7349493270046323 0.8733379989112217 0.3409472674129148 0.18238301840795967 0.8351104849291295 0.24087775287229607 0.4172717246820731 0.9238665381321447 0.587661106406047 0.7739125036829488
0.7648878715644937 0.5555091277364258 0.9819115862200495 0.2233919243499799 0.5879218565485063 0.6692588686981573 0.0 0.642040747426865 0.431729066444131 0.4351659997924283 4.615271868079196E-4 0.915966427997735 0.38706090401727933 0.7074056965370503 0.5564690280856999 0.921555013296503 0.9739366782182997 0.44354025386713025 0.43932902955070297 0.45486122320214406 0.1919582302162437 0.005922568650470361 0.008176632398122496 0.8888732657255994
0.12391057970860175 0.9214461276196443 0.35029138161608864 0.5314035560715437 0.6194360823993784 0.4665005368038663 0.642040747426865 0.0 0.9651391025409759 0.9450648029219535 0.30690339214400375 0.6972704588996319 0.14310886676827816 0.8965501298834779 0.5212070509074378 0.17920848715574378 0.24159144316909353 0.6432208023741273 0.8975866161325903 0.2689522393297017 0.30133835781759155 0.8597632838218245 0.2500460925987069 0.5885897523252541
0.1804762336248602 0.7236906822523428 0.257571143935739 0.5045170672855944 0.4067260830603142 0.03544041364760009 0.431729066444131 0.9651391025409759 0.0 0.5581742763068643 0.4718495995524292 0.2593710679540824 0.7077248069915125 0.7115392346569116 0.008283518430661663 0.13019431353804967 0.9109603250436595 0.45488765615341387 0.8021391114186205 0.8126682057364534 0.6421479160247051 0.5885316716749645 0.405668161401476 0.9184128899345642
0.4961582261193095 0.2479896260568818 0.511665071621674 0.07252251095579554 0.966586888909845 0.6667182043929736 0.4351659997924283 0.9450648029219535 0.5581742763068643 0.0 0.19379391021642278 0.47399233620823544 0.12379239869146097 0.6645109956879901 0.1406754554851729 0.8086491120752445 0.14228486554468212 0.6646714590560168 0.47863507625199153 0.7004542033057591 0.3292846424265212 0.1532859157783839 0.4226853916645743 0.8047055104005297
0.2130635640832863 0.968251689930253 0.765966033120599 0.1868434032431977 0.8855996877174362 0.5318508371567192 4.615271868079196E-4 0.30690339214400375 0.4718495995524292 0.19379391021642278 0.0 0.4225775246931516 0.27595355150924505 0.34297038824919734 0.8483479846802696 0.9801146285221686 0.40915107360479486 0.37279347485670633 0.21199984424508833 0.16753003292350732 0.08207643421440813 0.8098362745476722 0.36587694773878776 0.18395728148106993
0.30119635443648574 0.7490339828427862 0.07113214614433205 0.29142522315236785 0.6415531482234011 0.12258301916974568 0.915966427997735 0.6972704588996319 0.2593710679540824 0.47399233620823544 0.4225775246931516 0.0 0.9652966859399584 0.5498569212805665 0.8630147582558684 0.8862340503075596 0.5636812185520268 0.44156993607130457 0.2816643920728288 0.9616231368307534 0.7052040221730868 0.6320741951882549 0.9784651492668088 0.8204668676257468
0.6342498810459191 0.42336620208394815 0.33698725307452715 0.3683838078543339 0.3474631740420263 0.8459487537952552 0.38706090401727933 0.14310886676827816 0.7077248069915125 0.12379239869146097 0.27595355150924505 0.9652966859399584 0.0 0.6525496283288501 0.6841097010270131 0.7649733926163325 0.2327313754889554 0.681059066591212 0.48958734773670753 0.6523531011821481 0.6161860026415343 0.26440382593387846 0.7782508140138947 0.6225110628672544
0.8298081149748274 0.4040519307141692 0.7065982526838491 0.662608854685388 0.8078984148956838 0.38672071982745637 0.7074056965370503 0.8965501298834779 0.7115392346569116 0.6645109956879901 0.34297038824919734 0.5498569212805665 0.6525496283288501 0.0 0.7990023616313617 0.5884773816913338 0.32599288118921665 0.9786854925429286 0.02584638940063766 0.97434520704284 0.8042630844567694 0.20447355121095345 0.9540761061817928 0.9326960623925719
0.1437582255526606 0.9867041780942708 0.7731851282872215 0.5725003998763051 0.7971487131418274 0.7349493270046323 0.5564690280856999 0.5212070509074378 0.008283518430661663 0.1406754554851729 0.8483479846802696 0.8630147582558684 0.6841097010270131 0.7990023616313617 0.0 0.5801677067844391 0.41751037991877027 0.3954466068895073 0.9950886740011563 0.6762765994860119 0.44248785299835147 0.5987628880550826 0.17138943470203616 0.5298162616963975
0.48780003483669754 0.6563110871390369 0.36634898103307034 0.9393257853893043 0.6598005255893238 0.8733379989112217 0.921555013296503 0.17920848715574378 0.13019431353804967 0.8086491120752445 0.9801146285221686 0.8862340503075596 0.7649733926163325 0.5884773816913338 0.5801677067844391 0.0 0.24792859181781857 0.9402104182988739 0.8681487080256317 0.15284179951782495 0.9921071357047383 0.9906321497988999 0.36926435145071523 0.7881450777516913
0.4889576548545389 0.48737663276573817 0.3607425276488596 0.05994642375174064 0.514195615432134 0.3409472674129148 0.9739366782182997 0.24159144316909353 0.9109603250436595 0.14228486554468212 0.40915107360479486 0.5636812185520268 0.2327313754889554 0.32599288118921665 0.41751037991877027 0.24792859181781857 0.0 0.20573647979474885 0.06280974685182561 0.528133102154387 0.18007006950278093 0.7025151904356196 0.5068461456339197 0.14959162689438477
0.15913145985542143 0.6022637704392938 0.049660702654902966 0.21976241086584392 0.6490774618635239 0.18238301840795967 0.44354025386713025 0.6432208023741273 0.45488765615341387 0.6646714590560168 0.37279347485670633 0.44156993607130457 0.681059066591212 0.9786854925429286 0.3954466068895073 0.9402104182988739 0.20573647979474885 0.0 0.13507084497568178 0.6533564179119254 0.21803539669512062 0.6503010401637219 0.13376109194271912 0.8860969380734806
0.7726981723040456 0.009867649815760826 0.09419985400604303 0.02956996573595061 0.9892536545224998 0.8351104849291295 0.43932902955070297 0.8975866161325903 0.8021391114186205 0.47863507625199153 0.21199984424508833 0.2816643920728288 0.48958734773670753 0.02584638940063766 0.9950886740011563 0.8681487080256317 0.06280974685182561 0.13507084497568178 0.0 0.04914445108801335 0.9778297682696421 0.3743687916250902 0.8797111238934663 0.0778218459788812
0.2635033160365139 0.22919353656014296 0.8297294596473967 0.39086845533228953 0.7720164969388762 0.24087775287229607 0.45486122320214406 0.2689522393297017 0.8126682057364534 0.7004542033057591 0.16753003292350732 0.9616231368307534 0.6523531011821481 0.97434520704284 0.6762765994860119 0.15284179951782495 0.528133102154387 0.6533564179119254 0.04914445108801335 0.0 0.44154153984362077 0.7769234052164719 0.110530655485926 0.9698854620465758
0.08997380221612494 0.9150546610870322 0.5218953545490069 0.1010704485340369 0.3292953737833181 0.4172717246820731 0.1919582302162437 0.30133835781759155 0.6421479160247051 0.3292846424265212 0.08207643421440813 0.7052040221730868 0.6161860026415343 0.8042630844567694 0.44248785299835147 0.9921071357047383 0.18007006950278093 0.21803539669512062 0.9778297682696421 0.44154153984362077 0.0 0.062497091614652334 0.15816690968871205 0.37769808765350765
0.48493148075692316 0.23713267544364558 0.6768763366506644 0.8365690295698297 0.0753653533014752 0.9238665381321447 0.005922568650470361 0.8597632838218245 0.5885316716749645 0.1532859157783839 0.8098362745476722 0.6320741951882549 0.26440382593387846 0.20447355121095345 0.5987628880550826 0.9906321497988999 0.7025151904356196 0.6503010401637219 0.3743687916250902 0.7769234052164719 0.062497091614652334 0.0 5.323088646635998E-4 0.28492852116748957
0.4314500578637145 0.5377466798368834 0.6724331042049518 0.7214936896025852 0.3239497727791024 0.587661106406047 0.008176632398122496 0.2500460925987069 0.405668161401476 0.4226853916645743 0.36587694773878776 0.9784651492668088 0.7782508140138947 0.9540761061817928 0.17138943470203616 0.36926435145071523 0.5068461456339197 0.13376109194271912 0.8797111238934663 0.110530655485926 0.15816690968871205 5.323088646635998E-4 0.0 0.99909422704999
0.5377862183233416 0.12462444189177224 0.31385089881889583 0.0028144414694477593 0.3942423176170077 0.7739125036829488 0.8888732657255994 0.5885897523252541 0.9184128899345642 0.8047055104005297 0.18395728148106993 0.8204668676257468 0.6225110628672544 0.9326960623925719 0.5298162616963975 0.7881450777516913 0.14959162689438477 0.8860969380734806 0.0778218459788812 0.9698854620465758 0.37769808765350765 0.28492852116748957 0.99909422704999 0.0

# Optimal Walk
0 5 14 8 15 7 12 9 23 3 16 19 18 13 1 17 11 2 4 22 21 10 6 20 0
