# Graph size: 24
# Optimal cost: 1.5782771837839729

# Distance Matrix
0.0 0.9702383616893689 0.9037542116716686 0.9283632578780368 0.6223639270611532 0.07532006628458432 0.07223952957738222 0.11741203949538503 0.788579270398214 0.1854005715980832 0.1501431268692166 0.9993226652240131 0.6233869882464526 0.10167548246993952 0.7990889060644724 0.4250207303090693 0.7513381540912049 0.8008243248944055 0.3823990158816246 0.1677180231119435 0.8206813150302618 0.1534498965721378 0.2935159115087871 0.35530741051152126
0.9702383616893689 0.0 0.5229318714887979 0.26410063678901674 0.803079352606957 0.1178616107134719 0.8648762265396872 0.549849761027643 0.16004014276210188 0.24347958406337422 0.6866936162000022 0.7222569110178262 0.20660706759708602 0.19920053572845509 0.08491728149003874 0.1666388790174378 0.8224869636626464 0.21843162579720876 0.0952462776788564 0.8229283476008711 0.10079242642378772 0.2823130764750994 0.7177577988491329 0.5640005181833138
0.9037542116716686 0.5229318714887979 0.0 0.27615522717918395 0.7296698614480474 0.1258591254264555 0.24019957572713668 0.07499812685784302 0.9186765824570077 0.6903574782794601 0.012897858783115779 0.33858121415525433 0.8330877871886786 0.27131490228540067 0.33527305542294505 0.4813536001909109 0.7768639138550737 0.08289444562072024 0.955089284552334 0.5903048578023758 0.3332476137682694 0.320193318675693 0.6121203632531771 0.7454249080865815
0.9283632578780368 0.26410063678901674 0.27615522717918395 0.0 0.5778242120245547 0.6520968586854262 0.6819547004391757 0.4470449377639054 0.12982429427569042 0.6304774499858677 0.8782726598438183 0.8727464363572114 0.0019044673551993352 0.04360043588298734 0.2672892737218032 0.054688828610614304 0.36586861550678584 0.25038894701200565 0.27090647682683433 0.9676207547012097 0.29026792244391975 0.5722381249013555 0.039220387794098754 0.9485039112727699
0.6223639270611532 0.803079352606957 0.7296698614480474 0.5778242120245547 0.0 0.22554528098901372 0.8903586138124813 0.5583812625568976 0.8305925979282156 0.5133658588942726 0.6991680876971299 0.12640471921870167 0.667975911894818 0.47900218566307595 3.85236414049972E-5 0.3773848614538744 0.9510036282794803 0.7291187535381745 0.5847464499912062 0.863661190080778 0.7686814032773248 0.1220276223882526 0.4542617877443633 0.3158430012421456
0.07532006628458432 0.1178616107134719 0.1258591254264555 0.6520968586854262 0.22554528098901372 0.0 0.461033912019152 0.5034632406354053 0.34605071584937896 0.09219620705236753 0.9225999494591112 0.7081510167740281 0.6018563339439305 0.0017493876237620887 0.8676363601218441 0.5159209478027136 0.8979605265129854 0.6395774234885051 0.048272510206047725 0.22084396775762893 0.6812191003711987 0.6080722496885106 0.6287707293338575 0.2228455900740134
0.07223952957738222 0.8648762265396872 0.24019957572713668 0.6819547004391757 0.8903586138124813 0.461033912019152 0.0 0.5067016715095786 0.5146123838108996 0.6622123682704074 0.5834775108050244 0.8565564871807375 0.43389400265311795 0.8903429789480215 0.8010046506138051 0.4347597406360728 0.6022880853346908 0.8929745926902146 0.15469204587888474 0.3786977919801967 0.47193989358440924 0.9502564976131396 0.8441515630987342 0.3060697495274475
0.11741203949538503 0.549849761027643 0.07499812685784302 0.4470449377639054 0.5583812625568976 0.5034632406354053 0.5067016715095786 0.0 0.8939279434539358 0.8492906660709371 0.8068361525248533 0.6243874494602221 0.1226522296434226 0.2659815096080611 0.5352450446643869 0.07038774742383858 0.5377220835826387 0.28367407305212256 0.43513033933885126 0.017962689197187243 0.46496604705471656 0.07204858630550182 0.26697160619094373 0.6957508367066524
0.788579270398214 0.16004014276210188 0.9186765824570077 0.12982429427569042 0.8305925979282156 0.34605071584937896 0.5146123838108996 0.8939279434539358 0.0 0.244787751240778 0.7429034555495846 0.9952123301463873 0.08932263328008894 0.7439429618989037 0.923872922432922 0.9332275386475012 0.967932022598464 0.835915383702536 0.6467894523507052 0.4167198372990404 0.17209506775449768 0.9854189044704542 0.734315325207325 0.364216484225072
0.1854005715980832 0.24347958406337422 0.6903574782794601 0.6304774499858677 0.5133658588942726 0.09219620705236753 0.6622123682704074 0.8492906660709371 0.244787751240778 0.0 0.025795644594501232 0.9641573208606989 0.9866314933773309 0.99056720835225 0.49590740872381134 0.8978224708482208 0.11938631518096554 0.6278192858588448 0.5114600985931188 0.2984147210761744 0.5847706289409289 0.07757221690454896 0.6766676575164484 0.47131985419105127
0.1501431268692166 0.6866936162000022 0.012897858783115779 0.8782726598438183 0.6991680876971299 0.9225999494591112 0.5834775108050244 0.8068361525248533 0.7429034555495846 0.025795644594501232 0.0 0.11949945823818398 0.16989178428545626 0.46417395147035123 0.7031795181055626 0.10664511878989413 0.2360890783885693 0.8587621712330332 0.9344426051182027 0.6126803797344201 0.016147144477149822 0.3368116131735678 0.1995872903495336 0.2667543173812922
0.9993226652240131 0.7222569110178262 0.33858121415525433 0.8727464363572114 0.12640471921870167 0.7081510167740281 0.8565564871807375 0.6243874494602221 0.9952123301463873 0.9641573208606989 0.11949945823818398 0.0 0.11630417766079115 0.013075916422338851 0.978354802085109 0.986137557865881 0.5082789691944416 0.7638948990473138 0.742937453831853 0.919937900551893 0.7188506562355933 0.1447418757378479 0.40891530741951276 0.8826011013917558
0.6233869882464526 0.20660706759708602 0.8330877871886786 0.0019044673551993352 0.667975911894818 0.6018563339439305 0.43389400265311795 0.1226522296434226 0.08932263328008894 0.9866314933773309 0.16989178428545626 0.11630417766079115 0.0 0.29698144622303857 0.9600468188297172 0.10183694072444982 0.9793758880643947 0.8653979511298021 0.4145256404021479 0.6366919357976729 0.08783598877706433 0.5645224666616658 0.8777836195587396 0.37412372267430694
0.10167548246993952 0.19920053572845509 0.27131490228540067 0.04360043588298734 0.47900218566307595 0.0017493876237620887 0.8903429789480215 0.2659815096080611 0.7439429618989037 0.99056720835225 0.46417395147035123 0.013075916422338851 0.29698144622303857 0.0 0.35271651465427345 0.978872917451036 0.42775161246185767 0.6650834119913338 0.875735728008871 0.6995264898177698 0.5035514560795534 0.9247263780004698 0.33773738170141576 0.5209682616175949
0.7990889060644724 0.08491728149003874 0.33527305542294505 0.2672892737218032 3.85236414049972E-5 0.8676363601218441 0.8010046506138051 0.5352450446643869 0.923872922432922 0.49590740872381134 0.7031795181055626 0.978354802085109 0.9600468188297172 0.35271651465427345 0.0 0.19467676770391906 0.4867055050809135 0.377402936505693 0.8966230399236891 0.9209140963719354 0.7806158310489548 0.16894691980022702 0.6845950887065428 0.5162186043816253
0.4250207303090693 0.1666388790174378 0.4813536001909109 0.054688828610614304 0.3773848614538744 0.5159209478027136 0.4347597406360728 0.07038774742383858 0.9332275386475012 0.8978224708482208 0.10664511878989413 0.986137557865881 0.10183694072444982 0.978872917451036 0.19467676770391906 0.0 0.048197595945205673 0.7906229270327053 0.4036170216343953 0.019797536200057753 0.7680057682476601 0.6565317359134064 0.18893535787296056 0.7989433403799261
0.7513381540912049 0.8224869636626464 0.7768639138550737 0.36586861550678584 0.9510036282794803 0.8979605265129854 0.6022880853346908 0.5377220835826387 0.967932022598464 0.11938631518096554 0.2360890783885693 0.5082789691944416 0.9793758880643947 0.42775161246185767 0.4867055050809135 0.048197595945205673 0.0 0.19360592366202334 0.4961367021850228 0.3888375218303546 0.9806982506785326 0.9269578069949915 0.10905665931624264 0.2747507885666949
0.8008243248944055 0.21843162579720876 0.08289444562072024 0.25038894701200565 0.7291187535381745 0.6395774234885051 0.8929745926902146 0.28367407305212256 0.835915383702536 0.6278192858588448 0.8587621712330332 0.7638948990473138 0.8653979511298021 0.6650834119913338 0.377402936505693 0.7906229270327053 0.19360592366202334 0.0 0.5532203804713585 0.24649967077252977 0.39711933159295376 0.6513209047070044 0.9127607560914153 0.988547586648183
0.3823990158816246 0.0952462776788564 0.955089284552334 0.27090647682683433 0.5847464499912062 0.048272510206047725 0.15469204587888474 0.43513033933885126 0.6467894523507052 0.5114600985931188 0.9344426051182027 0.742937453831853 0.4145256404021479 0.875735728008871 0.8966230399236891 0.4036170216343953 0.4961367021850228 0.5532203804713585 0.0 0.9813233058857799 0.247604331864547 0.07844988370193984 0.1409762299012326 0.04827034537950203
0.1677180231119435 0.8229283476008711 0.5903048578023758 0.9676207547012097 0.863661190080778 0.22084396775762893 0.3786977919801967 0.017962689197187243 0.4167198372990404 0.2984147210761744 0.6126803797344201 0.919937900551893 0.6366919357976729 0.6995264898177698 0.9209140963719354 0.019797536200057753 0.3888375218303546 0.24649967077252977 0.9813233058857799 0.0 0.6464846814098817 0.2746313660202153 0.9497482824281187 0.938793654566745
0.8206813150302618 0.10079242642378772 0.3332476137682694 0.29026792244391975 0.7686814032773248 0.6812191003711987 0.47193989358440924 0.46496604705471656 0.17209506775449768 0.5847706289409289 0.016147144477149822 0.7188506562355933 0.08783598877706433 0.5035514560795534 0.7806158310489548 0.7680057682476601 0.9806982506785326 0.39711933159295376 0.247604331864547 0.6464846814098817 0.0 0.16665053357738946 0.08926908747992368 0.26171202775122515
0.1534498965721378 0.2823130764750994 0.320193318675693 0.5722381249013555 0.1220276223882526 0.6080722496885106 0.9502564976131396 0.07204858630550182 0.9854189044704542 0.07757221690454896 0.3368116131735678 0.1447418757378479 0.5645224666616658 0.9247263780004698 0.16894691980022702 0.6565317359134064 0.9269578069949915 0.6513209047070044 0.07844988370193984 0.2746313660202153 0.16665053357738946 0.0 0.3909221403757567 0.5499483411765042
0.2935159115087871 0.7177577988491329 0.6121203632531771 0.039220387794098754 0.4542617877443633 0.6287707293338575 0.8441515630987342 0.26697160619094373 0.734315325207325 0.6766676575164484 0.1995872903495336 0.40891530741951276 0.8777836195587396 0.33773738170141576 0.6845950887065428 0.18893535787296056 0.10905665931624264 0.9127607560914153 0.1409762299012326 0.9497482824281187 0.08926908747992368 0.3909221403757567 0.0 0.9569938523705217
0.35530741051152126 0.5640005181833138 0.7454249080865815 0.9485039112727699 0.3158430012421456 0.2228455900740134 0.3060697495274475 0.6957508367066524 0.364216484225072 0.47131985419105127 0.2667543173812922 0.8826011013917558 0.37412372267430694 0.5209682616175949 0.5162186043816253 0.7989433403799261 0.2747507885666949 0.988547586648183 0.04827034537950203 0.938793654566745 0.26171202775122515 0.5499483411765042 0.9569938523705217 0.0

# Optimal Walk
0 5 13 11 4 14 1 8 12 3 22 16 15 19 7 17 2 20 10 9 21 23 18 6 0
