# MCW Instance
# Type: UNIFORM
# N: 24
# Optimal cost: 1.8591546025194345
# Optimal tour (permutation): [0, 11, 21, 14, 23, 17, 15, 20, 7, 16, 9, 8, 5, 19, 2, 22, 18, 1, 6, 12, 13, 3, 4, 10, 0]
# Optimal walk (full path): [0, 11, 0, 21, 14, 23, 17, 15, 20, 7, 16, 9, 8, 9, 16, 5, 2, 19, 2, 22, 18, 1, 6, 12, 13, 3, 4, 21, 10, 21, 0]
# Walk size: 31
# Is walk (has repeats): true

# Distance Matrix
0.0000000000 0.1404631000 0.1502581205 0.5651232213 0.0393809078 0.4577360538 0.6557676295 0.1371463704 0.7742900465 0.5119099569 0.4454558049 0.0440270801 0.3820046277 0.9241311605 0.9677889171 0.4787440016 0.3173812842 0.1081663179 0.5726978567 0.7153805120 0.3412836340 0.0079776867 0.8373123908 0.3781830259
0.1404631000 0.0000000000 0.2489735345 0.4477720065 0.1335404312 0.2278936156 0.1334534882 0.1270239243 0.0532456459 0.4475643646 0.7687516680 0.2627020689 0.6280655788 0.6454140522 0.9100552859 0.6319018785 0.6334516832 0.3088878696 0.0507614392 0.3003162288 0.6503014564 0.2419337437 0.4509296963 0.6354511363
0.1502581205 0.2489735345 0.0000000000 0.9725922682 0.5966091176 0.0572835890 0.2982209704 0.8957153279 0.4704848590 0.2718229759 0.7825332441 0.3977472035 0.6829134804 0.3942732273 0.7297005581 0.7346856662 0.2660810903 0.9630109071 0.6829932564 0.0107155817 0.4108637517 0.1497700430 0.1673730283 0.3558593297
0.5651232213 0.4477720065 0.9725922682 0.0000000000 0.0928606018 0.8253470940 0.9804243943 0.9459057186 0.3705775566 0.9066862439 0.3627275298 0.7333004155 0.3955870306 0.1201419185 0.2793921867 0.4227193633 0.5035908155 0.3713779701 0.3891994563 0.9213367417 0.3656644244 0.4992782377 0.4037743813 0.2213370106
0.0393809078 0.1335404312 0.5966091176 0.0928606018 0.0000000000 0.0705633928 0.3094067972 0.4464391309 0.4310104633 0.1818227714 0.4319700578 0.7088727678 0.4608103403 0.2674834782 0.7298974054 0.1734308049 0.6920387806 0.1356300880 0.6945707069 0.4199533136 0.8083678829 0.0255265087 0.5098975629 0.5681180228
0.4577360538 0.2278936156 0.0572835890 0.8253470940 0.0705633928 0.0000000000 0.8541912532 0.3019874900 0.2398364799 0.2198706260 0.4988404809 0.7797253826 0.9001470726 0.8611913323 0.4319899099 0.6647633684 0.0120520028 0.5584332977 0.7931125353 0.2416076606 0.6036612867 0.9416951295 0.5466382415 0.8577229398
0.6557676295 0.1334534882 0.2982209704 0.9804243943 0.3094067972 0.8541912532 0.0000000000 0.5244239372 0.4061661136 0.7545054322 0.4609566463 0.3685361447 0.1821094765 0.7690855131 0.9309096265 0.2651486540 0.4251255635 0.4719992536 0.7118519308 0.2863805534 0.7605632413 0.8181326106 0.8026341134 0.2485607592
0.1371463704 0.1270239243 0.8957153279 0.9459057186 0.4464391309 0.3019874900 0.5244239372 0.0000000000 0.7794247047 0.1091992773 0.9881462116 0.2377822546 0.8278348827 0.6174855963 0.3072277667 0.2777682700 0.0581239021 0.4079531991 0.1435342445 0.1762140179 0.1167970577 0.4656632252 0.9987163129 0.7351809906
0.7742900465 0.0532456459 0.4704848590 0.3705775566 0.4310104633 0.2398364799 0.4061661136 0.7794247047 0.0000000000 0.0331434381 0.5255255453 0.9613704198 0.1917857024 0.8419613524 0.3226648730 0.1205703087 0.9673379816 0.2248543469 0.3342355284 0.6893910684 0.5462488369 0.9867793205 0.4673047636 0.4016883956
0.5119099569 0.4475643646 0.2718229759 0.9066862439 0.1818227714 0.2198706260 0.7545054322 0.1091992773 0.0331434381 0.0000000000 0.5804409185 0.4980037574 0.5624643906 0.8244978144 0.1206600463 0.3263562286 0.0291190864 0.5887697730 0.2129989147 0.1606309726 0.4059387913 0.1827582693 0.9671091899 0.7832334159
0.4454558049 0.7687516680 0.7825332441 0.3627275298 0.4319700578 0.4988404809 0.4609566463 0.9881462116 0.5255255453 0.5804409185 0.0000000000 0.1487521229 0.8752321898 0.6019917273 0.2886304869 0.4881961441 0.5397801823 0.9059188760 0.9638960465 0.7707275050 0.6368313139 0.0089570213 0.2486181921 0.2991385100
0.0440270801 0.2627020689 0.3977472035 0.7333004155 0.7088727678 0.7797253826 0.3685361447 0.2377822546 0.9613704198 0.4980037574 0.1487521229 0.0000000000 0.3766153924 0.3597212696 0.9736619629 0.3225111623 0.1341383690 0.3224084387 0.6417571899 0.4905809899 0.5163498856 0.8658187610 0.8576083061 0.7837717759
0.3820046277 0.6280655788 0.6829134804 0.3955870306 0.4608103403 0.9001470726 0.1821094765 0.8278348827 0.1917857024 0.5624643906 0.8752321898 0.3766153924 0.0000000000 0.0920315915 0.4029902428 0.1411990959 0.6577010371 0.6865360548 0.9582343758 0.2651918704 0.8997455419 0.3163583759 0.4877752192 0.9457976183
0.9241311605 0.6454140522 0.3942732273 0.1201419185 0.2674834782 0.8611913323 0.7690855131 0.6174855963 0.8419613524 0.8244978144 0.6019917273 0.3597212696 0.0920315915 0.0000000000 0.4852949683 0.2926234897 0.3608585893 0.1862196148 0.5426109355 0.7579239060 0.7201117603 0.8227500659 0.3877477134 0.9375446394
0.9677889171 0.9100552859 0.7297005581 0.2793921867 0.7298974054 0.4319899099 0.9309096265 0.3072277667 0.3226648730 0.1206600463 0.2886304869 0.9736619629 0.4029902428 0.4852949683 0.0000000000 0.6830983599 0.8558255139 0.4747800187 0.6839627464 0.1214266873 0.9618235596 0.0216222686 0.4726114287 0.0594350367
0.4787440016 0.6319018785 0.7346856662 0.4227193633 0.1734308049 0.6647633684 0.2651486540 0.2777682700 0.1205703087 0.3263562286 0.4881961441 0.3225111623 0.1411990959 0.2926234897 0.6830983599 0.0000000000 0.1761100126 0.0180126889 0.8672495864 0.5713896537 0.1138217900 0.2997751256 0.6148792239 0.4242971578
0.3173812842 0.6334516832 0.2660810903 0.5035908155 0.6920387806 0.0120520028 0.4251255635 0.0581239021 0.9673379816 0.0291190864 0.5397801823 0.1341383690 0.6577010371 0.3608585893 0.8558255139 0.1761100126 0.0000000000 0.2520982481 0.3822597190 0.9530054684 0.6128457685 0.7359488787 0.7859036249 0.4161342509
0.1081663179 0.3088878696 0.9630109071 0.3713779701 0.1356300880 0.5584332977 0.4719992536 0.4079531991 0.2248543469 0.5887697730 0.9059188760 0.3224084387 0.6865360548 0.1862196148 0.4747800187 0.0180126889 0.2520982481 0.0000000000 0.3636543676 0.8896735466 0.6581410849 0.4137555521 0.1479225872 0.1167263564
0.5726978567 0.0507614392 0.6829932564 0.3891994563 0.6945707069 0.7931125353 0.7118519308 0.1435342445 0.3342355284 0.2129989147 0.9638960465 0.6417571899 0.9582343758 0.5426109355 0.6839627464 0.8672495864 0.3822597190 0.3636543676 0.0000000000 0.5984318583 0.1186608246 0.7347388525 0.1531420686 0.7269659276
0.7153805120 0.3003162288 0.0107155817 0.9213367417 0.4199533136 0.2416076606 0.2863805534 0.1762140179 0.6893910684 0.1606309726 0.7707275050 0.4905809899 0.2651918704 0.7579239060 0.1214266873 0.5713896537 0.9530054684 0.8896735466 0.5984318583 0.0000000000 0.7522949035 0.3417175053 0.7031197345 0.2026411201
0.3412836340 0.6503014564 0.4108637517 0.3656644244 0.8083678829 0.6036612867 0.7605632413 0.1167970577 0.5462488369 0.4059387913 0.6368313139 0.5163498856 0.8997455419 0.7201117603 0.9618235596 0.1138217900 0.6128457685 0.6581410849 0.1186608246 0.7522949035 0.0000000000 0.1829447521 0.4953004397 0.3300851930
0.0079776867 0.2419337437 0.1497700430 0.4992782377 0.0255265087 0.9416951295 0.8181326106 0.4656632252 0.9867793205 0.1827582693 0.0089570213 0.8658187610 0.3163583759 0.8227500659 0.0216222686 0.2997751256 0.7359488787 0.4137555521 0.7347388525 0.3417175053 0.1829447521 0.0000000000 0.5922001029 0.8629183217
0.8373123908 0.4509296963 0.1673730283 0.4037743813 0.5098975629 0.5466382415 0.8026341134 0.9987163129 0.4673047636 0.9671091899 0.2486181921 0.8576083061 0.4877752192 0.3877477134 0.4726114287 0.6148792239 0.7859036249 0.1479225872 0.1531420686 0.7031197345 0.4953004397 0.5922001029 0.0000000000 0.2999720825
0.3781830259 0.6354511363 0.3558593297 0.2213370106 0.5681180228 0.8577229398 0.2485607592 0.7351809906 0.4016883956 0.7832334159 0.2991385100 0.7837717759 0.9457976183 0.9375446394 0.0594350367 0.4242971578 0.4161342509 0.1167263564 0.7269659276 0.2026411201 0.3300851930 0.8629183217 0.2999720825 0.0000000000
