# Graph size: 24
# Optimal cost: 2.3126930742678864

# Distance Matrix
0.0 0.6418035435400706 0.9749500139714836 0.4528540606395285 0.1842207353098665 0.16074106775159458 0.42885502308820667 0.7593728469233928 0.5214026587662928 0.0022187917227642906 0.7825023785720704 0.796683661602286 0.39799264725697436 0.6135905832492224 0.1341923100665846 0.2626371622679454 0.9656398998513769 0.7142830905816961 0.5366806425776192 0.9693934529450707 0.48519696618326547 0.8848255063254602 0.4497811088128181 0.21636142813099868
0.6418035435400706 0.0 0.8976622997181894 0.3159303040784026 0.7272630160452314 0.059531939303432924 0.28453551701424684 0.8428985454476826 0.9950077448737397 0.28656137115352864 0.15316294591376767 0.5791017063791479 0.567427977461087 0.8610640678306172 0.16331502901389894 0.43201755374018447 0.370441222377357 0.834923092728864 0.12315078805071888 0.5362742752162486 0.6918295162828754 0.24403109516543198 0.8258892507036222 0.17038409765708307
0.9749500139714836 0.8976622997181894 0.0 0.9636051325596321 0.30072388168292097 0.5729213033135915 0.0373235458255895 0.19604213928927616 0.27527142027197316 0.0347596790522785 0.8838445898393381 0.12932214739984083 0.8191422222799399 0.4381390059228175 0.3093771788938252 0.646281600920549 0.12435872005523718 0.9357414116703805 0.27261034261769956 0.49853766390824406 0.23611307555008298 0.4144380652827677 0.2423155039821735 0.9383078579613806
0.4528540606395285 0.3159303040784026 0.9636051325596321 0.0 0.03991368367847026 0.9286000235191622 0.15870257452314007 0.4195286467944469 0.9298851415093178 0.40694706284716564 0.37257519931087335 0.13441638011339951 0.9314454068148085 0.2745659396146817 0.5117790019380649 0.7854038699817281 0.09943553206743594 0.15614460691381904 0.7879125705368929 0.6574240560381865 0.34187897272705203 0.8821325554149767 0.6009977725783737 0.7518021634892613
0.1842207353098665 0.7272630160452314 0.30072388168292097 0.03991368367847026 0.0 0.4298991209881743 0.6064514106988199 0.42578249255140965 0.4705561020896747 0.8459251696494194 0.9625442261931364 0.8705754548960551 0.09869444146441664 0.2951679336420622 0.8339657689690085 0.48798933536861766 0.1221399078429608 0.15944889371686788 0.49638045904069683 0.3866949667522568 0.24019597632603162 0.9078174182328707 0.5997481205392409 0.9442660200887721
0.16074106775159458 0.059531939303432924 0.5729213033135915 0.9286000235191622 0.4298991209881743 0.0 0.7840124268040982 0.49499220926756693 0.7026425852664145 0.9534199264825142 0.136295477111804 0.07651544552602352 0.8450612817359657 0.34743774207386136 0.662547068759637 0.9486084593019188 0.9517490605703129 0.2452716896836915 0.6104064311623143 0.48107066269300924 0.694972492619067 0.43282629125198013 0.4112066350952528 0.9531637779033235
0.42885502308820667 0.28453551701424684 0.0373235458255895 0.15870257452314007 0.6064514106988199 0.7840124268040982 0.0 0.8138458421214084 0.554124996050772 0.8266479303365029 0.6252761004542196 0.7867234661827067 0.22455123101731267 0.42352817158584577 0.08326200252330918 0.1838376844452062 0.9980789440784699 0.9307604334405309 0.8777045175732202 0.9892748878009279 0.6213846479527605 0.1354463619428382 0.7469494347937756 0.6745472577347895
0.7593728469233928 0.8428985454476826 0.19604213928927616 0.4195286467944469 0.42578249255140965 0.49499220926756693 0.8138458421214084 0.0 0.2899592552087009 0.10856320177710965 0.26061164265520176 0.8304312496649493 0.6848149068276796 0.7158615228855644 0.5493556191323239 0.7194075952154663 0.41310798644534175 0.5658594033896105 0.897103551433456 0.19795278785287607 0.1019766073854993 0.7743583844382284 0.36342643134122665 0.0760946912204088
0.5214026587662928 0.9950077448737397 0.27527142027197316 0.9298851415093178 0.4705561020896747 0.7026425852664145 0.554124996050772 0.2899592552087009 0.0 0.8021173459213097 0.1836951684226249 0.2767244810576568 0.1310602652177265 0.5461021103184598 0.964982140902417 0.3929056390154335 0.6725062855984731 0.8761633606574594 0.8528791499668325 0.7496213270183721 0.7687391516676635 0.9071515532727645 0.6149777550409671 0.7627213824223572
0.0022187917227642906 0.28656137115352864 0.0347596790522785 0.40694706284716564 0.8459251696494194 0.9534199264825142 0.8266479303365029 0.10856320177710965 0.8021173459213097 0.0 0.9864929334053176 0.02259611805355466 0.741668224609331 0.9094409379570716 0.7712494144109069 0.6152772085691177 0.7573989487691103 0.4219335216019974 0.400747998996033 0.378442352702553 5.263117403841999E-4 0.7751167743710201 0.7812470003526374 0.5297785893918834
0.7825023785720704 0.15316294591376767 0.8838445898393381 0.37257519931087335 0.9625442261931364 0.136295477111804 0.6252761004542196 0.26061164265520176 0.1836951684226249 0.9864929334053176 0.0 0.1964931236590145 0.39439833560305204 0.22426236799660026 0.0074771522225259845 0.6578618489801915 0.9317007707908416 0.7409235286901744 0.11620461061725451 0.4847682943763594 0.6623068548796993 0.32175050882181 0.3205205462468712 0.7106508208202484
0.796683661602286 0.5791017063791479 0.12932214739984083 0.13441638011339951 0.8705754548960551 0.07651544552602352 0.7867234661827067 0.8304312496649493 0.2767244810576568 0.02259611805355466 0.1964931236590145 0.0 0.04039694508840097 0.13157019393735125 0.8842587863505728 0.9406484795207389 0.21775279867463815 0.5424538932837928 0.8366154914968191 0.6638511535143867 0.3779529297689156 0.4519723005668206 0.3091640907181531 0.08562367024143225
0.39799264725697436 0.567427977461087 0.8191422222799399 0.9314454068148085 0.09869444146441664 0.8450612817359657 0.22455123101731267 0.6848149068276796 0.1310602652177265 0.741668224609331 0.39439833560305204 0.04039694508840097 0.0 0.06748670388687628 0.3897281173861531 0.6327436056727571 0.022514754915869628 0.3155656783323003 0.5020405710622472 0.7091434714343356 0.12980079874859463 0.22601226940391717 0.6228200373216631 0.0797345148878632
0.6135905832492224 0.8610640678306172 0.4381390059228175 0.2745659396146817 0.2951679336420622 0.34743774207386136 0.42352817158584577 0.7158615228855644 0.5461021103184598 0.9094409379570716 0.22426236799660026 0.13157019393735125 0.06748670388687628 0.0 0.49050386911240285 0.8974575141070772 0.28808552190925096 0.8016722925118299 0.3847616855303775 0.9821811820218691 0.7322409562947002 0.7120254877555353 0.8797173167502792 0.9292789162028859
0.1341923100665846 0.16331502901389894 0.3093771788938252 0.5117790019380649 0.8339657689690085 0.662547068759637 0.08326200252330918 0.5493556191323239 0.964982140902417 0.7712494144109069 0.0074771522225259845 0.8842587863505728 0.3897281173861531 0.49050386911240285 0.0 0.6161412355815693 0.9111590160110392 0.732634409747771 0.974442902418544 0.4801423932532236 0.3289272879093358 0.9837335367686757 0.23649409822621525 0.689744532478661
0.2626371622679454 0.43201755374018447 0.646281600920549 0.7854038699817281 0.48798933536861766 0.9486084593019188 0.1838376844452062 0.7194075952154663 0.3929056390154335 0.6152772085691177 0.6578618489801915 0.9406484795207389 0.6327436056727571 0.8974575141070772 0.6161412355815693 0.0 0.05071048115281884 0.5302843274868392 0.8599052526199763 0.9471004318985723 0.6750527020000996 0.919776201601 0.0029059606699093354 0.2785761912461865
0.9656398998513769 0.370441222377357 0.12435872005523718 0.09943553206743594 0.1221399078429608 0.9517490605703129 0.9980789440784699 0.41310798644534175 0.6725062855984731 0.7573989487691103 0.9317007707908416 0.21775279867463815 0.022514754915869628 0.28808552190925096 0.9111590160110392 0.05071048115281884 0.0 0.35063765110609735 0.577531070581431 0.6123624696899429 0.7767151736072972 0.2975639059169233 0.6929089266835308 0.3494761671472618
0.7142830905816961 0.834923092728864 0.9357414116703805 0.15614460691381904 0.15944889371686788 0.2452716896836915 0.9307604334405309 0.5658594033896105 0.8761633606574594 0.4219335216019974 0.7409235286901744 0.5424538932837928 0.3155656783323003 0.8016722925118299 0.732634409747771 0.5302843274868392 0.35063765110609735 0.0 0.2743699457641029 0.5563586253590733 0.028297445212232653 0.7344467384462691 0.5594310914676349 0.42789492511100724
0.5366806425776192 0.12315078805071888 0.27261034261769956 0.7879125705368929 0.49638045904069683 0.6104064311623143 0.8777045175732202 0.897103551433456 0.8528791499668325 0.400747998996033 0.11620461061725451 0.8366154914968191 0.5020405710622472 0.3847616855303775 0.974442902418544 0.8599052526199763 0.577531070581431 0.2743699457641029 0.0 0.9863651518020542 0.5635971712504129 0.7004960934983253 0.5683546613255447 0.3735968684690497
0.9693934529450707 0.5362742752162486 0.49853766390824406 0.6574240560381865 0.3866949667522568 0.48107066269300924 0.9892748878009279 0.19795278785287607 0.7496213270183721 0.378442352702553 0.4847682943763594 0.6638511535143867 0.7091434714343356 0.9821811820218691 0.4801423932532236 0.9471004318985723 0.6123624696899429 0.5563586253590733 0.9863651518020542 0.0 0.9190595028550527 0.546985203945606 0.9856053443184893 0.43191963316035586
0.48519696618326547 0.6918295162828754 0.23611307555008298 0.34187897272705203 0.24019597632603162 0.694972492619067 0.6213846479527605 0.1019766073854993 0.7687391516676635 5.263117403841999E-4 0.6623068548796993 0.3779529297689156 0.12980079874859463 0.7322409562947002 0.3289272879093358 0.6750527020000996 0.7767151736072972 0.028297445212232653 0.5635971712504129 0.9190595028550527 0.0 0.6389718920497979 0.4916255105559161 0.2468357125224394
0.8848255063254602 0.24403109516543198 0.4144380652827677 0.8821325554149767 0.9078174182328707 0.43282629125198013 0.1354463619428382 0.7743583844382284 0.9071515532727645 0.7751167743710201 0.32175050882181 0.4519723005668206 0.22601226940391717 0.7120254877555353 0.9837335367686757 0.919776201601 0.2975639059169233 0.7344467384462691 0.7004960934983253 0.546985203945606 0.6389718920497979 0.0 0.875265463247861 0.9452387551711044
0.4497811088128181 0.8258892507036222 0.2423155039821735 0.6009977725783737 0.5997481205392409 0.4112066350952528 0.7469494347937756 0.36342643134122665 0.6149777550409671 0.7812470003526374 0.3205205462468712 0.3091640907181531 0.6228200373216631 0.8797173167502792 0.23649409822621525 0.0029059606699093354 0.6929089266835308 0.5594310914676349 0.5683546613255447 0.9856053443184893 0.4916255105559161 0.875265463247861 0.0 0.13888854500838144
0.21636142813099868 0.17038409765708307 0.9383078579613806 0.7518021634892613 0.9442660200887721 0.9531637779033235 0.6745472577347895 0.0760946912204088 0.7627213824223572 0.5297785893918834 0.7106508208202484 0.08562367024143225 0.0797345148878632 0.9292789162028859 0.689744532478661 0.2785761912461865 0.3494761671472618 0.42789492511100724 0.3735968684690497 0.43191963316035586 0.2468357125224394 0.9452387551711044 0.13888854500838144 0.0

# Optimal Walk
0 9 20 17 19 7 23 22 15 16 3 4 13 12 8 11 5 1 18 10 14 21 6 2 0
