# MCW Instance
# Type: UNIFORM
# N: 24
# Optimal cost: 1.5150305170978613
# Optimal tour (permutation): [0, 21, 4, 6, 5, 15, 10, 22, 1, 20, 16, 7, 17, 11, 8, 3, 19, 23, 14, 13, 12, 18, 9, 2, 0]
# Optimal walk (full path): [0, 21, 4, 21, 6, 5, 15, 10, 22, 1, 22, 20, 16, 7, 17, 11, 8, 11, 3, 19, 3, 23, 14, 13, 14, 23, 12, 18, 9, 2, 9, 21, 0]
# Walk size: 33
# Is walk (has repeats): true

# Distance Matrix
0.0000000000 0.2007754556 0.3690550471 0.3968213173 0.5539343268 0.5277858911 0.3670079732 0.9227818521 0.6669167520 0.8059860470 0.6196468474 0.3516599834 0.6150260506 0.2927179345 0.4820542628 0.7668759667 0.4501569486 0.3911803469 0.8361993447 0.3322692980 0.9537955783 0.1370391586 0.5946314887 0.8230706826
0.2007754556 0.0000000000 0.3643539233 0.7324475238 0.5518538791 0.7243184592 0.3448999496 0.7341960893 0.4920993154 0.6406470838 0.7567434190 0.8474396797 0.1585189614 0.3717259340 0.3912517476 0.4024236114 0.4163339721 0.8992285041 0.9304341617 0.4988593169 0.7012895581 0.7040638375 0.0562466791 0.4910754389
0.3690550471 0.3643539233 0.0000000000 0.6347892531 0.2867035169 0.8092341514 0.9567971169 0.5083766585 0.4987886719 0.0090402622 0.5433830273 0.1927712507 0.3108038207 0.7924795161 0.1175758568 0.9104532805 0.9384551656 0.0992804008 0.4582988403 0.2258323710 0.8294929941 0.2412720581 0.3267571897 0.5533232671
0.3968213173 0.7324475238 0.6347892531 0.0000000000 0.8730691966 0.5277014493 0.1240803603 0.4611913258 0.3353225778 0.2875316763 0.5039669444 0.0578191428 0.4477361333 0.5289865561 0.2462711213 0.7870853755 0.2789118989 0.9072701153 0.4171958868 0.0308351204 0.5057609252 0.6333042994 0.3427349095 0.0189608369
0.5539343268 0.5518538791 0.2867035169 0.8730691966 0.0000000000 0.9667072642 0.4494919485 0.2042314712 0.6814016985 0.4273559574 0.8229258136 0.1283994146 0.2414081689 0.8181776644 0.0621294761 0.4888775162 0.5457079194 0.3141130829 0.1503287273 0.7623656952 0.3547480732 0.0176023677 0.7064173803 0.6896174015
0.5277858911 0.7243184592 0.8092341514 0.5277014493 0.9667072642 0.0000000000 0.0749777929 0.6793962711 0.6341943101 0.6800395545 0.7051746640 0.8456072846 0.7011136906 0.3683777269 0.0901067704 0.0548106089 0.4997036972 0.9829411082 0.9273619867 0.2256060718 0.9879731461 0.7170479479 0.3569648419 0.1729044578
0.3670079732 0.3448999496 0.9567971169 0.1240803603 0.4494919485 0.0749777929 0.0000000000 0.0795400116 0.6088489745 0.3784401999 0.2703021763 0.5598792356 0.5294129668 0.7862724309 0.6362606595 0.9420019039 0.7549349308 0.7922476037 0.8634082464 0.7430412148 0.2561541567 0.0119551451 0.2331331541 0.0626355306
0.9227818521 0.7341960893 0.5083766585 0.4611913258 0.2042314712 0.6793962711 0.0795400116 0.0000000000 0.2765457559 0.0327648826 0.5617391289 0.2746622713 0.9905759823 0.3518839380 0.3097852538 0.1057905864 0.0342882888 0.0756376019 0.3528345161 0.3674851893 0.4827134798 0.4049066583 0.8596859282 0.1325070641
0.6669167520 0.4920993154 0.4987886719 0.3353225778 0.6814016985 0.6341943101 0.6088489745 0.2765457559 0.0000000000 0.4120738204 0.5966934389 0.0532677530 0.2026216617 0.5294777234 0.7880773699 0.2397200693 0.3011386597 0.4787782872 0.7963601812 0.3827968446 0.5420715334 0.3384948591 0.7679897994 0.6735693368
0.8059860470 0.6406470838 0.0090402622 0.2875316763 0.4273559574 0.6800395545 0.3784401999 0.0327648826 0.4120738204 0.0000000000 0.3771195054 0.5161744821 0.3388910981 0.9995140179 0.4023382675 0.7132954248 0.7901208698 0.9524196049 0.1182799336 0.8857924882 0.5353032498 0.0311501090 0.9805468643 0.1575099022
0.6196468474 0.7567434190 0.5433830273 0.5039669444 0.8229258136 0.7051746640 0.2703021763 0.5617391289 0.5966934389 0.3771195054 0.0000000000 0.1600907883 0.9931512169 0.8521180032 0.4573643520 0.1489359277 0.8876899744 0.2744704279 0.2457269290 0.3807459830 0.1641685667 0.8114327698 0.0715099083 0.4525345905
0.3516599834 0.8474396797 0.1927712507 0.0578191428 0.1283994146 0.8456072846 0.5598792356 0.2746622713 0.0532677530 0.5161744821 0.1600907883 0.0000000000 0.3904550849 0.0878716784 0.8586703478 0.8989709015 0.5390250427 0.0447256204 0.7593191847 0.4157672275 0.5028098943 0.3625657150 0.1303513040 0.2661351815
0.6150260506 0.1585189614 0.3108038207 0.4477361333 0.2414081689 0.7011136906 0.5294129668 0.9905759823 0.2026216617 0.3388910981 0.9931512169 0.3904550849 0.0000000000 0.4879995178 0.9677759295 0.6914882013 0.1520787450 0.1976476747 0.0286101877 0.2048517854 0.9660822456 0.2677808609 0.8727973065 0.0796642717
0.2927179345 0.3717259340 0.7924795161 0.5289865561 0.8181776644 0.3683777269 0.7862724309 0.3518839380 0.5294777234 0.9995140179 0.8521180032 0.0878716784 0.4879995178 0.0000000000 0.0037903612 0.2468126249 0.8140290558 0.1503956737 0.4145657015 0.5194166614 0.9615805915 0.5026569577 0.8943496097 0.9676142197
0.4820542628 0.3912517476 0.1175758568 0.2462711213 0.0621294761 0.0901067704 0.6362606595 0.3097852538 0.7880773699 0.4023382675 0.4573643520 0.8586703478 0.9677759295 0.0037903612 0.0000000000 0.7054764994 0.6283636650 0.8840396985 0.8346821711 0.7190300441 0.3801709848 0.8266376482 0.2115900627 0.0012468438
0.7668759667 0.4024236114 0.9104532805 0.7870853755 0.4888775162 0.0548106089 0.9420019039 0.1057905864 0.2397200693 0.7132954248 0.1489359277 0.8989709015 0.6914882013 0.2468126249 0.7054764994 0.0000000000 0.1649083278 0.3577095534 0.8010260962 0.6934987095 0.5667174723 0.6562397497 0.1306733820 0.1480370104
0.4501569486 0.4163339721 0.9384551656 0.2789118989 0.5457079194 0.4997036972 0.7549349308 0.0342882888 0.3011386597 0.7901208698 0.8876899744 0.5390250427 0.1520787450 0.8140290558 0.6283636650 0.1649083278 0.0000000000 0.1228254719 0.5667489379 0.1852492063 0.0003294280 0.2883595089 0.5185856621 0.5059219757
0.3911803469 0.8992285041 0.0992804008 0.9072701153 0.3141130829 0.9829411082 0.7922476037 0.0756376019 0.4787782872 0.9524196049 0.2744704279 0.0447256204 0.1976476747 0.1503956737 0.8840396985 0.3577095534 0.1228254719 0.0000000000 0.8028675974 0.7213380888 0.7145897858 0.1660720868 0.1150076147 0.8949486147
0.8361993447 0.9304341617 0.4582988403 0.4171958868 0.1503287273 0.9273619867 0.8634082464 0.3528345161 0.7963601812 0.1182799336 0.2457269290 0.7593191847 0.0286101877 0.4145657015 0.8346821711 0.8010260962 0.5667489379 0.8028675974 0.0000000000 0.5388656337 0.6739639176 0.8115689961 0.7014492065 0.6421910839
0.3322692980 0.4988593169 0.2258323710 0.0308351204 0.7623656952 0.2256060718 0.7430412148 0.3674851893 0.3827968446 0.8857924882 0.3807459830 0.4157672275 0.2048517854 0.5194166614 0.7190300441 0.6934987095 0.1852492063 0.7213380888 0.5388656337 0.0000000000 0.7757484416 0.7723322093 0.1505079190 0.7036286933
0.9537955783 0.7012895581 0.8294929941 0.5057609252 0.3547480732 0.9879731461 0.2561541567 0.4827134798 0.5420715334 0.5353032498 0.1641685667 0.5028098943 0.9660822456 0.9615805915 0.3801709848 0.5667174723 0.0003294280 0.7145897858 0.6739639176 0.7757484416 0.0000000000 0.3363171835 0.0452386213 0.4845198251
0.1370391586 0.7040638375 0.2412720581 0.6333042994 0.0176023677 0.7170479479 0.0119551451 0.4049066583 0.3384948591 0.0311501090 0.8114327698 0.3625657150 0.2677808609 0.5026569577 0.8266376482 0.6562397497 0.2883595089 0.1660720868 0.8115689961 0.7723322093 0.3363171835 0.0000000000 0.4381931450 0.9608797747
0.5946314887 0.0562466791 0.3267571897 0.3427349095 0.7064173803 0.3569648419 0.2331331541 0.8596859282 0.7679897994 0.9805468643 0.0715099083 0.1303513040 0.8727973065 0.8943496097 0.2115900627 0.1306733820 0.5185856621 0.1150076147 0.7014492065 0.1505079190 0.0452386213 0.4381931450 0.0000000000 0.0380108088
0.8230706826 0.4910754389 0.5533232671 0.0189608369 0.6896174015 0.1729044578 0.0626355306 0.1325070641 0.6735693368 0.1575099022 0.4525345905 0.2661351815 0.0796642717 0.9676142197 0.0012468438 0.1480370104 0.5059219757 0.8949486147 0.6421910839 0.7036286933 0.4845198251 0.9608797747 0.0380108088 0.0000000000
