# Graph size: 24
# Optimal cost: 1.7804877857666983

# Distance Matrix
0.0 0.08101746626650863 0.521803990890826 0.5992156138619373 0.7716959535265062 0.2601088758795326 0.5576238670682474 0.18554551705911138 0.2867309155233242 0.7200147487230284 0.6969309271343732 0.8673570051663748 0.47668645632676765 0.646176208521186 0.31974152333656725 0.4422130296241288 0.4743845026533575 0.6284464460392364 0.8824970297968907 0.8078624197608096 0.3201451633779424 0.5106388021526351 0.6513334007410334 0.3135470276714729
0.08101746626650863 0.0 0.8829306480423026 0.4268891849992118 0.2954822462733685 0.3611268443117426 0.5460548424784696 0.40499036804803146 0.4604625155875389 0.14838734571643408 0.8088559903133624 0.011581962889531616 0.88701128489693 0.8072452897802317 0.2926442482734737 0.3900568549086888 0.11924138200398493 0.8311705294959804 0.5074001860623172 0.6992712608396939 0.35430226877255977 0.6089931363122566 0.1351137387730046 0.3996219254644823
0.521803990890826 0.8829306480423026 0.0 0.5258599240151196 0.08636638797971319 0.5163178966954896 0.052781095268864764 0.28500058799151884 0.061508205701627294 0.48828506038995967 0.30235570354636243 0.14470180311169034 0.38844453314065996 0.7165180179430011 0.4849645054617898 0.6878041804940528 0.40883064687238024 0.18558188659919472 0.8847030009428292 0.4034552518831238 0.26252682343213685 0.5709869401771454 0.9886925915918159 0.4132867139918641
0.5992156138619373 0.4268891849992118 0.5258599240151196 0.0 0.33745721529121464 0.800746998690038 0.2273872668808239 0.07612505935120761 0.010882211787495155 0.2334013498911297 0.590537370245865 0.21882463844763056 0.007065592172654789 0.5287027011642942 0.19818653649910867 0.5308513887920554 0.15042002584769198 0.46783766594181586 0.3758048821442692 0.4815345144678167 0.02856568946594218 0.6919603677025378 0.0336374944947222 0.9714421854425366
0.7716959535265062 0.2954822462733685 0.08636638797971319 0.33745721529121464 0.0 0.09633812907943273 0.5709835240541646 0.1825743795260577 0.8131269372833493 0.04963375784969648 0.18898577730600208 0.23232414637741816 0.05152504114296952 0.8770820128405706 0.7382581275195316 0.31240046747685546 0.08058311149711472 0.857885595522836 0.4509259651735129 0.2324071464574501 0.49022511685006576 0.9157712457037669 0.5652476449953205 0.8553336764926996
0.2601088758795326 0.3611268443117426 0.5163178966954896 0.800746998690038 0.09633812907943273 0.0 0.5865604782292358 0.16184521891018233 0.7231045235922567 0.5960500887370932 0.5682750422259877 0.1632494120514847 0.6258615271144063 0.47691651192028695 0.41343357649895607 0.4598651962136904 0.7376908762361515 0.673399055700428 0.6334633410834447 0.11791395880273958 0.31861652630886284 0.7648106289303086 0.18487638401189632 0.6571548782678593
0.5576238670682474 0.5460548424784696 0.052781095268864764 0.2273872668808239 0.5709835240541646 0.5865604782292358 0.0 0.09395024508377692 0.9687716045119057 0.9943272646397853 0.5174818215143576 0.42245428410582486 0.4827116794754901 0.7488925501595122 0.3410728542901359 0.9124805411547883 0.6817114930687987 0.8309967825256878 0.7378476734002593 0.053498830715767 0.32920796417772946 0.5361994311233869 0.8748396360168652 0.5798421755704495
0.18554551705911138 0.40499036804803146 0.28500058799151884 0.07612505935120761 0.1825743795260577 0.16184521891018233 0.09395024508377692 0.0 0.14556537757212462 0.00209547194037607 0.18419037793887671 0.9641603454587659 0.04923923443027478 0.5978724814522217 0.7198272628940523 0.6499871785994069 0.13623779151172366 0.8766048984367683 0.2094844811616413 0.37599135148567486 0.9958118447145596 0.5761562323791242 0.6465815263396846 0.21889406277859158
0.2867309155233242 0.4604625155875389 0.061508205701627294 0.010882211787495155 0.8131269372833493 0.7231045235922567 0.9687716045119057 0.14556537757212462 0.0 0.2737804216632421 0.5695985938069357 0.3455725701618094 0.7877015815810688 0.48962638435080175 0.11234782265118781 0.7447336771102298 0.3388142589768266 0.9894723560711527 0.21075197868212148 0.8819550135415974 0.44973780026359744 0.5742743984639154 0.44565970701973634 0.3919572616339986
0.7200147487230284 0.14838734571643408 0.48828506038995967 0.2334013498911297 0.04963375784969648 0.5960500887370932 0.9943272646397853 0.00209547194037607 0.2737804216632421 0.0 0.28853683716251133 0.7810470439440783 0.12453422355898436 0.07745323071185917 0.4468347221130574 0.014659887799586602 0.20696756031729047 0.5921267352771475 0.7660773928970221 0.7287226945906181 0.050988835450573644 0.5399027002884729 0.579943587211302 0.6363024430412229
0.6969309271343732 0.8088559903133624 0.30235570354636243 0.590537370245865 0.18898577730600208 0.5682750422259877 0.5174818215143576 0.18419037793887671 0.5695985938069357 0.28853683716251133 0.0 0.6613496669935017 0.3428339975939111 0.32019756544604117 0.49469208628993977 0.786008375277835 0.5590319811595412 0.48894422815249616 0.3531778448236569 0.9033240897075955 0.9424191175472291 0.5871613740042582 0.27872793853062905 0.8700106519936953
0.8673570051663748 0.011581962889531616 0.14470180311169034 0.21882463844763056 0.23232414637741816 0.1632494120514847 0.42245428410582486 0.9641603454587659 0.3455725701618094 0.7810470439440783 0.6613496669935017 0.0 0.42768417253440816 0.7075470777511247 0.48175245610309436 0.7586898099920186 0.3966713117949714 0.14913462185881987 0.45256057102070324 0.20392143347707925 0.036536691667824694 0.591791600103776 0.18886788627969675 0.3968782016400598
0.47668645632676765 0.88701128489693 0.38844453314065996 0.007065592172654789 0.05152504114296952 0.6258615271144063 0.4827116794754901 0.04923923443027478 0.7877015815810688 0.12453422355898436 0.3428339975939111 0.42768417253440816 0.0 0.3353568389086973 0.08063357733871201 0.8456834292075732 0.7213710723429682 0.27747599673594336 0.31354685652562775 0.1711317992468725 0.9077208733699457 0.09872949264054154 0.499429218628354 0.9052434008765349
0.646176208521186 0.8072452897802317 0.7165180179430011 0.5287027011642942 0.8770820128405706 0.47691651192028695 0.7488925501595122 0.5978724814522217 0.48962638435080175 0.07745323071185917 0.32019756544604117 0.7075470777511247 0.3353568389086973 0.0 0.49601037727849906 0.04078331982198935 0.36042096468913887 0.9134714714235385 0.34654041278153325 0.9041805582708405 0.6883134226559425 0.2026716302264474 0.9128525841588288 0.8412875979040311
0.31974152333656725 0.2926442482734737 0.4849645054617898 0.19818653649910867 0.7382581275195316 0.41343357649895607 0.3410728542901359 0.7198272628940523 0.11234782265118781 0.4468347221130574 0.49469208628993977 0.48175245610309436 0.08063357733871201 0.49601037727849906 0.0 0.23348545305852053 0.12450614330677778 0.0014700309052007032 0.2531839822073154 0.6041330349575379 0.009711418715050879 0.7825473014451457 0.3586420318811492 0.28422075485742504
0.4422130296241288 0.3900568549086888 0.6878041804940528 0.5308513887920554 0.31240046747685546 0.4598651962136904 0.9124805411547883 0.6499871785994069 0.7447336771102298 0.014659887799586602 0.786008375277835 0.7586898099920186 0.8456834292075732 0.04078331982198935 0.23348545305852053 0.0 0.19639443532503031 0.8869085126991855 0.9886932239876552 0.8404983571896214 0.916499343755674 0.5274930680517179 0.4268803944752009 0.8820892236430388
0.4743845026533575 0.11924138200398493 0.40883064687238024 0.15042002584769198 0.08058311149711472 0.7376908762361515 0.6817114930687987 0.13623779151172366 0.3388142589768266 0.20696756031729047 0.5590319811595412 0.3966713117949714 0.7213710723429682 0.36042096468913887 0.12450614330677778 0.19639443532503031 0.0 0.786813221706529 0.7170166143560033 0.6631461443533435 0.36057219035679244 0.7143557151712094 0.8186941821175204 0.25840942018692903
0.6284464460392364 0.8311705294959804 0.18558188659919472 0.46783766594181586 0.857885595522836 0.673399055700428 0.8309967825256878 0.8766048984367683 0.9894723560711527 0.5921267352771475 0.48894422815249616 0.14913462185881987 0.27747599673594336 0.9134714714235385 0.0014700309052007032 0.8869085126991855 0.786813221706529 0.0 0.3541417433606643 0.8707239276693133 0.8631613351259393 0.1272339142588339 0.5663457692616598 0.015941014577165902
0.8824970297968907 0.5074001860623172 0.8847030009428292 0.3758048821442692 0.4509259651735129 0.6334633410834447 0.7378476734002593 0.2094844811616413 0.21075197868212148 0.7660773928970221 0.3531778448236569 0.45256057102070324 0.31354685652562775 0.34654041278153325 0.2531839822073154 0.9886932239876552 0.7170166143560033 0.3541417433606643 0.0 0.2922687592442975 0.937593345989552 0.3880644714141681 0.8595828448132115 0.04921400335256887
0.8078624197608096 0.6992712608396939 0.4034552518831238 0.4815345144678167 0.2324071464574501 0.11791395880273958 0.053498830715767 0.37599135148567486 0.8819550135415974 0.7287226945906181 0.9033240897075955 0.20392143347707925 0.1711317992468725 0.9041805582708405 0.6041330349575379 0.8404983571896214 0.6631461443533435 0.8707239276693133 0.2922687592442975 0.0 0.4995903655391436 0.5208075399790794 0.33543407252122637 0.22451374569182814
0.3201451633779424 0.35430226877255977 0.26252682343213685 0.02856568946594218 0.49022511685006576 0.31861652630886284 0.32920796417772946 0.9958118447145596 0.44973780026359744 0.050988835450573644 0.9424191175472291 0.036536691667824694 0.9077208733699457 0.6883134226559425 0.009711418715050879 0.916499343755674 0.36057219035679244 0.8631613351259393 0.937593345989552 0.4995903655391436 0.0 0.46908718180774134 0.8400714076467707 0.6356514523718619
0.5106388021526351 0.6089931363122566 0.5709869401771454 0.6919603677025378 0.9157712457037669 0.7648106289303086 0.5361994311233869 0.5761562323791242 0.5742743984639154 0.5399027002884729 0.5871613740042582 0.591791600103776 0.09872949264054154 0.2026716302264474 0.7825473014451457 0.5274930680517179 0.7143557151712094 0.1272339142588339 0.3880644714141681 0.5208075399790794 0.46908718180774134 0.0 0.7886088353962968 0.9275580288702899
0.6513334007410334 0.1351137387730046 0.9886925915918159 0.0336374944947222 0.5652476449953205 0.18487638401189632 0.8748396360168652 0.6465815263396846 0.44565970701973634 0.579943587211302 0.27872793853062905 0.18886788627969675 0.499429218628354 0.9128525841588288 0.3586420318811492 0.4268803944752009 0.8186941821175204 0.5663457692616598 0.8595828448132115 0.33543407252122637 0.8400714076467707 0.7886088353962968 0.0 0.3894114958414029
0.3135470276714729 0.3996219254644823 0.4132867139918641 0.9714421854425366 0.8553336764926996 0.6571548782678593 0.5798421755704495 0.21889406277859158 0.3919572616339986 0.6363024430412229 0.8700106519936953 0.3968782016400598 0.9052434008765349 0.8412875979040311 0.28422075485742504 0.8820892236430388 0.25840942018692903 0.015941014577165902 0.04921400335256887 0.22451374569182814 0.6356514523718619 0.9275580288702899 0.3894114958414029 0.0

# Optimal Walk
0 11 20 14 23 18 17 21 12 22 3 8 2 6 19 5 10 7 13 15 9 4 16 1 0
