# Graph size: 24
# Optimal cost: 1.795690422533614

# Distance Matrix
0.0 0.8686927517183393 0.5098646067687125 0.9982633555808974 0.9507338743286357 0.7932711838932361 0.7141866171564977 0.09189399535757792 0.3056089991686076 0.46440175635413705 0.02984406822713992 0.22056911579682748 0.03263779129850508 0.009812705797098475 0.04746711229467149 0.10812016513185896 0.035927209624798784 0.3844010983130425 0.5812768141592793 0.27599108003871653 0.26885811917489355 0.1296551662539962 0.21646474289491413 0.9971683437459894
0.8686927517183393 0.0 0.6454866558604915 0.44562287698098535 0.7936080130923495 0.44988031642315707 0.3363840671112087 0.7915226910443883 0.7232168617256195 0.1743673135183953 0.7487501735376977 0.0758171161688409 0.2198006991364475 0.04637652117054725 0.5775499718150063 0.12254798025002545 0.7723776396278276 0.37263640469247417 0.9325864232452192 0.5079573278741215 0.42714172431849984 0.38641767561722373 0.6958369937075537 0.0498958832404911
0.5098646067687125 0.6454866558604915 0.0 0.7480408746940662 0.37538887156009737 0.9440454494109397 0.2022461722409976 0.6423080133722011 0.9093263467482776 0.48347414155772805 0.3575652308595112 0.5905263433685444 0.15184022444715195 0.28688679830625374 0.5933774137182684 0.2045994704608316 0.03812899982005802 0.8972449573720135 0.7110250298157476 0.4520355754216575 0.17987750801316038 0.6682662233132357 0.5107105857564477 0.33124426518636685
0.9982633555808974 0.44562287698098535 0.7480408746940662 0.0 0.7187643079364672 0.04890583941978255 0.12234153033943707 0.26008356432582547 0.9916458776701796 0.986987396780634 0.8690143926802316 0.9486835849692499 0.7933371475230199 0.9266226853529126 0.5784521454497203 0.0676127494710389 0.2270087700468224 0.8047247087933601 0.4774352089234485 0.5937412011726306 0.6175738994843202 0.9138316023309256 0.8052426211353114 0.31869514844778435
0.9507338743286357 0.7936080130923495 0.37538887156009737 0.7187643079364672 0.0 0.7300377287299552 0.4916237435449109 0.06434709914352965 0.6385849733083437 0.5826359461546046 0.42193029905547597 0.39008377106948233 0.4087293111118514 0.4736884121779197 0.48768510385546004 0.8657391904113808 0.3433856908524944 0.4514472147950038 0.20320637601195057 0.7354837653800785 0.16803804071391681 0.3478187779826031 0.3713385247023461 0.37479706586284955
0.7932711838932361 0.44988031642315707 0.9440454494109397 0.04890583941978255 0.7300377287299552 0.0 0.49058019074340997 0.6696920989536271 0.16040848062149793 0.5665125627670223 0.14777330793924937 0.09570591822014052 0.6766128941516287 0.10033418237102387 0.6046447088833687 0.061640122532181874 0.7193669086796969 0.9646544382351172 0.8370344148991392 0.9342174581111903 0.6503089213917636 0.4317296314482699 0.011284517097775226 0.5709534618083962
0.7141866171564977 0.3363840671112087 0.2022461722409976 0.12234153033943707 0.4916237435449109 0.49058019074340997 0.0 0.0810698795555016 0.15074503927241656 0.1901060509862328 0.6427943280066888 0.39058033102838896 0.9580286110156914 0.2399466904922838 0.956633638103893 0.9196012842157137 0.48964921331461575 0.09272194745809015 0.15640050054506305 0.05833019668140593 0.8388614727635038 0.5235614233621877 0.604263563402007 0.3423469009584187
0.09189399535757792 0.7915226910443883 0.6423080133722011 0.26008356432582547 0.06434709914352965 0.6696920989536271 0.0810698795555016 0.0 0.4393356593461173 0.6462607652105631 0.9475963763369364 0.10282824088927778 0.0748382715335506 0.3994190440683817 0.8627014527708717 0.17887467675495938 0.41700496685319544 0.39878046649769605 0.7328921029273009 0.6929557367134745 0.7750742716655202 0.6650881991882792 0.5663823165096885 0.9148956145984704
0.3056089991686076 0.7232168617256195 0.9093263467482776 0.9916458776701796 0.6385849733083437 0.16040848062149793 0.15074503927241656 0.4393356593461173 0.0 0.8049270279246851 0.9017971717603975 0.2885366535744228 0.7954840243125033 0.7695032547817059 0.19328197737638086 0.6533839258531157 0.8377115874648616 0.5686442143522659 0.22171489388161347 0.4108994646855164 0.5917930469104504 0.1636347172512186 0.35957794243177565 0.03941304710807636
0.46440175635413705 0.1743673135183953 0.48347414155772805 0.986987396780634 0.5826359461546046 0.5665125627670223 0.1901060509862328 0.6462607652105631 0.8049270279246851 0.0 0.20955598598492498 0.2101965066914444 0.2848125459110249 0.30660036159090576 0.17443595668238054 0.6834109300905628 0.0868985107311453 0.15786821965973397 0.5352340196223532 0.02902482557427266 0.18469418989390451 0.9475444299356762 0.7149562322344205 0.907820702050127
0.02984406822713992 0.7487501735376977 0.3575652308595112 0.8690143926802316 0.42193029905547597 0.14777330793924937 0.6427943280066888 0.9475963763369364 0.9017971717603975 0.20955598598492498 0.0 0.760657709579778 0.8261357295377014 0.2404682729825388 0.9132089235982598 0.8311089601000591 0.17601791254782462 0.5443635742677106 0.7369253790592453 0.5184808186943871 0.34827452498801204 0.3273562103870732 0.13369588691683953 0.5690468890578132
0.22056911579682748 0.0758171161688409 0.5905263433685444 0.9486835849692499 0.39008377106948233 0.09570591822014052 0.39058033102838896 0.10282824088927778 0.2885366535744228 0.2101965066914444 0.760657709579778 0.0 0.5950013643788166 0.8376745815197975 0.6929539133287976 0.6684029090185007 0.01424652457624176 0.8233458040335191 0.8641756868122364 0.6470167642151553 0.5288562273319443 0.8439246747383242 0.9021229301647791 0.2394526991278283
0.03263779129850508 0.2198006991364475 0.15184022444715195 0.7933371475230199 0.4087293111118514 0.6766128941516287 0.9580286110156914 0.0748382715335506 0.7954840243125033 0.2848125459110249 0.8261357295377014 0.5950013643788166 0.0 0.40584884657827147 0.09013533067486579 0.39925991233248004 0.6634125789091305 0.5895414226528446 0.8530575315509159 0.8548383203180021 0.9185279743943718 0.16950353846615263 0.3089038772166871 0.2936200125147014
0.009812705797098475 0.04637652117054725 0.28688679830625374 0.9266226853529126 0.4736884121779197 0.10033418237102387 0.2399466904922838 0.3994190440683817 0.7695032547817059 0.30660036159090576 0.2404682729825388 0.8376745815197975 0.40584884657827147 0.0 0.3698743105848282 0.6335158321249269 0.3410981051053438 0.29193408475768245 0.8774685048789472 0.16606183443446199 0.7082786076169948 0.8947412165293637 0.46054983581420894 0.14448299007258725
0.04746711229467149 0.5775499718150063 0.5933774137182684 0.5784521454497203 0.48768510385546004 0.6046447088833687 0.956633638103893 0.8627014527708717 0.19328197737638086 0.17443595668238054 0.9132089235982598 0.6929539133287976 0.09013533067486579 0.3698743105848282 0.0 0.9850157054107008 0.8146053694760099 0.24423335532139545 0.15777869113796383 0.3514450111118401 0.9919484826193035 0.2261639013206327 0.3271345652201172 0.488683164099612
0.10812016513185896 0.12254798025002545 0.2045994704608316 0.0676127494710389 0.8657391904113808 0.061640122532181874 0.9196012842157137 0.17887467675495938 0.6533839258531157 0.6834109300905628 0.8311089601000591 0.6684029090185007 0.39925991233248004 0.6335158321249269 0.9850157054107008 0.0 0.06569146936551595 0.22208808361389454 0.442613877077325 0.5488066684393954 0.5543605771130082 0.2018003421611454 0.44704833601099225 0.41133843488233945
0.035927209624798784 0.7723776396278276 0.03812899982005802 0.2270087700468224 0.3433856908524944 0.7193669086796969 0.48964921331461575 0.41700496685319544 0.8377115874648616 0.0868985107311453 0.17601791254782462 0.01424652457624176 0.6634125789091305 0.3410981051053438 0.8146053694760099 0.06569146936551595 0.0 0.5799650756746658 0.1107086391702643 0.09601616301582394 0.2126003761059584 0.7804287759470392 0.1873041144728964 0.20189736509531941
0.3844010983130425 0.37263640469247417 0.8972449573720135 0.8047247087933601 0.4514472147950038 0.9646544382351172 0.09272194745809015 0.39878046649769605 0.5686442143522659 0.15786821965973397 0.5443635742677106 0.8233458040335191 0.5895414226528446 0.29193408475768245 0.24423335532139545 0.22208808361389454 0.5799650756746658 0.0 0.4399550601947384 0.6510843432956144 0.7331080610737046 0.7303465237853523 0.7198731728171905 0.9317161335148322
0.5812768141592793 0.9325864232452192 0.7110250298157476 0.4774352089234485 0.20320637601195057 0.8370344148991392 0.15640050054506305 0.7328921029273009 0.22171489388161347 0.5352340196223532 0.7369253790592453 0.8641756868122364 0.8530575315509159 0.8774685048789472 0.15777869113796383 0.442613877077325 0.1107086391702643 0.4399550601947384 0.0 0.2692091327700672 0.1591265012732227 0.7969273273197032 0.8128635532006492 0.02229197530257332
0.27599108003871653 0.5079573278741215 0.4520355754216575 0.5937412011726306 0.7354837653800785 0.9342174581111903 0.05833019668140593 0.6929557367134745 0.4108994646855164 0.02902482557427266 0.5184808186943871 0.6470167642151553 0.8548383203180021 0.16606183443446199 0.3514450111118401 0.5488066684393954 0.09601616301582394 0.6510843432956144 0.2692091327700672 0.0 0.9320967871059385 0.10022748809764448 0.6735738038262034 0.7230982184273643
0.26885811917489355 0.42714172431849984 0.17987750801316038 0.6175738994843202 0.16803804071391681 0.6503089213917636 0.8388614727635038 0.7750742716655202 0.5917930469104504 0.18469418989390451 0.34827452498801204 0.5288562273319443 0.9185279743943718 0.7082786076169948 0.9919484826193035 0.5543605771130082 0.2126003761059584 0.7331080610737046 0.1591265012732227 0.9320967871059385 0.0 0.5452522664014344 0.7244767456497336 0.7825191027434552
0.1296551662539962 0.38641767561722373 0.6682662233132357 0.9138316023309256 0.3478187779826031 0.4317296314482699 0.5235614233621877 0.6650881991882792 0.1636347172512186 0.9475444299356762 0.3273562103870732 0.8439246747383242 0.16950353846615263 0.8947412165293637 0.2261639013206327 0.2018003421611454 0.7804287759470392 0.7303465237853523 0.7969273273197032 0.10022748809764448 0.5452522664014344 0.0 0.7715495199078667 0.7870600346578648
0.21646474289491413 0.6958369937075537 0.5107105857564477 0.8052426211353114 0.3713385247023461 0.011284517097775226 0.604263563402007 0.5663823165096885 0.35957794243177565 0.7149562322344205 0.13369588691683953 0.9021229301647791 0.3089038772166871 0.46054983581420894 0.3271345652201172 0.44704833601099225 0.1873041144728964 0.7198731728171905 0.8128635532006492 0.6735738038262034 0.7244767456497336 0.7715495199078667 0.0 0.6147405027364728
0.9971683437459894 0.0498958832404911 0.33124426518636685 0.31869514844778435 0.37479706586284955 0.5709534618083962 0.3423469009584187 0.9148956145984704 0.03941304710807636 0.907820702050127 0.5690468890578132 0.2394526991278283 0.2936200125147014 0.14448299007258725 0.488683164099612 0.41133843488233945 0.20189736509531941 0.9317161335148322 0.02229197530257332 0.7230982184273643 0.7825191027434552 0.7870600346578648 0.6147405027364728 0.0

# Optimal Walk
0 14 13 1 23 18 8 21 19 9 17 6 3 22 5 15 16 11 2 20 4 7 12 10 0
