# MCW Instance
# Type: UNIFORM
# N: 24
# Optimal cost: 1.7789241215423859
# Optimal tour (permutation): [0, 23, 22, 21, 6, 3, 16, 13, 7, 4, 9, 19, 1, 10, 11, 20, 15, 5, 12, 2, 18, 17, 8, 14, 0]
# Optimal walk (full path): [0, 3, 23, 22, 21, 6, 21, 22, 23, 3, 16, 13, 7, 4, 9, 19, 1, 10, 11, 20, 15, 5, 9, 12, 2, 18, 17, 8, 14, 0]
# Walk size: 30
# Is walk (has repeats): true

# Distance Matrix
0.0000000000 0.2617698331 0.4726274923 0.0773770982 0.4549148897 0.8527021970 0.9741475014 0.7553985120 0.5034176580 0.8717047984 0.7099084209 0.7422048125 0.7920886380 0.3832317210 0.1528653121 0.4779188332 0.7744521498 0.9849896703 0.9625057394 0.6894463310 0.8425080589 0.8333321265 0.3479755808 0.3083152987
0.2617698331 0.0000000000 0.0560155459 0.3721916286 0.3598175132 0.1413847602 0.2692769870 0.3996135040 0.8901380479 0.5031942071 0.0294758270 0.3256817191 0.7323074843 0.5040754461 0.0825364609 0.4766034397 0.6538368728 0.4547511935 0.3156382441 0.0819457191 0.0698647728 0.8959954418 0.4899295859 0.1454945750
0.4726274923 0.0560155459 0.0000000000 0.5697257318 0.0910331050 0.1726527301 0.7449324768 0.2453613449 0.4287069504 0.8648030519 0.4315079308 0.4978742294 0.0770423242 0.4386114176 0.3080962755 0.7573135725 0.3996912674 0.6485520185 0.0525282744 0.3408210662 0.1018392400 0.6602420747 0.6227891498 0.4955538136
0.0773770982 0.3721916286 0.5697257318 0.0000000000 0.8075092458 0.2535139646 0.6316674800 0.5253408839 0.7867998648 0.5991042273 0.4106596817 0.7838187952 0.8494449038 0.2828184008 0.5964127182 0.2318304163 0.0001844119 0.5566938628 0.6677141682 0.2031604956 0.3117879392 0.6335981696 0.2370149438 0.0002208456
0.4549148897 0.3598175132 0.0910331050 0.8075092458 0.0000000000 0.6131729141 0.2098629856 0.0576969776 0.9500862270 0.0129118367 0.2999690143 0.6467747607 0.5913221190 0.9825247332 0.8979606110 0.1424456812 0.7333337860 0.7093035031 0.9421832986 0.5168812455 0.2325055800 0.6950176019 0.5531009682 0.5468776653
0.8527021970 0.1413847602 0.1726527301 0.2535139646 0.6131729141 0.0000000000 0.4631882757 0.1247010056 0.5383643427 0.0084603406 0.6266313796 0.3588228471 0.7149654486 0.4062644146 0.2372465344 0.0124951464 0.6852276660 0.1744889255 0.3531267287 0.4769727261 0.3215446275 0.6934495227 0.3765357828 0.4115518897
0.9741475014 0.2692769870 0.7449324768 0.6316674800 0.2098629856 0.4631882757 0.0000000000 0.3641951930 0.6542309325 0.5401211675 0.6880765171 0.2172262923 0.2736668374 0.5158922077 0.5056109470 0.2393087362 0.6128516375 0.9365453535 0.9094412443 0.5696360069 0.7846149685 0.0025063693 0.7464177410 0.8033492201
0.7553985120 0.3996135040 0.2453613449 0.5253408839 0.0576969776 0.1247010056 0.3641951930 0.0000000000 0.1488664102 0.7630994155 0.1677534469 0.6366364053 0.6894444370 0.1065410997 0.1507441939 0.9385675218 0.6420802102 0.9709972054 0.1524783423 0.5748913050 0.1003134951 0.7977286810 0.9314551052 0.7084335795
0.5034176580 0.8901380479 0.4287069504 0.7867998648 0.9500862270 0.5383643427 0.6542309325 0.1488664102 0.0000000000 0.7646740472 0.7873926358 0.7771323532 0.2314011835 0.2201693034 0.0918529499 0.8727760813 0.4468095452 0.1280946842 0.6763944283 0.2835855797 0.1094158479 0.5004102799 0.2210232125 0.1099195039
0.8717047984 0.5031942071 0.8648030519 0.5991042273 0.0129118367 0.0084603406 0.5401211675 0.7630994155 0.7646740472 0.0000000000 0.4609538953 0.7884037789 0.0945755273 0.6745502235 0.9501311454 0.8620860605 0.1316456836 0.2232245376 0.9147618955 0.0827427800 0.6698833176 0.5094113293 0.6215751810 0.5782913558
0.7099084209 0.0294758270 0.4315079308 0.4106596817 0.2999690143 0.6266313796 0.6880765171 0.1677534469 0.7873926358 0.4609538953 0.0000000000 0.0639991053 0.8069675534 0.7086495193 0.5195697658 0.6828570283 0.3485559764 0.2560911796 0.6654098681 0.2173205016 0.9229993309 0.4224864771 0.6953245501 0.9790585127
0.7422048125 0.3256817191 0.4978742294 0.7838187952 0.6467747607 0.3588228471 0.2172262923 0.6366364053 0.7771323532 0.7884037789 0.0639991053 0.0000000000 0.3813574433 0.8278224517 0.8808646484 0.7543074355 0.0993650671 0.6379848972 0.4601781743 0.6916225699 0.0229701723 0.6116061610 0.6750308303 0.6489431502
0.7920886380 0.7323074843 0.0770423242 0.8494449038 0.5913221190 0.7149654486 0.2736668374 0.6894444370 0.2314011835 0.0945755273 0.8069675534 0.3813574433 0.0000000000 0.7840635187 0.2069497253 0.8055232683 0.4028333052 0.5150922425 0.2146821043 0.6949675264 0.1315505495 0.4141016832 0.2817973306 0.1958611981
0.3832317210 0.5040754461 0.4386114176 0.2828184008 0.9825247332 0.4062644146 0.5158922077 0.1065410997 0.2201693034 0.6745502235 0.7086495193 0.8278224517 0.7840635187 0.0000000000 0.6236324620 0.8158511714 0.1226225699 0.6876245349 0.7349814970 0.5100010112 0.1747483048 0.3177426078 0.7199662909 0.3139696724
0.1528653121 0.0825364609 0.3080962755 0.5964127182 0.8979606110 0.2372465344 0.5056109470 0.1507441939 0.0918529499 0.9501311454 0.5195697658 0.8808646484 0.2069497253 0.6236324620 0.0000000000 0.9508897305 0.9001805618 0.1958477547 0.4559115649 0.3621009191 0.4684173280 0.6648767767 0.1523673574 0.8434266437
0.4779188332 0.4766034397 0.7573135725 0.2318304163 0.1424456812 0.0124951464 0.2393087362 0.9385675218 0.8727760813 0.8620860605 0.6828570283 0.7543074355 0.8055232683 0.8158511714 0.9508897305 0.0000000000 0.3251689684 0.7146993460 0.8754904471 0.1999913060 0.0568500411 0.2452441821 0.1963547534 0.7096882342
0.7744521498 0.6538368728 0.3996912674 0.0001844119 0.7333337860 0.6852276660 0.6128516375 0.6420802102 0.4468095452 0.1316456836 0.3485559764 0.0993650671 0.4028333052 0.1226225699 0.9001805618 0.3251689684 0.0000000000 0.3880474166 0.3290572985 0.7637004334 0.1680467812 0.9397579362 0.6020862172 0.9315758077
0.9849896703 0.4547511935 0.6485520185 0.5566938628 0.7093035031 0.1744889255 0.9365453535 0.9709972054 0.1280946842 0.2232245376 0.2560911796 0.6379848972 0.5150922425 0.6876245349 0.1958477547 0.7146993460 0.3880474166 0.0000000000 0.2415185328 0.9248675623 0.4032063950 0.7846854074 0.7073384532 0.5653265141
0.9625057394 0.3156382441 0.0525282744 0.6677141682 0.9421832986 0.3531267287 0.9094412443 0.1524783423 0.6763944283 0.9147618955 0.6654098681 0.4601781743 0.2146821043 0.7349814970 0.4559115649 0.8754904471 0.3290572985 0.2415185328 0.0000000000 0.2333210088 0.8268552869 0.9012802104 0.5477011321 0.4886545071
0.6894463310 0.0819457191 0.3408210662 0.2031604956 0.5168812455 0.4769727261 0.5696360069 0.5748913050 0.2835855797 0.0827427800 0.2173205016 0.6916225699 0.6949675264 0.5100010112 0.3621009191 0.1999913060 0.7637004334 0.9248675623 0.2333210088 0.0000000000 0.3958787322 0.9690394685 0.1472600045 0.8378993937
0.8425080589 0.0698647728 0.1018392400 0.3117879392 0.2325055800 0.3215446275 0.7846149685 0.1003134951 0.1094158479 0.6698833176 0.9229993309 0.0229701723 0.1315505495 0.1747483048 0.4684173280 0.0568500411 0.1680467812 0.4032063950 0.8268552869 0.3958787322 0.0000000000 0.9471070154 0.3226429280 0.7454785415
0.8333321265 0.8959954418 0.6602420747 0.6335981696 0.6950176019 0.6934495227 0.0025063693 0.7977286810 0.5004102799 0.5094113293 0.4224864771 0.6116061610 0.4141016832 0.3177426078 0.6648767767 0.2452441821 0.9397579362 0.7846854074 0.9012802104 0.9690394685 0.9471070154 0.0000000000 0.0591646553 0.7085006743
0.3479755808 0.4899295859 0.6227891498 0.2370149438 0.5531009682 0.3765357828 0.7464177410 0.9314551052 0.2210232125 0.6215751810 0.6953245501 0.6750308303 0.2817973306 0.7199662909 0.1523673574 0.1963547534 0.6020862172 0.7073384532 0.5477011321 0.1472600045 0.3226429280 0.0591646553 0.0000000000 0.0401948251
0.3083152987 0.1454945750 0.4955538136 0.0002208456 0.5468776653 0.4115518897 0.8033492201 0.7084335795 0.1099195039 0.5782913558 0.9790585127 0.6489431502 0.1958611981 0.3139696724 0.8434266437 0.7096882342 0.9315758077 0.5653265141 0.4886545071 0.8378993937 0.7454785415 0.7085006743 0.0401948251 0.0000000000
