# Graph size: 24
# Optimal cost: 1.5416510146474365

# Distance Matrix
0.0 0.9392531804609855 0.879552015621811 0.3248833185231479 0.1748967956667602 0.0182954389028398 0.9944289584706513 0.758606926268857 0.10796703072773517 0.7303130690759696 0.5010379527045639 0.6931963080459722 0.5263032906838226 0.5856572217998663 0.31790407192359893 0.1505170826899097 0.18595095077903856 0.4912929701432839 0.31431595658088696 0.27127171637305714 0.6112840391743485 0.12775943641944865 0.5964094769242864 0.9156346734296479
0.9392531804609855 0.0 0.47563282522107253 0.5093888105217556 0.17851404915448998 0.988421904226998 0.8651141689282033 0.2793286582682344 0.9050261712024458 0.41973288629543537 0.3773548775076756 0.9950131269768361 0.9187393351616089 0.45173081625096 0.07808809666824379 0.6450804996750124 0.9334733920939619 0.38320254788671715 0.44114152398871387 0.9053357625574394 0.062010198302407504 0.20576709387491476 0.531125191130062 0.18920886305654827
0.879552015621811 0.47563282522107253 0.0 0.9747569735050055 0.6290770192811479 0.8531657804480951 0.3772605239551897 0.7202223880134473 0.8370849821698394 0.4903234876100886 0.2206391983549636 0.6253046816426843 0.94342290887438 0.37686652371654317 0.8049942708605681 0.3115551181840873 0.5211688507098856 0.8143671850607607 0.1342023045790145 0.012994406808554682 0.7707526105206791 0.6276229149951865 0.8473644203174151 0.061723079327549724
0.3248833185231479 0.5093888105217556 0.9747569735050055 0.0 0.8594778823447173 0.6786944353971267 0.3178847422697635 0.6194818373346953 0.7171152897944365 0.8098922207454999 0.9000412402327334 0.4764811039077006 0.10424724909092498 0.6703317893929445 0.8863120317445539 0.01323360471739543 0.08352214025523008 0.2957171813194601 0.8178212801216955 0.22678755769563486 0.11870168084420318 0.7573011457289721 0.1506213223379652 0.05967233976364239
0.1748967956667602 0.17851404915448998 0.6290770192811479 0.8594778823447173 0.0 0.9023624058766354 0.673509394153453 0.9221279779686742 0.13803245924963703 0.6703379621880368 0.8865059326499577 0.9848790741943128 0.4248396362560438 0.19946647580917531 0.14601467543527835 0.5788858583394249 0.22473701879079544 0.9049326578813532 0.21400239114476904 0.4992007731064938 0.4389835333147214 0.4544721527568387 0.4063668298148869 0.8819244574827874
0.0182954389028398 0.988421904226998 0.8531657804480951 0.6786944353971267 0.9023624058766354 0.0 0.9621304868091328 0.09893093919921458 0.22156247303933052 0.6797282423074861 0.6364764161042639 0.4821502446753656 0.3711362763559337 0.22706842780993886 0.2360106832975657 0.03787317678745483 0.223434319774359 0.9056214301482709 0.5384697448986007 0.20734618456875464 0.399279118383176 0.8120697265215644 0.6622945971374545 0.6185153435686899
0.9944289584706513 0.8651141689282033 0.3772605239551897 0.3178847422697635 0.673509394153453 0.9621304868091328 0.0 0.017207051324400813 0.5032202301179036 0.49469192193381695 0.05619326929864854 0.8758938132279562 0.34753845252968896 0.2176650167511246 0.5222995878868026 0.6826854361493901 0.747533279194732 0.6507954750937711 0.9362544680522109 0.28969082836112137 0.5140285568195019 0.3727197529084749 0.057830923569781256 0.7826813877020704
0.758606926268857 0.2793286582682344 0.7202223880134473 0.6194818373346953 0.9221279779686742 0.09893093919921458 0.017207051324400813 0.0 0.9712096411617701 0.3576596964951847 0.028248413734893285 0.1830821791452999 0.9504343421974053 0.16902936264898738 0.5200167770776236 0.46962798504236647 0.6911493299480119 0.5890551757873839 0.8620162373610618 0.6037968083905917 0.8088545065618398 0.9315100320638048 0.6635252713599623 0.25192264270708453
0.10796703072773517 0.9050261712024458 0.8370849821698394 0.7171152897944365 0.13803245924963703 0.22156247303933052 0.5032202301179036 0.9712096411617701 0.0 0.9129097195675212 0.18407646309091186 0.3993855218105551 0.9369279057334695 0.16107953388441132 0.5575175492509307 0.13821860661051044 0.4239054328598333 0.023063207122216323 0.9807489363117418 0.09658711860273106 0.24631886463042674 0.7918590007733556 0.5740686303074455 0.9842177379179492
0.7303130690759696 0.41973288629543537 0.4903234876100886 0.8098922207454999 0.6703379621880368 0.6797282423074861 0.49469192193381695 0.3576596964951847 0.9129097195675212 0.0 0.41337907311083233 0.9296630040768324 0.15721620461285657 0.1688818416635508 0.5041937589193316 0.16410478907138026 0.40459607356418015 0.5342548217590685 0.5505763371623426 0.36097305557132897 0.3469145623641824 0.5300525507692608 0.3379385971557678 0.591186764909341
0.5010379527045639 0.3773548775076756 0.2206391983549636 0.9000412402327334 0.8865059326499577 0.6364764161042639 0.05619326929864854 0.028248413734893285 0.18407646309091186 0.41337907311083233 0.0 0.5366438335633842 0.32096928115648904 0.01248194556176796 0.482618299877554 0.34414022185561066 0.12941845237770622 0.17293989977899527 0.9014767731067582 0.5319082441156704 0.8368041626124575 0.9464142988373924 0.2433116477450431 0.4664160402597741
0.6931963080459722 0.9950131269768361 0.6253046816426843 0.4764811039077006 0.9848790741943128 0.4821502446753656 0.8758938132279562 0.1830821791452999 0.3993855218105551 0.9296630040768324 0.5366438335633842 0.0 0.6590274658069625 0.9003864922363615 0.13029760419818126 0.07003163839896787 0.24415870169626697 0.02677384952847972 0.1093139458968273 0.8900637298996326 0.8536830875915475 0.4489410069667321 0.02443289473511301 0.4675547667991158
0.5263032906838226 0.9187393351616089 0.94342290887438 0.10424724909092498 0.4248396362560438 0.3711362763559337 0.34753845252968896 0.9504343421974053 0.9369279057334695 0.15721620461285657 0.32096928115648904 0.6590274658069625 0.0 0.3834536437369229 0.9488643471026299 0.09778284993471276 0.5253879618337277 0.8564621458682846 0.8891872630432559 0.39435428286637675 0.3634341635972853 0.6767651992457062 0.6136928954553508 0.2691673850049672
0.5856572217998663 0.45173081625096 0.37686652371654317 0.6703317893929445 0.19946647580917531 0.22706842780993886 0.2176650167511246 0.16902936264898738 0.16107953388441132 0.1688818416635508 0.01248194556176796 0.9003864922363615 0.3834536437369229 0.0 0.24787844867171172 0.37237916981692176 0.9497597705068694 0.5993222790355378 0.5125304981254105 0.7746842624766384 0.007655436964351114 0.08880406732981116 0.5518364240835888 0.5828544440104115
0.31790407192359893 0.07808809666824379 0.8049942708605681 0.8863120317445539 0.14601467543527835 0.2360106832975657 0.5222995878868026 0.5200167770776236 0.5575175492509307 0.5041937589193316 0.482618299877554 0.13029760419818126 0.9488643471026299 0.24787844867171172 0.0 0.07406156544376186 0.7005166895105219 0.8784746947941665 0.04405695901401652 0.031013580441769162 0.31787085086559064 0.9428316421681787 0.043641077819187246 0.3964767047945924
0.1505170826899097 0.6450804996750124 0.3115551181840873 0.01323360471739543 0.5788858583394249 0.03787317678745483 0.6826854361493901 0.46962798504236647 0.13821860661051044 0.16410478907138026 0.34414022185561066 0.07003163839896787 0.09778284993471276 0.37237916981692176 0.07406156544376186 0.0 0.0673532239473984 0.4673174180304226 0.24426271121076626 0.779069305000458 0.3438553309865695 0.6353961427808865 0.038868167174917034 0.26698372380622626
0.18595095077903856 0.9334733920939619 0.5211688507098856 0.08352214025523008 0.22473701879079544 0.223434319774359 0.747533279194732 0.6911493299480119 0.4239054328598333 0.40459607356418015 0.12941845237770622 0.24415870169626697 0.5253879618337277 0.9497597705068694 0.7005166895105219 0.0673532239473984 0.0 0.4721423258691446 0.5933687735839307 0.9896862524452318 0.029943613639734634 0.11069335769651201 0.37236125616357507 0.11385566941071756
0.4912929701432839 0.38320254788671715 0.8143671850607607 0.2957171813194601 0.9049326578813532 0.9056214301482709 0.6507954750937711 0.5890551757873839 0.023063207122216323 0.5342548217590685 0.17293989977899527 0.02677384952847972 0.8564621458682846 0.5993222790355378 0.8784746947941665 0.4673174180304226 0.4721423258691446 0.0 0.2030760349364953 0.9582466262933623 0.5186339787023728 0.8460396076567959 0.942865437598713 0.05873425929899623
0.31431595658088696 0.44114152398871387 0.1342023045790145 0.8178212801216955 0.21400239114476904 0.5384697448986007 0.9362544680522109 0.8620162373610618 0.9807489363117418 0.5505763371623426 0.9014767731067582 0.1093139458968273 0.8891872630432559 0.5125304981254105 0.04405695901401652 0.24426271121076626 0.5933687735839307 0.2030760349364953 0.0 0.43224368319469364 0.7593576885036981 0.39789592130003704 0.01689300723569731 0.6572516365676881
0.27127171637305714 0.9053357625574394 0.012994406808554682 0.22678755769563486 0.4992007731064938 0.20734618456875464 0.28969082836112137 0.6037968083905917 0.09658711860273106 0.36097305557132897 0.5319082441156704 0.8900637298996326 0.39435428286637675 0.7746842624766384 0.031013580441769162 0.779069305000458 0.9896862524452318 0.9582466262933623 0.43224368319469364 0.0 0.1581905679854968 0.220877096250631 0.7346890003919799 0.14108741517510126
0.6112840391743485 0.062010198302407504 0.7707526105206791 0.11870168084420318 0.4389835333147214 0.399279118383176 0.5140285568195019 0.8088545065618398 0.24631886463042674 0.3469145623641824 0.8368041626124575 0.8536830875915475 0.3634341635972853 0.007655436964351114 0.31787085086559064 0.3438553309865695 0.029943613639734634 0.5186339787023728 0.7593576885036981 0.1581905679854968 0.0 0.46989009691062 0.16348799170700878 0.8577958913897714
0.12775943641944865 0.20576709387491476 0.6276229149951865 0.7573011457289721 0.4544721527568387 0.8120697265215644 0.3727197529084749 0.9315100320638048 0.7918590007733556 0.5300525507692608 0.9464142988373924 0.4489410069667321 0.6767651992457062 0.08880406732981116 0.9428316421681787 0.6353961427808865 0.11069335769651201 0.8460396076567959 0.39789592130003704 0.220877096250631 0.46989009691062 0.0 0.7863405686584798 0.9571536844266164
0.5964094769242864 0.531125191130062 0.8473644203174151 0.1506213223379652 0.4063668298148869 0.6622945971374545 0.057830923569781256 0.6635252713599623 0.5740686303074455 0.3379385971557678 0.2433116477450431 0.02443289473511301 0.6136928954553508 0.5518364240835888 0.043641077819187246 0.038868167174917034 0.37236125616357507 0.942865437598713 0.01689300723569731 0.7346890003919799 0.16348799170700878 0.7863405686584798 0.0 0.24186244222293318
0.9156346734296479 0.18920886305654827 0.061723079327549724 0.05967233976364239 0.8819244574827874 0.6185153435686899 0.7826813877020704 0.25192264270708453 0.9842177379179492 0.591186764909341 0.4664160402597741 0.4675547667991158 0.2691673850049672 0.5828544440104115 0.3964767047945924 0.26698372380622626 0.11385566941071756 0.05873425929899623 0.6572516365676881 0.14108741517510126 0.8577958913897714 0.9571536844266164 0.24186244222293318 0.0

# Optimal Walk
0 5 15 9 12 3 23 2 19 14 1 4 8 17 11 18 22 6 7 10 13 20 16 21 0
