# MCW Instance
# Type: UNIFORM
# N: 24
# Optimal cost: 2.5889165843590076
# Optimal tour (permutation): [0, 21, 7, 15, 14, 22, 8, 6, 10, 12, 4, 9, 17, 19, 20, 2, 16, 23, 5, 13, 1, 18, 3, 11, 0]
# Optimal walk (full path): [0, 21, 7, 15, 14, 8, 22, 8, 6, 10, 12, 4, 9, 17, 19, 20, 19, 17, 2, 16, 23, 5, 23, 13, 1, 18, 3, 11, 0]
# Walk size: 29
# Is walk (has repeats): true

# Distance Matrix
0.0000000000 0.4508543046 0.7974486495 0.9074699398 0.6380425737 0.9388080195 0.3905139233 0.0727410852 0.5658717728 0.5594326864 0.7666706547 0.0758935225 0.7098194634 0.5021405686 0.6653344108 0.5318532077 0.9233199958 0.3542400163 0.6310493065 0.9946637407 0.3143397260 0.1460215634 0.8556449747 0.4931698476
0.4508543046 0.0000000000 0.5292000208 0.9266679188 0.6655741244 0.4732722060 0.5491499983 0.8180395043 0.5480161102 0.5513251962 0.1828249024 0.6037392732 0.6962455976 0.1092255536 0.6652651798 0.3024621030 0.6729298412 0.1689668783 0.0329603551 0.8474850542 0.9394316750 0.1729109666 0.2344209406 0.9482570696
0.7974486495 0.5292000208 0.0000000000 0.6798600432 0.2657537510 0.2570706106 0.4453978822 0.5605233745 0.4251403803 0.9037897406 0.9870173694 0.8086052044 0.3201101085 0.2362309984 0.6521184584 0.2682961854 0.0900287432 0.1170662266 0.2259478804 0.8982797443 0.3313923943 0.7296130410 0.1925111519 0.5113832273
0.9074699398 0.9266679188 0.6798600432 0.0000000000 0.4558633508 0.4308288326 0.1510690571 0.4253705907 0.2401249991 0.8024487298 0.2862850564 0.0932662961 0.8266199040 0.3050832039 0.7257942988 0.7122645296 0.6539608057 0.5113799725 0.1043165670 0.2721914976 0.7967818987 0.4968941870 0.4200370254 0.4976533365
0.6380425737 0.6655741244 0.2657537510 0.4558633508 0.0000000000 0.9770233945 0.6010995449 0.3168301004 0.6624152643 0.0721195574 0.4360123879 0.2550038062 0.3102224786 0.2902866827 0.7161898263 0.6435926736 0.5031871942 0.3090842315 0.2114016298 0.8988297631 0.3370296720 0.5806484277 0.8820655276 0.5662791806
0.9388080195 0.4732722060 0.2570706106 0.4308288326 0.9770233945 0.0000000000 0.1118761417 0.6954750879 0.0475734692 0.0982125547 0.7279797936 0.1663538945 0.2589266658 0.6131641500 0.5876453666 0.2450338376 0.3996352294 0.9812010657 0.5278020806 0.4164257246 0.4226280776 0.8762964562 0.0820833998 0.0286239257
0.3905139233 0.5491499983 0.4453978822 0.1510690571 0.6010995449 0.1118761417 0.0000000000 0.0459574920 0.0162951931 0.6769362136 0.1117566854 0.6763716001 0.6713132231 0.2031967095 0.8146505426 0.8073676340 0.6630129307 0.7727330605 0.0455208984 0.1471273503 0.5000491163 0.3691704313 0.8413775416 0.7717753733
0.0727410852 0.8180395043 0.5605233745 0.4253705907 0.3168301004 0.6954750879 0.0459574920 0.0000000000 0.9990809314 0.5323768937 0.7105604703 0.6706902109 0.7260973011 0.1783033870 0.6937976158 0.1531367230 0.8594048439 0.1489348636 0.1714032680 0.7192778575 0.6234782688 0.1115236634 0.5077118391 0.1636626529
0.5658717728 0.5480161102 0.4251403803 0.2401249991 0.6624152643 0.0475734692 0.0162951931 0.9990809314 0.0000000000 0.2719758195 0.9819402964 0.4685685002 0.8755764408 0.7085728758 0.1338910868 0.9736751292 0.5281784490 0.2258691059 0.2739157707 0.1528158379 0.6071404606 0.5154757760 0.0114926654 0.8634635333
0.5594326864 0.5513251962 0.9037897406 0.8024487298 0.0721195574 0.0982125547 0.6769362136 0.5323768937 0.2719758195 0.0000000000 0.5195404349 0.0564913690 0.8342425769 0.7969950455 0.3450526253 0.2249255381 0.4101373846 0.0517197091 0.6440158891 0.9832326088 0.8817824184 0.5831515156 0.1207504943 0.8069676078
0.7666706547 0.1828249024 0.9870173694 0.2862850564 0.4360123879 0.7279797936 0.1117566854 0.7105604703 0.9819402964 0.5195404349 0.0000000000 0.0922566308 0.2554330613 0.3555326791 0.5846793155 0.4876580098 0.3125447629 0.2649257035 0.5875065008 0.7784162929 0.9639103607 0.4277047399 0.2465447273 0.3095984390
0.0758935225 0.6037392732 0.8086052044 0.0932662961 0.2550038062 0.1663538945 0.6763716001 0.6706902109 0.4685685002 0.0564913690 0.0922566308 0.0000000000 0.4362355465 0.9224022525 0.3989033206 0.4898471064 0.2818935688 0.8625396693 0.8674727372 0.5592558365 0.9538982211 0.3868999583 0.7247751004 0.4383991204
0.7098194634 0.6962455976 0.3201101085 0.8266199040 0.3102224786 0.2589266658 0.6713132231 0.7260973011 0.8755764408 0.8342425769 0.2554330613 0.4362355465 0.0000000000 0.6584807008 0.4647347993 0.3578715263 0.3938993905 0.2785142910 0.5095895756 0.4991517999 0.7803269318 0.7245062197 0.4604677118 0.7169333007
0.5021405686 0.1092255536 0.2362309984 0.3050832039 0.2902866827 0.6131641500 0.2031967095 0.1783033870 0.7085728758 0.7969950455 0.3555326791 0.9224022525 0.6584807008 0.0000000000 0.1738931831 0.4146037603 0.6853455791 0.4701477624 0.8003115312 0.7110372638 0.7895878759 0.7229962166 0.2773638504 0.0476501435
0.6653344108 0.6652651798 0.6521184584 0.7257942988 0.7161898263 0.5876453666 0.8146505426 0.6937976158 0.1338910868 0.3450526253 0.5846793155 0.3989033206 0.4647347993 0.1738931831 0.0000000000 0.1706028594 0.2883032929 0.3421254120 0.1716416563 0.9501151758 0.5224048924 0.4134644287 0.3923756742 0.7367239031
0.5318532077 0.3024621030 0.2682961854 0.7122645296 0.6435926736 0.2450338376 0.8073676340 0.1531367230 0.9736751292 0.2249255381 0.4876580098 0.4898471064 0.3578715263 0.4146037603 0.1706028594 0.0000000000 0.7297531089 0.5523468542 0.9810842897 0.5239519540 0.6520257637 0.6256408296 0.8975227948 0.9127821948
0.9233199958 0.6729298412 0.0900287432 0.6539608057 0.5031871942 0.3996352294 0.6630129307 0.8594048439 0.5281784490 0.4101373846 0.3125447629 0.2818935688 0.3938993905 0.6853455791 0.2883032929 0.7297531089 0.0000000000 0.7143776010 0.2535298185 0.8331078864 0.7627146882 0.2805733763 0.4263067038 0.1547984271
0.3542400163 0.1689668783 0.1170662266 0.5113799725 0.3090842315 0.9812010657 0.7727330605 0.1489348636 0.2258691059 0.0517197091 0.2649257035 0.8625396693 0.2785142910 0.4701477624 0.3421254120 0.5523468542 0.7143776010 0.0000000000 0.3216686119 0.0290933055 0.5132357263 0.7099545261 0.8625914581 0.7039039826
0.6310493065 0.0329603551 0.2259478804 0.1043165670 0.2114016298 0.5278020806 0.0455208984 0.1714032680 0.2739157707 0.6440158891 0.5875065008 0.8674727372 0.5095895756 0.8003115312 0.1716416563 0.9810842897 0.2535298185 0.3216686119 0.0000000000 0.7543334693 0.6096367105 0.8634267510 0.9164386653 0.2253331385
0.9946637407 0.8474850542 0.8982797443 0.2721914976 0.8988297631 0.4164257246 0.1471273503 0.7192778575 0.1528158379 0.9832326088 0.7784162929 0.5592558365 0.4991517999 0.7110372638 0.9501151758 0.5239519540 0.8331078864 0.0290933055 0.7543334693 0.0000000000 0.0462841878 0.8071316259 0.3794327090 0.6967615566
0.3143397260 0.9394316750 0.3313923943 0.7967818987 0.3370296720 0.4226280776 0.5000491163 0.6234782688 0.6071404606 0.8817824184 0.9639103607 0.9538982211 0.7803269318 0.7895878759 0.5224048924 0.6520257637 0.7627146882 0.5132357263 0.6096367105 0.0462841878 0.0000000000 0.9214373435 0.7497233544 0.9386116709
0.1460215634 0.1729109666 0.7296130410 0.4968941870 0.5806484277 0.8762964562 0.3691704313 0.1115236634 0.5154757760 0.5831515156 0.4277047399 0.3868999583 0.7245062197 0.7229962166 0.4134644287 0.6256408296 0.2805733763 0.7099545261 0.8634267510 0.8071316259 0.9214373435 0.0000000000 0.7699718973 0.5601464224
0.8556449747 0.2344209406 0.1925111519 0.4200370254 0.8820655276 0.0820833998 0.8413775416 0.5077118391 0.0114926654 0.1207504943 0.2465447273 0.7247751004 0.4604677118 0.2773638504 0.3923756742 0.8975227948 0.4263067038 0.8625914581 0.9164386653 0.3794327090 0.7497233544 0.7699718973 0.0000000000 0.9068739079
0.4931698476 0.9482570696 0.5113832273 0.4976533365 0.5662791806 0.0286239257 0.7717753733 0.1636626529 0.8634635333 0.8069676078 0.3095984390 0.4383991204 0.7169333007 0.0476501435 0.7367239031 0.9127821948 0.1547984271 0.7039039826 0.2253331385 0.6967615566 0.9386116709 0.5601464224 0.9068739079 0.0000000000
