# Graph size: 24
# Optimal cost: 1.9344170399275853

# Distance Matrix
0.0 0.6793204355245951 0.21269068360875198 0.5428191690881997 0.6719897707106307 0.8793689441504278 0.04432525860237835 0.7883678478554808 0.7637410171936934 0.05687736231823215 0.30358327298916565 0.8700528913485999 0.5421524525912652 0.45162576823847456 0.30956635561777723 0.9751583294725337 0.6382816449936966 0.569524144258954 0.7174786683756902 0.4631388174974336 0.7114598901276195 0.568733631933385 0.21876353343447996 0.9174021228758169
0.6793204355245951 0.0 0.13688670289090632 0.8863584782287662 0.3630139152865749 0.7240548278907887 0.05024267404087912 0.31936282160088014 0.8884057711247347 0.8644090835578631 0.06624589124202329 0.1649670186386244 0.5655678057616152 0.01527577960495663 0.2468660924214695 0.6986304128558394 0.709214824268564 0.23954461309733044 0.18494950046101621 0.22182883830229083 0.1925364549695745 0.5192791468386796 0.39029661183038 0.14718649193269784
0.21269068360875198 0.13688670289090632 0.0 0.011246252381630684 0.13453150158986116 0.5177746606051553 0.10512369616061834 0.1873614071054187 0.4233068979087026 0.3608343993857581 0.8540334487501752 0.07719606189571981 0.7715862514927128 0.9488412532539354 0.8551012811222354 0.9537163881549371 0.7770402148948907 0.5329189691938552 0.7332344010402482 0.07031907668147042 0.40604591710736637 0.722543550173076 0.4871678881339604 0.28125891623657595
0.5428191690881997 0.8863584782287662 0.011246252381630684 0.0 0.6208428759549229 0.5439137289065104 0.23466699145050096 0.693365539258477 0.39214228741114376 0.7311641983240352 0.4828464498777585 0.7543532521765068 0.2322298393095965 0.13277568274980733 0.3989789075624076 0.6449418386155574 0.38457882806384647 0.7180763549409028 0.32376653666976296 0.8351706700587603 0.5882170798867504 0.30251674480892565 0.8169012102724884 0.18970193484153142
0.6719897707106307 0.3630139152865749 0.13453150158986116 0.6208428759549229 0.0 0.8985675306754173 0.7754406890926585 0.8538402107052697 0.06257350805470263 0.39120918037194186 0.31036279225395025 0.4030759918422493 0.40877554785266 0.7009812416228262 0.7653029714962731 0.5047802950711635 0.058189135735880027 0.2560805115870437 0.23951665152133994 0.14455420319468504 0.9468394494490926 0.7552779106970262 0.5429991552631541 0.670117174637684
0.8793689441504278 0.7240548278907887 0.5177746606051553 0.5439137289065104 0.8985675306754173 0.0 0.281079962898381 0.9061068541221877 0.15643145260962432 0.23412037292893184 0.32223799304169776 0.6928533376965633 0.11177348307989798 0.7628702198644112 0.7224162743032524 0.4754030204707378 0.10750041784415876 0.24860016938955976 0.11655931713917034 0.03347814944352634 0.08751642664830372 0.7420305094259235 0.981557203247836 0.26552330724097606
0.04432525860237835 0.05024267404087912 0.10512369616061834 0.23466699145050096 0.7754406890926585 0.281079962898381 0.0 0.45906930420266856 0.28230692476506136 0.6100732898815661 0.627475503382036 0.10252847817334787 0.14301060741588156 0.41494720206726643 0.5538807464761204 0.33467815415228175 0.19578397407227932 0.6794375040502884 0.04229594313895457 0.027216070732853592 0.8972180188809261 0.29923332993157803 0.3016413374558429 0.15343791098810622
0.7883678478554808 0.31936282160088014 0.1873614071054187 0.693365539258477 0.8538402107052697 0.9061068541221877 0.45906930420266856 0.0 0.38999824999849575 0.02407772511680273 0.8661452838088253 0.13862575907626296 0.4759083402134652 0.20001009763947153 0.858749861310259 0.5234488590978553 0.766141964106184 0.03764864727468753 0.15132215350839928 0.6147232729623724 0.14347448228557813 0.9875980614921188 0.01374299043297933 0.9941666612094164
0.7637410171936934 0.8884057711247347 0.4233068979087026 0.39214228741114376 0.06257350805470263 0.15643145260962432 0.28230692476506136 0.38999824999849575 0.0 0.7811985380784618 0.8909817847003918 0.46992098700637264 0.9833231499003448 0.3553282138211099 0.1912622577475438 0.9860065706956759 0.42162234954883715 0.7594287735946424 0.6429262114262766 0.3045573587440118 0.40457576056953615 0.5855301421178645 0.6332769305092791 0.20813266179088497
0.05687736231823215 0.8644090835578631 0.3608343993857581 0.7311641983240352 0.39120918037194186 0.23412037292893184 0.6100732898815661 0.02407772511680273 0.7811985380784618 0.0 0.9504027656719413 0.8699337895923698 0.4454886119928615 0.7467711902819705 0.9159175455411593 0.11932465428844907 0.5342425923957729 0.9960332807607232 0.8662972918069882 0.43045079746211956 0.15967904916784748 0.7257646822360714 0.01839100090583834 0.5957356008555555
0.30358327298916565 0.06624589124202329 0.8540334487501752 0.4828464498777585 0.31036279225395025 0.32223799304169776 0.627475503382036 0.8661452838088253 0.8909817847003918 0.9504027656719413 0.0 0.531061863393663 0.4544663967853354 0.8235175398349436 0.4475381162706853 0.9484684266111006 0.2401307665076775 0.2332404027934314 0.3353796546521607 0.29898019429662115 0.2156310850358506 0.20039580349186803 0.5533055507134939 0.6632640304214252
0.8700528913485999 0.1649670186386244 0.07719606189571981 0.7543532521765068 0.4030759918422493 0.6928533376965633 0.10252847817334787 0.13862575907626296 0.46992098700637264 0.8699337895923698 0.531061863393663 0.0 0.3152287277057517 0.5076897860374344 0.7386528362897884 0.7190978828799782 0.8584875441278539 0.5874690218763813 0.7488463774301761 0.09030946272043683 0.6588629311272574 0.5988092489267299 0.2894470273866081 0.7827593327506425
0.5421524525912652 0.5655678057616152 0.7715862514927128 0.2322298393095965 0.40877554785266 0.11177348307989798 0.14301060741588156 0.4759083402134652 0.9833231499003448 0.4454886119928615 0.4544663967853354 0.3152287277057517 0.0 0.10645854970402469 0.6618540225938058 0.6145274423628488 0.3734150159332378 0.23792097091687547 0.8143758683289928 0.9495525067108952 0.6742261939905216 0.15116854787085166 0.9518207106635579 0.8972930858003111
0.45162576823847456 0.01527577960495663 0.9488412532539354 0.13277568274980733 0.7009812416228262 0.7628702198644112 0.41494720206726643 0.20001009763947153 0.3553282138211099 0.7467711902819705 0.8235175398349436 0.5076897860374344 0.10645854970402469 0.0 0.17942501698804403 0.2486277494673954 0.7396355728000009 0.9789027567369216 0.7230404025881824 0.6998765363349769 0.24546905347777992 0.6351398373718659 0.42282807833575475 0.20307122798704724
0.30956635561777723 0.2468660924214695 0.8551012811222354 0.3989789075624076 0.7653029714962731 0.7224162743032524 0.5538807464761204 0.858749861310259 0.1912622577475438 0.9159175455411593 0.4475381162706853 0.7386528362897884 0.6618540225938058 0.17942501698804403 0.0 0.8288720418963262 0.4668176279228665 0.1674833628961897 0.594259093426274 0.6474165949930056 0.22891748587526184 0.6159168073633566 0.10465673927474639 0.9906890016573938
0.9751583294725337 0.6986304128558394 0.9537163881549371 0.6449418386155574 0.5047802950711635 0.4754030204707378 0.33467815415228175 0.5234488590978553 0.9860065706956759 0.11932465428844907 0.9484684266111006 0.7190978828799782 0.6145274423628488 0.2486277494673954 0.8288720418963262 0.0 0.10940166700136078 0.9205375657803405 0.09819960599566624 0.5374021780794975 0.12161325013562796 0.1609029483550568 0.9351454312661625 0.5459122750470292
0.6382816449936966 0.709214824268564 0.7770402148948907 0.38457882806384647 0.058189135735880027 0.10750041784415876 0.19578397407227932 0.766141964106184 0.42162234954883715 0.5342425923957729 0.2401307665076775 0.8584875441278539 0.3734150159332378 0.7396355728000009 0.4668176279228665 0.10940166700136078 0.0 0.018253167601031905 0.77975695375346 0.20224039165091345 0.9347125858583089 0.9952749910560232 0.15039448622329565 0.9259337845456479
0.569524144258954 0.23954461309733044 0.5329189691938552 0.7180763549409028 0.2560805115870437 0.24860016938955976 0.6794375040502884 0.03764864727468753 0.7594287735946424 0.9960332807607232 0.2332404027934314 0.5874690218763813 0.23792097091687547 0.9789027567369216 0.1674833628961897 0.9205375657803405 0.018253167601031905 0.0 0.18701751773622566 0.5956405334228263 0.7724521991001031 0.542353341635282 0.02233819073264076 0.6457298855826701
0.7174786683756902 0.18494950046101621 0.7332344010402482 0.32376653666976296 0.23951665152133994 0.11655931713917034 0.04229594313895457 0.15132215350839928 0.6429262114262766 0.8662972918069882 0.3353796546521607 0.7488463774301761 0.8143758683289928 0.7230404025881824 0.594259093426274 0.09819960599566624 0.77975695375346 0.18701751773622566 0.0 0.4926406787129515 0.33622973513403565 0.8179902587875728 0.7613023244027606 0.5775971690319294
0.4631388174974336 0.22182883830229083 0.07031907668147042 0.8351706700587603 0.14455420319468504 0.03347814944352634 0.027216070732853592 0.6147232729623724 0.3045573587440118 0.43045079746211956 0.29898019429662115 0.09030946272043683 0.9495525067108952 0.6998765363349769 0.6474165949930056 0.5374021780794975 0.20224039165091345 0.5956405334228263 0.4926406787129515 0.0 0.7806858468675515 0.8347638525569681 0.9452547635158137 0.4279515239491464
0.7114598901276195 0.1925364549695745 0.40604591710736637 0.5882170798867504 0.9468394494490926 0.08751642664830372 0.8972180188809261 0.14347448228557813 0.40457576056953615 0.15967904916784748 0.2156310850358506 0.6588629311272574 0.6742261939905216 0.24546905347777992 0.22891748587526184 0.12161325013562796 0.9347125858583089 0.7724521991001031 0.33622973513403565 0.7806858468675515 0.0 0.71078233829676 0.40352421387598136 0.06602703219249428
0.568733631933385 0.5192791468386796 0.722543550173076 0.30251674480892565 0.7552779106970262 0.7420305094259235 0.29923332993157803 0.9875980614921188 0.5855301421178645 0.7257646822360714 0.20039580349186803 0.5988092489267299 0.15116854787085166 0.6351398373718659 0.6159168073633566 0.1609029483550568 0.9952749910560232 0.542353341635282 0.8179902587875728 0.8347638525569681 0.71078233829676 0.0 0.21586284073764006 0.5459381177360096
0.21876353343447996 0.39029661183038 0.4871678881339604 0.8169012102724884 0.5429991552631541 0.981557203247836 0.3016413374558429 0.01374299043297933 0.6332769305092791 0.01839100090583834 0.5533055507134939 0.2894470273866081 0.9518207106635579 0.42282807833575475 0.10465673927474639 0.9351454312661625 0.15039448622329565 0.02233819073264076 0.7613023244027606 0.9452547635158137 0.40352421387598136 0.21586284073764006 0.0 0.36330117700224873
0.9174021228758169 0.14718649193269784 0.28125891623657595 0.18970193484153142 0.670117174637684 0.26552330724097606 0.15343791098810622 0.9941666612094164 0.20813266179088497 0.5957356008555555 0.6632640304214252 0.7827593327506425 0.8972930858003111 0.20307122798704724 0.9906890016573938 0.5459122750470292 0.9259337845456479 0.6457298855826701 0.5775971690319294 0.4279515239491464 0.06602703219249428 0.5459381177360096 0.36330117700224873 0.0

# Optimal Walk
0 6 18 15 21 12 13 10 1 11 3 2 19 5 20 23 8 4 16 17 22 14 7 9 0
