# MCW Instance
# Type: UNIFORM
# N: 24
# Optimal cost: 2.123648117562096
# Optimal tour (permutation): [0, 15, 12, 10, 22, 19, 18, 6, 23, 21, 9, 8, 11, 17, 7, 20, 2, 3, 5, 4, 13, 1, 16, 14, 0]
# Optimal walk (full path): [0, 12, 15, 12, 10, 19, 22, 19, 18, 19, 6, 23, 21, 9, 8, 11, 17, 7, 20, 2, 20, 7, 3, 5, 4, 8, 13, 1, 13, 16, 14, 12, 0]
# Walk size: 33
# Is walk (has repeats): true

# Distance Matrix
0.0000000000 0.2659494475 0.2509916941 0.7479862141 0.2138098457 0.5056469667 0.5561465604 0.6864970263 0.1405372410 0.2204699487 0.1985110610 0.9112692585 0.0472115621 0.9702705710 0.6632471899 0.4123427299 0.3642700432 0.3909082223 0.1569816615 0.9047914557 0.9940148182 0.5035607597 0.6096041037 0.8083804706
0.2659494475 0.0000000000 0.7839234966 0.2747080121 0.7178524383 0.5899711239 0.7237689004 0.1277458681 0.0844267733 0.6896519790 0.7723401946 0.3425408670 0.7182874252 0.0025501631 0.5720970338 0.7958363696 0.9049567734 0.4205039431 0.6938765654 0.2932737264 0.7300582431 0.2512537278 0.4688132165 0.8228924776
0.2509916941 0.7839234966 0.0000000000 0.3449904932 0.4275360896 0.9109193762 0.4203258711 0.4005484307 0.2944407097 0.7113147844 0.9775093530 0.9424667088 0.4206180581 0.7938811240 0.2495711079 0.4622759789 0.3174010812 0.4621573538 0.5186755137 0.7275254237 0.1696313520 0.7385808699 0.8589417176 0.4773399949
0.7479862141 0.2747080121 0.3449904932 0.0000000000 0.6829565602 0.0997179176 0.7131612678 0.0624440911 0.9345926575 0.4449163584 0.5398902958 0.6331980951 0.6780206863 0.8008526617 0.6185930551 0.5348576505 0.8968148372 0.9607340131 0.7108657102 0.1561804612 0.5287746834 0.9844557150 0.1673701102 0.5956683181
0.2138098457 0.7178524383 0.4275360896 0.6829565602 0.0000000000 0.1887616284 0.2448029282 0.2429595502 0.1591471811 0.4071151943 0.4948249015 0.8365796528 0.8830517208 0.3702525681 0.2527990671 0.6078791361 0.9896946061 0.4010302991 0.6537410279 0.4390669337 0.4239653959 0.4486741986 0.8002060762 0.5084035450
0.5056469667 0.5899711239 0.9109193762 0.0997179176 0.1887616284 0.0000000000 0.3953175348 0.6715600426 0.5601665749 0.8208161887 0.1545660593 0.7908538436 0.7060386372 0.9014786839 0.0719330801 0.2689976239 0.2664705704 0.4997989250 0.4509416274 0.5242523885 0.9712950848 0.5741078448 0.4121726799 0.3309876001
0.5561465604 0.7237689004 0.4203258711 0.7131612678 0.2448029282 0.3953175348 0.0000000000 0.7100853266 0.5314458516 0.6115647305 0.2751318721 0.9960451010 0.6821939587 0.5198483392 0.6351772178 0.5295016486 0.1358984397 0.4828733830 0.3413547460 0.0890589687 0.9124896324 0.8069994965 0.7290773977 0.1435087399
0.6864970263 0.1277458681 0.4005484307 0.0624440911 0.2429595502 0.6715600426 0.7100853266 0.0000000000 0.8721965824 0.6693855102 0.6474705284 0.7738845739 0.1778114612 0.7399267002 0.1097892253 0.7225848987 0.3945585534 0.0197533926 0.0797463280 0.6452783799 0.0056747244 0.5506183154 0.1762526727 0.9313453259
0.1405372410 0.0844267733 0.2944407097 0.9345926575 0.1591471811 0.5601665749 0.5314458516 0.8721965824 0.0000000000 0.0759095039 0.3301641536 0.0487975239 0.7798967931 0.0305046793 0.9799766331 0.9266731893 0.5709534312 0.0338147062 0.4564930145 0.3774748309 0.9551537635 0.2495808677 0.3692494320 0.6237831622
0.2204699487 0.6896519790 0.7113147844 0.4449163584 0.4071151943 0.8208161887 0.6115647305 0.6693855102 0.0759095039 0.0000000000 0.5004016817 0.3439738482 0.2766148391 0.8616637602 0.1801514945 0.9528704788 0.6660734007 0.9005938025 0.4655682817 0.4764326407 0.1942809523 0.1016532055 0.2925898152 0.4869072041
0.1985110610 0.7723401946 0.9775093530 0.5398902958 0.4948249015 0.1545660593 0.2751318721 0.6474705284 0.3301641536 0.5004016817 0.0000000000 0.1615357326 0.0292941361 0.7149560950 0.2396679443 0.1259669874 0.4517288870 0.6255610059 0.2628716964 0.0246598458 0.3259531868 0.5310198952 0.7677026112 0.1620981562
0.9112692585 0.3425408670 0.9424667088 0.6331980951 0.8365796528 0.7908538436 0.9960451010 0.7738845739 0.0487975239 0.3439738482 0.1615357326 0.0000000000 0.1856482875 0.9981361009 0.6690299859 0.9507217857 0.9136816485 0.0559881853 0.3354065540 0.3440583155 0.2256531331 0.5336489007 0.7976860323 0.4898034813
0.0472115621 0.7182874252 0.4206180581 0.6780206863 0.8830517208 0.7060386372 0.6821939587 0.1778114612 0.7798967931 0.2766148391 0.0292941361 0.1856482875 0.0000000000 0.3169092461 0.0410860223 0.0371398117 0.2483888745 0.0326757330 0.0595840369 0.1468046547 0.8719889256 0.6094341050 0.3980649006 0.6138944611
0.9702705710 0.0025501631 0.7938811240 0.8008526617 0.3702525681 0.9014786839 0.5198483392 0.7399267002 0.0305046793 0.8616637602 0.7149560950 0.9981361009 0.3169092461 0.0000000000 0.3195839981 0.5053954312 0.0929752260 0.7064611894 0.3956098471 0.0889003365 0.6819459456 0.9640910458 0.1428881436 0.9858013426
0.6632471899 0.5720970338 0.2495711079 0.6185930551 0.2527990671 0.0719330801 0.6351772178 0.1097892253 0.9799766331 0.1801514945 0.2396679443 0.6690299859 0.0410860223 0.3195839981 0.0000000000 0.6652200770 0.0902740357 0.6949467568 0.7003600316 0.8838828341 0.1231862458 0.0985023323 0.7189178001 0.4902176420
0.4123427299 0.7958363696 0.4622759789 0.5348576505 0.6078791361 0.2689976239 0.5295016486 0.7225848987 0.9266731893 0.9528704788 0.1259669874 0.9507217857 0.0371398117 0.5053954312 0.6652200770 0.0000000000 0.6219762673 0.4537920352 0.6815761600 0.1630506274 0.7472477047 0.0886053823 0.3643484961 0.2297350370
0.3642700432 0.9049567734 0.3174010812 0.8968148372 0.9896946061 0.2664705704 0.1358984397 0.3945585534 0.5709534312 0.6660734007 0.4517288870 0.9136816485 0.2483888745 0.0929752260 0.0902740357 0.6219762673 0.0000000000 0.5372828509 0.3812808448 0.1527221304 0.3964665987 0.3856524167 0.2785963304 0.4072958580
0.3909082223 0.4205039431 0.4621573538 0.9607340131 0.4010302991 0.4997989250 0.4828733830 0.0197533926 0.0338147062 0.9005938025 0.6255610059 0.0559881853 0.0326757330 0.7064611894 0.6949467568 0.4537920352 0.5372828509 0.0000000000 0.8599091207 0.7112093135 0.5163965567 0.6231349307 0.6756495444 0.0780649274
0.1569816615 0.6938765654 0.5186755137 0.7108657102 0.6537410279 0.4509416274 0.3413547460 0.0797463280 0.4564930145 0.4655682817 0.2628716964 0.3354065540 0.0595840369 0.3956098471 0.7003600316 0.6815761600 0.3812808448 0.8599091207 0.0000000000 0.0439642917 0.5667117680 0.3927899240 0.5709984969 0.1775566776
0.9047914557 0.2932737264 0.7275254237 0.1561804612 0.4390669337 0.5242523885 0.0890589687 0.6452783799 0.3774748309 0.4764326407 0.0246598458 0.3440583155 0.1468046547 0.0889003365 0.8838828341 0.1630506274 0.1527221304 0.7112093135 0.0439642917 0.0000000000 0.6377774782 0.1290236702 0.0608515928 0.5641919204
0.9940148182 0.7300582431 0.1696313520 0.5287746834 0.4239653959 0.9712950848 0.9124896324 0.0056747244 0.9551537635 0.1942809523 0.3259531868 0.2256531331 0.8719889256 0.6819459456 0.1231862458 0.7472477047 0.3964665987 0.5163965567 0.5667117680 0.6377774782 0.0000000000 0.5482357417 0.4568316161 0.1048113083
0.5035607597 0.2512537278 0.7385808699 0.9844557150 0.4486741986 0.5741078448 0.8069994965 0.5506183154 0.2495808677 0.1016532055 0.5310198952 0.5336489007 0.6094341050 0.9640910458 0.0985023323 0.0886053823 0.3856524167 0.6231349307 0.3927899240 0.1290236702 0.5482357417 0.0000000000 0.1236854513 0.0360668386
0.6096041037 0.4688132165 0.8589417176 0.1673701102 0.8002060762 0.4121726799 0.7290773977 0.1762526727 0.3692494320 0.2925898152 0.7677026112 0.7976860323 0.3980649006 0.1428881436 0.7189178001 0.3643484961 0.2785963304 0.6756495444 0.5709984969 0.0608515928 0.4568316161 0.1236854513 0.0000000000 0.6989733841
0.8083804706 0.8228924776 0.4773399949 0.5956683181 0.5084035450 0.3309876001 0.1435087399 0.9313453259 0.6237831622 0.4869072041 0.1620981562 0.4898034813 0.6138944611 0.9858013426 0.4902176420 0.2297350370 0.4072958580 0.0780649274 0.1775566776 0.5641919204 0.1048113083 0.0360668386 0.6989733841 0.0000000000
