# Graph size: 24
# Optimal cost: 1.563970716204961

# Distance Matrix
0.0 0.18948450855745191 0.19928206220662947 0.5482659087665434 0.84701656570771 0.2999981498003771 0.4832782297535565 0.5785618549261601 0.7996643688441153 0.46623986978319576 0.5896295623885347 0.45520152014625637 0.2656959798712647 0.3345904110904804 0.704757877667749 0.29224480974438205 0.6821826355262247 0.5028704429959703 0.7958258246081814 0.1809720033919051 0.5655971584915672 0.8205055248379267 0.23787615429966413 0.7031419476422335
0.18948450855745191 0.0 0.03254632400798796 0.3279589539680986 0.08998132452765928 0.057654684193759076 0.042893488137385805 0.36598076536488244 0.9310791400615446 0.7496233109801077 0.4639347489124933 0.7924472339906278 0.4249579516157873 0.46371198465128305 0.20370583681183074 0.43304236037199995 0.07389502887408095 0.6976983342999566 0.34216165946715493 0.8617590575399119 0.9417400481646331 0.9675698975543932 0.40088331973916425 0.3581743252769831
0.19928206220662947 0.03254632400798796 0.0 0.47977509911475114 0.9120662564613543 0.635132971535521 0.42067934226604575 0.9724717565808801 0.42242946437249707 0.506489530761291 0.5283220090036028 0.5353041969161167 0.0022276048201860243 0.2999632200909511 0.9386458852257387 0.043067341078613874 0.9224673461235516 0.18640075366491748 0.18488623643375146 0.8446872135387734 0.3788130138481962 0.8991568534350234 0.593110111030729 0.6293003340615159
0.5482659087665434 0.3279589539680986 0.47977509911475114 0.0 0.780581848241563 0.5934220605380502 0.5783644878033813 0.34841763993759234 0.5052854655029826 0.3872608667178531 0.6986225960523931 0.6702779721553593 0.9378406003734701 0.545327923235529 0.4462952163217516 0.04503449398143555 0.3801724149123442 0.2593948290079602 0.5393004031471954 0.09320725646653805 0.46478612556396715 0.5042331928982012 0.03716178154773142 0.69487381520369
0.84701656570771 0.08998132452765928 0.9120662564613543 0.780581848241563 0.0 0.03498391103431253 0.5030645257973845 0.952331566360541 0.8533585730362968 0.0647555519132702 0.9237009916490486 0.15291192843923207 0.13472125351180286 0.0829730342957441 0.04466557666349025 0.2601737079196097 0.2431334837378767 0.7393708278262535 0.7799937662916414 0.9327493864670604 0.0822715220500686 0.6038948875306711 0.6320834064353512 0.3991025963593132
0.2999981498003771 0.057654684193759076 0.635132971535521 0.5934220605380502 0.03498391103431253 0.0 0.4741426757403102 0.026355477871123023 0.35387339993372025 0.35085364536914 0.55930138220488 0.8999201418463244 0.3447953111879688 0.3417671885076995 0.7862004935215631 0.4698343721247621 0.5793571901548278 0.6506841466602633 0.3124622215193399 0.907860066642021 0.1728816009092431 0.16140716534061916 0.5871420937088215 0.23327249386885296
0.4832782297535565 0.042893488137385805 0.42067934226604575 0.5783644878033813 0.5030645257973845 0.4741426757403102 0.0 0.5258354182774333 0.1885252231448027 0.8605985274279943 0.3028583972083173 0.3563514037007559 0.3353893032663051 0.37736975848733145 0.015209424383067605 0.8299571171947975 0.40892815220741696 0.04749847404077623 0.5787069765822028 0.4261897929823203 0.13571910063161097 0.46303435570152485 0.6779451199175001 0.1436900975911486
0.5785618549261601 0.36598076536488244 0.9724717565808801 0.34841763993759234 0.952331566360541 0.026355477871123023 0.5258354182774333 0.0 0.9247061559402773 0.22898285783169847 0.6399411583850837 0.1385323217502562 0.20418347201933862 0.7117583845322906 0.24933382625050304 0.9149614898301276 0.9241391683672683 0.47323871122008887 0.6908711995141762 0.7433732453797365 0.6597813548114931 0.8548066321270288 0.2078421305971948 0.0672852562278462
0.7996643688441153 0.9310791400615446 0.42242946437249707 0.5052854655029826 0.8533585730362968 0.35387339993372025 0.1885252231448027 0.9247061559402773 0.0 0.37804406126265655 0.4033038224493284 0.4567059348878638 0.2792137479891591 0.3360979586315088 0.08961108123202166 0.21102739277777238 0.3947826106115486 0.7693670817694556 0.5606082299805668 0.021925045072022975 0.835056193086572 0.9962791817653213 0.9865557142241507 0.6775927714777318
0.46623986978319576 0.7496233109801077 0.506489530761291 0.3872608667178531 0.0647555519132702 0.35085364536914 0.8605985274279943 0.22898285783169847 0.37804406126265655 0.0 0.7390018222319639 0.31795430507368927 0.4184793146871434 0.8210560227233578 0.971151033891071 0.6232622902527748 0.9539282633734237 0.8831753333782932 0.26394364640414325 0.9231567137787521 0.4245163569015137 0.567012275336619 0.7399022177846803 0.132919391199824
0.5896295623885347 0.4639347489124933 0.5283220090036028 0.6986225960523931 0.9237009916490486 0.55930138220488 0.3028583972083173 0.6399411583850837 0.4033038224493284 0.7390018222319639 0.0 0.7649442919630233 0.48002311081184335 0.395698434261776 0.2969259084017435 0.7007410251382179 0.15214843297884328 0.9983377277382202 0.10776952033153486 0.9007505741419517 0.6007177074794007 0.24310142477009888 0.010056844569137358 0.2804300286231398
0.45520152014625637 0.7924472339906278 0.5353041969161167 0.6702779721553593 0.15291192843923207 0.8999201418463244 0.3563514037007559 0.1385323217502562 0.4567059348878638 0.31795430507368927 0.7649442919630233 0.0 0.8071892463434245 0.9535510728149265 0.3989160168973752 0.7133135530177556 0.956098563754077 0.5658122788329727 0.42423374289469584 0.010536050275304576 0.053188195961218154 0.13252054195868157 0.6938650879051895 0.6620994350824747
0.2656959798712647 0.4249579516157873 0.0022276048201860243 0.9378406003734701 0.13472125351180286 0.3447953111879688 0.3353893032663051 0.20418347201933862 0.2792137479891591 0.4184793146871434 0.48002311081184335 0.8071892463434245 0.0 0.5875451011279295 0.606225246880533 0.7325355000617627 0.4986034381406236 0.23167222025323153 0.21771175749914073 0.3978820932343117 0.1284519314472934 0.18377293928256389 0.35161611172937457 0.5810568588515538
0.3345904110904804 0.46371198465128305 0.2999632200909511 0.545327923235529 0.0829730342957441 0.3417671885076995 0.37736975848733145 0.7117583845322906 0.3360979586315088 0.8210560227233578 0.395698434261776 0.9535510728149265 0.5875451011279295 0.0 0.7330847197697702 0.6481286460091966 0.43987052884512456 0.4265416994733745 0.5615740773191713 0.1223007406170099 0.04293218634296758 0.9943014793750671 0.2559641418681132 0.6139908109329677
0.704757877667749 0.20370583681183074 0.9386458852257387 0.4462952163217516 0.04466557666349025 0.7862004935215631 0.015209424383067605 0.24933382625050304 0.08961108123202166 0.971151033891071 0.2969259084017435 0.3989160168973752 0.606225246880533 0.7330847197697702 0.0 0.4694116843595969 0.7571278752397235 0.9600202370524791 0.6457434510301343 0.9966316796476196 0.5770032512066139 0.01659475419530909 0.9222782159698792 0.9978103826986967
0.29224480974438205 0.43304236037199995 0.043067341078613874 0.04503449398143555 0.2601737079196097 0.4698343721247621 0.8299571171947975 0.9149614898301276 0.21102739277777238 0.6232622902527748 0.7007410251382179 0.7133135530177556 0.7325355000617627 0.6481286460091966 0.4694116843595969 0.0 0.8365406134334715 0.942604674054851 0.8330886780556295 0.05597850886600397 0.21503214513878688 0.28565511338260674 0.5420479727284873 0.4504022447098167
0.6821826355262247 0.07389502887408095 0.9224673461235516 0.3801724149123442 0.2431334837378767 0.5793571901548278 0.40892815220741696 0.9241391683672683 0.3947826106115486 0.9539282633734237 0.15214843297884328 0.956098563754077 0.4986034381406236 0.43987052884512456 0.7571278752397235 0.8365406134334715 0.0 0.1933650179069777 0.9126328450343446 0.2761120869055508 0.23819919189853556 0.7480406685853863 0.2581316562588908 0.5668133315577674
0.5028704429959703 0.6976983342999566 0.18640075366491748 0.2593948290079602 0.7393708278262535 0.6506841466602633 0.04749847404077623 0.47323871122008887 0.7693670817694556 0.8831753333782932 0.9983377277382202 0.5658122788329727 0.23167222025323153 0.4265416994733745 0.9600202370524791 0.942604674054851 0.1933650179069777 0.0 0.5219981589706861 0.8517591408138844 0.06936174571305587 0.6210882947501193 0.3939073990257137 0.336507454320116
0.7958258246081814 0.34216165946715493 0.18488623643375146 0.5393004031471954 0.7799937662916414 0.3124622215193399 0.5787069765822028 0.6908711995141762 0.5606082299805668 0.26394364640414325 0.10776952033153486 0.42423374289469584 0.21771175749914073 0.5615740773191713 0.6457434510301343 0.8330886780556295 0.9126328450343446 0.5219981589706861 0.0 0.224233451652868 0.7020859140311606 0.47672060125334903 0.39481727355152185 0.2705953557355697
0.1809720033919051 0.8617590575399119 0.8446872135387734 0.09320725646653805 0.9327493864670604 0.907860066642021 0.4261897929823203 0.7433732453797365 0.021925045072022975 0.9231567137787521 0.9007505741419517 0.010536050275304576 0.3978820932343117 0.1223007406170099 0.9966316796476196 0.05597850886600397 0.2761120869055508 0.8517591408138844 0.224233451652868 0.0 0.38595331515311815 0.945203266848291 0.49583383051073415 0.4371451939979062
0.5655971584915672 0.9417400481646331 0.3788130138481962 0.46478612556396715 0.0822715220500686 0.1728816009092431 0.13571910063161097 0.6597813548114931 0.835056193086572 0.4245163569015137 0.6007177074794007 0.053188195961218154 0.1284519314472934 0.04293218634296758 0.5770032512066139 0.21503214513878688 0.23819919189853556 0.06936174571305587 0.7020859140311606 0.38595331515311815 0.0 0.8271976216630555 0.4034671049281595 0.7750642207440477
0.8205055248379267 0.9675698975543932 0.8991568534350234 0.5042331928982012 0.6038948875306711 0.16140716534061916 0.46303435570152485 0.8548066321270288 0.9962791817653213 0.567012275336619 0.24310142477009888 0.13252054195868157 0.18377293928256389 0.9943014793750671 0.01659475419530909 0.28565511338260674 0.7480406685853863 0.6210882947501193 0.47672060125334903 0.945203266848291 0.8271976216630555 0.0 3.2184517352251696E-4 0.713075070243501
0.23787615429966413 0.40088331973916425 0.593110111030729 0.03716178154773142 0.6320834064353512 0.5871420937088215 0.6779451199175001 0.2078421305971948 0.9865557142241507 0.7399022177846803 0.010056844569137358 0.6938650879051895 0.35161611172937457 0.2559641418681132 0.9222782159698792 0.5420479727284873 0.2581316562588908 0.3939073990257137 0.39481727355152185 0.49583383051073415 0.4034671049281595 3.2184517352251696E-4 0.0 0.0188528972761961
0.7031419476422335 0.3581743252769831 0.6293003340615159 0.69487381520369 0.3991025963593132 0.23327249386885296 0.1436900975911486 0.0672852562278462 0.6775927714777318 0.132919391199824 0.2804300286231398 0.6620994350824747 0.5810568588515538 0.6139908109329677 0.9978103826986967 0.4504022447098167 0.5668133315577674 0.336507454320116 0.2705953557355697 0.4371451939979062 0.7750642207440477 0.713075070243501 0.0188528972761961 0.0

# Optimal Walk
0 16 1 12 2 15 3 22 21 18 10 23 7 5 9 4 14 6 17 20 13 11 19 8 0
