# Graph size: 24
# Optimal cost: 2.1081944640665284

# Distance Matrix
0.0 0.3256896359271657 0.0653358873638672 0.3417607784278057 0.6695708199218121 0.575886683486815 0.2622751841998744 0.43320960550582743 0.10767110056437867 0.6828304787760219 0.5627579678781985 0.2918517228532088 0.4948618675518963 0.9976067751447915 0.5602581797978387 0.9829520899215963 0.23849173799730738 0.3301097633333383 0.29726677342459507 0.2860958454830974 0.22755836795761286 0.012605656046065228 0.3498259186511087 0.16632609533955034
0.3256896359271657 0.0 0.10242379807087398 0.8786109654896029 0.2256703941143291 0.008512037883588008 0.5333426083984952 0.7281609158477885 0.9920223941790721 0.8779173883143175 0.3227751397712394 0.17964498580958355 0.10474980983240856 0.41466556632628704 0.8427462132612769 0.41873806468212826 0.9975124550180127 0.09577493135895887 0.04605001614027171 0.2465575167406019 0.10768437576894219 0.5056634409338573 0.0488897259924862 0.0020275988126654543
0.0653358873638672 0.10242379807087398 0.0 0.6652547293830945 0.9444993040607473 0.07258044017703924 0.3875348047957291 0.7515736521418612 0.17349999976754327 0.35323241479027045 0.9623086422905903 0.8467237172515367 0.34725939583221543 0.48087105866738145 0.08456434578161831 0.3274614237423753 0.21540863963537238 0.5132387856427925 0.3812955927843431 0.1520874864568723 0.48939340079638116 0.1245636096096141 0.40370647372068946 0.27426857822369977
0.3417607784278057 0.8786109654896029 0.6652547293830945 0.0 0.8648764039854216 0.995867485363128 0.9866238905572555 0.16474723369553612 0.5662508195826079 0.6309272363448081 0.9718332250751904 0.18804091973243142 0.43697708399138724 0.7907895922980694 0.37813104819420107 0.4806448857653567 0.5379310738489145 0.7797809799288595 0.8049909679140719 0.4079181025153701 0.9356797890640058 0.8872418954043787 0.8420896933511586 0.6387449647842937
0.6695708199218121 0.2256703941143291 0.9444993040607473 0.8648764039854216 0.0 0.8635756841763501 0.39175458129375895 0.5235424847262032 0.3702300665749678 0.7207885907414978 0.6684218091926027 0.41354808412586164 0.25909710877583103 0.437869728909959 0.10479395198817976 0.73924537850048 0.17212712275330133 0.5821698460152978 0.7273299797174152 0.09693519950073015 0.9548853596106615 0.20240906520537294 0.667817601506987 0.6494225727327345
0.575886683486815 0.008512037883588008 0.07258044017703924 0.995867485363128 0.8635756841763501 0.0 0.03615001716368371 0.8189234373435905 0.8579668938384698 0.40508591661031645 0.8348704830312003 0.1545894694398109 0.6304300000201754 0.12338145460503436 0.6171461596027139 0.17115399151653332 0.2257898524045302 0.6268429824036933 0.662631723321208 0.7266741707959438 0.5575985295892874 0.816237737471087 0.34293826390549564 0.7019985008902014
0.2622751841998744 0.5333426083984952 0.3875348047957291 0.9866238905572555 0.39175458129375895 0.03615001716368371 0.0 0.971336254506418 0.4833919992591734 0.9890139518732551 0.7576957191105659 0.14819989092311137 0.09530040562881814 0.23015183074598122 0.9775666252199712 0.7509198291230218 0.08348534981082167 0.8241867835796627 0.5308484596308553 0.886342551705485 0.8141739143713904 0.8666072663597573 0.14244968782844614 0.968305694250684
0.43320960550582743 0.7281609158477885 0.7515736521418612 0.16474723369553612 0.5235424847262032 0.8189234373435905 0.971336254506418 0.0 0.3377116754249252 0.6657217171571995 0.599028352982288 0.10437115570106847 0.21973394124250611 0.5016836413859331 0.7384548902078009 0.701270887290791 0.24196700494923462 0.9490935231538816 0.3711756157788645 0.5864594861224923 0.5271329285424834 0.4360593841165491 0.3642207960445505 0.5769561201260116
0.10767110056437867 0.9920223941790721 0.17349999976754327 0.5662508195826079 0.3702300665749678 0.8579668938384698 0.4833919992591734 0.3377116754249252 0.0 0.6902837681935307 0.2370122859254422 0.6820770170372633 0.09169786521184264 0.9479916608568869 0.15223705391119702 0.5233704374032664 0.09991552931987902 0.7271739621276836 0.7139922264722715 0.8182839838284103 0.4255816356739528 0.20693303569781685 0.8772579137483628 0.25885832502524486
0.6828304787760219 0.8779173883143175 0.35323241479027045 0.6309272363448081 0.7207885907414978 0.40508591661031645 0.9890139518732551 0.6657217171571995 0.6902837681935307 0.0 0.18677033133235543 0.3996427117063407 0.8025636006656848 0.7228025094124737 0.9388065984638823 0.8316145467011169 0.5190126653602235 0.42116748451065145 0.911372758305302 0.6190286050651179 0.9675338817107034 0.3512113674680627 0.5822779259061824 0.7514154065016081
0.5627579678781985 0.3227751397712394 0.9623086422905903 0.9718332250751904 0.6684218091926027 0.8348704830312003 0.7576957191105659 0.599028352982288 0.2370122859254422 0.18677033133235543 0.0 0.16755465451827312 0.6680128375930491 0.7143864003773299 0.6928267246224655 0.02470455862711296 0.40186475232150676 0.8972386854186516 0.9899347914767065 0.6028217981578013 0.5432072365393499 0.5811894418406656 0.43665110400937024 0.520449677639594
0.2918517228532088 0.17964498580958355 0.8467237172515367 0.18804091973243142 0.41354808412586164 0.1545894694398109 0.14819989092311137 0.10437115570106847 0.6820770170372633 0.3996427117063407 0.16755465451827312 0.0 0.8928357519294475 0.5694242022455354 0.48645729194272314 0.50017339934757 0.23234631442190412 0.9420068798466023 0.02649234609655171 0.9985625998197227 0.3082566617619117 0.42614864234203254 0.3315419382354955 0.2751482135514174
0.4948618675518963 0.10474980983240856 0.34725939583221543 0.43697708399138724 0.25909710877583103 0.6304300000201754 0.09530040562881814 0.21973394124250611 0.09169786521184264 0.8025636006656848 0.6680128375930491 0.8928357519294475 0.0 0.8429684369440249 0.298177862794882 0.0014270500849273837 0.22077688580379884 0.28671258359199825 0.00522988735287333 0.951891027820681 0.7588498949352341 0.30684597071972775 0.8284646766978374 0.07693514800745227
0.9976067751447915 0.41466556632628704 0.48087105866738145 0.7907895922980694 0.437869728909959 0.12338145460503436 0.23015183074598122 0.5016836413859331 0.9479916608568869 0.7228025094124737 0.7143864003773299 0.5694242022455354 0.8429684369440249 0.0 0.6573678479845226 0.07434451850502666 0.07465903067276325 0.029655027007813306 0.14536617871546065 0.25206422074420753 0.47930944959941 0.6789812994192093 0.8142409417708022 0.21531813736295635
0.5602581797978387 0.8427462132612769 0.08456434578161831 0.37813104819420107 0.10479395198817976 0.6171461596027139 0.9775666252199712 0.7384548902078009 0.15223705391119702 0.9388065984638823 0.6928267246224655 0.48645729194272314 0.298177862794882 0.6573678479845226 0.0 0.731920827301782 0.19132961595125897 0.9026279804566117 0.4425441401971226 0.2929448117672322 0.3590168097023051 0.21291314143293738 0.2023145050921511 0.9618712551201757
0.9829520899215963 0.41873806468212826 0.3274614237423753 0.4806448857653567 0.73924537850048 0.17115399151653332 0.7509198291230218 0.701270887290791 0.5233704374032664 0.8316145467011169 0.02470455862711296 0.50017339934757 0.0014270500849273837 0.07434451850502666 0.731920827301782 0.0 0.7514013814801753 0.5881147012587558 0.6326651876669518 0.9772648872116941 0.5000581239049001 0.08979374779894589 0.05969915809713566 0.7820784234380845
0.23849173799730738 0.9975124550180127 0.21540863963537238 0.5379310738489145 0.17212712275330133 0.2257898524045302 0.08348534981082167 0.24196700494923462 0.09991552931987902 0.5190126653602235 0.40186475232150676 0.23234631442190412 0.22077688580379884 0.07465903067276325 0.19132961595125897 0.7514013814801753 0.0 0.04589830839699183 0.7608119569953546 0.9346445466972022 0.9713626977879891 0.9739982944856999 0.13117058705476392 0.0820254460899672
0.3301097633333383 0.09577493135895887 0.5132387856427925 0.7797809799288595 0.5821698460152978 0.6268429824036933 0.8241867835796627 0.9490935231538816 0.7271739621276836 0.42116748451065145 0.8972386854186516 0.9420068798466023 0.28671258359199825 0.029655027007813306 0.9026279804566117 0.5881147012587558 0.04589830839699183 0.0 0.35453303859871 0.1410012385103907 0.4308280577952961 0.04632883687357403 0.5106404075891253 0.6603075717407875
0.29726677342459507 0.04605001614027171 0.3812955927843431 0.8049909679140719 0.7273299797174152 0.662631723321208 0.5308484596308553 0.3711756157788645 0.7139922264722715 0.911372758305302 0.9899347914767065 0.02649234609655171 0.00522988735287333 0.14536617871546065 0.4425441401971226 0.6326651876669518 0.7608119569953546 0.35453303859871 0.0 0.81030824907976 0.20052879840819304 0.692634953063103 0.9518726045044995 0.7380752696650102
0.2860958454830974 0.2465575167406019 0.1520874864568723 0.4079181025153701 0.09693519950073015 0.7266741707959438 0.886342551705485 0.5864594861224923 0.8182839838284103 0.6190286050651179 0.6028217981578013 0.9985625998197227 0.951891027820681 0.25206422074420753 0.2929448117672322 0.9772648872116941 0.9346445466972022 0.1410012385103907 0.81030824907976 0.0 0.9370547921231811 0.44539849633647455 0.9862794184265747 0.14306422771274863
0.22755836795761286 0.10768437576894219 0.48939340079638116 0.9356797890640058 0.9548853596106615 0.5575985295892874 0.8141739143713904 0.5271329285424834 0.4255816356739528 0.9675338817107034 0.5432072365393499 0.3082566617619117 0.7588498949352341 0.47930944959941 0.3590168097023051 0.5000581239049001 0.9713626977879891 0.4308280577952961 0.20052879840819304 0.9370547921231811 0.0 0.7002678633639174 0.8423616575777937 0.05685885377943345
0.012605656046065228 0.5056634409338573 0.1245636096096141 0.8872418954043787 0.20240906520537294 0.816237737471087 0.8666072663597573 0.4360593841165491 0.20693303569781685 0.3512113674680627 0.5811894418406656 0.42614864234203254 0.30684597071972775 0.6789812994192093 0.21291314143293738 0.08979374779894589 0.9739982944856999 0.04632883687357403 0.692634953063103 0.44539849633647455 0.7002678633639174 0.0 0.8014225346217886 0.8392350130931915
0.3498259186511087 0.0488897259924862 0.40370647372068946 0.8420896933511586 0.667817601506987 0.34293826390549564 0.14244968782844614 0.3642207960445505 0.8772579137483628 0.5822779259061824 0.43665110400937024 0.3315419382354955 0.8284646766978374 0.8142409417708022 0.2023145050921511 0.05969915809713566 0.13117058705476392 0.5106404075891253 0.9518726045044995 0.9862794184265747 0.8423616575777937 0.8014225346217886 0.0 0.816810296926429
0.16632609533955034 0.0020275988126654543 0.27426857822369977 0.6387449647842937 0.6494225727327345 0.7019985008902014 0.968305694250684 0.5769561201260116 0.25885832502524486 0.7514154065016081 0.520449677639594 0.2751482135514174 0.07693514800745227 0.21531813736295635 0.9618712551201757 0.7820784234380845 0.0820254460899672 0.6603075717407875 0.7380752696650102 0.14306422771274863 0.05685885377943345 0.8392350130931915 0.816810296926429 0.0

# Optimal Walk
0 21 17 13 16 8 12 18 11 7 3 10 9 15 22 1 6 5 23 20 19 4 14 2 0
