# MCW Instance
# Type: UNIFORM
# N: 24
# Optimal cost: 1.6493604765719763
# Optimal tour (permutation): [0, 23, 15, 11, 14, 8, 13, 10, 20, 16, 22, 9, 2, 12, 1, 19, 4, 5, 7, 18, 6, 21, 17, 3, 0]
# Optimal walk (full path): [0, 23, 11, 15, 11, 14, 8, 13, 10, 20, 16, 22, 9, 2, 12, 1, 12, 19, 4, 5, 7, 5, 18, 6, 21, 17, 3, 11, 0]
# Walk size: 29
# Is walk (has repeats): true

# Distance Matrix
0.0000000000 0.2681526370 0.8331222651 0.8775426592 0.3785284557 0.4760891912 0.1700733957 0.7297098401 0.7965526843 0.5277005525 0.2775232432 0.0442609943 0.4715503164 0.2695697152 0.4287126626 0.3324690949 0.4769186298 0.2733106466 0.5791183076 0.0980002245 0.1821242068 0.8131220167 0.2343921131 0.0831864548
0.2681526370 0.0000000000 0.2573007079 0.3061407280 0.6803700100 0.4295299715 0.1042620094 0.1499524247 0.6357269431 0.1911897030 0.9859338942 0.8457166975 0.0685201243 0.6099282765 0.4474967382 0.5307173595 0.1297755880 0.3109736622 0.9750702013 0.5607486645 0.9004379592 0.1114763035 0.2215605382 0.5806005973
0.8331222651 0.2573007079 0.0000000000 0.9224168032 0.4467193417 0.5443298444 0.6000080331 0.2901274977 0.5139658342 0.0456356011 0.9527792578 0.4158382658 0.1098037128 0.7843283439 0.6584219391 0.4502992605 0.7940754784 0.3360838924 0.6284355750 0.7395434963 0.4519564785 0.4194856913 0.3635411405 0.6294136448
0.8775426592 0.3061407280 0.9224168032 0.0000000000 0.5454720208 0.8765623646 0.2734702207 0.3912828780 0.3467200870 0.8989238455 0.5175377358 0.0356014650 0.2272931919 0.0244294229 0.3120733852 0.3043155094 0.6418692148 0.0943590072 0.9798889830 0.1888682597 0.7886678736 0.0573493560 0.6273102851 0.9074075813
0.3785284557 0.6803700100 0.4467193417 0.5454720208 0.0000000000 0.0554459003 0.2338946157 0.2259032589 0.3929886647 0.2669303809 0.4140007155 0.0488768044 0.9939739496 0.4380668156 0.9506216154 0.8662446634 0.2684967397 0.2071845057 0.8327947810 0.0381820208 0.4667691689 0.3741585371 0.5749319721 0.6626124181
0.4760891912 0.4295299715 0.5443298444 0.8765623646 0.0554459003 0.0000000000 0.5381789572 0.0008743462 0.6425108485 0.2309135386 0.2745337988 0.3447775022 0.0494519035 0.8247311554 0.5064757491 0.4910173477 0.7087539641 0.7472419853 0.1070027800 0.9246705371 0.0955009782 0.6238087326 0.9241980291 0.4417563600
0.1700733957 0.1042620094 0.6000080331 0.2734702207 0.2338946157 0.5381789572 0.0000000000 0.7901418188 0.4298208707 0.6646817428 0.7362324852 0.5099833138 0.6076173601 0.1799649359 0.7198868177 0.3081268953 0.4197382751 0.5697976502 0.1330168441 0.7216171115 0.9523545961 0.0097690151 0.2860152137 0.7843600842
0.7297098401 0.1499524247 0.2901274977 0.3912828780 0.2259032589 0.0008743462 0.7901418188 0.0000000000 0.7305762457 0.2348301075 0.8354562308 0.9854089896 0.7364404835 0.1660750171 0.3430051589 0.4495020903 0.7307344811 0.2550292416 0.9914481286 0.8442790011 0.1714067157 0.7378587149 0.2393673400 0.7773887062
0.7965526843 0.6357269431 0.5139658342 0.3467200870 0.3929886647 0.6425108485 0.4298208707 0.7305762457 0.0000000000 0.6941743521 0.1413269970 0.3844630270 0.7367428819 0.0750345771 0.0629919423 0.9752495420 0.9484565632 0.8297397128 0.4600474737 0.7618304584 0.8795576446 0.1218976437 0.4243799504 0.4086829795
0.5277005525 0.1911897030 0.0456356011 0.8989238455 0.2669303809 0.2309135386 0.6646817428 0.2348301075 0.6941743521 0.0000000000 0.4963352660 0.4492103951 0.6958228657 0.5058597237 0.8042368776 0.6564653231 0.9712575440 0.5097413654 0.6415122018 0.1842450993 0.4041214220 0.1204512209 0.1763417696 0.1039239453
0.2775232432 0.9859338942 0.9527792578 0.5175377358 0.4140007155 0.2745337988 0.7362324852 0.8354562308 0.1413269970 0.4963352660 0.0000000000 0.5570501918 0.2602686090 0.0659765157 0.4123695380 0.4697931447 0.2558547873 0.7764543882 0.2638711617 0.4352061928 0.0468318649 0.1327482416 0.3021663296 0.5380401044
0.0442609943 0.8457166975 0.4158382658 0.0356014650 0.0488768044 0.3447775022 0.5099833138 0.9854089896 0.3844630270 0.4492103951 0.5570501918 0.0000000000 0.2442313052 0.7717393464 0.0220402360 0.0044064736 0.6445557118 0.8041989362 0.1378227439 0.9342171817 0.3686736480 0.6570000045 0.2652104858 0.0445578801
0.4715503164 0.0685201243 0.1098037128 0.2272931919 0.9939739496 0.0494519035 0.6076173601 0.7364404835 0.7367428819 0.6958228657 0.2602686090 0.2442313052 0.0000000000 0.1394940401 0.7630701116 0.8331925813 0.6388695557 0.3383434900 0.4941355874 0.0344596901 0.1349765639 0.3871957652 0.4900956726 0.7955286220
0.2695697152 0.6099282765 0.7843283439 0.0244294229 0.4380668156 0.8247311554 0.1799649359 0.1660750171 0.0750345771 0.5058597237 0.0659765157 0.7717393464 0.1394940401 0.0000000000 0.1344134740 0.6923800648 0.3289054925 0.2019153696 0.1961674525 0.8551206221 0.3021344977 0.5490415623 0.1898661380 0.1052370620
0.4287126626 0.4474967382 0.6584219391 0.3120733852 0.9506216154 0.5064757491 0.7198868177 0.3430051589 0.0629919423 0.8042368776 0.4123695380 0.0220402360 0.7630701116 0.1344134740 0.0000000000 0.9139069049 0.2061606579 0.3466062601 0.9465613766 0.6047196902 0.7784418821 0.9000311712 0.8161040949 0.1166720798
0.3324690949 0.5307173595 0.4502992605 0.3043155094 0.8662446634 0.4910173477 0.3081268953 0.4495020903 0.9752495420 0.6564653231 0.4697931447 0.0044064736 0.8331925813 0.6923800648 0.9139069049 0.0000000000 0.6314512612 0.5159301274 0.1537285068 0.8629305262 0.7026209852 0.5455461253 0.6550687894 0.6417914445
0.4769186298 0.1297755880 0.7940754784 0.6418692148 0.2684967397 0.7087539641 0.4197382751 0.7307344811 0.9484565632 0.9712575440 0.2558547873 0.6445557118 0.6388695557 0.3289054925 0.2061606579 0.6314512612 0.0000000000 0.6658996947 0.5059431756 0.6376538600 0.0444932920 0.9386276605 0.0901977059 0.3886759919
0.2733106466 0.3109736622 0.3360838924 0.0943590072 0.2071845057 0.7472419853 0.5697976502 0.2550292416 0.8297397128 0.5097413654 0.7764543882 0.8041989362 0.3383434900 0.2019153696 0.3466062601 0.5159301274 0.6658996947 0.0000000000 0.9459689179 0.7237830904 0.4408433077 0.0825693194 0.5390175356 0.2660962002
0.5791183076 0.9750702013 0.6284355750 0.9798889830 0.8327947810 0.1070027800 0.1330168441 0.9914481286 0.4600474737 0.6415122018 0.2638711617 0.1378227439 0.4941355874 0.1961674525 0.9465613766 0.1537285068 0.5059431756 0.9459689179 0.0000000000 0.3819116141 0.3575400511 0.4749155470 0.7671306980 0.7980764901
0.0980002245 0.5607486645 0.7395434963 0.1888682597 0.0381820208 0.9246705371 0.7216171115 0.8442790011 0.7618304584 0.1842450993 0.4352061928 0.9342171817 0.0344596901 0.8551206221 0.6047196902 0.8629305262 0.6376538600 0.7237830904 0.3819116141 0.0000000000 0.9224168864 0.8072736935 0.9522824086 0.3738227686
0.1821242068 0.9004379592 0.4519564785 0.7886678736 0.4667691689 0.0955009782 0.9523545961 0.1714067157 0.8795576446 0.4041214220 0.0468318649 0.3686736480 0.1349765639 0.3021344977 0.7784418821 0.7026209852 0.0444932920 0.4408433077 0.3575400511 0.9224168864 0.0000000000 0.6286666193 0.6009877913 0.1117475473
0.8131220167 0.1114763035 0.4194856913 0.0573493560 0.3741585371 0.6238087326 0.0097690151 0.7378587149 0.1218976437 0.1204512209 0.1327482416 0.6570000045 0.3871957652 0.5490415623 0.9000311712 0.5455461253 0.9386276605 0.0825693194 0.4749155470 0.8072736935 0.6286666193 0.0000000000 0.4612245436 0.2871462954
0.2343921131 0.2215605382 0.3635411405 0.6273102851 0.5749319721 0.9241980291 0.2860152137 0.2393673400 0.4243799504 0.1763417696 0.3021663296 0.2652104858 0.4900956726 0.1898661380 0.8161040949 0.6550687894 0.0901977059 0.5390175356 0.7671306980 0.9522824086 0.6009877913 0.4612245436 0.0000000000 0.2644186268
0.0831864548 0.5806005973 0.6294136448 0.9074075813 0.6626124181 0.4417563600 0.7843600842 0.7773887062 0.4086829795 0.1039239453 0.5380401044 0.0445578801 0.7955286220 0.1052370620 0.1166720798 0.6417914445 0.3886759919 0.2660962002 0.7980764901 0.3738227686 0.1117475473 0.2871462954 0.2644186268 0.0000000000
