# Graph size: 24
# Optimal cost: 1.5844919219269153

# Distance Matrix
0.0 0.06592832161810214 0.5964402632776801 0.05528943939818454 0.6526686664852588 0.9952620183442502 0.10450440014230788 0.11354269893591162 0.49912025623082434 0.04907785140231502 0.37828693730005825 0.4558609973630706 0.02932183646259301 0.5215473682106571 0.817385152314899 0.12053593064752233 0.46772441653014896 0.42340744615535764 0.12994278382314628 0.9435457875339298 0.6297652358121286 0.10901278379026103 0.1152632517828509 0.4105193529445098
0.06592832161810214 0.0 0.09286357775305476 0.1674885822788068 0.273122267426237 0.662219382335318 0.4972315724690386 0.27112898984076994 0.47320865001796875 0.7417108928506599 0.9369797948695537 0.6595387708519258 0.8800361905135715 0.6723562345241241 0.5045367911467062 0.20461687445504384 0.8218342135684448 0.2380054115845497 0.1851896722378913 0.5493325902914171 0.31633704923168726 0.40022639464479304 0.4635935174778394 0.6423461074221615
0.5964402632776801 0.09286357775305476 0.0 0.5220587157209614 0.1321472720640341 0.2003848875817208 0.10087701189271647 0.47055109061915434 0.07445805122614313 0.5645750647950576 0.22582609186519287 0.053309622177243554 0.8263468985356692 0.06618659350924294 0.1660068876329307 0.38640352943033496 0.8726220955820423 0.023636801925323803 0.6824452917617801 0.35657213849991753 0.11799731598714436 0.1216601168317194 0.19905727800352346 0.36444298446873524
0.05528943939818454 0.1674885822788068 0.5220587157209614 0.0 0.7504948124953696 0.06810079002821412 0.34261551812072677 0.023690767290410197 0.6881471375632416 0.7416961859489628 0.9727686755173648 0.8493715854210059 0.17665511471436413 0.6380101217739488 0.7819770748596644 0.7743293883683307 0.20038603979746195 0.8669648606900524 0.9055813322716701 0.6694868621812246 0.24507247469485016 0.4329590422545311 0.6238213695087403 0.9119964600923534
0.6526686664852588 0.273122267426237 0.1321472720640341 0.7504948124953696 0.0 0.6077992311327401 0.0373485215367475 0.1604750079817686 0.44464154728154937 0.8883417852529285 0.18310530727565988 0.7868869419394596 0.7005413476414678 0.515646856685837 0.9327600404637844 0.925510369218965 0.2291280516193911 0.16422151862845846 0.2732708509721806 0.713685255473302 0.8525279964170008 0.6974248223770924 0.6752525424775918 0.5362283786191775
0.9952620183442502 0.662219382335318 0.2003848875817208 0.06810079002821412 0.6077992311327401 0.0 0.7058930660943562 0.8381313038652106 0.09903707683371032 0.36451265805466593 0.5708924555731774 0.11196334645857464 0.396326887538193 0.3500637483334248 0.4984893101154311 0.7342652696562756 0.7837410452488771 0.012304522566632503 0.835290223967467 0.019219028658315485 0.8233430807801517 0.5329288337397466 0.41717027447243105 0.577977324714671
0.10450440014230788 0.4972315724690386 0.10087701189271647 0.34261551812072677 0.0373485215367475 0.7058930660943562 0.0 0.1352788940065509 0.12348790691887557 0.8745398862855766 0.042417422976499974 0.888942031289974 0.16812421305098435 0.7055341376165756 0.30209465576250694 0.9716223848828975 0.8599890782623378 0.016569019082919856 0.27420165848214084 0.6173838450040827 0.34773214257349117 0.6041233957482114 0.0398157418585231 0.19395535233688543
0.11354269893591162 0.27112898984076994 0.47055109061915434 0.023690767290410197 0.1604750079817686 0.8381313038652106 0.1352788940065509 0.0 0.9875520258931628 0.35726906546542114 0.7744436992653356 0.7917087367086466 0.15664924500990818 0.7973862739978334 0.27684905339864796 0.23633588038785247 0.22552422524411553 0.9396648675788408 0.05737465961156474 0.1556270372780275 0.7094143895930776 0.5604062579327498 0.8854487270588132 0.7707906186193147
0.49912025623082434 0.47320865001796875 0.07445805122614313 0.6881471375632416 0.44464154728154937 0.09903707683371032 0.12348790691887557 0.9875520258931628 0.0 0.3232660531974628 0.3848055034754162 0.4156899683410059 0.15404450779299594 0.649988635534288 0.671805730719157 0.013003481872220668 0.7967475029668786 0.39833987124838766 0.16578272102403313 0.17928595484151622 0.4661289374865787 0.7746426238782207 0.40923045005273795 0.047834985753909764
0.04907785140231502 0.7417108928506599 0.5645750647950576 0.7416961859489628 0.8883417852529285 0.36451265805466593 0.8745398862855766 0.35726906546542114 0.3232660531974628 0.0 0.4937131208710829 0.3216351544011662 0.9662827437147924 0.2562841350259937 0.8348248406557169 0.6881084755123038 0.1938206490218768 0.134861974917725 0.4661009044966481 0.18458600270214764 0.8150782998177316 0.5539992556527111 0.9467218048035055 0.653151930600133
0.37828693730005825 0.9369797948695537 0.22582609186519287 0.9727686755173648 0.18310530727565988 0.5708924555731774 0.042417422976499974 0.7744436992653356 0.3848055034754162 0.4937131208710829 0.0 0.7000753236532495 0.9637862833444666 0.259116562962313 0.1336370482133169 0.9378666720983068 0.12750735288759107 0.36618332750193294 0.04372119859079837 0.49751575207420207 0.8024572561096782 0.27460667651241266 0.10711432529847642 0.5178602842732692
0.4558609973630706 0.6595387708519258 0.053309622177243554 0.8493715854210059 0.7868869419394596 0.11196334645857464 0.888942031289974 0.7917087367086466 0.4156899683410059 0.3216351544011662 0.7000753236532495 0.0 0.1534703827359134 0.7776420891206635 0.06182867875686837 0.5405546068760027 0.9980703237502457 0.4657771988505075 0.2596569307613157 0.8065359864879913 0.07687325453933413 0.03996792521707715 0.6283219533576481 0.07297692167921377
0.02932183646259301 0.8800361905135715 0.8263468985356692 0.17665511471436413 0.7005413476414678 0.396326887538193 0.16812421305098435 0.15664924500990818 0.15404450779299594 0.9662827437147924 0.9637862833444666 0.1534703827359134 0.0 0.4188566659636749 0.43968758940053976 0.10936624287307872 0.2759491313157798 0.5283297432093157 0.8068149002185231 0.6076999973136228 0.7634390574184362 0.5589196151593525 0.8464272546606026 0.6928284885761946
0.5215473682106571 0.6723562345241241 0.06618659350924294 0.6380101217739488 0.515646856685837 0.3500637483334248 0.7055341376165756 0.7973862739978334 0.649988635534288 0.2562841350259937 0.259116562962313 0.7776420891206635 0.4188566659636749 0.0 0.7540190421444889 0.8596136254829111 0.7168535003228438 0.777131267259026 0.1383920113040561 0.2788743183737281 0.18388026628395715 0.26316707772429493 0.7341918089887788 0.39507095707845885
0.817385152314899 0.5045367911467062 0.1660068876329307 0.7819770748596644 0.9327600404637844 0.4984893101154311 0.30209465576250694 0.27684905339864796 0.671805730719157 0.8348248406557169 0.1336370482133169 0.06182867875686837 0.43968758940053976 0.7540190421444889 0.0 0.40779454841380214 0.19982954680321863 0.6288353555392765 0.4049469264669079 0.3969847146774165 0.31628118654897797 0.3008867826253304 0.7465702011155763 0.8581105981471459
0.12053593064752233 0.20461687445504384 0.38640352943033496 0.7743293883683307 0.925510369218965 0.7342652696562756 0.9716223848828975 0.23633588038785247 0.013003481872220668 0.6881084755123038 0.9378666720983068 0.5405546068760027 0.10936624287307872 0.8596136254829111 0.40779454841380214 0.0 0.9129439351963333 0.797307887979748 0.6591894640341492 0.9003930159290229 0.9804263908155538 0.36213308206897576 0.7896459384124959 0.810361596268458
0.46772441653014896 0.8218342135684448 0.8726220955820423 0.20038603979746195 0.2291280516193911 0.7837410452488771 0.8599890782623378 0.22552422524411553 0.7967475029668786 0.1938206490218768 0.12750735288759107 0.9980703237502457 0.2759491313157798 0.7168535003228438 0.19982954680321863 0.9129439351963333 0.0 0.09011947462806358 0.5615214233751079 0.6434667160049732 0.9034392700848123 0.05429392771567787 0.13080212120860446 0.14849286257455319
0.42340744615535764 0.2380054115845497 0.023636801925323803 0.8669648606900524 0.16422151862845846 0.012304522566632503 0.016569019082919856 0.9396648675788408 0.39833987124838766 0.134861974917725 0.36618332750193294 0.4657771988505075 0.5283297432093157 0.777131267259026 0.6288353555392765 0.797307887979748 0.09011947462806358 0.0 0.28003057776910956 0.08888411045105515 0.48104384463264505 0.8498712322093198 0.16632002583949812 0.2287447967410403
0.12994278382314628 0.1851896722378913 0.6824452917617801 0.9055813322716701 0.2732708509721806 0.835290223967467 0.27420165848214084 0.05737465961156474 0.16578272102403313 0.4661009044966481 0.04372119859079837 0.2596569307613157 0.8068149002185231 0.1383920113040561 0.4049469264669079 0.6591894640341492 0.5615214233751079 0.28003057776910956 0.0 0.04584280489693149 0.2874660512571874 0.4037759966769443 0.04301878503158152 0.4234377756871779
0.9435457875339298 0.5493325902914171 0.35657213849991753 0.6694868621812246 0.713685255473302 0.019219028658315485 0.6173838450040827 0.1556270372780275 0.17928595484151622 0.18458600270214764 0.49751575207420207 0.8065359864879913 0.6076999973136228 0.2788743183737281 0.3969847146774165 0.9003930159290229 0.6434667160049732 0.08888411045105515 0.04584280489693149 0.0 0.9202229125433325 0.5663946167160934 0.277354764495958 0.5749252736531187
0.6297652358121286 0.31633704923168726 0.11799731598714436 0.24507247469485016 0.8525279964170008 0.8233430807801517 0.34773214257349117 0.7094143895930776 0.4661289374865787 0.8150782998177316 0.8024572561096782 0.07687325453933413 0.7634390574184362 0.18388026628395715 0.31628118654897797 0.9804263908155538 0.9034392700848123 0.48104384463264505 0.2874660512571874 0.9202229125433325 0.0 0.5567438514388173 0.13100680726530334 0.9100666500916079
0.10901278379026103 0.40022639464479304 0.1216601168317194 0.4329590422545311 0.6974248223770924 0.5329288337397466 0.6041233957482114 0.5604062579327498 0.7746426238782207 0.5539992556527111 0.27460667651241266 0.03996792521707715 0.5589196151593525 0.26316707772429493 0.3008867826253304 0.36213308206897576 0.05429392771567787 0.8498712322093198 0.4037759966769443 0.5663946167160934 0.5567438514388173 0.0 0.17626109227490738 0.6273093708717451
0.1152632517828509 0.4635935174778394 0.19905727800352346 0.6238213695087403 0.6752525424775918 0.41717027447243105 0.0398157418585231 0.8854487270588132 0.40923045005273795 0.9467218048035055 0.10711432529847642 0.6283219533576481 0.8464272546606026 0.7341918089887788 0.7465702011155763 0.7896459384124959 0.13080212120860446 0.16632002583949812 0.04301878503158152 0.277354764495958 0.13100680726530334 0.17626109227490738 0.0 0.10351156536033335
0.4105193529445098 0.6423461074221615 0.36444298446873524 0.9119964600923534 0.5362283786191775 0.577977324714671 0.19395535233688543 0.7707906186193147 0.047834985753909764 0.653151930600133 0.5178602842732692 0.07297692167921377 0.6928284885761946 0.39507095707845885 0.8581105981471459 0.810361596268458 0.14849286257455319 0.2287447967410403 0.4234377756871779 0.5749252736531187 0.9100666500916079 0.6273093708717451 0.10351156536033335 0.0

# Optimal Walk
0 9 12 15 8 23 20 14 11 21 16 10 6 4 22 18 7 3 19 5 17 2 13 1 0
