# Graph size: 24
# Optimal cost: 1.662248837702945

# Distance Matrix
0.0 0.9909439122089541 0.4247868402178132 0.3653957596888715 0.32166193890096784 0.9801904838367443 0.4620812485168435 0.5540587732342404 0.7718178491662953 0.2802419884895183 0.2830427260038513 0.06953328420383342 0.31358205736541445 0.10543486623271991 0.5294938946649024 0.28829414016405874 0.7297223558612945 0.36037266157931425 0.41098297070809287 0.1906349502147202 0.579453204704362 0.13884339691213454 0.007077496883834966 0.16116432612318277
0.9909439122089541 0.0 0.20876067762570472 0.42740406494810024 0.007456664954426984 0.522305037113394 0.2128233105936599 0.6447661686249851 0.862000670183568 0.7097616659134525 0.7450910348254043 0.5240931119393111 0.7906144316243758 0.6405248316118454 0.9357472633888306 0.5025462435716371 0.6113126848063397 0.7468307146561366 0.08169484309150266 0.22089380118415403 0.885131671983321 0.35359713173325524 0.2008692293846076 0.9557224707979936
0.4247868402178132 0.20876067762570472 0.0 0.44772257845235863 0.5622080231061601 0.005597032411172043 0.8077688157698842 2.0198430040974102E-5 0.5701205234273807 0.34288237959385903 0.25211382260754034 0.06416986199784835 0.4036199727863017 0.6739166439338317 0.21946052116697623 0.27593450835155264 0.3701497182855259 0.22077226083276014 0.22244124509891883 0.6810928738844393 0.1469946856077876 0.9951545317380555 0.16687772396493827 0.43087888278472786
0.3653957596888715 0.42740406494810024 0.44772257845235863 0.0 0.314698170049848 0.042250096327847486 0.39514337929083865 0.030301259316670603 0.3164443541945451 0.8821239872509067 0.1972544379825184 0.08322167612538689 0.27873913173239206 0.3117823047858823 0.495042319306337 0.2993585623913332 0.864074283249026 0.4429305845738518 0.6557368186363727 0.3809229433334377 0.342861646710083 0.09362251569157498 0.42351584603458303 0.2903814892518056
0.32166193890096784 0.007456664954426984 0.5622080231061601 0.314698170049848 0.0 0.36977469760421866 0.4264078616190762 0.7710545344856856 0.31588162931373 0.5287374940500402 0.031252123904936924 0.06783213137887922 0.29716168883008454 0.5711518829712406 0.4884145914179736 0.3379330125082961 0.3523088767031268 0.41355545477157174 0.8146359667971205 0.5373033291573183 0.45451685513881734 0.38375470757655117 0.09540013184576102 0.7189024907496917
0.9801904838367443 0.522305037113394 0.005597032411172043 0.042250096327847486 0.36977469760421866 0.0 0.24803317755456333 0.9085790161567606 0.03669909994128273 0.6739143532385505 0.5637767965103644 0.8217526660150808 0.13164425632450227 0.1381603670544883 0.197644051808464 0.736983992574711 0.6304309491235321 0.935082819394865 0.6483111788876516 0.47922196289989594 0.526577380053787 0.49014306809440267 0.6763803282195766 0.3961321277773011
0.4620812485168435 0.2128233105936599 0.8077688157698842 0.39514337929083865 0.4264078616190762 0.24803317755456333 0.0 0.3280233138793949 0.9962067569288456 0.7430049089388051 0.48219575528295167 0.468587651386572 0.13546347291691652 0.6136693604523071 0.6394369410646731 0.8334481799458903 0.6706560889075441 0.6715876182311692 0.07163472125026427 0.021721158175561306 0.4068705697140579 0.775223231660871 0.76297815794979 0.6498817934829146
0.5540587732342404 0.6447661686249851 2.0198430040974102E-5 0.030301259316670603 0.7710545344856856 0.9085790161567606 0.3280233138793949 0.0 0.9948642560924358 0.8157234005012152 0.22747437913986213 0.21168142813498547 0.797887044759371 0.48259848143302175 0.23202093556622638 0.7533810811138909 0.5761760802566466 0.12976689817749132 0.9939052726317799 0.8975344804937394 0.056781638674691215 0.04912537116076732 0.43259606698632724 0.5542189654969307
0.7718178491662953 0.862000670183568 0.5701205234273807 0.3164443541945451 0.31588162931373 0.03669909994128273 0.9962067569288456 0.9948642560924358 0.0 0.5511083388352636 0.9050924042831849 0.4160422598939407 0.9955256005341572 0.6585319466230577 0.5611131248592914 0.583297546057258 0.8372843699038244 0.7516791838531227 0.03790169589583481 0.24813938711164207 0.8714144593708334 0.37743435602834696 0.8832371391457456 0.09245358006453264
0.2802419884895183 0.7097616659134525 0.34288237959385903 0.8821239872509067 0.5287374940500402 0.6739143532385505 0.7430049089388051 0.8157234005012152 0.5511083388352636 0.0 0.622953573276814 0.9274625865032416 0.8044173174448287 0.8435062046048768 0.9677341768690639 0.9330172231010531 0.01701477076248159 0.8958274541822834 0.13983895510962363 0.1210241265848061 0.39736730569570855 0.8862821325210772 0.9823813002346007 0.9319133782737721
0.2830427260038513 0.7450910348254043 0.25211382260754034 0.1972544379825184 0.031252123904936924 0.5637767965103644 0.48219575528295167 0.22747437913986213 0.9050924042831849 0.622953573276814 0.0 0.19127550909187863 0.5600044318774069 0.3508215010500605 0.5443945093395541 0.7276676202164996 0.8752249950778349 0.16494236322952327 0.5783485908170372 0.3135323730153321 0.18662089406117421 0.7237731011200793 0.5542367936193401 0.24520863625353506
0.06953328420383342 0.5240931119393111 0.06416986199784835 0.08322167612538689 0.06783213137887922 0.8217526660150808 0.468587651386572 0.21168142813498547 0.4160422598939407 0.9274625865032416 0.19127550909187863 0.0 0.5196698162531203 0.5471635440605023 0.8759016580559668 0.6611600489909135 0.4025920278153111 0.1883751977151379 0.5733637362754636 0.7826518967567697 0.4578145248887797 0.1739698096005754 0.2931931145368245 0.9412866618563336
0.31358205736541445 0.7906144316243758 0.4036199727863017 0.27873913173239206 0.29716168883008454 0.13164425632450227 0.13546347291691652 0.797887044759371 0.9955256005341572 0.8044173174448287 0.5600044318774069 0.5196698162531203 0.0 0.9714943196401975 0.4704397929269971 0.056261571978672764 0.6761433091186975 0.9574882672240622 0.6514394008890401 0.11615807010175883 0.09830511991481317 0.8112591417004534 0.24513914138379145 0.8462762831831402
0.10543486623271991 0.6405248316118454 0.6739166439338317 0.3117823047858823 0.5711518829712406 0.1381603670544883 0.6136693604523071 0.48259848143302175 0.6585319466230577 0.8435062046048768 0.3508215010500605 0.5471635440605023 0.9714943196401975 0.0 0.6668491547302217 0.5095591610894669 0.5781402934397408 0.9595600306597885 0.49791029251114216 0.4533333954429155 0.8005504138230067 0.5221187613997043 0.3372210894670121 0.4741372866352116
0.5294938946649024 0.9357472633888306 0.21946052116697623 0.495042319306337 0.4884145914179736 0.197644051808464 0.6394369410646731 0.23202093556622638 0.5611131248592914 0.9677341768690639 0.5443945093395541 0.8759016580559668 0.4704397929269971 0.6668491547302217 0.0 0.6762345990610658 0.16040151608610942 0.36656841614094715 0.22846405985581608 0.1529215607336456 0.5813451156573531 0.08589637654982729 0.18972939764732766 0.6887574458603825
0.28829414016405874 0.5025462435716371 0.27593450835155264 0.2993585623913332 0.3379330125082961 0.736983992574711 0.8334481799458903 0.7533810811138909 0.583297546057258 0.9330172231010531 0.7276676202164996 0.6611600489909135 0.056261571978672764 0.5095591610894669 0.6762345990610658 0.0 0.02588799376166062 0.615324666925483 0.7142621393575925 0.8050645793268272 0.5584682685479234 0.8951396416510453 0.2055014985029665 0.3594762360810009
0.7297223558612945 0.6113126848063397 0.3701497182855259 0.864074283249026 0.3523088767031268 0.6304309491235321 0.6706560889075441 0.5761760802566466 0.8372843699038244 0.01701477076248159 0.8752249950778349 0.4025920278153111 0.6761433091186975 0.5781402934397408 0.16040151608610942 0.02588799376166062 0.0 0.15860121785650527 0.42685566057341884 0.2297028958370404 0.5892825249298121 0.4253571478870525 0.3947323395368165 0.5468056888615375
0.36037266157931425 0.7468307146561366 0.22077226083276014 0.4429305845738518 0.41355545477157174 0.935082819394865 0.6715876182311692 0.12976689817749132 0.7516791838531227 0.8958274541822834 0.16494236322952327 0.1883751977151379 0.9574882672240622 0.9595600306597885 0.36656841614094715 0.615324666925483 0.15860121785650527 0.0 0.061736885499620975 0.33153838111025846 0.2346726164962557 0.41171832921981677 0.28623637320515216 0.8715796814415833
0.41098297070809287 0.08169484309150266 0.22244124509891883 0.6557368186363727 0.8146359667971205 0.6483111788876516 0.07163472125026427 0.9939052726317799 0.03790169589583481 0.13983895510962363 0.5783485908170372 0.5733637362754636 0.6514394008890401 0.49791029251114216 0.22846405985581608 0.7142621393575925 0.42685566057341884 0.061736885499620975 0.0 0.9762163040734698 0.17412727958223306 0.8927030557910609 0.635673206466019 0.9733816417250435
0.1906349502147202 0.22089380118415403 0.6810928738844393 0.3809229433334377 0.5373033291573183 0.47922196289989594 0.021721158175561306 0.8975344804937394 0.24813938711164207 0.1210241265848061 0.3135323730153321 0.7826518967567697 0.11615807010175883 0.4533333954429155 0.1529215607336456 0.8050645793268272 0.2297028958370404 0.33153838111025846 0.9762163040734698 0.0 0.1590380832778504 0.9611581860486644 0.312346118823299 0.9613975485358424
0.579453204704362 0.885131671983321 0.1469946856077876 0.342861646710083 0.45451685513881734 0.526577380053787 0.4068705697140579 0.056781638674691215 0.8714144593708334 0.39736730569570855 0.18662089406117421 0.4578145248887797 0.09830511991481317 0.8005504138230067 0.5813451156573531 0.5584682685479234 0.5892825249298121 0.2346726164962557 0.17412727958223306 0.1590380832778504 0.0 0.04560861921746062 0.29939458870745017 0.8726950947383936
0.13884339691213454 0.35359713173325524 0.9951545317380555 0.09362251569157498 0.38375470757655117 0.49014306809440267 0.775223231660871 0.04912537116076732 0.37743435602834696 0.8862821325210772 0.7237731011200793 0.1739698096005754 0.8112591417004534 0.5221187613997043 0.08589637654982729 0.8951396416510453 0.4253571478870525 0.41171832921981677 0.8927030557910609 0.9611581860486644 0.04560861921746062 0.0 0.728907608902514 0.47843529985020883
0.007077496883834966 0.2008692293846076 0.16687772396493827 0.42351584603458303 0.09540013184576102 0.6763803282195766 0.76297815794979 0.43259606698632724 0.8832371391457456 0.9823813002346007 0.5542367936193401 0.2931931145368245 0.24513914138379145 0.3372210894670121 0.18972939764732766 0.2055014985029665 0.3947323395368165 0.28623637320515216 0.635673206466019 0.312346118823299 0.29939458870745017 0.728907608902514 0.0 0.20881662051270256
0.16116432612318277 0.9557224707979936 0.43087888278472786 0.2903814892518056 0.7189024907496917 0.3961321277773011 0.6498817934829146 0.5542189654969307 0.09245358006453264 0.9319133782737721 0.24520863625353506 0.9412866618563336 0.8462762831831402 0.4741372866352116 0.6887574458603825 0.3594762360810009 0.5468056888615375 0.8715796814415833 0.9733816417250435 0.9613975485358424 0.8726950947383936 0.47843529985020883 0.20881662051270256 0.0

# Optimal Walk
0 13 5 23 8 18 17 6 19 12 15 16 9 14 21 20 7 2 3 11 10 4 1 22 0
