# MCW Instance
# Type: UNIFORM
# N: 24
# Optimal cost: 1.7380104790655664
# Optimal tour (permutation): [0, 23, 1, 15, 7, 20, 19, 8, 22, 16, 17, 13, 5, 21, 9, 10, 4, 12, 18, 3, 11, 2, 6, 14, 0]
# Optimal walk (full path): [0, 23, 1, 15, 7, 20, 19, 8, 22, 16, 17, 21, 13, 21, 5, 21, 9, 10, 4, 12, 18, 3, 11, 2, 11, 6, 14, 6, 0]
# Walk size: 29
# Is walk (has repeats): true

# Distance Matrix
0.0000000000 0.4957102462 0.1902406943 0.7586797729 0.7398049391 0.7517846982 0.0670672627 0.9496907948 0.3988378819 0.2683970281 0.4590781682 0.6011659890 0.1355550609 0.7244647365 0.3179374076 0.9397570857 0.3739994719 0.6147219587 0.6898598345 0.2229618934 0.2801137767 0.9929881920 0.2143513983 0.0693266981
0.4957102462 0.0000000000 0.4385587479 0.3807058590 0.0645626124 0.6878194493 0.8199149199 0.5470763443 0.6969614238 0.9436602500 0.9064622659 0.8993499173 0.6618210318 0.4957471892 0.6191465090 0.0353025455 0.6410569124 0.8199165293 0.9940044720 0.6046580824 0.8262366720 0.7926289607 0.3932357130 0.0021919574
0.1902406943 0.4385587479 0.0000000000 0.7271251521 0.6512741529 0.4042708174 0.5724780981 0.5099165435 0.5701377933 0.4796016789 0.9447181038 0.0043440296 0.7951770149 0.8008021567 0.8358177177 0.5901468005 0.2661015479 0.8120828335 0.1608526961 0.2759132302 0.9208591959 0.3618863221 0.5722922530 0.4171079420
0.7586797729 0.3807058590 0.7271251521 0.0000000000 0.4254764793 0.4154445719 0.6128250613 0.6851299867 0.9013061154 0.8568835420 0.5113596926 0.0955377341 0.3320850094 0.9863739544 0.2777470429 0.1311157874 0.7248079348 0.9359919882 0.1589997890 0.2542480924 0.7712736861 0.3773672858 0.7082601121 0.3931000783
0.7398049391 0.0645626124 0.6512741529 0.4254764793 0.0000000000 0.7112614785 0.5748591158 0.6874930446 0.3074024180 0.3336481219 0.0499171914 0.7758605234 0.0921675413 0.5683768374 0.8654457439 0.5879561824 0.4614592162 0.9200406441 0.8134051755 0.8195591254 0.8693747983 0.0729452570 0.5945487260 0.4332901862
0.7517846982 0.6878194493 0.4042708174 0.4154445719 0.7112614785 0.0000000000 0.9716884996 0.3578670696 0.4161058821 0.6725316530 0.4091431726 0.4123240959 0.3013885706 0.3491972233 0.4021674066 0.2890290576 0.8047096628 0.2894162692 0.1868334127 0.4712952982 0.7556682557 0.0409225245 0.8931607264 0.7395179421
0.0670672627 0.8199149199 0.5724780981 0.6128250613 0.5748591158 0.9716884996 0.0000000000 0.1187692440 0.9469140543 0.0694089555 0.5994539347 0.0475095446 0.4733778558 0.6897932600 0.0308766954 0.7364770946 0.2403492193 0.1480936573 0.6442823400 0.7306728019 0.5523023074 0.4359197757 0.9436757549 0.9381795594
0.9496907948 0.5470763443 0.5099165435 0.6851299867 0.6874930446 0.3578670696 0.1187692440 0.0000000000 0.3488448844 0.4319305919 0.2850669725 0.7104669971 0.4041171445 0.9870988546 0.2931595071 0.0040340256 0.2917707860 0.2811477325 0.9528135489 0.8177557673 0.1021306915 0.7465773316 0.3272193887 0.8122154772
0.3988378819 0.6969614238 0.5701377933 0.9013061154 0.3074024180 0.4161058821 0.9469140543 0.3488448844 0.0000000000 0.1491194337 0.7092373020 0.8713169903 0.2604658612 0.9367494960 0.7781908302 0.6068497979 0.2540785782 0.4684665220 0.9326544984 0.0045424682 0.3940044704 0.5773521544 0.2000874008 0.2792432306
0.2683970281 0.9436602500 0.4796016789 0.8568835420 0.3336481219 0.6725316530 0.0694089555 0.4319305919 0.1491194337 0.0000000000 0.0326815587 0.3311721538 0.7970422370 0.9454737549 0.5019913003 0.7234820504 0.6131799046 0.9036807943 0.6610782285 0.8004790022 0.9588880259 0.0315849636 0.5287119227 0.0930150400
0.4590781682 0.9064622659 0.9447181038 0.5113596926 0.0499171914 0.4091431726 0.5994539347 0.2850669725 0.7092373020 0.0326815587 0.0000000000 0.5682338154 0.2403745109 0.7267841791 0.7241637363 0.9515191035 0.2220923216 0.9546986137 0.8449585509 0.3254964619 0.6624173121 0.7388237277 0.1143978896 0.5143423480
0.6011659890 0.8993499173 0.0043440296 0.0955377341 0.7758605234 0.4123240959 0.0475095446 0.7104669971 0.8713169903 0.3311721538 0.5682338154 0.0000000000 0.5221416242 0.2568447954 0.7845383740 0.4107740342 0.1009974160 0.1237635531 0.5774744886 0.8142349321 0.9890884070 0.6444594386 0.9482291612 0.7218625614
0.1355550609 0.6618210318 0.7951770149 0.3320850094 0.0921675413 0.3013885706 0.4733778558 0.4041171445 0.2604658612 0.7970422370 0.2403745109 0.5221416242 0.0000000000 0.6840328914 0.1871393608 0.5160565845 0.4379922995 0.6060262517 0.0126677182 0.4163850646 0.1892392212 0.4783830906 0.1066820566 0.0766040868
0.7244647365 0.4957471892 0.8008021567 0.9863739544 0.5683768374 0.3491972233 0.6897932600 0.9870988546 0.9367494960 0.9454737549 0.7267841791 0.2568447954 0.6840328914 0.0000000000 0.2847392654 0.5577201234 0.3045640341 0.4511267750 0.2449200639 0.9957928692 0.2737492813 0.0646349879 0.7372109587 0.6941006836
0.3179374076 0.6191465090 0.8358177177 0.2777470429 0.8654457439 0.4021674066 0.0308766954 0.2931595071 0.7781908302 0.5019913003 0.7241637363 0.7845383740 0.1871393608 0.2847392654 0.0000000000 0.7235237968 0.3071411365 0.6033905470 0.3727260282 0.5493688671 0.3004774029 0.7408095054 0.2164758564 0.4870800426
0.9397570857 0.0353025455 0.5901468005 0.1311157874 0.5879561824 0.2890290576 0.7364770946 0.0040340256 0.6068497979 0.7234820504 0.9515191035 0.4107740342 0.5160565845 0.5577201234 0.7235237968 0.0000000000 0.3130494965 0.1085150598 0.3842440826 0.2513003316 0.1381685045 0.6693429690 0.8716159444 0.0637713727
0.3739994719 0.6410569124 0.2661015479 0.7248079348 0.4614592162 0.8047096628 0.2403492193 0.2917707860 0.2540785782 0.6131799046 0.2220923216 0.1009974160 0.4379922995 0.3045640341 0.3071411365 0.3130494965 0.0000000000 0.0710013933 0.6503316934 0.7020867392 0.9385207204 0.1201567094 0.1063525311 0.1888685190
0.6147219587 0.8199165293 0.8120828335 0.9359919882 0.9200406441 0.2894162692 0.1480936573 0.2811477325 0.4684665220 0.9036807943 0.9546986137 0.1237635531 0.6060262517 0.4511267750 0.6033905470 0.1085150598 0.0710013933 0.0000000000 0.0843672576 0.8721493008 0.4056385472 0.0571104059 0.3095409549 0.9904633694
0.6898598345 0.9940044720 0.1608526961 0.1589997890 0.8134051755 0.1868334127 0.6442823400 0.9528135489 0.9326544984 0.6610782285 0.8449585509 0.5774744886 0.0126677182 0.2449200639 0.3727260282 0.3842440826 0.6503316934 0.0843672576 0.0000000000 0.9209343882 0.5454594330 0.3688770323 0.6756612186 0.9062777151
0.2229618934 0.6046580824 0.2759132302 0.2542480924 0.8195591254 0.4712952982 0.7306728019 0.8177557673 0.0045424682 0.8004790022 0.3254964619 0.8142349321 0.4163850646 0.9957928692 0.5493688671 0.2513003316 0.7020867392 0.8721493008 0.9209343882 0.0000000000 0.2162405835 0.7809590460 0.5389600613 0.2669625060
0.2801137767 0.8262366720 0.9208591959 0.7712736861 0.8693747983 0.7556682557 0.5523023074 0.1021306915 0.3940044704 0.9588880259 0.6624173121 0.9890884070 0.1892392212 0.2737492813 0.3004774029 0.1381685045 0.9385207204 0.4056385472 0.5454594330 0.2162405835 0.0000000000 0.0951359503 0.7607488680 0.2489269993
0.9929881920 0.7926289607 0.3618863221 0.3773672858 0.0729452570 0.0409225245 0.4359197757 0.7465773316 0.5773521544 0.0315849636 0.7388237277 0.6444594386 0.4783830906 0.0646349879 0.7408095054 0.6693429690 0.1201567094 0.0571104059 0.3688770323 0.7809590460 0.0951359503 0.0000000000 0.6890233388 0.9340949482
0.2143513983 0.3932357130 0.5722922530 0.7082601121 0.5945487260 0.8931607264 0.9436757549 0.3272193887 0.2000874008 0.5287119227 0.1143978896 0.9482291612 0.1066820566 0.7372109587 0.2164758564 0.8716159444 0.1063525311 0.3095409549 0.6756612186 0.5389600613 0.7607488680 0.6890233388 0.0000000000 0.5626563839
0.0693266981 0.0021919574 0.4171079420 0.3931000783 0.4332901862 0.7395179421 0.9381795594 0.8122154772 0.2792432306 0.0930150400 0.5143423480 0.7218625614 0.0766040868 0.6941006836 0.4870800426 0.0637713727 0.1888685190 0.9904633694 0.9062777151 0.2669625060 0.2489269993 0.9340949482 0.5626563839 0.0000000000
