# Graph size: 24
# Optimal cost: 1.8508070581203544

# Distance Matrix
0.0 0.10827186006535539 0.8772970659521058 0.49005166811362577 0.06718328782865213 0.06474190532740731 0.527747837719821 0.12214279787915949 0.5309215558973989 0.42495887081388695 0.1817272240691613 0.9135839718057892 0.27032491616580356 0.36586591411002667 0.2380005008351347 0.5593398981147247 0.8163609061883598 0.8730725283580864 0.3222516874975915 0.23311940455879332 0.27740910992053835 0.8193981639057486 0.2928895901953753 0.2478626714089044
0.10827186006535539 0.0 0.22579736427652264 0.771215010877967 0.832296304624327 0.92060605240176 0.24950762861507825 0.4720837482395398 0.023451168886692964 0.4627991395854404 0.3350976581805417 0.5166519556556188 0.9769020845889711 0.04625171165408226 0.3035489020968284 0.07251199942082254 0.26934505876830483 0.8052387103024339 0.10766447532010692 0.6336912481357879 0.6826121320932307 0.42689363238421074 0.9178060906919651 0.6966743550114896
0.8772970659521058 0.22579736427652264 0.0 0.49065687968066674 0.1548717865973207 0.5721717715103444 0.9383339738917147 0.3321654295997931 0.48536693251484464 0.14848128838470198 0.9448724019829733 0.5277104539739051 0.5699158853764172 0.12584943404192184 0.7918536794791453 0.5529042988226355 0.3560276096966317 0.8487921020838064 0.8076321644515397 0.2627966725136627 0.7945247228250094 0.7797234518146908 0.6659597789623282 0.3778013191535954
0.49005166811362577 0.771215010877967 0.49065687968066674 0.0 0.021586752350026606 0.3319670970829671 0.5482811367399388 0.6877250859595707 0.28383653472415127 0.9122180025377221 0.49220209401051496 0.4080121102440988 0.5164119738549595 0.16955597669813482 0.1998439860935498 0.131104488836857 0.906817694769375 0.34752549820485845 0.5182719992703307 0.8558603598839027 0.481452276407193 0.0664610979471455 0.5239134342497345 0.6492588719550124
0.06718328782865213 0.832296304624327 0.1548717865973207 0.021586752350026606 0.0 0.737058070240832 0.8251510063092213 0.6438570491538226 0.5971611244161348 0.6059429571168871 0.004096407321585005 0.5291525923658249 0.8346847052202166 0.5916741855706479 0.17703725936914927 0.45870493772716203 0.6117888349845546 0.7410462785805094 0.0930800185365962 0.8970846997109139 0.5459561424622879 0.2284767449157198 0.7786764094586847 0.45555327295904013
0.06474190532740731 0.92060605240176 0.5721717715103444 0.3319670970829671 0.737058070240832 0.0 0.4413960890063823 0.7205845686556782 0.8268667323754224 0.9128268759029999 0.31298411777343493 0.3615582937090963 0.09061491167843783 0.14058117347592114 0.5431897272218437 0.17402183674852012 0.6777268471742588 0.748423799843755 0.42153573871506245 0.9054578459696487 0.3567576411058838 0.014039325545386672 0.6686700447457798 0.8668501615612003
0.527747837719821 0.24950762861507825 0.9383339738917147 0.5482811367399388 0.8251510063092213 0.4413960890063823 0.0 0.22647720988691944 0.19643790278072193 0.9309201470555836 0.10805808597982158 0.7758777836231123 0.6437142923679007 0.6462399270451132 0.3535371089725614 0.2673712809579831 0.20145214511140508 0.1287472151425877 0.4823720530675586 0.7127381804779915 0.30388360163951633 0.19658961770648808 0.9781904424501059 0.5795537084585103
0.12214279787915949 0.4720837482395398 0.3321654295997931 0.6877250859595707 0.6438570491538226 0.7205845686556782 0.22647720988691944 0.0 0.7871414800713205 0.17666518151709332 0.6973750149597365 0.7652311661656666 0.9024179175559167 0.6597637524556824 0.5080964070180038 0.30648654979144496 0.2265695880105294 0.9509835119168453 0.8380380882659194 0.7539423634195165 0.16868632403141015 0.7628167164703992 0.9352876927171663 0.1347525991678875
0.5309215558973989 0.023451168886692964 0.48536693251484464 0.28383653472415127 0.5971611244161348 0.8268667323754224 0.19643790278072193 0.7871414800713205 0.0 0.5533668428396944 0.3320873500467082 0.6947197660451783 0.9505452439304919 0.3249210625561767 0.8069626688753908 0.23129752994541963 0.7136424748736168 0.7614460123937905 0.4465496430974403 0.9920715757386631 0.11143249227866214 0.7136981016426728 0.9031263585167484 0.09025608966904775
0.42495887081388695 0.4627991395854404 0.14848128838470198 0.9122180025377221 0.6059429571168871 0.9128268759029999 0.9309201470555836 0.17666518151709332 0.5533668428396944 0.0 0.00693185584962086 0.29091160214044787 0.6158473436438008 0.7176141689817058 0.13299027389073914 0.10418954600836394 0.13480123136650424 0.9454853056176105 0.5182545902834389 0.6478195749490587 0.015587795255016412 0.9601401038310398 0.39492212251024017 0.6498444636113704
0.1817272240691613 0.3350976581805417 0.9448724019829733 0.49220209401051496 0.004096407321585005 0.31298411777343493 0.10805808597982158 0.6973750149597365 0.3320873500467082 0.00693185584962086 0.0 0.7771207524887007 0.7947485373224626 0.5814785351216534 0.255443065774981 0.299151681096822 0.9180994793598868 0.10802807860747787 0.7201539077181947 0.9510494205663352 0.6193113773754005 0.1574898119474304 0.8847010102394834 0.6896586503086762
0.9135839718057892 0.5166519556556188 0.5277104539739051 0.4080121102440988 0.5291525923658249 0.3615582937090963 0.7758777836231123 0.7652311661656666 0.6947197660451783 0.29091160214044787 0.7771207524887007 0.0 0.9881247502117211 0.23284575696313903 0.07915691328579288 0.341599718295297 0.4319695076777963 0.8287923306828677 0.2614055220266067 0.2941620535894357 0.09385093321952531 0.7855596826577963 0.1333433118923858 0.858981066862774
0.27032491616580356 0.9769020845889711 0.5699158853764172 0.5164119738549595 0.8346847052202166 0.09061491167843783 0.6437142923679007 0.9024179175559167 0.9505452439304919 0.6158473436438008 0.7947485373224626 0.9881247502117211 0.0 0.23920033273974117 0.9333281399001779 0.6979842302724252 0.6439788506210222 0.6651875560330898 0.5975845231692497 0.2216099135312708 0.3715872587842455 0.45259425754665783 0.028925537157852066 0.8473341494753635
0.36586591411002667 0.04625171165408226 0.12584943404192184 0.16955597669813482 0.5916741855706479 0.14058117347592114 0.6462399270451132 0.6597637524556824 0.3249210625561767 0.7176141689817058 0.5814785351216534 0.23284575696313903 0.23920033273974117 0.0 0.7150610537081417 0.928198403398978 0.8452293530221657 0.16992595165609525 0.8897285192729217 0.5347220027767727 0.1297806546080249 0.9264631217397007 0.9323149267257822 0.415745522794419
0.2380005008351347 0.3035489020968284 0.7918536794791453 0.1998439860935498 0.17703725936914927 0.5431897272218437 0.3535371089725614 0.5080964070180038 0.8069626688753908 0.13299027389073914 0.255443065774981 0.07915691328579288 0.9333281399001779 0.7150610537081417 0.0 0.9158483328227526 0.5833644515505626 0.8290144096454294 0.9145942793723255 0.40637914781738205 0.007574934494335994 0.9117741174880343 0.8590534929056837 0.4268847677595846
0.5593398981147247 0.07251199942082254 0.5529042988226355 0.131104488836857 0.45870493772716203 0.17402183674852012 0.2673712809579831 0.30648654979144496 0.23129752994541963 0.10418954600836394 0.299151681096822 0.341599718295297 0.6979842302724252 0.928198403398978 0.9158483328227526 0.0 0.598155470565095 0.23229380489398732 0.45786996937874924 0.290263859510023 0.22425475699597863 0.9445332034002822 0.8703506178178834 0.46421423287711927
0.8163609061883598 0.26934505876830483 0.3560276096966317 0.906817694769375 0.6117888349845546 0.6777268471742588 0.20145214511140508 0.2265695880105294 0.7136424748736168 0.13480123136650424 0.9180994793598868 0.4319695076777963 0.6439788506210222 0.8452293530221657 0.5833644515505626 0.598155470565095 0.0 0.06641759462194163 0.07905840479803283 0.026969008394825744 0.17505521283448966 0.9904107975931598 0.4763475975403102 0.07674273003178167
0.8730725283580864 0.8052387103024339 0.8487921020838064 0.34752549820485845 0.7410462785805094 0.748423799843755 0.1287472151425877 0.9509835119168453 0.7614460123937905 0.9454853056176105 0.10802807860747787 0.8287923306828677 0.6651875560330898 0.16992595165609525 0.8290144096454294 0.23229380489398732 0.06641759462194163 0.0 0.3561934396303754 0.39622385559809437 0.06121570523173958 0.9162464518241767 0.15513006430234377 0.5796286089933914
0.3222516874975915 0.10766447532010692 0.8076321644515397 0.5182719992703307 0.0930800185365962 0.42153573871506245 0.4823720530675586 0.8380380882659194 0.4465496430974403 0.5182545902834389 0.7201539077181947 0.2614055220266067 0.5975845231692497 0.8897285192729217 0.9145942793723255 0.45786996937874924 0.07905840479803283 0.3561934396303754 0.0 0.08680622797514848 0.6154763173286217 0.5498209110069285 0.5196584465369184 0.4541379709967701
0.23311940455879332 0.6336912481357879 0.2627966725136627 0.8558603598839027 0.8970846997109139 0.9054578459696487 0.7127381804779915 0.7539423634195165 0.9920715757386631 0.6478195749490587 0.9510494205663352 0.2941620535894357 0.2216099135312708 0.5347220027767727 0.40637914781738205 0.290263859510023 0.026969008394825744 0.39622385559809437 0.08680622797514848 0.0 0.19738368930309969 0.49336559963714965 0.6625941893790298 0.7219832727353283
0.27740910992053835 0.6826121320932307 0.7945247228250094 0.481452276407193 0.5459561424622879 0.3567576411058838 0.30388360163951633 0.16868632403141015 0.11143249227866214 0.015587795255016412 0.6193113773754005 0.09385093321952531 0.3715872587842455 0.1297806546080249 0.007574934494335994 0.22425475699597863 0.17505521283448966 0.06121570523173958 0.6154763173286217 0.19738368930309969 0.0 0.15074708128165448 0.40541550642533997 0.7115203620449578
0.8193981639057486 0.42689363238421074 0.7797234518146908 0.0664610979471455 0.2284767449157198 0.014039325545386672 0.19658961770648808 0.7628167164703992 0.7136981016426728 0.9601401038310398 0.1574898119474304 0.7855596826577963 0.45259425754665783 0.9264631217397007 0.9117741174880343 0.9445332034002822 0.9904107975931598 0.9162464518241767 0.5498209110069285 0.49336559963714965 0.15074708128165448 0.0 0.9618932932989008 0.26015331184684587
0.2928895901953753 0.9178060906919651 0.6659597789623282 0.5239134342497345 0.7786764094586847 0.6686700447457798 0.9781904424501059 0.9352876927171663 0.9031263585167484 0.39492212251024017 0.8847010102394834 0.1333433118923858 0.028925537157852066 0.9323149267257822 0.8590534929056837 0.8703506178178834 0.4763475975403102 0.15513006430234377 0.5196584465369184 0.6625941893790298 0.40541550642533997 0.9618932932989008 0.0 0.7593543528585318
0.2478626714089044 0.6966743550114896 0.3778013191535954 0.6492588719550124 0.45555327295904013 0.8668501615612003 0.5795537084585103 0.1347525991678875 0.09025608966904775 0.6498444636113704 0.6896586503086762 0.858981066862774 0.8473341494753635 0.415745522794419 0.4268847677595846 0.46421423287711927 0.07674273003178167 0.5796286089933914 0.4541379709967701 0.7219832727353283 0.7115203620449578 0.26015331184684587 0.7593543528585318 0.0

# Optimal Walk
0 21 5 12 22 11 14 20 9 10 6 17 16 19 18 4 3 2 13 15 1 8 23 7 0
