# MCW Instance
# Type: UNIFORM
# N: 24
# Optimal cost: 2.209092016477145
# Optimal tour (permutation): [0, 23, 12, 6, 15, 10, 14, 4, 19, 3, 16, 1, 9, 5, 18, 17, 2, 11, 7, 22, 20, 13, 8, 21, 0]
# Optimal walk (full path): [0, 23, 12, 23, 6, 23, 15, 10, 14, 4, 19, 3, 16, 9, 1, 9, 5, 18, 17, 8, 2, 11, 7, 22, 20, 8, 13, 8, 21, 0]
# Walk size: 30
# Is walk (has repeats): true

# Distance Matrix
0.0000000000 0.1192208303 0.8875491554 0.4814704534 0.1235441001 0.4735186398 0.5229931337 0.7597901285 0.4785404794 0.7945798748 0.8089480187 0.9086509207 0.2050199748 0.2198663788 0.8192268678 0.3462143049 0.8269917633 0.9429242427 0.2854393380 0.8211559680 0.4760986234 0.1474445509 0.5566350366 0.0498103166
0.1192208303 0.0000000000 0.5688283110 0.9629165282 0.1020004535 0.5912306382 0.5298454647 0.3317955508 0.2016597895 0.0185457242 0.1444826371 0.5853364578 0.2294183912 0.6178440644 0.7728424736 0.2137176009 0.7213271254 0.2999192254 0.8386278870 0.7858091213 0.2452351178 0.1455610151 0.7177305421 0.2249142217
0.8875491554 0.5688283110 0.0000000000 0.9390368747 0.0216790342 0.3947721780 0.6790397145 0.4691092217 0.0033962586 0.0302076093 0.0377281607 0.0754726219 0.9163524459 0.8862618450 0.7422107303 0.3165002370 0.1738081778 0.8968884192 0.9116160842 0.1035372487 0.2247424615 0.5350994287 0.9651980448 0.6245821782
0.4814704534 0.9629165282 0.9390368747 0.0000000000 0.3519877133 0.5304324382 0.8590200534 0.7962207740 0.2635481713 0.4199830380 0.7752622120 0.9542921834 0.9055989858 0.8783461422 0.6032925576 0.5963064320 0.1922647339 0.2649730811 0.8338709593 0.1224206893 0.8951279361 0.8518657365 0.5513306883 0.6868215819
0.1235441001 0.1020004535 0.0216790342 0.3519877133 0.0000000000 0.7645195238 0.7501926477 0.0533092381 0.4676493880 0.0649948919 0.6413267780 0.2535762464 0.8911392037 0.0990004698 0.0359678554 0.4307334214 0.6044431587 0.9655878120 0.9344268900 0.0740377043 0.2816368366 0.7551330755 0.4418144214 0.5473252213
0.4735186398 0.5912306382 0.3947721780 0.5304324382 0.7645195238 0.0000000000 0.6687022886 0.6163720351 0.1037876893 0.0429905088 0.6258186599 0.6486619433 0.4716766623 0.8302021512 0.3090811411 0.3702329159 0.6802223609 0.1150117269 0.0488073136 0.5922937177 0.6268251423 0.9247406918 0.9278796671 0.8892077229
0.5229931337 0.5298454647 0.6790397145 0.8590200534 0.7501926477 0.6687022886 0.0000000000 0.6781150531 0.3050054713 0.5411116267 0.4965569337 0.6978193770 0.7749679960 0.9254138200 0.3917628891 0.5893182970 0.4248753508 0.1905762933 0.5160356792 0.4769415213 0.2596789842 0.9517712483 0.5817729359 0.1119747643
0.7597901285 0.3317955508 0.4691092217 0.7962207740 0.0533092381 0.6163720351 0.6781150531 0.0000000000 0.3935000635 0.2674202375 0.6761329216 0.0825077237 0.4819346585 0.4198586319 0.9193572611 0.9306696352 0.3426684896 0.5412692664 0.7655198791 0.3364630398 0.0595980019 0.7836464476 0.1437312514 0.1143195838
0.4785404794 0.2016597895 0.0033962586 0.2635481713 0.4676493880 0.1037876893 0.3050054713 0.3935000635 0.0000000000 0.9916305428 0.4590898504 0.5294276523 0.8866663543 0.0145637610 0.3355181776 0.2082274995 0.9482051835 0.0129199066 0.0629299360 0.4489374725 0.0152713775 0.1083383218 0.5266293663 0.0376439990
0.7945798748 0.0185457242 0.0302076093 0.4199830380 0.0649948919 0.0429905088 0.5411116267 0.2674202375 0.9916305428 0.0000000000 0.2665522834 0.3621050852 0.7763731150 0.6414256580 0.3246102913 0.7216259395 0.0641834587 0.7680751164 0.6020691370 0.7941249041 0.4386124501 0.6673196409 0.7419858355 0.6255775551
0.8089480187 0.1444826371 0.0377281607 0.7752622120 0.6413267780 0.6258186599 0.4965569337 0.6761329216 0.4590898504 0.2665522834 0.0000000000 0.2895302188 0.3793816412 0.7188453484 0.0388647019 0.2150502746 0.2783212969 0.5347785798 0.2423584216 0.5909932674 0.8804563470 0.3450187674 0.3586294916 0.2633299002
0.9086509207 0.5853364578 0.0754726219 0.9542921834 0.2535762464 0.6486619433 0.6978193770 0.0825077237 0.5294276523 0.3621050852 0.2895302188 0.0000000000 0.3922537406 0.2772751512 0.2426909439 0.8553327835 0.4574413112 0.1716168264 0.4601703997 0.2837059313 0.8296879446 0.9606241396 0.5780286952 0.2117498115
0.2050199748 0.2294183912 0.9163524459 0.9055989858 0.8911392037 0.4716766623 0.7749679960 0.4819346585 0.8866663543 0.7763731150 0.3793816412 0.3922537406 0.0000000000 0.2450528096 0.4339783811 0.9839205336 0.3326590211 0.5975054718 0.6873254873 0.2950181999 0.5723382265 0.6311707840 0.6421623761 0.0430966240
0.2198663788 0.6178440644 0.8862618450 0.8783461422 0.0990004698 0.8302021512 0.9254138200 0.4198586319 0.0145637610 0.6414256580 0.7188453484 0.2772751512 0.2450528096 0.0000000000 0.5286617331 0.7545533594 0.6416599308 0.7299044675 0.7228907466 0.2548484546 0.2767495265 0.5353224660 0.5290012607 0.1445475990
0.8192268678 0.7728424736 0.7422107303 0.6032925576 0.0359678554 0.3090811411 0.3917628891 0.9193572611 0.3355181776 0.3246102913 0.0388647019 0.2426909439 0.4339783811 0.5286617331 0.0000000000 0.2774646784 0.9305366079 0.9679651723 0.1078986204 0.5164435064 0.1994308555 0.9065656736 0.5313814537 0.9146613647
0.3462143049 0.2137176009 0.3165002370 0.5963064320 0.4307334214 0.3702329159 0.5893182970 0.9306696352 0.2082274995 0.7216259395 0.2150502746 0.8553327835 0.9839205336 0.7545533594 0.2774646784 0.0000000000 0.4036299067 0.5841172194 0.4002129572 0.3138774249 0.6400998283 0.8054998722 0.9219946922 0.1859428451
0.8269917633 0.7213271254 0.1738081778 0.1922647339 0.6044431587 0.6802223609 0.4248753508 0.3426684896 0.9482051835 0.0641834587 0.2783212969 0.4574413112 0.3326590211 0.6416599308 0.9305366079 0.4036299067 0.0000000000 0.5349403562 0.5852059833 0.0989704013 0.3860323284 0.7929795935 0.5046372528 0.1119601943
0.9429242427 0.2999192254 0.8968884192 0.2649730811 0.9655878120 0.1150117269 0.1905762933 0.5412692664 0.0129199066 0.7680751164 0.5347785798 0.1716168264 0.5975054718 0.7299044675 0.9679651723 0.5841172194 0.5349403562 0.0000000000 0.0250248929 0.2800081310 0.5536784233 0.3018910559 0.9356737242 0.5529665425
0.2854393380 0.8386278870 0.9116160842 0.8338709593 0.9344268900 0.0488073136 0.5160356792 0.7655198791 0.0629299360 0.6020691370 0.2423584216 0.4601703997 0.6873254873 0.7228907466 0.1078986204 0.4002129572 0.5852059833 0.0250248929 0.0000000000 0.7676135559 0.7389441367 0.1378690575 0.9731261477 0.5417392715
0.8211559680 0.7858091213 0.1035372487 0.1224206893 0.0740377043 0.5922937177 0.4769415213 0.3364630398 0.4489374725 0.7941249041 0.5909932674 0.2837059313 0.2950181999 0.2548484546 0.5164435064 0.3138774249 0.0989704013 0.2800081310 0.7676135559 0.0000000000 0.8546915219 0.1702122757 0.5382804189 0.1085692072
0.4760986234 0.2452351178 0.2247424615 0.8951279361 0.2816368366 0.6268251423 0.2596789842 0.0595980019 0.0152713775 0.4386124501 0.8804563470 0.8296879446 0.5723382265 0.2767495265 0.1994308555 0.6400998283 0.3860323284 0.5536784233 0.7389441367 0.8546915219 0.0000000000 0.3791958039 0.1482829620 0.3521899055
0.1474445509 0.1455610151 0.5350994287 0.8518657365 0.7551330755 0.9247406918 0.9517712483 0.7836464476 0.1083383218 0.6673196409 0.3450187674 0.9606241396 0.6311707840 0.5353224660 0.9065656736 0.8054998722 0.7929795935 0.3018910559 0.1378690575 0.1702122757 0.3791958039 0.0000000000 0.2963121792 0.8728984544
0.5566350366 0.7177305421 0.9651980448 0.5513306883 0.4418144214 0.9278796671 0.5817729359 0.1437312514 0.5266293663 0.7419858355 0.3586294916 0.5780286952 0.6421623761 0.5290012607 0.5313814537 0.9219946922 0.5046372528 0.9356737242 0.9731261477 0.5382804189 0.1482829620 0.2963121792 0.0000000000 0.9343953585
0.0498103166 0.2249142217 0.6245821782 0.6868215819 0.5473252213 0.8892077229 0.1119747643 0.1143195838 0.0376439990 0.6255775551 0.2633299002 0.2117498115 0.0430966240 0.1445475990 0.9146613647 0.1859428451 0.1119601943 0.5529665425 0.5417392715 0.1085692072 0.3521899055 0.8728984544 0.9343953585 0.0000000000
