# Graph size: 24
# Optimal cost: 2.224987122696053

# Distance Matrix
0.0 0.6895736790417238 0.9021177196573795 0.778172525525243 0.7186904998309162 0.7554528690761033 0.04433914088141355 0.13411149144570234 0.4484057960361798 0.6762717945910213 0.9980090302071982 0.11025976750413513 0.284163735945669 0.667623406922764 0.990876625783622 0.9944046436623319 0.9404625779721971 0.034438173222384516 0.18477469763605903 0.6161230832562032 0.9447409271707511 0.6205397228987004 0.42896765344590504 0.20644462717498335
0.6895736790417238 0.0 0.3262425497725684 0.8206709796078037 0.9972113630793754 0.8505173090893433 0.6586036034468734 0.2631754995738035 0.6210562008744208 0.42710652495727564 0.5113689481559102 0.2881204382489313 0.3750870940291938 0.960982140830575 0.24943244291666422 0.6434991293118171 0.7442094398902364 0.1277267012811807 0.03443601941175234 0.40125265295838586 0.5087540233336058 0.24522376578108052 0.8284510378829051 0.9552016351103401
0.9021177196573795 0.3262425497725684 0.0 0.9200868870175873 0.46206174652615484 0.17780398737223824 0.10458072306334787 0.007575788497035774 0.010315491219961559 0.5636988239919322 0.6497200524241891 0.757177667178523 0.3286445329722988 0.1463261390896462 0.6305194075538121 0.3325761645304589 0.5813730590915627 0.8004389968531636 0.3237124132984198 0.4717122490527317 0.6001934232523264 0.4429144130868855 0.38151957722198415 0.6847151383142781
0.778172525525243 0.8206709796078037 0.9200868870175873 0.0 0.5573618154514586 0.7866081231995128 0.042140701380012136 0.9036544325413474 0.7427309450833164 0.8198495956513425 0.17163863895995768 0.7901987953711752 0.6616911188321482 0.5072135017676493 0.00711791168393594 0.9941804751847548 0.2970682049210267 0.43474227907122975 0.8627033436255164 0.27422893173553853 0.7852526718158138 0.38158439240699826 0.7326755166273758 0.5410510262144833
0.7186904998309162 0.9972113630793754 0.46206174652615484 0.5573618154514586 0.0 0.94531128710252 0.09005105236326572 0.6802210498844854 0.5645990821917467 0.069559061495443 0.827383712488822 0.13560771807699412 0.29828258372585326 0.1350458440646536 0.6850640560390937 0.7441958032854146 0.5165428254138469 0.1276385449111569 0.9452860136504757 0.20254839204223618 0.7365243746194663 0.48385622106173176 0.2592501702935931 0.6000054594372101
0.7554528690761033 0.8505173090893433 0.17780398737223824 0.7866081231995128 0.94531128710252 0.0 0.20024088591555356 0.7503424620005905 0.8282283155944322 0.14343739633220187 0.03054712692904149 0.4368352092111646 0.2558860501188771 0.7844960689844638 0.5423930498052997 0.6957215133158474 0.24914001975910538 0.19153218506199077 0.09024982044820173 0.8997408224444935 0.8848652841777112 0.7124498948121311 0.7632614813104898 0.4091270540778724
0.04433914088141355 0.6586036034468734 0.10458072306334787 0.042140701380012136 0.09005105236326572 0.20024088591555356 0.0 0.7310578909851995 0.4601210948522385 0.7015908778231363 0.8204563188524999 0.7135959877976947 0.4185829587993387 0.8005912260976896 0.771693842986443 0.2535327695788655 0.5160945073780756 0.09384988947432149 0.9414097055395647 0.8648929802600681 0.9402289281382287 0.1618146150127724 0.22486038990604285 0.09923384543320468
0.13411149144570234 0.2631754995738035 0.007575788497035774 0.9036544325413474 0.6802210498844854 0.7503424620005905 0.7310578909851995 0.0 0.5805303350676095 0.4996260439415823 0.1956088506184448 0.45077084929390876 0.3758651565812353 0.8959454958287859 0.8685830204708498 0.5946570001472044 0.5164496844288756 0.5239797518964487 0.46894873203328014 0.12104416470828772 0.9046371914437986 0.6265697458552413 0.38090015190639304 0.7488434436844178
0.4484057960361798 0.6210562008744208 0.010315491219961559 0.7427309450833164 0.5645990821917467 0.8282283155944322 0.4601210948522385 0.5805303350676095 0.0 0.013899315168711235 0.38912352365738223 0.7014467456763214 0.8556410174132782 0.30203816522294114 0.8373380451506518 0.85650290556169 0.04401480133318658 0.6325170252539789 0.3710684617919541 0.5500626695414144 0.3795362724222592 0.7368992261965189 0.8513675941600192 0.9119683492837427
0.6762717945910213 0.42710652495727564 0.5636988239919322 0.8198495956513425 0.069559061495443 0.14343739633220187 0.7015908778231363 0.4996260439415823 0.013899315168711235 0.0 0.8820310488740709 0.6117361255931785 0.9946324956967755 0.08575913932450951 0.8292106450311802 0.8848471064886071 0.19595858415574463 0.6553113535671731 0.4405772356494476 0.60878533565455 0.8032167420910072 0.2474592843682939 0.5495418174038762 0.6433854960558935
0.9980090302071982 0.5113689481559102 0.6497200524241891 0.17163863895995768 0.827383712488822 0.03054712692904149 0.8204563188524999 0.1956088506184448 0.38912352365738223 0.8820310488740709 0.0 0.294031903137984 0.36751194320674285 0.9429857436182302 0.7746404201608977 0.7697562300729534 0.02555749111992467 0.1500342188491598 0.9837558963974444 0.6736943400583418 0.9936737037024445 0.5955998507273181 0.8280836225057583 0.6652510244982798
0.11025976750413513 0.2881204382489313 0.757177667178523 0.7901987953711752 0.13560771807699412 0.4368352092111646 0.7135959877976947 0.45077084929390876 0.7014467456763214 0.6117361255931785 0.294031903137984 0.0 0.5976396226239957 0.19929303881826776 0.7247347789049112 0.13733740494447388 0.7914697888687816 0.6965851008135676 0.03802734169101063 0.9512842769020071 0.8890690561004861 0.18664946098683977 0.26352277380960387 0.5816761693505238
0.284163735945669 0.3750870940291938 0.3286445329722988 0.6616911188321482 0.29828258372585326 0.2558860501188771 0.4185829587993387 0.3758651565812353 0.8556410174132782 0.9946324956967755 0.36751194320674285 0.5976396226239957 0.0 0.7345329606158558 0.6700947028533087 0.2742581605846154 0.012933453789654714 0.2810945318536979 0.6298428886156795 0.5488826624894373 0.41013416275457826 0.518445559153365 0.029695201002881255 0.5367575903421977
0.667623406922764 0.960982140830575 0.1463261390896462 0.5072135017676493 0.1350458440646536 0.7844960689844638 0.8005912260976896 0.8959454958287859 0.30203816522294114 0.08575913932450951 0.9429857436182302 0.19929303881826776 0.7345329606158558 0.0 0.7984806382203342 0.43913645123341327 0.4576664715516441 0.8316819214439176 0.7289809304937417 0.26698590164035674 0.524958526488503 0.6237557058463822 0.1823285493879413 0.4839074306297615
0.990876625783622 0.24943244291666422 0.6305194075538121 0.00711791168393594 0.6850640560390937 0.5423930498052997 0.771693842986443 0.8685830204708498 0.8373380451506518 0.8292106450311802 0.7746404201608977 0.7247347789049112 0.6700947028533087 0.7984806382203342 0.0 0.04648236816458562 0.9779964342379813 0.7686280429888545 0.2862872235986791 0.9751269782627497 0.8486738656442425 0.6175284219924048 0.9780236523654804 0.539512940822979
0.9944046436623319 0.6434991293118171 0.3325761645304589 0.9941804751847548 0.7441958032854146 0.6957215133158474 0.2535327695788655 0.5946570001472044 0.85650290556169 0.8848471064886071 0.7697562300729534 0.13733740494447388 0.2742581605846154 0.43913645123341327 0.04648236816458562 0.0 0.37993142519666157 0.22149019910235979 0.4645655791565849 0.5437570721226039 0.9661129967105802 0.8943257866101123 0.4507633335571245 0.3278139233233902
0.9404625779721971 0.7442094398902364 0.5813730590915627 0.2970682049210267 0.5165428254138469 0.24914001975910538 0.5160945073780756 0.5164496844288756 0.04401480133318658 0.19595858415574463 0.02555749111992467 0.7914697888687816 0.012933453789654714 0.4576664715516441 0.9779964342379813 0.37993142519666157 0.0 0.7493160299857139 0.4378174741516636 0.16507262817591795 0.4582487381511291 0.7170433916482314 0.07113071753856581 0.43362811620142194
0.034438173222384516 0.1277267012811807 0.8004389968531636 0.43474227907122975 0.1276385449111569 0.19153218506199077 0.09384988947432149 0.5239797518964487 0.6325170252539789 0.6553113535671731 0.1500342188491598 0.6965851008135676 0.2810945318536979 0.8316819214439176 0.7686280429888545 0.22149019910235979 0.7493160299857139 0.0 0.8218360047455795 0.3294274898049543 0.6709050499476881 0.7099300616054631 0.42816590303527347 0.6533525061037015
0.18477469763605903 0.03443601941175234 0.3237124132984198 0.8627033436255164 0.9452860136504757 0.09024982044820173 0.9414097055395647 0.46894873203328014 0.3710684617919541 0.4405772356494476 0.9837558963974444 0.03802734169101063 0.6298428886156795 0.7289809304937417 0.2862872235986791 0.4645655791565849 0.4378174741516636 0.8218360047455795 0.0 0.8943185818738059 0.22936421364839643 0.8924811885233577 0.3099014960881492 0.8130865146338665
0.6161230832562032 0.40125265295838586 0.4717122490527317 0.27422893173553853 0.20254839204223618 0.8997408224444935 0.8648929802600681 0.12104416470828772 0.5500626695414144 0.60878533565455 0.6736943400583418 0.9512842769020071 0.5488826624894373 0.26698590164035674 0.9751269782627497 0.5437570721226039 0.16507262817591795 0.3294274898049543 0.8943185818738059 0.0 0.8025012876400852 0.2662549892759224 0.1519068902738383 0.27326762532765925
0.9447409271707511 0.5087540233336058 0.6001934232523264 0.7852526718158138 0.7365243746194663 0.8848652841777112 0.9402289281382287 0.9046371914437986 0.3795362724222592 0.8032167420910072 0.9936737037024445 0.8890690561004861 0.41013416275457826 0.524958526488503 0.8486738656442425 0.9661129967105802 0.4582487381511291 0.6709050499476881 0.22936421364839643 0.8025012876400852 0.0 0.887099139069199 0.6105598571129295 0.4799848139972416
0.6205397228987004 0.24522376578108052 0.4429144130868855 0.38158439240699826 0.48385622106173176 0.7124498948121311 0.1618146150127724 0.6265697458552413 0.7368992261965189 0.2474592843682939 0.5955998507273181 0.18664946098683977 0.518445559153365 0.6237557058463822 0.6175284219924048 0.8943257866101123 0.7170433916482314 0.7099300616054631 0.8924811885233577 0.2662549892759224 0.887099139069199 0.0 0.31391730066327805 0.4859573311939146
0.42896765344590504 0.8284510378829051 0.38151957722198415 0.7326755166273758 0.2592501702935931 0.7632614813104898 0.22486038990604285 0.38090015190639304 0.8513675941600192 0.5495418174038762 0.8280836225057583 0.26352277380960387 0.029695201002881255 0.1823285493879413 0.9780236523654804 0.4507633335571245 0.07113071753856581 0.42816590303527347 0.3099014960881492 0.1519068902738383 0.6105598571129295 0.31391730066327805 0.0 0.46606721138051377
0.20644462717498335 0.9552016351103401 0.6847151383142781 0.5410510262144833 0.6000054594372101 0.4091270540778724 0.09923384543320468 0.7488434436844178 0.9119683492837427 0.6433854960558935 0.6652510244982798 0.5816761693505238 0.5367575903421977 0.4839074306297615 0.539512940822979 0.3278139233233902 0.43362811620142194 0.6533525061037015 0.8130865146338665 0.27326762532765925 0.4799848139972416 0.4859573311939146 0.46606721138051377 0.0

# Optimal Walk
0 23 6 15 14 3 21 11 20 18 1 5 10 16 12 22 19 7 2 8 9 13 4 17 0
