# Graph size: 24
# Optimal cost: 1.7258332111672412

# Distance Matrix
0.0 0.6215256735196002 0.6008468166540436 0.08290484641804463 0.9603267585515157 0.8949329440992472 0.7189493008181413 0.7329293114122801 0.38205875629902697 0.9014238959998175 0.8561749924817894 0.055742763219456815 0.2616936348444798 0.6948578151192258 0.25813928303058864 0.45139110772935787 0.3803907330355236 0.9655325738849776 0.597710147041294 0.3759104330168266 0.6453949462233763 0.1931233320274055 0.243968169590301 0.3073041143141576
0.6215256735196002 0.0 0.10619718278209622 0.9019627370049469 0.2716690836860638 0.15030238894476966 0.32656897765454407 0.32069538674921283 0.1277427417066066 0.6441442149628952 0.8107438101789997 0.3430653930050672 0.8176527089350001 0.19797248096693165 0.018932014954268328 0.0625726618312844 0.4519784192547427 0.7200350023640255 0.875519993067356 0.31096018413788407 0.002371870967312062 0.42973554908594935 0.5727187101130512 0.5689708011355971
0.6008468166540436 0.10619718278209622 0.0 0.15607945413659818 0.34568079044377 0.903090476922126 0.3375390673772133 0.22950849289000674 0.12822039525191198 0.3162967785866745 0.5585597127033115 0.2038576057253334 0.22157902168466215 0.3885746691225771 0.9566013519646167 0.07961836515600662 0.7885309291778061 0.4178623305335001 0.23641039191510704 0.9117955230735441 0.7596688943341801 0.4131595910331788 0.9157763726190017 0.08398151820140576
0.08290484641804463 0.9019627370049469 0.15607945413659818 0.0 0.4296713090132789 0.8336220224934479 0.19930747798614457 0.6069606897608961 0.4245722781865984 0.05105266880242765 0.7058899760572224 0.4863067110432703 0.5368916466113977 0.6588681005200938 0.05108377546024245 0.49347698307534715 0.8795831105557795 0.43128080083214226 0.2554310618034945 0.9961960388628778 0.04511021009844807 0.948353020450232 0.7006329462908224 0.8564590850056915
0.9603267585515157 0.2716690836860638 0.34568079044377 0.4296713090132789 0.0 0.47256160189235896 0.6457418902753144 0.8877746157058242 0.7882762772721909 0.023568626426227146 0.3223694108485359 0.5652567308330805 0.9823169830040582 0.8468894948171063 0.9449149303377641 0.8888171120588102 0.25090272041929895 0.971876292288352 0.9249419972564382 0.15200291078551953 0.4243360438652598 0.712642519759403 0.9126352703259424 0.2826810580271498
0.8949329440992472 0.15030238894476966 0.903090476922126 0.8336220224934479 0.47256160189235896 0.0 0.2383421976858482 0.8876000415946255 0.5505375438555093 0.7396501414373008 0.49243931008575326 0.06313653684177756 0.5613407851376816 0.6631443551035311 0.8303413018036758 0.5155556280622681 0.0056990660960015704 0.1339961717333551 0.09603823965659142 0.3720033656384095 0.5391957176992654 0.17845118424001416 0.852986043757092 0.43895704876631536
0.7189493008181413 0.32656897765454407 0.3375390673772133 0.19930747798614457 0.6457418902753144 0.2383421976858482 0.0 0.022010660973484697 0.7191053038422303 0.31887805436538497 0.5559526061840262 0.8904981331124573 0.01716039486039178 0.6647593472776353 0.9225799915365076 0.2867992010536595 0.27717188641009494 0.35478374619830266 0.738375847741875 0.060777239924799 0.9926878138199868 0.961702590847164 0.6680958120225805 0.407978933454469
0.7329293114122801 0.32069538674921283 0.22950849289000674 0.6069606897608961 0.8877746157058242 0.8876000415946255 0.022010660973484697 0.0 0.2996554622178791 0.683213659425768 0.09894935264036009 0.08798703137687747 0.07419859608140889 0.6055872449376619 0.8917320327426435 0.8794456247663659 0.7623443569743907 0.6135259603554005 0.34439157443412105 0.17120230087419686 0.96150595121634 0.7290031923832279 0.3844157922882929 0.3634260174483751
0.38205875629902697 0.1277427417066066 0.12822039525191198 0.4245722781865984 0.7882762772721909 0.5505375438555093 0.7191053038422303 0.2996554622178791 0.0 0.5870036056338692 0.5768651433038617 0.5855316498532077 0.05822328337167748 0.0516324941617432 0.6212696231504383 0.46455660207959815 0.8561893653406786 0.26226377200281814 0.7945741306403088 0.6558451567409033 0.9434954761073177 0.39469033827372657 0.149075083951971 0.9836242055442552
0.9014238959998175 0.6441442149628952 0.3162967785866745 0.05105266880242765 0.023568626426227146 0.7396501414373008 0.31887805436538497 0.683213659425768 0.5870036056338692 0.0 0.5535267914796208 0.34640647606819164 0.20203860136305873 0.15661356801649196 0.8177502719748527 0.48673639517429257 0.7157527453330307 0.7946784559075926 0.4824051538994747 0.8247034902855795 0.756869843669644 0.7638632691804316 0.46077341345736134 0.9972590217859475
0.8561749924817894 0.8107438101789997 0.5585597127033115 0.7058899760572224 0.3223694108485359 0.49243931008575326 0.5559526061840262 0.09894935264036009 0.5768651433038617 0.5535267914796208 0.0 0.013097086695857407 0.3440067764997249 0.21520128926673587 0.5439648988845021 0.5103319240662536 0.5822408003662238 0.5187068929610735 0.7789521735755983 0.06962845677262786 0.2960260378101506 0.23292337218535153 0.19695339749629515 0.07091999746796451
0.055742763219456815 0.3430653930050672 0.2038576057253334 0.4863067110432703 0.5652567308330805 0.06313653684177756 0.8904981331124573 0.08798703137687747 0.5855316498532077 0.34640647606819164 0.013097086695857407 0.0 0.5809801830058625 0.3572908976893995 0.7574334651730291 0.34921153864867704 0.35160472066989734 0.7538249098413612 0.5793202197111168 0.33899570729795003 0.39711908897070114 0.6324519091841692 0.5485623793417739 0.9039341395934486
0.2616936348444798 0.8176527089350001 0.22157902168466215 0.5368916466113977 0.9823169830040582 0.5613407851376816 0.01716039486039178 0.07419859608140889 0.05822328337167748 0.20203860136305873 0.3440067764997249 0.5809801830058625 0.0 0.6699617006026075 0.09381850470612818 0.09171956670388037 0.6413858220342351 0.041119406780814605 0.7696432651014606 0.9010147199938724 0.835152461460971 0.5542980666170545 0.8750948528125766 0.7097571978989972
0.6948578151192258 0.19797248096693165 0.3885746691225771 0.6588681005200938 0.8468894948171063 0.6631443551035311 0.6647593472776353 0.6055872449376619 0.0516324941617432 0.15661356801649196 0.21520128926673587 0.3572908976893995 0.6699617006026075 0.0 0.6448506458080511 0.2900491639103727 0.7933444200088772 0.31176969178735703 0.5666090558504286 0.31131800400867493 0.6493537005416765 0.8944301556712838 0.6773282824471374 0.8034815907500995
0.25813928303058864 0.018932014954268328 0.9566013519646167 0.05108377546024245 0.9449149303377641 0.8303413018036758 0.9225799915365076 0.8917320327426435 0.6212696231504383 0.8177502719748527 0.5439648988845021 0.7574334651730291 0.09381850470612818 0.6448506458080511 0.0 0.19812505630945842 0.4121658733613114 0.6835299699659162 0.44479508738738316 0.7520528607329453 0.16571300638143405 0.3358609254895911 0.24726771155962923 0.8026806024540503
0.45139110772935787 0.0625726618312844 0.07961836515600662 0.49347698307534715 0.8888171120588102 0.5155556280622681 0.2867992010536595 0.8794456247663659 0.46455660207959815 0.48673639517429257 0.5103319240662536 0.34921153864867704 0.09171956670388037 0.2900491639103727 0.19812505630945842 0.0 0.9721822953839941 0.34160687758401054 0.5933403636765427 0.4540815267684687 0.31194763779863477 0.5101096931458684 0.960338821665539 0.7782448997653864
0.3803907330355236 0.4519784192547427 0.7885309291778061 0.8795831105557795 0.25090272041929895 0.0056990660960015704 0.27717188641009494 0.7623443569743907 0.8561893653406786 0.7157527453330307 0.5822408003662238 0.35160472066989734 0.6413858220342351 0.7933444200088772 0.4121658733613114 0.9721822953839941 0.0 0.6206007787101614 0.4997709916408919 0.872528101913781 0.7272641270052403 0.45769241989182097 0.20036394976653882 0.949694796653615
0.9655325738849776 0.7200350023640255 0.4178623305335001 0.43128080083214226 0.971876292288352 0.1339961717333551 0.35478374619830266 0.6135259603554005 0.26226377200281814 0.7946784559075926 0.5187068929610735 0.7538249098413612 0.041119406780814605 0.31176969178735703 0.6835299699659162 0.34160687758401054 0.6206007787101614 0.0 0.29278682090486796 0.6287059598899168 0.48066448579242393 0.531535969578133 0.19010111466751622 0.46268709103931616
0.597710147041294 0.875519993067356 0.23641039191510704 0.2554310618034945 0.9249419972564382 0.09603823965659142 0.738375847741875 0.34439157443412105 0.7945741306403088 0.4824051538994747 0.7789521735755983 0.5793202197111168 0.7696432651014606 0.5666090558504286 0.44479508738738316 0.5933403636765427 0.4997709916408919 0.29278682090486796 0.0 0.7589515657381727 0.24873495788957967 0.4623966632616776 0.3551790624676763 0.6127161097002148
0.3759104330168266 0.31096018413788407 0.9117955230735441 0.9961960388628778 0.15200291078551953 0.3720033656384095 0.060777239924799 0.17120230087419686 0.6558451567409033 0.8247034902855795 0.06962845677262786 0.33899570729795003 0.9010147199938724 0.31131800400867493 0.7520528607329453 0.4540815267684687 0.872528101913781 0.6287059598899168 0.7589515657381727 0.0 0.08445544521897663 0.05015255559437193 0.37458954171680015 0.4339563479376055
0.6453949462233763 0.002371870967312062 0.7596688943341801 0.04511021009844807 0.4243360438652598 0.5391957176992654 0.9926878138199868 0.96150595121634 0.9434954761073177 0.756869843669644 0.2960260378101506 0.39711908897070114 0.835152461460971 0.6493537005416765 0.16571300638143405 0.31194763779863477 0.7272641270052403 0.48066448579242393 0.24873495788957967 0.08445544521897663 0.0 0.9240872836546448 0.5512687999202499 0.19984196797344445
0.1931233320274055 0.42973554908594935 0.4131595910331788 0.948353020450232 0.712642519759403 0.17845118424001416 0.961702590847164 0.7290031923832279 0.39469033827372657 0.7638632691804316 0.23292337218535153 0.6324519091841692 0.5542980666170545 0.8944301556712838 0.3358609254895911 0.5101096931458684 0.45769241989182097 0.531535969578133 0.4623966632616776 0.05015255559437193 0.9240872836546448 0.0 0.957727001068552 0.32642887693395584
0.243968169590301 0.5727187101130512 0.9157763726190017 0.7006329462908224 0.9126352703259424 0.852986043757092 0.6680958120225805 0.3844157922882929 0.149075083951971 0.46077341345736134 0.19695339749629515 0.5485623793417739 0.8750948528125766 0.6773282824471374 0.24726771155962923 0.960338821665539 0.20036394976653882 0.19010111466751622 0.3551790624676763 0.37458954171680015 0.5512687999202499 0.957727001068552 0.0 0.10947146774770411
0.3073041143141576 0.5689708011355971 0.08398151820140576 0.8564590850056915 0.2826810580271498 0.43895704876631536 0.407978933454469 0.3634260174483751 0.9836242055442552 0.9972590217859475 0.07091999746796451 0.9039341395934486 0.7097571978989972 0.8034815907500995 0.8026806024540503 0.7782448997653864 0.949694796653615 0.46268709103931616 0.6127161097002148 0.4339563479376055 0.19984196797344445 0.32642887693395584 0.10947146774770411 0.0

# Optimal Walk
0 9 4 3 14 20 1 15 2 23 22 13 8 17 12 7 6 19 21 10 11 18 16 5 0
