# Graph size: 24
# Optimal cost: 1.4436510575696286

# Distance Matrix
0.0 0.9467319486942741 0.9598172875657685 0.9950905317453691 0.6854237279758397 0.4547029237603255 0.27633803421488334 0.03272217303361702 0.832995096676254 0.8215763604577264 0.7765929200535706 0.7858183880475875 0.21592078755929012 0.13075448414971624 0.3482581477734561 0.313040772212947 0.29881466052531436 0.107615785080313 0.18920304954758282 0.8903967938058808 0.810248000028011 0.8205856656989149 0.8480774962335014 0.36430750132785095
0.9467319486942741 0.0 0.3555801741398179 0.06236841205851029 0.8952332445261026 0.34451990995620607 0.2159246256763725 0.7817326634805534 0.3182480778431511 0.4632129007195439 0.5530072046834886 0.2184683909371301 0.8701102879343572 0.474497240378954 0.26408800589821857 0.45761088721580323 0.7631608739545612 0.797611562764423 0.2867819233984752 0.9637526062072258 0.2981791218241592 0.21746791640336582 0.24052724146627102 0.2822416478629849
0.9598172875657685 0.3555801741398179 0.0 0.24553663642315604 0.8478020783308814 0.9096154178823287 0.5012911286105834 0.05413404672117139 0.1350353195935613 0.22210981162474908 0.2575006573998103 0.25387362344481657 0.6350555649412218 0.059644315494383204 0.0370179861599601 0.7387097615121615 0.5304784672645402 0.44500781967954905 0.27554483050887846 0.9698589220179054 0.3725488527723838 0.39758387644730553 0.2926180525433365 0.5225392638813916
0.9950905317453691 0.06236841205851029 0.24553663642315604 0.0 0.3296962908785803 0.02112940710620259 0.40907355277578317 0.8146493134888916 0.3038588255870077 0.19403971886486904 0.6913267632765758 0.3020843386495575 0.636040985901235 0.5691623124326001 0.6420807178449374 0.9029278956853753 0.7641740150802928 0.45838450572506884 0.8142984349210123 0.9215450654485549 0.11919691344464234 0.57663537768702 0.7637536459884102 0.28364315570275445
0.6854237279758397 0.8952332445261026 0.8478020783308814 0.3296962908785803 0.0 0.7493797296673329 0.5506057783213774 0.9751999200821022 0.4646546020767083 0.6482609268035423 0.5594042857644529 0.3981752684892659 0.09633596924085175 0.5281729130539361 0.46753139282112544 0.010685410758565439 0.8702654887032267 0.8291810129936497 0.33496800950459726 0.39248581695457296 0.021961704844487895 0.0823631402754823 0.2448383943765221 0.6344089960982792
0.4547029237603255 0.34451990995620607 0.9096154178823287 0.02112940710620259 0.7493797296673329 0.0 0.3756336473101354 0.3567085636042324 0.9760219503607114 0.03616020079389459 0.6571128567902512 0.410515804985793 0.16625204613761801 0.9522310031971902 0.5413064332991544 0.34102157485647566 0.2606543145079221 0.8340573194290106 0.6905489304880332 0.9800938982299863 0.721340959381434 0.9862743172155731 0.8615209211023562 0.01917417313586922
0.27633803421488334 0.2159246256763725 0.5012911286105834 0.40907355277578317 0.5506057783213774 0.3756336473101354 0.0 0.685591547807984 0.8058977085375199 0.010939771549384525 0.8632545889454853 0.5033146770281125 0.3054873278460911 0.21401874347116967 0.5115290580850413 0.35889959354592604 0.5348255061257494 0.12472833968494057 0.3414567009513477 0.4882299473309534 0.11036916941676544 0.6531835694250138 0.5333293845629461 0.3385468465096434
0.03272217303361702 0.7817326634805534 0.05413404672117139 0.8146493134888916 0.9751999200821022 0.3567085636042324 0.685591547807984 0.0 0.4377113239981383 0.5130196475741942 0.014035721353177988 0.38701192825248665 0.3695140581255004 0.30040774169980555 0.22156572933309293 0.2332351426447783 0.9798518837586496 0.8064015007914157 0.6959020849465029 0.011696611467505447 0.8556305203491422 0.3355939873142717 0.48729490965588307 0.13190512724252468
0.832995096676254 0.3182480778431511 0.1350353195935613 0.3038588255870077 0.4646546020767083 0.9760219503607114 0.8058977085375199 0.4377113239981383 0.0 0.8067230997689269 0.906603900492029 0.6395194366010977 0.8473006841534702 0.17869215906152502 0.34369883385301725 0.5535665902203871 0.17832215462818557 0.015442416044685103 0.4339028268996301 0.8663187875724959 0.27072506535514385 0.1638758193587072 0.5202235929302157 0.589114244424951
0.8215763604577264 0.4632129007195439 0.22210981162474908 0.19403971886486904 0.6482609268035423 0.03616020079389459 0.010939771549384525 0.5130196475741942 0.8067230997689269 0.0 0.35714906975869787 0.038597027360986136 0.12917516844041 0.6427051261621395 0.10809832763328786 0.17194382247759565 0.4895594614764891 0.5979662499797712 0.307911942740569 0.8630940076147295 0.08951049221342544 0.3858123316171769 0.4719664568511167 0.20972610695441585
0.7765929200535706 0.5530072046834886 0.2575006573998103 0.6913267632765758 0.5594042857644529 0.6571128567902512 0.8632545889454853 0.014035721353177988 0.906603900492029 0.35714906975869787 0.0 0.7400928779843241 0.9751339307099895 0.23326523333630766 0.5566886553400395 0.9662864876987048 0.5341631230547198 0.06973495964266407 0.9283587749458737 0.9299772745726577 0.3885322425760577 0.21796241921789195 0.3248473699975246 0.5046137570398933
0.7858183880475875 0.2184683909371301 0.25387362344481657 0.3020843386495575 0.3981752684892659 0.410515804985793 0.5033146770281125 0.38701192825248665 0.6395194366010977 0.038597027360986136 0.7400928779843241 0.0 0.16838982524634072 0.4247695851522437 0.8569353368448843 0.5674777121832689 0.8972898785370207 0.5249385426836148 0.5706010783604458 0.05305667204471143 0.417172541486589 0.7015622144815417 0.46922662322248787 0.819794502516708
0.21592078755929012 0.8701102879343572 0.6350555649412218 0.636040985901235 0.09633596924085175 0.16625204613761801 0.3054873278460911 0.3695140581255004 0.8473006841534702 0.12917516844041 0.9751339307099895 0.16838982524634072 0.0 0.46660454242753513 0.684910776652075 0.6800459344007044 0.922536321417222 0.933550925163244 0.07636765544230029 0.9311259776027976 0.4542719240407854 0.28930002491323736 0.44590321878049444 0.5061469767215567
0.13075448414971624 0.474497240378954 0.059644315494383204 0.5691623124326001 0.5281729130539361 0.9522310031971902 0.21401874347116967 0.30040774169980555 0.17869215906152502 0.6427051261621395 0.23326523333630766 0.4247695851522437 0.46660454242753513 0.0 0.7233218138797642 0.9767655367560512 0.8447181121179689 0.6264756767508552 0.1658987093740607 0.5742412414772113 0.8991024541053846 0.7735012955766142 0.05901622146886787 0.8847853727624325
0.3482581477734561 0.26408800589821857 0.0370179861599601 0.6420807178449374 0.46753139282112544 0.5413064332991544 0.5115290580850413 0.22156572933309293 0.34369883385301725 0.10809832763328786 0.5566886553400395 0.8569353368448843 0.684910776652075 0.7233218138797642 0.0 0.7072212083933115 0.8089309312099195 0.7950060313977434 0.7117632024004993 0.34744972997429524 0.8767171162283539 0.20644333180545904 0.972677709739111 0.9250480741850262
0.313040772212947 0.45761088721580323 0.7387097615121615 0.9029278956853753 0.010685410758565439 0.34102157485647566 0.35889959354592604 0.2332351426447783 0.5535665902203871 0.17194382247759565 0.9662864876987048 0.5674777121832689 0.6800459344007044 0.9767655367560512 0.7072212083933115 0.0 0.9775178523523173 0.1890696877501865 0.9762706185817869 0.7333763358207303 0.7950645981770567 0.6603416947893493 0.14197635076923842 0.28651748529107635
0.29881466052531436 0.7631608739545612 0.5304784672645402 0.7641740150802928 0.8702654887032267 0.2606543145079221 0.5348255061257494 0.9798518837586496 0.17832215462818557 0.4895594614764891 0.5341631230547198 0.8972898785370207 0.922536321417222 0.8447181121179689 0.8089309312099195 0.9775178523523173 0.0 0.8235414630089015 0.7125223675195774 0.17616415041210953 0.6920882178154792 0.09605498798139855 0.6717718568468358 0.7362047975235777
0.107615785080313 0.797611562764423 0.44500781967954905 0.45838450572506884 0.8291810129936497 0.8340573194290106 0.12472833968494057 0.8064015007914157 0.015442416044685103 0.5979662499797712 0.06973495964266407 0.5249385426836148 0.933550925163244 0.6264756767508552 0.7950060313977434 0.1890696877501865 0.8235414630089015 0.0 0.07618251343772309 0.8464999665778926 0.658482588030299 0.911249400052684 0.5468062048796142 0.25060433498354306
0.18920304954758282 0.2867819233984752 0.27554483050887846 0.8142984349210123 0.33496800950459726 0.6905489304880332 0.3414567009513477 0.6959020849465029 0.4339028268996301 0.307911942740569 0.9283587749458737 0.5706010783604458 0.07636765544230029 0.1658987093740607 0.7117632024004993 0.9762706185817869 0.7125223675195774 0.07618251343772309 0.0 0.15914343954475518 0.4277103830712654 0.48782587860763515 0.986661761460078 0.06630629729727322
0.8903967938058808 0.9637526062072258 0.9698589220179054 0.9215450654485549 0.39248581695457296 0.9800938982299863 0.4882299473309534 0.011696611467505447 0.8663187875724959 0.8630940076147295 0.9299772745726577 0.05305667204471143 0.9311259776027976 0.5742412414772113 0.34744972997429524 0.7333763358207303 0.17616415041210953 0.8464999665778926 0.15914343954475518 0.0 0.34778516842177165 0.8123680623569122 0.7324377147559656 0.6207677992376316
0.810248000028011 0.2981791218241592 0.3725488527723838 0.11919691344464234 0.021961704844487895 0.721340959381434 0.11036916941676544 0.8556305203491422 0.27072506535514385 0.08951049221342544 0.3885322425760577 0.417172541486589 0.4542719240407854 0.8991024541053846 0.8767171162283539 0.7950645981770567 0.6920882178154792 0.658482588030299 0.4277103830712654 0.34778516842177165 0.0 0.17096562783838398 0.17277028886471202 0.8719611549508279
0.8205856656989149 0.21746791640336582 0.39758387644730553 0.57663537768702 0.0823631402754823 0.9862743172155731 0.6531835694250138 0.3355939873142717 0.1638758193587072 0.3858123316171769 0.21796241921789195 0.7015622144815417 0.28930002491323736 0.7735012955766142 0.20644333180545904 0.6603416947893493 0.09605498798139855 0.911249400052684 0.48782587860763515 0.8123680623569122 0.17096562783838398 0.0 0.6988674394711172 0.671327174096227
0.8480774962335014 0.24052724146627102 0.2926180525433365 0.7637536459884102 0.2448383943765221 0.8615209211023562 0.5333293845629461 0.48729490965588307 0.5202235929302157 0.4719664568511167 0.3248473699975246 0.46922662322248787 0.44590321878049444 0.05901622146886787 0.972677709739111 0.14197635076923842 0.6717718568468358 0.5468062048796142 0.986661761460078 0.7324377147559656 0.17277028886471202 0.6988674394711172 0.0 0.02359848906063422
0.36430750132785095 0.2822416478629849 0.5225392638813916 0.28364315570275445 0.6344089960982792 0.01917417313586922 0.3385468465096434 0.13190512724252468 0.589114244424951 0.20972610695441585 0.5046137570398933 0.819794502516708 0.5061469767215567 0.8847853727624325 0.9250480741850262 0.28651748529107635 0.7362047975235777 0.25060433498354306 0.06630629729727322 0.6207677992376316 0.8719611549508279 0.671327174096227 0.02359848906063422 0.0

# Optimal Walk
0 19 11 9 6 14 2 13 22 23 5 3 1 18 12 20 15 4 21 16 8 17 10 7 0
