# Graph size: 24
# Optimal cost: 1.3218883778062258

# Distance Matrix
0.0 0.5019130220616437 0.9061121608975323 0.4170309716452293 0.6023337284882565 0.26936015425411663 0.276223726327401 0.1250379327825646 0.6886140781927843 0.5241964549996437 0.23995097200981264 0.10772515893303458 0.798641298807003 0.2756080634600663 0.26919838127417683 0.754399056820831 0.10748753022845292 0.029467041666423333 0.041004485214699904 0.5331928918809608 0.4947072728245213 0.9774357188399412 0.0881305338598849 0.9970318407186642
0.5019130220616437 0.0 0.12862701449283398 0.3161989852055711 0.2405204965900234 0.4624657819823057 0.24325503420897066 0.8997357861756774 0.6164525233460942 0.6155507469300325 0.49993196374791826 0.225392950147133 0.19661511312552749 0.6124366128455238 0.7408813008454769 0.8336255706369041 0.8200058995361081 0.33704491413245974 0.38810853406542234 0.5616204528348255 0.7774646862849769 0.35419737205362856 0.21863632723799775 0.7326195860407765
0.9061121608975323 0.12862701449283398 0.0 0.04681666833367104 0.7537825619521438 0.7558524818258326 0.28561364252175514 0.6130156884769541 0.5200240331201261 0.05678618037918681 0.05417551233464046 0.24734150034926605 0.2796404958455262 0.24641747565407168 0.8885567038679086 0.5816190095024363 0.2836647699661907 0.7526635037577313 0.08177010917356897 0.3065916124527337 0.259914882334609 0.8294747457338438 0.6082351003968093 0.8479947663423342
0.4170309716452293 0.3161989852055711 0.04681666833367104 0.0 0.33658747050522053 0.6205126961596067 0.012661105847128318 0.9295400524195915 0.5821697069371868 0.7121705429121338 0.39719923982188854 0.018933887286241124 0.8328431498031013 0.8522362552088476 0.8464913001512877 0.7712192381308152 0.3857790328352242 0.2692877198178457 0.8030982369075853 0.23314288414054374 0.8252011815543777 0.8179479366327965 0.3598912962417645 0.752914444220558
0.6023337284882565 0.2405204965900234 0.7537825619521438 0.33658747050522053 0.0 0.7178194204684832 0.9964173029090281 0.1713405112379165 0.25163787235146395 0.1652128067816293 0.7352396207584617 0.7022370321083292 0.7558599013670545 0.2329685590414068 0.7400468817627351 0.8302372755371392 0.8650941112201537 0.08985914397205497 0.0860675297743646 0.39771820633139954 0.13384341718802295 0.28506668619719744 0.7084714684551304 0.1687851378251879
0.26936015425411663 0.4624657819823057 0.7558524818258326 0.6205126961596067 0.7178194204684832 0.0 0.18455744442037714 0.9674399583928871 0.4101644860988316 0.7888741794435403 0.7361261019794245 0.00799667548374594 0.017433601191820247 0.7672441785263123 0.631923726731386 0.9253591838316423 0.3538842204675615 0.2067532285892002 0.3820832051164431 0.23353931571128417 0.7743985163993768 0.9906676140548899 0.6965926693505894 0.33246398349404915
0.276223726327401 0.24325503420897066 0.28561364252175514 0.012661105847128318 0.9964173029090281 0.18455744442037714 0.0 0.10338411460761732 0.40285170845356055 0.9789723547829006 0.3438599822013815 0.9553708728653948 0.7055394452497398 0.7747021375445579 0.35859305273301845 0.5810525137705435 0.027989243022986887 0.7242356017287401 0.4062827099370996 0.5781593662281013 0.029676179829173366 0.6573493702558647 0.08399077897814333 0.03408701634350153
0.1250379327825646 0.8997357861756774 0.6130156884769541 0.9295400524195915 0.1713405112379165 0.9674399583928871 0.10338411460761732 0.0 0.19327613606950866 0.08374132875379792 0.18800845720979154 0.9259951288069981 0.27554906449101 0.48420513307256563 0.881243192507092 0.8941297193489303 0.39832932608749483 0.48737228505646224 0.8984329811764911 0.8254105883516826 0.4971829083792111 0.2289274008376887 0.04239242028592827 0.03686604311846109
0.6886140781927843 0.6164525233460942 0.5200240331201261 0.5821697069371868 0.25163787235146395 0.4101644860988316 0.40285170845356055 0.19327613606950866 0.0 0.3618932151359815 0.933366261630856 0.7567216280134422 0.2322845689416142 0.3007878366838149 0.03278030563405132 0.8738853455517241 0.8204931065010156 0.5400214216433369 0.9428152272668888 0.7322962430128763 0.6299605385819755 0.829280152953374 0.9528652667967454 0.7320131183092761
0.5241964549996437 0.6155507469300325 0.05678618037918681 0.7121705429121338 0.1652128067816293 0.7888741794435403 0.9789723547829006 0.08374132875379792 0.3618932151359815 0.0 0.5319638512077206 0.36697589838642997 0.5557295828978448 0.055891138230135695 0.9933434365511049 0.08084879044760573 0.9413698077206072 0.7214976589995413 0.11991350505175669 0.503999517855051 0.310073495410882 0.34883423944966796 0.32288206700103494 0.9717231362286891
0.23995097200981264 0.49993196374791826 0.05417551233464046 0.39719923982188854 0.7352396207584617 0.7361261019794245 0.3438599822013815 0.18800845720979154 0.933366261630856 0.5319638512077206 0.0 0.12224096866443146 0.029881316223869137 0.3431743666189404 0.6311185289608476 0.39517779730175906 0.46820934424860694 0.002342797340421421 0.8032990137927221 0.6816892002988589 0.12037600704615825 0.7137850019382543 0.5671309202463003 0.42093636113509847
0.10772515893303458 0.225392950147133 0.24734150034926605 0.018933887286241124 0.7022370321083292 0.00799667548374594 0.9553708728653948 0.9259951288069981 0.7567216280134422 0.36697589838642997 0.12224096866443146 0.0 0.4155562462258159 0.48428115302062225 0.04377874950080274 0.9389290139003448 0.2558281423180462 0.8634007223072157 0.7529372202128691 0.4941926810606623 0.9067644113059488 0.0571173825303396 0.5844815945211893 0.413562801929359
0.798641298807003 0.19661511312552749 0.2796404958455262 0.8328431498031013 0.7558599013670545 0.017433601191820247 0.7055394452497398 0.27554906449101 0.2322845689416142 0.5557295828978448 0.029881316223869137 0.4155562462258159 0.0 0.0764554345812628 0.21201083034427193 0.3833697475720954 0.5437224287859189 0.450817058043954 0.6977221297341679 0.880980837323933 0.956013814322585 0.20401203255328548 0.06786940656556428 0.7226766408731147
0.2756080634600663 0.6124366128455238 0.24641747565407168 0.8522362552088476 0.2329685590414068 0.7672441785263123 0.7747021375445579 0.48420513307256563 0.3007878366838149 0.055891138230135695 0.3431743666189404 0.48428115302062225 0.0764554345812628 0.0 0.08521858959550588 0.035041394894801514 0.2634188461540061 0.6392239007911826 0.2574149948099078 0.09503799779404365 0.5375457270552753 0.3888169112783598 0.8676852214893498 0.7645214416907617
0.26919838127417683 0.7408813008454769 0.8885567038679086 0.8464913001512877 0.7400468817627351 0.631923726731386 0.35859305273301845 0.881243192507092 0.03278030563405132 0.9933434365511049 0.6311185289608476 0.04377874950080274 0.21201083034427193 0.08521858959550588 0.0 0.5273088046571938 0.9567914684119103 0.3053592528040282 0.6158496793185148 0.8750005555356811 0.6417228702926562 0.0926461673585659 0.053329851392693306 0.8108251310834924
0.754399056820831 0.8336255706369041 0.5816190095024363 0.7712192381308152 0.8302372755371392 0.9253591838316423 0.5810525137705435 0.8941297193489303 0.8738853455517241 0.08084879044760573 0.39517779730175906 0.9389290139003448 0.3833697475720954 0.035041394894801514 0.5273088046571938 0.0 0.07945210498761057 0.6019180763391687 0.06192681548844836 0.14859443765902702 0.9606859899529714 0.14757499423889842 0.2152346452676056 0.21742213995786774
0.10748753022845292 0.8200058995361081 0.2836647699661907 0.3857790328352242 0.8650941112201537 0.3538842204675615 0.027989243022986887 0.39832932608749483 0.8204931065010156 0.9413698077206072 0.46820934424860694 0.2558281423180462 0.5437224287859189 0.2634188461540061 0.9567914684119103 0.07945210498761057 0.0 0.1831685578787554 0.21033444158631787 0.5943531350148963 0.35493457610347157 0.4460226292404067 0.04495225859282237 0.5515374787246283
0.029467041666423333 0.33704491413245974 0.7526635037577313 0.2692877198178457 0.08985914397205497 0.2067532285892002 0.7242356017287401 0.48737228505646224 0.5400214216433369 0.7214976589995413 0.002342797340421421 0.8634007223072157 0.450817058043954 0.6392239007911826 0.3053592528040282 0.6019180763391687 0.1831685578787554 0.0 0.7213061449520308 0.8417118838435907 0.9467960974070336 0.3159662491518822 0.3584662727341895 0.8301756767711147
0.041004485214699904 0.38810853406542234 0.08177010917356897 0.8030982369075853 0.0860675297743646 0.3820832051164431 0.4062827099370996 0.8984329811764911 0.9428152272668888 0.11991350505175669 0.8032990137927221 0.7529372202128691 0.6977221297341679 0.2574149948099078 0.6158496793185148 0.06192681548844836 0.21033444158631787 0.7213061449520308 0.0 0.00835664733155339 0.2836992988075908 0.6151139929887932 0.09003980356589258 0.28369593298189233
0.5331928918809608 0.5616204528348255 0.3065916124527337 0.23314288414054374 0.39771820633139954 0.23353931571128417 0.5781593662281013 0.8254105883516826 0.7322962430128763 0.503999517855051 0.6816892002988589 0.4941926810606623 0.880980837323933 0.09503799779404365 0.8750005555356811 0.14859443765902702 0.5943531350148963 0.8417118838435907 0.00835664733155339 0.0 0.4598733014390848 0.2857150619264611 0.13340868508875903 0.8969959370658928
0.4947072728245213 0.7774646862849769 0.259914882334609 0.8252011815543777 0.13384341718802295 0.7743985163993768 0.029676179829173366 0.4971829083792111 0.6299605385819755 0.310073495410882 0.12037600704615825 0.9067644113059488 0.956013814322585 0.5375457270552753 0.6417228702926562 0.9606859899529714 0.35493457610347157 0.9467960974070336 0.2836992988075908 0.4598733014390848 0.0 0.928410077631569 0.07044570871903155 0.24359545127501359
0.9774357188399412 0.35419737205362856 0.8294747457338438 0.8179479366327965 0.28506668619719744 0.9906676140548899 0.6573493702558647 0.2289274008376887 0.829280152953374 0.34883423944966796 0.7137850019382543 0.0571173825303396 0.20401203255328548 0.3888169112783598 0.0926461673585659 0.14757499423889842 0.4460226292404067 0.3159662491518822 0.6151139929887932 0.2857150619264611 0.928410077631569 0.0 0.7807851418971539 0.4129885768557998
0.0881305338598849 0.21863632723799775 0.6082351003968093 0.3598912962417645 0.7084714684551304 0.6965926693505894 0.08399077897814333 0.04239242028592827 0.9528652667967454 0.32288206700103494 0.5671309202463003 0.5844815945211893 0.06786940656556428 0.8676852214893498 0.053329851392693306 0.2152346452676056 0.04495225859282237 0.3584662727341895 0.09003980356589258 0.13340868508875903 0.07044570871903155 0.7807851418971539 0.0 0.2530863036228005
0.9970318407186642 0.7326195860407765 0.8479947663423342 0.752914444220558 0.1687851378251879 0.33246398349404915 0.03408701634350153 0.03686604311846109 0.7320131183092761 0.9717231362286891 0.42093636113509847 0.413562801929359 0.7226766408731147 0.7645214416907617 0.8108251310834924 0.21742213995786774 0.5515374787246283 0.8301756767711147 0.28369593298189233 0.8969959370658928 0.24359545127501359 0.4129885768557998 0.2530863036228005 0.0

# Optimal Walk
0 17 10 12 5 11 21 14 8 22 7 23 20 6 3 16 15 13 9 2 1 4 19 18 0
