# Graph size: 24
# Optimal cost: 2.2647843996757695

# Distance Matrix
0.0 0.36756751844992896 0.8174586246013134 0.7495463867507135 0.585636997431011 0.8091831663423203 0.7747450439201226 0.44035918676638675 0.21777481023513456 0.31518804002391165 0.8661468163705155 0.22836022736631045 0.4423656495806485 0.7591616254104291 0.7881023246199673 0.0878557228291369 0.18451023940927447 0.15981144567191918 0.5091424394437776 0.23481867916692234 0.5110458870754239 0.7226837060839726 0.11625928572339672 0.8872928753961195
0.36756751844992896 0.0 0.7944434830039613 0.8133476776383555 0.03877090597212063 0.052012266653180594 0.7411540723391852 0.6885003564092218 0.12969254498008342 0.5665146107336301 0.3117792032902347 0.9374144271140763 0.8121647410477948 0.5176291856948746 0.6786033995446352 0.49337932130086515 0.2572775195805066 0.3300706446892485 0.015441006972632731 0.7632614629770862 0.34966838591659755 0.27297196099904186 0.09541413254304698 0.8930365164421451
0.8174586246013134 0.7944434830039613 0.0 0.01856186054539033 0.8675412418002326 0.3841919656027961 0.43812316045666555 0.3644565193628184 0.6956291437247896 0.5593861322682308 0.7395738497228642 0.8954550831656204 0.40684449982868354 0.16121076504986687 0.1206556327488687 0.10227189842905948 0.30095772677250365 0.38518005941322364 0.6130795449285542 0.5472412533343041 0.7226832221746773 0.8645297450289251 0.29811444020294764 0.6201892001956294
0.7495463867507135 0.8133476776383555 0.01856186054539033 0.0 0.6475331510932856 0.6582137909150781 0.5050474135495917 0.12282044594851338 0.26028700912888747 0.5597408251931054 0.04792936206303011 0.8833108732323419 0.03172263270033571 0.27277957922945395 0.4012711964787794 0.6740856340566997 0.784605917907255 0.9613759289679243 0.21633234694563985 0.8083014431945137 0.5065383037485133 0.17578912622973775 0.8618701904981754 0.9243409707984818
0.585636997431011 0.03877090597212063 0.8675412418002326 0.6475331510932856 0.0 0.2151122239494806 0.17936789418287846 0.7366950152786744 0.6326663780335384 0.00992660516895072 0.2575519889536879 0.9461025420940149 0.8956677875366658 0.5563662236419642 0.676998161303881 0.5602316734202396 0.23868190513977028 0.6376496121116643 0.5809941090527184 0.07962235644527793 0.1491447694171012 0.0845025438917405 0.25673759340004465 0.9217246373660493
0.8091831663423203 0.052012266653180594 0.3841919656027961 0.6582137909150781 0.2151122239494806 0.0 0.3108819529433178 0.345915184168456 0.8907224568615232 0.7118369221683613 0.6418282517766213 0.19979290616261602 0.1403866217908305 0.9129274755864989 0.4560083932236433 0.6189117631900827 0.5933422019635469 0.8610202965209571 0.45439897197479795 0.6054420711703794 0.4599208703413946 0.5863028273410948 0.664330987621569 0.8864042114810832
0.7747450439201226 0.7411540723391852 0.43812316045666555 0.5050474135495917 0.17936789418287846 0.3108819529433178 0.0 0.6504324831263892 0.8948393951854039 0.8933817192586647 0.7227727702872546 0.7254486833201519 0.06175105421185545 0.7412431922528416 0.7265469825728196 0.07558718203206682 0.14394909210493245 0.7218439862681366 0.5029560890821526 0.08668670233580689 0.358985703200533 0.5880400972569882 0.1390708608959309 0.9769267662256409
0.44035918676638675 0.6885003564092218 0.3644565193628184 0.12282044594851338 0.7366950152786744 0.345915184168456 0.6504324831263892 0.0 0.19631228722855687 0.522479595404702 0.04544345922417725 0.4543597012010342 0.9282122104946281 0.46078469243351605 0.4239993017824333 0.3364878217739721 0.9699013060770043 0.44698430519137045 0.6832567018241978 0.7979310850103788 0.10176618932549242 0.5861688922613822 0.45105106260408256 0.9678960355843044
0.21777481023513456 0.12969254498008342 0.6956291437247896 0.26028700912888747 0.6326663780335384 0.8907224568615232 0.8948393951854039 0.19631228722855687 0.0 0.9114370285696867 0.8556287067447754 0.4452921666832378 0.18607007601504522 0.9393674255496879 0.76327528048579 0.35488492550923334 0.34372922552269924 0.9188217608478196 0.6009354378391598 0.055795060345201763 0.3862621341431758 0.1896456040019321 0.8301460299199752 0.9413430163002968
0.31518804002391165 0.5665146107336301 0.5593861322682308 0.5597408251931054 0.00992660516895072 0.7118369221683613 0.8933817192586647 0.522479595404702 0.9114370285696867 0.0 0.2339765284593105 0.8349222549842747 0.959366449366236 0.881160908942944 0.08996859749538433 0.3405947162652454 0.12406536742797536 0.33984897439944817 0.34700009851135916 0.6103590169751392 0.464926971691039 0.48421939191843066 0.07974175538801864 0.9816113905956663
0.8661468163705155 0.3117792032902347 0.7395738497228642 0.04792936206303011 0.2575519889536879 0.6418282517766213 0.7227727702872546 0.04544345922417725 0.8556287067447754 0.2339765284593105 0.0 0.31446134683204796 0.6871169941569449 0.41440540325905895 0.4829582408483425 0.1485920274664717 0.6961578129809658 0.9047020470790759 0.9497744597255978 0.23733382870195419 0.8773283724293197 0.4112264627547707 0.7715226359441965 0.9374621160549207
0.22836022736631045 0.9374144271140763 0.8954550831656204 0.8833108732323419 0.9461025420940149 0.19979290616261602 0.7254486833201519 0.4543597012010342 0.4452921666832378 0.8349222549842747 0.31446134683204796 0.0 0.36623961574758657 0.8807830697580202 0.9830211488441868 0.6101143925168705 0.663931396417293 0.8528324394756011 0.13157729893869174 0.2175540278783501 0.19947478574650312 0.482151021879202 0.8528765959817673 0.755864625671728
0.4423656495806485 0.8121647410477948 0.40684449982868354 0.03172263270033571 0.8956677875366658 0.1403866217908305 0.06175105421185545 0.9282122104946281 0.18607007601504522 0.959366449366236 0.6871169941569449 0.36623961574758657 0.0 0.6482211098331215 0.3599614695543085 0.37074697962078496 0.8141332722842197 0.34239807521891286 0.44020461559741664 0.19939294391353912 0.7157192077227384 0.9398551117621935 0.9332882402962788 0.1714208547416155
0.7591616254104291 0.5176291856948746 0.16121076504986687 0.27277957922945395 0.5563662236419642 0.9129274755864989 0.7412431922528416 0.46078469243351605 0.9393674255496879 0.881160908942944 0.41440540325905895 0.8807830697580202 0.6482211098331215 0.0 0.8934941890073455 0.6271113634088387 0.1165619726265924 0.5409539483997126 0.3784795861433934 0.5244616059136206 0.6289316140993674 0.31836122600211125 0.5400940554516923 0.6337465432617415
0.7881023246199673 0.6786033995446352 0.1206556327488687 0.4012711964787794 0.676998161303881 0.4560083932236433 0.7265469825728196 0.4239993017824333 0.76327528048579 0.08996859749538433 0.4829582408483425 0.9830211488441868 0.3599614695543085 0.8934941890073455 0.0 0.9664403957191152 0.18160179636270524 0.506265220779242 0.6234960259879926 0.576308334397791 0.2789123384533114 0.012947505741380594 0.9815048672419435 0.1588355971420038
0.0878557228291369 0.49337932130086515 0.10227189842905948 0.6740856340566997 0.5602316734202396 0.6189117631900827 0.07558718203206682 0.3364878217739721 0.35488492550923334 0.3405947162652454 0.1485920274664717 0.6101143925168705 0.37074697962078496 0.6271113634088387 0.9664403957191152 0.0 0.9885419670599145 0.7851276046768645 0.5815024474064626 0.5297391360986089 0.2334655044078633 0.9351874024015396 0.5084294635645781 0.6699064030073134
0.18451023940927447 0.2572775195805066 0.30095772677250365 0.784605917907255 0.23868190513977028 0.5933422019635469 0.14394909210493245 0.9699013060770043 0.34372922552269924 0.12406536742797536 0.6961578129809658 0.663931396417293 0.8141332722842197 0.1165619726265924 0.18160179636270524 0.9885419670599145 0.0 0.26248258398349056 0.2795345525654107 0.06593590996365317 0.39521373571623253 0.9038367365876051 0.9206984840688698 0.2500667394852675
0.15981144567191918 0.3300706446892485 0.38518005941322364 0.9613759289679243 0.6376496121116643 0.8610202965209571 0.7218439862681366 0.44698430519137045 0.9188217608478196 0.33984897439944817 0.9047020470790759 0.8528324394756011 0.34239807521891286 0.5409539483997126 0.506265220779242 0.7851276046768645 0.26248258398349056 0.0 0.4159713434696293 0.17346463443801796 0.9196298976108929 0.6147023012328067 0.42372055428692323 0.7772134108818171
0.5091424394437776 0.015441006972632731 0.6130795449285542 0.21633234694563985 0.5809941090527184 0.45439897197479795 0.5029560890821526 0.6832567018241978 0.6009354378391598 0.34700009851135916 0.9497744597255978 0.13157729893869174 0.44020461559741664 0.3784795861433934 0.6234960259879926 0.5815024474064626 0.2795345525654107 0.4159713434696293 0.0 0.39173001204893665 0.37717344999846736 0.24252328920905808 0.48483894573398467 0.9001755140268971
0.23481867916692234 0.7632614629770862 0.5472412533343041 0.8083014431945137 0.07962235644527793 0.6054420711703794 0.08668670233580689 0.7979310850103788 0.055795060345201763 0.6103590169751392 0.23733382870195419 0.2175540278783501 0.19939294391353912 0.5244616059136206 0.576308334397791 0.5297391360986089 0.06593590996365317 0.17346463443801796 0.39173001204893665 0.0 0.8165714260967709 0.012547774928590605 0.5733259463742146 0.5913936869659915
0.5110458870754239 0.34966838591659755 0.7226832221746773 0.5065383037485133 0.1491447694171012 0.4599208703413946 0.358985703200533 0.10176618932549242 0.3862621341431758 0.464926971691039 0.8773283724293197 0.19947478574650312 0.7157192077227384 0.6289316140993674 0.2789123384533114 0.2334655044078633 0.39521373571623253 0.9196298976108929 0.37717344999846736 0.8165714260967709 0.0 0.5026252156429059 0.8356683430469022 0.5380465557182699
0.7226837060839726 0.27297196099904186 0.8645297450289251 0.17578912622973775 0.0845025438917405 0.5863028273410948 0.5880400972569882 0.5861688922613822 0.1896456040019321 0.48421939191843066 0.4112264627547707 0.482151021879202 0.9398551117621935 0.31836122600211125 0.012947505741380594 0.9351874024015396 0.9038367365876051 0.6147023012328067 0.24252328920905808 0.012547774928590605 0.5026252156429059 0.0 0.12008173748447892 0.6596201432012395
0.11625928572339672 0.09541413254304698 0.29811444020294764 0.8618701904981754 0.25673759340004465 0.664330987621569 0.1390708608959309 0.45105106260408256 0.8301460299199752 0.07974175538801864 0.7715226359441965 0.8528765959817673 0.9332882402962788 0.5400940554516923 0.9815048672419435 0.5084294635645781 0.9206984840688698 0.42372055428692323 0.48483894573398467 0.5733259463742146 0.8356683430469022 0.12008173748447892 0.0 0.3059616998865573
0.8872928753961195 0.8930365164421451 0.6201892001956294 0.9243409707984818 0.9217246373660493 0.8864042114810832 0.9769267662256409 0.9678960355843044 0.9413430163002968 0.9816113905956663 0.9374621160549207 0.755864625671728 0.1714208547416155 0.6337465432617415 0.1588355971420038 0.6699064030073134 0.2500667394852675 0.7772134108818171 0.9001755140268971 0.5913936869659915 0.5380465557182699 0.6596201432012395 0.3059616998865573 0.0

# Optimal Walk
0 15 6 12 23 14 21 19 8 16 13 2 3 10 7 20 11 18 5 1 4 9 22 17 0
