# Graph size: 24
# Optimal cost: 2.283593403970056

# Distance Matrix
0.0 0.27027475203009976 0.6798500887324966 0.6004545489667589 0.3129164343950641 0.18194554699054744 0.09212137718462887 0.029099192504769444 0.6789221666231046 0.41498169219739367 0.21577940274295182 0.07768213455054385 0.6432552308485715 0.4024319221816627 0.14786411232387686 0.402777895262309 0.18174111299797246 0.43922860905499717 0.44230956908467844 0.6802037025409077 0.18295258344138432 0.5318602287966282 0.17488483546661482 0.860175836785008
0.27027475203009976 0.0 0.12727149193661957 0.28588681734288746 0.8590652530391225 0.15148604843107594 0.6045671407219678 0.706084387727263 0.5185283507980667 0.4107540140290582 0.35948627145606493 0.08185651206193767 0.9963832260897625 0.4262883020175614 0.46838924460582176 0.7096522776771937 0.8869061232973452 0.18081479730112915 0.1982558533859018 0.06448221294622869 0.3124689044009058 0.5533083865283812 0.07542341173494216 0.17422413285389227
0.6798500887324966 0.12727149193661957 0.0 0.13651120721111498 0.077389816036179 0.7008084079060425 0.37326363266581963 0.10282129167551424 0.3122265812847195 0.8883029995983309 0.3161147642768506 0.82205443513241 0.10160313425586087 0.7743253817851036 0.11701812498743458 0.4883319838962772 0.4978021699661762 0.6490433230714145 0.748115531823998 0.7019279964380482 0.409165572980435 0.39357860430213054 0.37665123047368365 0.7984648359525984
0.6004545489667589 0.28588681734288746 0.13651120721111498 0.0 0.09367966691450536 0.5725391927342987 0.15075228098581706 0.6407027163773086 0.4656568005516112 0.4275151205364267 0.0536911108698267 0.9159225362535823 0.8085607451070146 0.2447134759028463 0.8381356408358434 0.6000653359286694 0.8942511897002635 0.8286959599413465 0.7247436654301792 0.3992059964256909 0.6973980825630494 0.10422283799702248 0.503559725823651 0.6596019323539182
0.3129164343950641 0.8590652530391225 0.077389816036179 0.09367966691450536 0.0 0.8635438015461211 0.18949520085481886 0.9120241426849117 0.44947336098870005 0.8402674966838901 0.6366267063869471 0.6800058241635224 0.2588336986100447 0.11313259222092331 0.9189656357200069 0.43012166091973025 0.03810438764643598 0.3015745460365865 0.6599260092218708 0.7007069440615521 0.10191161642900093 0.9646134928747871 0.5442770027880975 0.7191530245638965
0.18194554699054744 0.15148604843107594 0.7008084079060425 0.5725391927342987 0.8635438015461211 0.0 0.7613766529086313 0.8422517679163778 0.33037760472264566 0.1949297334991582 0.41637586124612747 0.9156440042718604 0.8906333945504337 0.3244617654713362 0.23865992227624788 0.10760302177086745 0.74749113970742 0.4041298906849091 0.5073865855460398 0.6647321877030041 0.14357583102372262 0.9330190123571298 0.12053474482583693 0.26345095035841093
0.09212137718462887 0.6045671407219678 0.37326363266581963 0.15075228098581706 0.18949520085481886 0.7613766529086313 0.0 0.2871139920608091 0.8536374244304474 0.7988319560596766 0.6644067902791271 0.047576272859407576 0.6266821546270402 0.023241648678183457 0.3032439467674942 0.04151095395988391 0.16502787411183906 0.8027200541284017 0.550425036155628 0.744829606293319 0.26246768779553253 0.955867213253645 0.4987788999398861 0.9953448544596128
0.029099192504769444 0.706084387727263 0.10282129167551424 0.6407027163773086 0.9120241426849117 0.8422517679163778 0.2871139920608091 0.0 0.04433588572503111 0.7082605370206018 0.04467435074279047 0.008149375717791618 0.13999457180838804 0.05667302972098165 0.7171958311528588 0.8164642641610377 0.7312672015426825 0.5320427514730582 0.17942405026368613 0.8718739970580428 0.3662540498811162 0.7049742055216971 0.5769007313561612 0.3904044880154004
0.6789221666231046 0.5185283507980667 0.3122265812847195 0.4656568005516112 0.44947336098870005 0.33037760472264566 0.8536374244304474 0.04433588572503111 0.0 0.4445656610467281 0.020715981175700837 0.9405834350777835 0.9146892500867374 0.5778626391488749 0.3249733126179808 0.6650730023916853 0.47750835406594994 0.6086909502689737 0.7475786014284046 0.6776225202974971 0.6982737009021479 0.9309539650676192 0.4479561000701415 0.2894135214188662
0.41498169219739367 0.4107540140290582 0.8883029995983309 0.4275151205364267 0.8402674966838901 0.1949297334991582 0.7988319560596766 0.7082605370206018 0.4445656610467281 0.0 0.121572788113808 0.8969638536762742 0.0944821132610818 0.8778115217409065 0.11567309857299779 0.5188663520278683 0.8492553548793633 0.4867896645185287 0.6889274213393041 0.3763349916017553 0.06045636085915396 0.15243557661703866 0.653309927788816 0.6277817452632619
0.21577940274295182 0.35948627145606493 0.3161147642768506 0.0536911108698267 0.6366267063869471 0.41637586124612747 0.6644067902791271 0.04467435074279047 0.020715981175700837 0.121572788113808 0.0 0.8263891497452863 0.26143362917318824 0.6668518541645075 0.2889332385650828 0.08846216535597629 0.5326406158212705 0.820534616004308 0.490472794558907 0.9347794816946333 0.27535013082619997 0.6002372496936613 0.2555503642767859 0.3516777160872018
0.07768213455054385 0.08185651206193767 0.82205443513241 0.9159225362535823 0.6800058241635224 0.9156440042718604 0.047576272859407576 0.008149375717791618 0.9405834350777835 0.8969638536762742 0.8263891497452863 0.0 0.4225670386005955 0.25062428634392864 0.4483139952166548 0.7474578159018678 0.46358998458111356 0.7953989619736328 0.9362177573935127 0.1907248704122706 0.8074270990157316 0.2271358304266442 0.6817131728899248 0.45516373982377745
0.6432552308485715 0.9963832260897625 0.10160313425586087 0.8085607451070146 0.2588336986100447 0.8906333945504337 0.6266821546270402 0.13999457180838804 0.9146892500867374 0.0944821132610818 0.26143362917318824 0.4225670386005955 0.0 0.29704543117679316 0.6699462821930181 0.43303185577560854 0.6432415616369822 0.5641824835964618 0.6395187974962964 0.9191197814399199 0.37324286198936174 0.6654238747618525 0.8776155237742772 0.9703841805668019
0.4024319221816627 0.4262883020175614 0.7743253817851036 0.2447134759028463 0.11313259222092331 0.3244617654713362 0.023241648678183457 0.05667302972098165 0.5778626391488749 0.8778115217409065 0.6668518541645075 0.25062428634392864 0.29704543117679316 0.0 0.25720683122078347 0.9724781162770539 0.6218952837994889 0.7847660247543687 0.6717503170291087 0.6030560182638326 0.5869727902478559 0.6377527096060935 0.6294243793289269 0.77348867745873
0.14786411232387686 0.46838924460582176 0.11701812498743458 0.8381356408358434 0.9189656357200069 0.23865992227624788 0.3032439467674942 0.7171958311528588 0.3249733126179808 0.11567309857299779 0.2889332385650828 0.4483139952166548 0.6699462821930181 0.25720683122078347 0.0 0.3789121621342175 0.6952970705149641 0.8951660783402644 0.330194728600547 0.5428925649062871 0.23021009261086367 0.3605712020671953 0.3743339254400988 0.9525725151361977
0.402777895262309 0.7096522776771937 0.4883319838962772 0.6000653359286694 0.43012166091973025 0.10760302177086745 0.04151095395988391 0.8164642641610377 0.6650730023916853 0.5188663520278683 0.08846216535597629 0.7474578159018678 0.43303185577560854 0.9724781162770539 0.3789121621342175 0.0 0.46544680643888636 0.08812829841114911 0.3324608633981825 0.789718458676646 0.4718058385220666 0.3682172169099288 0.04571907609452175 0.9339523498335901
0.18174111299797246 0.8869061232973452 0.4978021699661762 0.8942511897002635 0.03810438764643598 0.74749113970742 0.16502787411183906 0.7312672015426825 0.47750835406594994 0.8492553548793633 0.5326406158212705 0.46358998458111356 0.6432415616369822 0.6218952837994889 0.6952970705149641 0.46544680643888636 0.0 0.03291519091374462 0.5935910346633174 0.4510923393095134 0.18501230736341567 0.15697799980226512 0.7492226011212418 0.21045663450913032
0.43922860905499717 0.18081479730112915 0.6490433230714145 0.8286959599413465 0.3015745460365865 0.4041298906849091 0.8027200541284017 0.5320427514730582 0.6086909502689737 0.4867896645185287 0.820534616004308 0.7953989619736328 0.5641824835964618 0.7847660247543687 0.8951660783402644 0.08812829841114911 0.03291519091374462 0.0 0.37370865982495427 0.9626035665949396 0.839812543581712 0.20665269594856106 0.08279796215071833 0.9951510146907999
0.44230956908467844 0.1982558533859018 0.748115531823998 0.7247436654301792 0.6599260092218708 0.5073865855460398 0.550425036155628 0.17942405026368613 0.7475786014284046 0.6889274213393041 0.490472794558907 0.9362177573935127 0.6395187974962964 0.6717503170291087 0.330194728600547 0.3324608633981825 0.5935910346633174 0.37370865982495427 0.0 0.6329185286133299 0.17052570349646679 0.39528541180003074 0.6403639218295527 0.6825802402212865
0.6802037025409077 0.06448221294622869 0.7019279964380482 0.3992059964256909 0.7007069440615521 0.6647321877030041 0.744829606293319 0.8718739970580428 0.6776225202974971 0.3763349916017553 0.9347794816946333 0.1907248704122706 0.9191197814399199 0.6030560182638326 0.5428925649062871 0.789718458676646 0.4510923393095134 0.9626035665949396 0.6329185286133299 0.0 0.8288552790728644 0.8152059570653879 0.19367583570387348 0.7164781567016235
0.18295258344138432 0.3124689044009058 0.409165572980435 0.6973980825630494 0.10191161642900093 0.14357583102372262 0.26246768779553253 0.3662540498811162 0.6982737009021479 0.06045636085915396 0.27535013082619997 0.8074270990157316 0.37324286198936174 0.5869727902478559 0.23021009261086367 0.4718058385220666 0.18501230736341567 0.839812543581712 0.17052570349646679 0.8288552790728644 0.0 0.8703252297486921 0.2647233811971502 0.3164189378623441
0.5318602287966282 0.5533083865283812 0.39357860430213054 0.10422283799702248 0.9646134928747871 0.9330190123571298 0.955867213253645 0.7049742055216971 0.9309539650676192 0.15243557661703866 0.6002372496936613 0.2271358304266442 0.6654238747618525 0.6377527096060935 0.3605712020671953 0.3682172169099288 0.15697799980226512 0.20665269594856106 0.39528541180003074 0.8152059570653879 0.8703252297486921 0.0 0.1190789752468282 0.7151595727011728
0.17488483546661482 0.07542341173494216 0.37665123047368365 0.503559725823651 0.5442770027880975 0.12053474482583693 0.4987788999398861 0.5769007313561612 0.4479561000701415 0.653309927788816 0.2555503642767859 0.6817131728899248 0.8776155237742772 0.6294243793289269 0.3743339254400988 0.04571907609452175 0.7492226011212418 0.08279796215071833 0.6403639218295527 0.19367583570387348 0.2647233811971502 0.1190789752468282 0.0 0.8514251365195199
0.860175836785008 0.17422413285389227 0.7984648359525984 0.6596019323539182 0.7191530245638965 0.26345095035841093 0.9953448544596128 0.3904044880154004 0.2894135214188662 0.6277817452632619 0.3516777160872018 0.45516373982377745 0.9703841805668019 0.77348867745873 0.9525725151361977 0.9339523498335901 0.21045663450913032 0.9951510146907999 0.6825802402212865 0.7164781567016235 0.3164189378623441 0.7151595727011728 0.8514251365195199 0.0

# Optimal Walk
0 14 2 12 9 20 18 1 19 23 5 15 6 13 4 16 17 22 21 3 10 8 11 7 0
