# Graph size: 24
# Optimal cost: 1.9111299693271222

# Distance Matrix
0.0 0.051871781379351 0.1386154026607047 0.12779976314447772 0.9249678060065458 0.4098355392168739 0.656328410072085 0.5270316693106354 0.73523347521055 0.4410128473593422 0.8168047977001487 0.6928624552385373 0.32929454960263915 0.33260473004856417 0.7066750556281204 0.7925978516248385 0.23676406791165505 0.00650022349681012 0.9559368448898689 0.026037974375131667 0.2781027992108528 0.2964361079418949 0.5557293234610441 0.1815549799155598
0.051871781379351 0.0 0.1993189901892054 0.610600434581294 0.38455110097827616 0.1944760302987253 0.4495755337051953 0.44177134978057786 0.41560863178185325 0.9180065020100152 0.37956646422609697 0.22868366952886654 0.9461458383563113 0.4741563003885345 0.14731508128394866 0.49516728802255816 0.0890198426335338 0.49060749401232895 0.6580838257603169 0.8977034429692483 0.19745179641845878 0.2491888647192937 0.93637600931367 0.7973958848213177
0.1386154026607047 0.1993189901892054 0.0 0.8557958251890407 0.2725989369748806 0.43054804830701165 0.23895597031826155 0.5623331658201665 0.15824621275862227 0.8843398726268562 0.7671521323223595 0.25451259897880485 0.5315513555413074 0.5746709797320351 0.3402756491190153 0.38272247455220354 0.8357827870073231 0.9113373837139054 0.7105262663303279 0.32559342235714295 0.30147425511671344 0.6217852811633541 0.03282290905005336 0.5579953034197251
0.12779976314447772 0.610600434581294 0.8557958251890407 0.0 0.8456982710328113 0.0029247938705281307 0.1363961180233887 0.13230565880043432 0.8399474998227063 0.011987628196106992 0.847620368898441 0.714191149669291 0.6551011161932279 0.28972044362201543 0.9878963261864506 0.6260573600411461 0.6429309411329436 0.5617453059387241 0.1869940471837609 0.09448688044166342 0.7458282984355991 0.24770787660474214 0.4501204358055274 0.17239898884863802
0.9249678060065458 0.38455110097827616 0.2725989369748806 0.8456982710328113 0.0 0.23990847669971305 0.5228723033704892 0.4960753337629966 0.6123287297151865 0.21137779201501494 0.5231116614908309 0.2442120616024398 0.30413731731837734 0.24202285671780854 0.861781373834078 0.4695205361574979 0.7586293325716338 0.436909833474575 0.1357521894764827 0.5680015819364107 0.5179671246461693 0.36585740988564475 0.6379183086944837 0.5786036855802641
0.4098355392168739 0.1944760302987253 0.43054804830701165 0.0029247938705281307 0.23990847669971305 0.0 0.3044358622080362 0.7099732019627544 0.0647857930855762 0.09334431068375582 0.18102746947871384 0.40552119257438957 0.6102843768978041 0.45383936425067817 0.9904757113723136 0.8596129841087088 0.4707363271491716 0.6803169030948644 0.8637882129711586 0.37569327877963865 0.45095358724323376 0.9082913805359568 0.6449858358002839 0.271515848366495
0.656328410072085 0.4495755337051953 0.23895597031826155 0.1363961180233887 0.5228723033704892 0.3044358622080362 0.0 0.057724580064263065 0.7184275483589012 0.6656736645005052 0.2982831191495059 0.19449071865115597 0.63672380763729 0.4212319107592333 0.8768492448946641 0.32980149973022344 0.25499681663413587 0.3498290932207665 0.3553625600037843 0.8021765591738388 0.8757506370430297 0.09612396216800168 0.9624505484316193 0.7452918928389272
0.5270316693106354 0.44177134978057786 0.5623331658201665 0.13230565880043432 0.4960753337629966 0.7099732019627544 0.057724580064263065 0.0 0.32086512305625947 0.3534366868360852 0.3810263239781809 0.9699464554938229 0.5601400632780009 0.6213340348029014 0.900022776300036 0.023054544664093846 0.11358296867744033 0.9899869019433907 0.9148368337809236 0.5589485018977981 0.7604298970404545 0.36832302844600184 0.14199269783505997 0.10456499334274316
0.73523347521055 0.41560863178185325 0.15824621275862227 0.8399474998227063 0.6123287297151865 0.0647857930855762 0.7184275483589012 0.32086512305625947 0.0 0.9482405690489908 0.4099118692771906 0.2895098603207765 0.27762765673556977 0.43701024991560544 0.7586820186159356 0.08168791521551366 0.5257274943901706 0.13609268022310794 0.13598661194355677 0.47549698845247257 0.49424191418623553 0.7958297716904382 0.22119511078137466 0.6254889778619904
0.4410128473593422 0.9180065020100152 0.8843398726268562 0.011987628196106992 0.21137779201501494 0.09334431068375582 0.6656736645005052 0.3534366868360852 0.9482405690489908 0.0 0.20232204436288725 0.2011352552383029 0.23990488153693623 0.6551214635549859 0.30871697580336765 0.7808815760081418 0.667029539578103 0.5746128496107433 0.882993140971962 0.09478982282036652 0.4764351690611689 0.7489234196392328 0.26274537829796674 0.48862538125601773
0.8168047977001487 0.37956646422609697 0.7671521323223595 0.847620368898441 0.5231116614908309 0.18102746947871384 0.2982831191495059 0.3810263239781809 0.4099118692771906 0.20232204436288725 0.0 0.9244595329386118 0.16418406649873085 0.7736859771978574 0.318852258616391 0.9415638818128588 0.3668708212326254 0.3170365890862069 0.5395017416549007 0.8245301518440437 0.3572495839937615 0.08743702238067852 0.11686172893498548 0.07103147411647814
0.6928624552385373 0.22868366952886654 0.25451259897880485 0.714191149669291 0.2442120616024398 0.40552119257438957 0.19449071865115597 0.9699464554938229 0.2895098603207765 0.2011352552383029 0.9244595329386118 0.0 0.907092514617839 0.9746243762380274 0.6916949774003219 0.879067186023156 0.7413938526707732 0.5234245164735735 0.14404646985962422 0.045667785461872 0.7747892959901237 0.6791372416472724 0.2323007160763596 0.7424396813865813
0.32929454960263915 0.9461458383563113 0.5315513555413074 0.6551011161932279 0.30413731731837734 0.6102843768978041 0.63672380763729 0.5601400632780009 0.27762765673556977 0.23990488153693623 0.16418406649873085 0.907092514617839 0.0 0.125610173322257 0.9291856143663674 0.27600242757742577 0.9199330817386998 0.9439795932761951 0.8669387381494945 0.9310546914453076 0.8984809932565371 0.1850847140416667 0.6499063993711622 0.466261013008368
0.33260473004856417 0.4741563003885345 0.5746709797320351 0.28972044362201543 0.24202285671780854 0.45383936425067817 0.4212319107592333 0.6213340348029014 0.43701024991560544 0.6551214635549859 0.7736859771978574 0.9746243762380274 0.125610173322257 0.0 0.04007086685396766 0.33473584054239014 0.3020435860679951 0.5917785851742369 0.2639748890262006 0.751549232817242 0.31869066086137887 0.8129022573475595 0.5682787294591868 0.7285677766566753
0.7066750556281204 0.14731508128394866 0.3402756491190153 0.9878963261864506 0.861781373834078 0.9904757113723136 0.8768492448946641 0.900022776300036 0.7586820186159356 0.30871697580336765 0.318852258616391 0.6916949774003219 0.9291856143663674 0.04007086685396766 0.0 0.5727158958241548 0.4866996246568078 0.6501127358699327 0.5968591340442492 0.0917141096413906 0.24436979296892525 0.1793035826459568 0.194609067507155 0.8786558516768832
0.7925978516248385 0.49516728802255816 0.38272247455220354 0.6260573600411461 0.4695205361574979 0.8596129841087088 0.32980149973022344 0.023054544664093846 0.08168791521551366 0.7808815760081418 0.9415638818128588 0.879067186023156 0.27600242757742577 0.33473584054239014 0.5727158958241548 0.0 0.20879977464547006 0.2733283045891445 0.8074525970192612 0.5821699632911252 0.4846435067186713 0.24586736017083388 0.24926332697947706 0.4876808726545967
0.23676406791165505 0.0890198426335338 0.8357827870073231 0.6429309411329436 0.7586293325716338 0.4707363271491716 0.25499681663413587 0.11358296867744033 0.5257274943901706 0.667029539578103 0.3668708212326254 0.7413938526707732 0.9199330817386998 0.3020435860679951 0.4866996246568078 0.20879977464547006 0.0 0.727351138994861 0.7569160687528008 0.09734753148435094 0.9969124633040769 0.20792652101488618 0.07932965372815093 0.22196580933591348
0.00650022349681012 0.49060749401232895 0.9113373837139054 0.5617453059387241 0.436909833474575 0.6803169030948644 0.3498290932207665 0.9899869019433907 0.13609268022310794 0.5746128496107433 0.3170365890862069 0.5234245164735735 0.9439795932761951 0.5917785851742369 0.6501127358699327 0.2733283045891445 0.727351138994861 0.0 0.49080776220674727 0.6817935070890883 0.31483949296445124 0.6573322845493341 0.22970417430671985 0.5430024764415128
0.9559368448898689 0.6580838257603169 0.7105262663303279 0.1869940471837609 0.1357521894764827 0.8637882129711586 0.3553625600037843 0.9148368337809236 0.13598661194355677 0.882993140971962 0.5395017416549007 0.14404646985962422 0.8669387381494945 0.2639748890262006 0.5968591340442492 0.8074525970192612 0.7569160687528008 0.49080776220674727 0.0 0.041993317578747136 0.5497172430792842 0.734642019100504 0.19911048989035163 0.059135703504840986
0.026037974375131667 0.8977034429692483 0.32559342235714295 0.09448688044166342 0.5680015819364107 0.37569327877963865 0.8021765591738388 0.5589485018977981 0.47549698845247257 0.09478982282036652 0.8245301518440437 0.045667785461872 0.9310546914453076 0.751549232817242 0.0917141096413906 0.5821699632911252 0.09734753148435094 0.6817935070890883 0.041993317578747136 0.0 0.38800639957452143 0.9149737836399557 0.33741964459317897 0.5974594132945664
0.2781027992108528 0.19745179641845878 0.30147425511671344 0.7458282984355991 0.5179671246461693 0.45095358724323376 0.8757506370430297 0.7604298970404545 0.49424191418623553 0.4764351690611689 0.3572495839937615 0.7747892959901237 0.8984809932565371 0.31869066086137887 0.24436979296892525 0.4846435067186713 0.9969124633040769 0.31483949296445124 0.5497172430792842 0.38800639957452143 0.0 0.973045669162569 0.0599804560111582 0.769860470754235
0.2964361079418949 0.2491888647192937 0.6217852811633541 0.24770787660474214 0.36585740988564475 0.9082913805359568 0.09612396216800168 0.36832302844600184 0.7958297716904382 0.7489234196392328 0.08743702238067852 0.6791372416472724 0.1850847140416667 0.8129022573475595 0.1793035826459568 0.24586736017083388 0.20792652101488618 0.6573322845493341 0.734642019100504 0.9149737836399557 0.973045669162569 0.0 0.6223222677721941 0.614327790926369
0.5557293234610441 0.93637600931367 0.03282290905005336 0.4501204358055274 0.6379183086944837 0.6449858358002839 0.9624505484316193 0.14199269783505997 0.22119511078137466 0.26274537829796674 0.11686172893498548 0.2323007160763596 0.6499063993711622 0.5682787294591868 0.194609067507155 0.24926332697947706 0.07932965372815093 0.22970417430671985 0.19911048989035163 0.33741964459317897 0.0599804560111582 0.6223222677721941 0.0 0.6959901398318781
0.1815549799155598 0.7973958848213177 0.5579953034197251 0.17239898884863802 0.5786036855802641 0.271515848366495 0.7452918928389272 0.10456499334274316 0.6254889778619904 0.48862538125601773 0.07103147411647814 0.7424396813865813 0.466261013008368 0.7285677766566753 0.8786558516768832 0.4876808726545967 0.22196580933591348 0.5430024764415128 0.059135703504840986 0.5974594132945664 0.769860470754235 0.614327790926369 0.6959901398318781 0.0

# Optimal Walk
0 17 19 11 14 13 12 21 6 7 15 8 5 3 9 4 18 23 10 22 20 2 16 1 0
