# Graph size: 24
# Optimal cost: 1.7260171342288328

# Distance Matrix
0.0 0.0836733644860913 0.838422898671943 0.7595614919858987 0.9839078655619713 0.18259238204517791 0.8556687082347741 0.6301064450168751 0.5574707788790897 0.25087992422249905 0.14809844261581273 0.9984348125712754 0.07442396219772862 0.7810484904570308 0.2027006180693386 0.7232650619452328 0.5962947797634691 0.030760964012675807 0.32555688251383186 0.3492850434972391 0.5802459993664563 0.772557710947354 0.3519050351929994 0.6125749558997796
0.0836733644860913 0.0 0.5184987008376846 0.5434470533950604 0.4927615514648068 0.8770613649199939 0.7759755204535709 0.15147037144958964 0.0178410396293317 0.30257007678387415 0.13888987035351785 0.8535782219789774 0.9832995358130316 0.467897335339971 0.9864211778402971 0.05763172598085442 0.7528668955991529 0.37641932788834587 0.9282799977547782 0.6210694045474147 0.632223434639328 0.25711331138747073 0.21288126898885185 0.819756051132662
0.838422898671943 0.5184987008376846 0.0 0.5390142607549269 0.34046335659313376 0.20400728508864308 0.8427573679237731 0.2646844370729907 0.8365767113614363 0.748257138838848 0.2322601785734455 0.5493567608489898 0.6719374583225758 0.3112423391854382 0.03258481668801749 0.8872632196384337 0.1515763607052062 0.34740315817319967 0.5382127064033354 0.7077798585951285 0.6050365730305186 0.48648399100856 0.4379788090644233 0.3359049162558799
0.7595614919858987 0.5434470533950604 0.5390142607549269 0.0 0.24736741464811762 0.7691199003079369 0.841055314740878 0.9260574143887361 0.9404789979666366 0.3446513111154623 0.1400790087029926 0.3843642980314431 0.2755428652288098 0.7561966057438231 0.9177521378095062 0.14714190489797896 0.41372477364838933 0.18117808409360414 0.13547227037738452 0.5670673633018799 0.4203878373564581 0.7699091771545729 0.656023759464477 0.5735742112812583
0.9839078655619713 0.4927615514648068 0.34046335659313376 0.24736741464811762 0.0 0.4070051358220086 0.5305160234616996 0.7470900017428476 0.2202958252466466 0.6553732995239752 0.0453800849222058 0.5883217769775121 0.7099191756336033 0.04031928090958614 0.6724526695251997 0.961924180778808 0.4956004963668649 0.4899449244428328 0.7842061499228529 0.24520052237159207 0.09813351542010962 0.9265546365599774 0.02765088497570034 0.5432186722252781
0.18259238204517791 0.8770613649199939 0.20400728508864308 0.7691199003079369 0.4070051358220086 0.0 0.3493500645944113 0.11676383697225157 0.5507609339508387 0.30074178926559525 0.8747718251124841 0.12588690715233508 0.6338154809412716 0.014791566175547 0.7623211187697024 0.619555066568797 0.1885773692082291 0.7326892215764587 0.5289375006559697 0.08461619762869599 0.1438936275070819 0.8651455770150893 0.6932363131321625 0.15172028516693492
0.8556687082347741 0.7759755204535709 0.8427573679237731 0.841055314740878 0.5305160234616996 0.3493500645944113 0.0 0.8232174839075382 0.4699483983030638 0.48988427872980733 0.593595358844564 0.037715214712662815 0.5690218458895424 0.5201560591753679 0.24587096809155462 0.7680349969758147 0.250108741748305 0.4231750997686391 0.051406984473785555 0.9884794529667402 0.2740541178364633 0.9736309250834998 0.6644381193287547 0.3992373632363204
0.6301064450168751 0.15147037144958964 0.2646844370729907 0.9260574143887361 0.7470900017428476 0.11676383697225157 0.8232174839075382 0.0 0.6596437825924417 0.3643042623794922 0.5674450014909813 0.5754938416330732 0.2501791657549388 0.815520257760967 0.4515150042297038 0.3166532432216963 0.5794458719212899 0.06868924284561984 0.6900574854335073 0.784571757475323 0.44945982885073144 0.7673836339771264 0.09608897881980893 0.3566120162477323
0.5574707788790897 0.0178410396293317 0.8365767113614363 0.9404789979666366 0.2202958252466466 0.5507609339508387 0.4699483983030638 0.6596437825924417 0.0 0.5083516873578385 0.206938303814032 0.7949066648179532 0.987495246199812 0.773976858105998 0.4423513038384742 0.9668187023258114 0.2733410650324769 0.48731446693865466 0.2843003627155407 0.41870250004398823 0.34194869508948633 0.8994459587630093 0.28438000214223647 0.42851315736916684
0.25087992422249905 0.30257007678387415 0.748257138838848 0.3446513111154623 0.6553732995239752 0.30074178926559525 0.48988427872980733 0.3643042623794922 0.5083516873578385 0.0 0.1552876665566394 0.5968798021714014 0.4132031620577632 0.07346598742507848 0.80333017113362 0.7522160957110342 0.7688000300534129 0.300468414261044 0.8927711652959556 0.2506206333421884 0.3177860705788801 0.3264785513271461 0.18984633361457348 0.9873053847105933
0.14809844261581273 0.13888987035351785 0.2322601785734455 0.1400790087029926 0.0453800849222058 0.8747718251124841 0.593595358844564 0.5674450014909813 0.206938303814032 0.1552876665566394 0.0 0.36806033283648765 0.5668186160013635 0.26337227097205385 0.7571880922445658 0.19933381817291118 0.1810737123075935 0.9922972957742081 0.06513092591688752 0.03657743883096132 0.4990574109898511 0.451465119699586 0.8736343047854571 0.3415172477051446
0.9984348125712754 0.8535782219789774 0.5493567608489898 0.3843642980314431 0.5883217769775121 0.12588690715233508 0.037715214712662815 0.5754938416330732 0.7949066648179532 0.5968798021714014 0.36806033283648765 0.0 0.04342734208170229 0.8699578139078512 0.7745886418662854 0.21859467992811032 0.6008859896765641 0.06829890342325762 0.322663403759071 0.5843475877941607 0.8105025367466361 0.02396069422067204 0.3001394838382583 0.6329579238165798
0.07442396219772862 0.9832995358130316 0.6719374583225758 0.2755428652288098 0.7099191756336033 0.6338154809412716 0.5690218458895424 0.2501791657549388 0.987495246199812 0.4132031620577632 0.5668186160013635 0.04342734208170229 0.0 0.03554409372089695 0.9890348778858775 0.4964670356074421 0.04575018811805509 0.864305694761538 0.8895890118612008 0.180558299724641 0.3387141115943444 0.4457800570289737 0.5731453528553832 0.8198004996999305
0.7810484904570308 0.467897335339971 0.3112423391854382 0.7561966057438231 0.04031928090958614 0.014791566175547 0.5201560591753679 0.815520257760967 0.773976858105998 0.07346598742507848 0.26337227097205385 0.8699578139078512 0.03554409372089695 0.0 0.7196643628823294 0.0076098534656959815 0.8388833975453014 0.7570014367459675 0.8354386745524509 0.3266165080087572 0.08458052700602692 0.4949560349183292 0.8295751126437064 0.6263014906536547
0.2027006180693386 0.9864211778402971 0.03258481668801749 0.9177521378095062 0.6724526695251997 0.7623211187697024 0.24587096809155462 0.4515150042297038 0.4423513038384742 0.80333017113362 0.7571880922445658 0.7745886418662854 0.9890348778858775 0.7196643628823294 0.0 0.8349701740720433 0.9580495733124337 0.20219832489375356 0.361067352828528 0.37810992764387175 0.6012891164084272 0.06638337757791546 0.6135071504630518 0.22951735065342582
0.7232650619452328 0.05763172598085442 0.8872632196384337 0.14714190489797896 0.961924180778808 0.619555066568797 0.7680349969758147 0.3166532432216963 0.9668187023258114 0.7522160957110342 0.19933381817291118 0.21859467992811032 0.4964670356074421 0.0076098534656959815 0.8349701740720433 0.0 0.5193817416105284 0.5290553016426359 0.3789630787999917 0.16824413140726735 0.7719544039445471 0.0895209425629907 0.8406560628411553 0.14472395188559262
0.5962947797634691 0.7528668955991529 0.1515763607052062 0.41372477364838933 0.4956004963668649 0.1885773692082291 0.250108741748305 0.5794458719212899 0.2733410650324769 0.7688000300534129 0.1810737123075935 0.6008859896765641 0.04575018811805509 0.8388833975453014 0.9580495733124337 0.5193817416105284 0.0 0.9857371171692711 0.1450193951455777 0.8490399306164468 0.4471435186818734 0.9205073612300978 0.9202159989656221 0.21063524250574905
0.030760964012675807 0.37641932788834587 0.34740315817319967 0.18117808409360414 0.4899449244428328 0.7326892215764587 0.4231750997686391 0.06868924284561984 0.48731446693865466 0.300468414261044 0.9922972957742081 0.06829890342325762 0.864305694761538 0.7570014367459675 0.20219832489375356 0.5290553016426359 0.9857371171692711 0.0 0.13124954772246145 0.09282055933883882 0.39635386867146183 0.06444963348882038 0.8679199688289002 0.7400277479964069
0.32555688251383186 0.9282799977547782 0.5382127064033354 0.13547227037738452 0.7842061499228529 0.5289375006559697 0.051406984473785555 0.6900574854335073 0.2843003627155407 0.8927711652959556 0.06513092591688752 0.322663403759071 0.8895890118612008 0.8354386745524509 0.361067352828528 0.3789630787999917 0.1450193951455777 0.13124954772246145 0.0 0.10581620620841403 0.578192767279765 0.04348979655553242 0.3768082032640391 0.9791418016771567
0.3492850434972391 0.6210694045474147 0.7077798585951285 0.5670673633018799 0.24520052237159207 0.08461619762869599 0.9884794529667402 0.784571757475323 0.41870250004398823 0.2506206333421884 0.03657743883096132 0.5843475877941607 0.180558299724641 0.3266165080087572 0.37810992764387175 0.16824413140726735 0.8490399306164468 0.09282055933883882 0.10581620620841403 0.0 0.43184568529658085 0.1597379583934907 0.9474214736094483 0.7840747737178552
0.5802459993664563 0.632223434639328 0.6050365730305186 0.4203878373564581 0.09813351542010962 0.1438936275070819 0.2740541178364633 0.44945982885073144 0.34194869508948633 0.3177860705788801 0.4990574109898511 0.8105025367466361 0.3387141115943444 0.08458052700602692 0.6012891164084272 0.7719544039445471 0.4471435186818734 0.39635386867146183 0.578192767279765 0.43184568529658085 0.0 0.07274616129956601 0.323604443077705 0.10910952686966768
0.772557710947354 0.25711331138747073 0.48648399100856 0.7699091771545729 0.9265546365599774 0.8651455770150893 0.9736309250834998 0.7673836339771264 0.8994459587630093 0.3264785513271461 0.451465119699586 0.02396069422067204 0.4457800570289737 0.4949560349183292 0.06638337757791546 0.0895209425629907 0.9205073612300978 0.06444963348882038 0.04348979655553242 0.1597379583934907 0.07274616129956601 0.0 0.08001890619204499 0.5242026459271767
0.3519050351929994 0.21288126898885185 0.4379788090644233 0.656023759464477 0.02765088497570034 0.6932363131321625 0.6644381193287547 0.09608897881980893 0.28438000214223647 0.18984633361457348 0.8736343047854571 0.3001394838382583 0.5731453528553832 0.8295751126437064 0.6135071504630518 0.8406560628411553 0.9202159989656221 0.8679199688289002 0.3768082032640391 0.9474214736094483 0.323604443077705 0.08001890619204499 0.0 0.8911210960517831
0.6125749558997796 0.819756051132662 0.3359049162558799 0.5735742112812583 0.5432186722252781 0.15172028516693492 0.3992373632363204 0.3566120162477323 0.42851315736916684 0.9873053847105933 0.3415172477051446 0.6329579238165798 0.8198004996999305 0.6263014906536547 0.22951735065342582 0.14472395188559262 0.21063524250574905 0.7400277479964069 0.9791418016771567 0.7840747737178552 0.10910952686966768 0.5242026459271767 0.8911210960517831 0.0

# Optimal Walk
0 17 7 22 4 19 10 3 18 6 11 12 16 2 14 21 20 23 5 13 9 15 1 8 0
