# Graph size: 14
# Optimal cost: 1.4641696733305176

# Distance Matrix
0.0 0.5744900954412364 0.3820007679361521 0.7562896451610687 0.9482647713977451 0.26181103492063995 0.002049012708744802 0.7800666520517316 0.6667140428154161 0.007092153007787316 0.044822593247262454 0.668865278209533 0.39620900152653815 0.5358136163617228
0.5744900954412364 0.0 0.9947085007021513 0.9088350864940012 0.1596380541794643 0.16222690027636155 0.042505808818212754 0.814726279432969 0.4251808621620079 0.4857342081113898 0.6241678633180077 0.4650735216639852 0.058617541784905414 0.4823037612973686
0.3820007679361521 0.9947085007021513 0.0 0.7298013696876265 0.37227437266976093 0.7701531153873 0.4794765764200255 0.9844177289190874 0.8727006760909433 0.448366311787027 0.3169974622491599 0.41697143916019175 0.8010818550936014 0.07955483119599083
0.7562896451610687 0.9088350864940012 0.7298013696876265 0.0 0.5898290898885423 0.7805084698648526 0.8737517177008741 0.7876644252944658 0.24628500593211677 0.26378759158711274 0.34695093914544617 0.8981520527535635 0.971243240752674 0.4435262072474474
0.9482647713977451 0.1596380541794643 0.37227437266976093 0.5898290898885423 0.0 0.9392297493649792 0.8285485585712031 0.7228799006704413 0.3664610676598048 0.7110964282059302 0.03914945590578156 0.5110873534023815 0.721704006092138 0.5804088911698477
0.26181103492063995 0.16222690027636155 0.7701531153873 0.7805084698648526 0.9392297493649792 0.0 0.23917681441464322 0.006719431976693335 0.1664113180723692 0.41860836838609006 0.5369197426350124 0.8530316354325054 0.001574506190964553 0.22074543228650012
0.002049012708744802 0.042505808818212754 0.4794765764200255 0.8737517177008741 0.8285485585712031 0.23917681441464322 0.0 0.2467739439625115 0.6141615588209483 0.5597795072673528 0.6713506072837859 0.6217663943037518 0.1402209090600265 0.8630703715741092
0.7800666520517316 0.814726279432969 0.9844177289190874 0.7876644252944658 0.7228799006704413 0.006719431976693335 0.2467739439625115 0.0 0.5385529180931012 0.8670634634472356 0.7545473644206465 0.33659243080936774 0.7204516413133455 0.4081266808485937
0.6667140428154161 0.4251808621620079 0.8727006760909433 0.24628500593211677 0.3664610676598048 0.1664113180723692 0.6141615588209483 0.5385529180931012 0.0 0.0758909174337491 0.622478811238325 0.4405978614953181 0.5365928412173814 0.47678563594243184
0.007092153007787316 0.4857342081113898 0.448366311787027 0.26378759158711274 0.7110964282059302 0.41860836838609006 0.5597795072673528 0.8670634634472356 0.0758909174337491 0.0 0.8284839725864902 0.04354410713891843 0.23762054431331614 0.1490851322676333
0.044822593247262454 0.6241678633180077 0.3169974622491599 0.34695093914544617 0.03914945590578156 0.5369197426350124 0.6713506072837859 0.7545473644206465 0.622478811238325 0.8284839725864902 0.0 0.8671561294538382 0.07677196645087547 0.21435799367565112
0.668865278209533 0.4650735216639852 0.41697143916019175 0.8981520527535635 0.5110873534023815 0.8530316354325054 0.6217663943037518 0.33659243080936774 0.4405978614953181 0.04354410713891843 0.8671561294538382 0.0 0.4986155551861121 0.8938797416485303
0.39620900152653815 0.058617541784905414 0.8010818550936014 0.971243240752674 0.721704006092138 0.001574506190964553 0.1402209090600265 0.7204516413133455 0.5365928412173814 0.23762054431331614 0.07677196645087547 0.4986155551861121 0.0 0.8619089188394525
0.5358136163617228 0.4823037612973686 0.07955483119599083 0.4435262072474474 0.5804088911698477 0.22074543228650012 0.8630703715741092 0.4081266808485937 0.47678563594243184 0.1490851322676333 0.21435799367565112 0.8938797416485303 0.8619089188394525 0.0

# Optimal Walk
0 11 9 8 3 13 2 10 4 12 5 7 1 6 0
