# Graph size: 14
# Optimal cost: 2.1581356101019407

# Distance Matrix
0.0 0.1940586577962653 0.30487749150459387 0.5852136990916803 0.6712391153478221 0.7970385446744063 0.09812607088076097 0.9849135231731292 0.2796024739357108 0.4648581289454028 0.25762147523152257 0.28800846026037286 0.722749222042569 0.09751554257892925
0.1940586577962653 0.0 0.560306675133451 0.3680768891022915 0.2078037912004902 0.5832123959888599 0.6949335592613 0.7783245153178668 0.5921640184731021 0.3413923281205242 0.14752897502008577 0.7063171321812326 0.43361000520728477 0.050564654760311245
0.30487749150459387 0.560306675133451 0.0 0.5385906902449192 0.788562199310324 0.5379344811391045 0.2706599867227938 0.8886061109406429 0.9053313799245661 0.8483633769000157 0.9362671097749772 0.7816507308371821 0.35834226691435633 0.654824416409784
0.5852136990916803 0.3680768891022915 0.5385906902449192 0.0 0.24495131332099884 0.42123786007706154 0.8973942606206351 0.26616065513657206 0.29395616878404285 0.12825431998363634 0.9067802217008876 0.48467511506035466 0.928942567413399 0.9177317619365047
0.6712391153478221 0.2078037912004902 0.788562199310324 0.24495131332099884 0.0 0.6882719617468506 0.4499312573352041 0.6600198113496226 0.4093668373523782 0.18470423984921325 0.6775237474460659 0.17317566325175204 0.476117400774676 0.6766583474478256
0.7970385446744063 0.5832123959888599 0.5379344811391045 0.42123786007706154 0.6882719617468506 0.0 0.40857251031757114 0.9193136359823697 0.7158665671365503 0.9544734061262267 0.7069822026932487 0.49845705570656096 0.04305988983360132 0.21878925125689042
0.09812607088076097 0.6949335592613 0.2706599867227938 0.8973942606206351 0.4499312573352041 0.40857251031757114 0.0 0.09404857463417249 0.07328163217312766 0.44038520488213695 0.49505225351417526 0.8937822147447927 0.843989362550526 0.18497905308841245
0.9849135231731292 0.7783245153178668 0.8886061109406429 0.26616065513657206 0.6600198113496226 0.9193136359823697 0.09404857463417249 0.0 0.66089122787964 0.8773586214007365 0.6956379657938846 0.6693070782383723 0.27999773570605035 0.24139359039823205
0.2796024739357108 0.5921640184731021 0.9053313799245661 0.29395616878404285 0.4093668373523782 0.7158665671365503 0.07328163217312766 0.66089122787964 0.0 0.4893924381812057 0.27378035688812363 0.3121210366822953 0.4322811904051015 0.110765995562782
0.4648581289454028 0.3413923281205242 0.8483633769000157 0.12825431998363634 0.18470423984921325 0.9544734061262267 0.44038520488213695 0.8773586214007365 0.4893924381812057 0.0 0.6163333817475518 0.4260152571513237 0.8376210468977271 0.31076960425021816
0.25762147523152257 0.14752897502008577 0.9362671097749772 0.9067802217008876 0.6775237474460659 0.7069822026932487 0.49505225351417526 0.6956379657938846 0.27378035688812363 0.6163333817475518 0.0 0.9036038264146165 0.08065210345062368 0.9058005145800013
0.28800846026037286 0.7063171321812326 0.7816507308371821 0.48467511506035466 0.17317566325175204 0.49845705570656096 0.8937822147447927 0.6693070782383723 0.3121210366822953 0.4260152571513237 0.9036038264146165 0.0 0.5799910400164365 0.03901755070240476
0.722749222042569 0.43361000520728477 0.35834226691435633 0.928942567413399 0.476117400774676 0.04305988983360132 0.843989362550526 0.27999773570605035 0.4322811904051015 0.8376210468977271 0.08065210345062368 0.5799910400164365 0.0 0.7597397334089421
0.09751554257892925 0.050564654760311245 0.654824416409784 0.9177317619365047 0.6766583474478256 0.21878925125689042 0.18497905308841245 0.24139359039823205 0.110765995562782 0.31076960425021816 0.9058005145800013 0.03901755070240476 0.7597397334089421 0.0

# Optimal Walk
0 8 6 7 3 9 4 11 13 1 10 5 12 2 0
