# Graph size: 14
# Optimal cost: 1.3982723485289628

# Distance Matrix
0.0 0.8772952073428164 0.6599094551120919 0.8411665767902091 0.15708408927174367 0.02149899671817246 0.2556704804429957 0.6448970739909994 0.290974163217526 0.8649128515897205 0.31966351420161254 0.8992615105198899 0.21216886898292453 0.5449442446903301
0.8772952073428164 0.0 0.9604915067596436 0.6044771809070535 0.6782198596237536 0.3881440363756635 0.29717268892226867 0.570413683890515 0.707126984495799 0.21187059070303194 0.08158393521575424 0.41529807510972006 0.8141388663358863 0.5856563332068719
0.6599094551120919 0.9604915067596436 0.0 0.9280444948525335 0.5939620695829756 0.9779019630669341 0.8054814204893637 0.4396214802664071 0.18979239443776963 0.876027026303498 0.8663847784078286 0.904527913299421 0.002397736664626282 0.20455727826517334
0.8411665767902091 0.6044771809070535 0.9280444948525335 0.0 0.03232057490498408 0.6510218913355911 0.5421062370016955 0.7014855486451836 0.6968939785629604 0.5955063778911952 0.9027598300155353 0.8313822599591638 0.1045866161854957 0.9960662408410623
0.15708408927174367 0.6782198596237536 0.5939620695829756 0.03232057490498408 0.0 0.12587331432030935 0.9563602590380246 0.15930915429938286 0.9324697730553263 0.5920767811670818 0.21801609343121986 0.9855944748057273 0.5737002381897508 0.1798626612495564
0.02149899671817246 0.3881440363756635 0.9779019630669341 0.6510218913355911 0.12587331432030935 0.0 0.2856519444711303 0.12747206536528988 0.8653717603309727 0.4170093836175155 0.5879961164647076 0.2710399970750702 0.8719240887213167 0.6166558447268161
0.2556704804429957 0.29717268892226867 0.8054814204893637 0.5421062370016955 0.9563602590380246 0.2856519444711303 0.0 0.6388041446341142 0.15897844913728432 0.6422784839696603 0.03785163925748869 0.5911367461867141 0.9287242286304827 0.13267682425630134
0.6448970739909994 0.570413683890515 0.4396214802664071 0.7014855486451836 0.15930915429938286 0.12747206536528988 0.6388041446341142 0.0 0.439510585654722 0.21077471613433219 0.4507530868745906 0.41671517293911076 0.00704579290333851 0.04614514765563704
0.290974163217526 0.707126984495799 0.18979239443776963 0.6968939785629604 0.9324697730553263 0.8653717603309727 0.15897844913728432 0.439510585654722 0.0 0.3693931253246546 0.14012145286311917 0.5225664155728021 0.6902972163399418 0.45581846675176985
0.8649128515897205 0.21187059070303194 0.876027026303498 0.5955063778911952 0.5920767811670818 0.4170093836175155 0.6422784839696603 0.21077471613433219 0.3693931253246546 0.0 0.9366166535309896 0.8223678862542224 0.6798799983271997 0.5713496682319822
0.31966351420161254 0.08158393521575424 0.8663847784078286 0.9027598300155353 0.21801609343121986 0.5879961164647076 0.03785163925748869 0.4507530868745906 0.14012145286311917 0.9366166535309896 0.0 0.3112375027008458 0.039548887560201806 0.756738619307121
0.8992615105198899 0.41529807510972006 0.904527913299421 0.8313822599591638 0.9855944748057273 0.2710399970750702 0.5911367461867141 0.41671517293911076 0.5225664155728021 0.8223678862542224 0.3112375027008458 0.0 0.008913895595359489 0.31878813322533206
0.21216886898292453 0.8141388663358863 0.002397736664626282 0.1045866161854957 0.5737002381897508 0.8719240887213167 0.9287242286304827 0.00704579290333851 0.6902972163399418 0.6798799983271997 0.039548887560201806 0.008913895595359489 0.0 0.8649397490819852
0.5449442446903301 0.5856563332068719 0.20455727826517334 0.9960662408410623 0.1798626612495564 0.6166558447268161 0.13267682425630134 0.04614514765563704 0.45581846675176985 0.5713496682319822 0.756738619307121 0.31878813322533206 0.8649397490819852 0.0

# Optimal Walk
0 8 6 10 1 9 7 13 12 11 2 3 4 5 0
