# MCW Instance
# Type: UNIFORM
# N: 14
# Optimal cost: 2.2553190776410745
# Optimal tour (permutation): [0, 5, 8, 9, 10, 1, 11, 12, 2, 3, 6, 13, 7, 4, 0]
# Optimal walk (full path): [0, 5, 8, 9, 10, 1, 11, 12, 2, 3, 6, 13, 4, 7, 4, 5, 0]
# Walk size: 17
# Is walk (has repeats): true

# Distance Matrix
0.0000000000 0.5631604426 0.4352355449 0.5589352668 0.5357730754 0.2120714706 0.5264419568 0.6871205257 0.3802115030 0.5611860788 0.6724838749 0.6615581263 0.6942964973 0.6785619540
0.5631604426 0.0000000000 0.1070512183 0.2895155865 0.7949144685 0.9211114607 0.7113889055 0.3213648908 0.3156620127 0.7313559509 0.0516109044 0.0798070240 0.7778214684 0.4741893471
0.4352355449 0.1070512183 0.0000000000 0.0413278222 0.5502639065 0.1722851555 0.4530860385 0.8233690384 0.3575169461 0.3888853959 0.2617896523 0.7075434333 0.0858982762 0.2133751928
0.5589352668 0.2895155865 0.0413278222 0.0000000000 0.9253702721 0.7757979111 0.2138168575 0.5273440807 0.8636398313 0.0717958004 0.5281289891 0.2926429202 0.5702667624 0.1288525122
0.5357730754 0.7949144685 0.5502639065 0.9253702721 0.0000000000 0.2598381712 0.8794295092 0.0425324312 0.9583287704 0.3398370357 0.3057375892 0.4195235997 0.5199967736 0.1118798059
0.2120714706 0.9211114607 0.1722851555 0.7757979111 0.2598381712 0.0000000000 0.9965089653 0.9906565534 0.1265576991 0.5597004829 0.7413190712 0.7217804295 0.1964042522 0.6061689554
0.5264419568 0.7113889055 0.4530860385 0.2138168575 0.8794295092 0.9965089653 0.0000000000 0.6325646573 0.7127085419 0.2618845978 0.3246029604 0.8996713263 0.5478778996 0.1647394043
0.6871205257 0.3213648908 0.8233690384 0.5273440807 0.0425324312 0.9906565534 0.6325646573 0.0000000000 0.9658313289 0.7199179483 0.3309393188 0.9260469709 0.5493297643 0.2827639471
0.3802115030 0.3156620127 0.3575169461 0.8636398313 0.9583287704 0.1265576991 0.7127085419 0.9658313289 0.0000000000 0.3044313501 0.8649255797 0.3927272248 0.6121044372 0.3472934681
0.5611860788 0.7313559509 0.3888853959 0.0717958004 0.3398370357 0.5597004829 0.2618845978 0.7199179483 0.3044313501 0.0000000000 0.1584066882 0.3612078133 0.9096674338 0.3158248409
0.6724838749 0.0516109044 0.2617896523 0.5281289891 0.3057375892 0.7413190712 0.3246029604 0.3309393188 0.8649255797 0.1584066882 0.0000000000 0.1843061180 0.8068092811 0.4728061781
0.6615581263 0.0798070240 0.7075434333 0.2926429202 0.4195235997 0.7217804295 0.8996713263 0.9260469709 0.3927272248 0.3612078133 0.1843061180 0.0000000000 0.1477972710 0.6695848692
0.6942964973 0.7778214684 0.0858982762 0.5702667624 0.5199967736 0.1964042522 0.5478778996 0.5493297643 0.6121044372 0.9096674338 0.8068092811 0.1477972710 0.0000000000 0.1373456548
0.6785619540 0.4741893471 0.2133751928 0.1288525122 0.1118798059 0.6061689554 0.1647394043 0.2827639471 0.3472934681 0.3158248409 0.4728061781 0.6695848692 0.1373456548 0.0000000000
