# Graph size: 14
# Optimal cost: 1.6531977760211727

# Distance Matrix
0.0 0.14210481507458195 0.04521798822397938 0.23658395134651056 0.4248882971835609 0.32632669683783366 0.851513122140879 0.614555612828252 0.5946677649890462 0.5020280040161601 0.375768442686528 0.7773941338551585 0.42883279349820336 0.9091813550027582
0.14210481507458195 0.0 0.9874697891041823 0.5828060287085268 0.8653297997364924 0.15281428363012484 0.7145774857212546 0.36952048217309696 0.6484246809773646 0.16945351142431675 0.505042535407406 0.08525986434844934 0.057550265476773776 0.793301698783065
0.04521798822397938 0.9874697891041823 0.0 0.7751659392911258 0.8521043606856475 0.29154272168888495 0.933651528981005 0.905964820958858 0.9695253784594957 0.24023084105716397 0.047894298992543716 0.49812245192392923 0.5438390136462611 0.6653814567996676
0.23658395134651056 0.5828060287085268 0.7751659392911258 0.0 0.5485806136403953 0.8767638695104837 0.9025572935494033 0.13429328666004425 0.01834374507162262 0.5492124026831192 0.7030915975365923 0.4018702658822949 0.623096348713921 0.0620467148936763
0.4248882971835609 0.8653297997364924 0.8521043606856475 0.5485806136403953 0.0 0.1774890793794377 0.320795085274837 0.9117639287943978 0.9781922949627284 0.26835974047515676 0.7744620074894732 0.26991935517099575 0.5004446044811514 0.5058778713862947
0.32632669683783366 0.15281428363012484 0.29154272168888495 0.8767638695104837 0.1774890793794377 0.0 0.5736177251578766 0.6550346053478101 0.6047360352180478 0.3517188864161863 0.7351976035117119 0.8826671913990886 0.41462250702651804 0.39301821661767034
0.851513122140879 0.7145774857212546 0.933651528981005 0.9025572935494033 0.320795085274837 0.5736177251578766 0.0 0.0706340398123314 0.655750638106737 0.9478791974458362 0.2079165216928206 0.5509526653380361 0.733259713829794 0.2967599244155037
0.614555612828252 0.36952048217309696 0.905964820958858 0.13429328666004425 0.9117639287943978 0.6550346053478101 0.0706340398123314 0.0 0.9439809626651221 0.4872608320304933 0.11987266923311313 0.7653877057786643 0.6517697726142518 0.16777263609384951
0.5946677649890462 0.6484246809773646 0.9695253784594957 0.01834374507162262 0.9781922949627284 0.6047360352180478 0.655750638106737 0.9439809626651221 0.0 0.9248543917971263 0.48090892746601854 0.19803344489035501 0.22630290795790664 0.5862359422959575
0.5020280040161601 0.16945351142431675 0.24023084105716397 0.5492124026831192 0.26835974047515676 0.3517188864161863 0.9478791974458362 0.4872608320304933 0.9248543917971263 0.0 0.5194569987542529 0.14652228540644285 0.6822024352170359 0.48546750747543266
0.375768442686528 0.505042535407406 0.047894298992543716 0.7030915975365923 0.7744620074894732 0.7351976035117119 0.2079165216928206 0.11987266923311313 0.48090892746601854 0.5194569987542529 0.0 0.6436359654883059 0.3390972799779697 0.28799503829429374
0.7773941338551585 0.08525986434844934 0.49812245192392923 0.4018702658822949 0.26991935517099575 0.8826671913990886 0.5509526653380361 0.7653877057786643 0.19803344489035501 0.14652228540644285 0.6436359654883059 0.0 0.5880731127647959 0.335148040569182
0.42883279349820336 0.057550265476773776 0.5438390136462611 0.623096348713921 0.5004446044811514 0.41462250702651804 0.733259713829794 0.6517697726142518 0.22630290795790664 0.6822024352170359 0.3390972799779697 0.5880731127647959 0.0 0.03581691445894053
0.9091813550027582 0.793301698783065 0.6653814567996676 0.0620467148936763 0.5058778713862947 0.39301821661767034 0.2967599244155037 0.16777263609384951 0.5862359422959575 0.48546750747543266 0.28799503829429374 0.335148040569182 0.03581691445894053 0.0

# Optimal Walk
0 2 10 7 6 8 3 13 12 11 9 4 5 1 0
