# MCW Instance
# Type: UNIFORM
# N: 14
# Optimal cost: 1.6499702071273141
# Optimal tour (permutation): [0, 3, 10, 6, 8, 5, 1, 2, 7, 12, 13, 4, 9, 11, 0]
# Optimal walk (full path): [0, 11, 3, 6, 10, 6, 8, 5, 1, 2, 7, 12, 4, 13, 4, 12, 11, 9, 11, 0]
# Walk size: 20
# Is walk (has repeats): true

# Distance Matrix
0.0000000000 0.8725742021 0.3797847409 0.3460405592 0.2989409577 0.4787479026 0.3730061055 0.4429242622 0.1708062343 0.7317459479 0.6920602619 0.0129988489 0.4434207242 0.9553406444
0.8725742021 0.0000000000 0.0891656179 0.8435930190 0.9608300596 0.1123023459 0.3460259040 0.7592083870 0.8260974514 0.7501060916 0.2695142121 0.3073502500 0.8280491936 0.4650413699
0.3797847409 0.0891656179 0.0000000000 0.2314942569 0.5694662365 0.2802143694 0.8640033581 0.0301528215 0.7994158454 0.2295087936 0.8948459644 0.9683817623 0.4991203783 0.7510024665
0.3460405592 0.8435930190 0.2314942569 0.0000000000 0.5890284003 0.6941620704 0.2295197279 0.8351485463 0.7143882501 0.5285663646 0.9246886385 0.1951412227 0.5712261816 0.7189102924
0.2989409577 0.9608300596 0.5694662365 0.5890284003 0.0000000000 0.7279418413 0.1746085227 0.1814885536 0.2977476078 0.4009840264 0.8196359198 0.4186856875 0.0028172309 0.1706368398
0.4787479026 0.1123023459 0.2802143694 0.6941620704 0.7279418413 0.0000000000 0.0941545010 0.2052855936 0.0187154144 0.4724025515 0.1640177456 0.7646740736 0.1379794277 0.4260991823
0.3730061055 0.3460259040 0.8640033581 0.2295197279 0.1746085227 0.0941545010 0.0000000000 0.6526292377 0.0563737447 0.3074337736 0.0360299970 0.7797727830 0.9460663535 0.4250638196
0.4429242622 0.7592083870 0.0301528215 0.8351485463 0.1814885536 0.2052855936 0.6526292377 0.0000000000 0.0466255513 0.3353359348 0.3660639869 0.6833456856 0.1042237699 0.5109063316
0.1708062343 0.8260974514 0.7994158454 0.7143882501 0.2977476078 0.0187154144 0.0563737447 0.0466255513 0.0000000000 0.7072266026 0.7168755704 0.3766301440 0.7147599305 0.9499245868
0.7317459479 0.7501060916 0.2295087936 0.5285663646 0.4009840264 0.4724025515 0.3074337736 0.3353359348 0.7072266026 0.0000000000 0.3053054921 0.0643259546 0.6295487357 0.5894971074
0.6920602619 0.2695142121 0.8948459644 0.9246886385 0.8196359198 0.1640177456 0.0360299970 0.3660639869 0.7168755704 0.3053054921 0.0000000000 0.4070065033 0.3006698217 0.9370351802
0.0129988489 0.3073502500 0.9683817623 0.1951412227 0.4186856875 0.7646740736 0.7797727830 0.6833456856 0.3766301440 0.0643259546 0.4070065033 0.0000000000 0.2407577997 0.8545449180
0.4434207242 0.8280491936 0.4991203783 0.5712261816 0.0028172309 0.1379794277 0.9460663535 0.1042237699 0.7147599305 0.6295487357 0.3006698217 0.2407577997 0.0000000000 0.7831642046
0.9553406444 0.4650413699 0.7510024665 0.7189102924 0.1706368398 0.4260991823 0.4250638196 0.5109063316 0.9499245868 0.5894971074 0.9370351802 0.8545449180 0.7831642046 0.0000000000
