# Graph size: 14
# Optimal cost: 2.0244452675161746

# Distance Matrix
0.0 0.7325140978156371 0.247864643323492 0.435333635040298 0.17571780713424157 0.9129007432415719 0.7229191510443419 0.04632048112466769 0.9012380061434971 0.01532919041175751 0.12389445440088687 0.46875517395583743 0.6768481588615167 0.8120075679009076
0.7325140978156371 0.0 0.6634914658648126 0.46078302546591254 0.014088123059581181 0.4854407078627445 0.21963146334801886 0.1770667915033839 0.46203747860953137 0.6894835843054751 0.7306517833395312 0.5523315146206308 0.4414765486628308 0.7754655249645571
0.247864643323492 0.6634914658648126 0.0 0.5034736823966275 0.756489079173013 0.8395689843550438 0.8091476464252436 0.09297636040634161 0.9140003021661 0.7972258681238104 0.08337845033837221 0.21647493804197604 0.3748584216421499 0.5675995060304482
0.435333635040298 0.46078302546591254 0.5034736823966275 0.0 0.19166339231616591 0.5041137996368076 0.7005546152367241 0.8016946866389456 0.3694660275878344 0.7541513880801847 0.18561270138465324 0.12587369453741248 0.7329102291736387 0.7615263331587343
0.17571780713424157 0.014088123059581181 0.756489079173013 0.19166339231616591 0.0 0.17375675743586771 0.4160712093753053 0.2486537582067514 0.7187588713079947 0.6475019283477061 0.7448234012015278 0.7540560329199908 0.650155321664501 0.5709353605640305
0.9129007432415719 0.4854407078627445 0.8395689843550438 0.5041137996368076 0.17375675743586771 0.0 0.579755208970018 0.11336334391159464 0.3334481425104008 0.24768038212632415 0.4459587261564737 0.643487692476427 0.6874172853858073 0.5195143564122063
0.7229191510443419 0.21963146334801886 0.8091476464252436 0.7005546152367241 0.4160712093753053 0.579755208970018 0.0 0.9297345009558621 0.2720556408276207 0.6597033950579849 0.975836261744133 0.5974567461331759 0.5007559455195274 0.2359368025418881
0.04632048112466769 0.1770667915033839 0.09297636040634161 0.8016946866389456 0.2486537582067514 0.11336334391159464 0.9297345009558621 0.0 0.47015747932721075 0.13086251314585873 0.1386162435779379 0.3094709523760343 0.14701521440339038 0.738854144470977
0.9012380061434971 0.46203747860953137 0.9140003021661 0.3694660275878344 0.7187588713079947 0.3334481425104008 0.2720556408276207 0.47015747932721075 0.0 0.9426903453000869 0.8004224654819292 0.8711848292367848 0.6959427340722754 0.7577392948467865
0.01532919041175751 0.6894835843054751 0.7972258681238104 0.7541513880801847 0.6475019283477061 0.24768038212632415 0.6597033950579849 0.13086251314585873 0.9426903453000869 0.0 0.5933841788077905 0.4207939692809013 0.6787503275210023 0.4818412598098114
0.12389445440088687 0.7306517833395312 0.08337845033837221 0.18561270138465324 0.7448234012015278 0.4459587261564737 0.975836261744133 0.1386162435779379 0.8004224654819292 0.5933841788077905 0.0 0.5750921629735102 0.05691764111738806 0.4245267531727407
0.46875517395583743 0.5523315146206308 0.21647493804197604 0.12587369453741248 0.7540560329199908 0.643487692476427 0.5974567461331759 0.3094709523760343 0.8711848292367848 0.4207939692809013 0.5750921629735102 0.0 0.20146631180648633 0.2964906194159811
0.6768481588615167 0.4414765486628308 0.3748584216421499 0.7329102291736387 0.650155321664501 0.6874172853858073 0.5007559455195274 0.14701521440339038 0.6959427340722754 0.6787503275210023 0.05691764111738806 0.20146631180648633 0.0 0.11446030617176961
0.8120075679009076 0.7754655249645571 0.5675995060304482 0.7615263331587343 0.5709353605640305 0.5195143564122063 0.2359368025418881 0.738854144470977 0.7577392948467865 0.4818412598098114 0.4245267531727407 0.2964906194159811 0.11446030617176961 0.0

# Optimal Walk
0 9 7 5 8 6 13 12 10 2 11 3 4 1 0
