# Graph size: 14
# Optimal cost: 1.6038798160233623

# Distance Matrix
0.0 0.984640490549936 0.3401381126170224 0.6768488248898059 0.4106575913264744 0.754790358707652 0.6381718022680116 0.7231971558484704 0.24968109275227457 0.6505568430228041 0.6056488374971902 0.3442195983986065 0.866103735682606 0.1282581418096963
0.984640490549936 0.0 0.5870741464932826 0.30006964814994075 0.25806080940464604 0.2977060669559676 0.5245034928362228 0.7202747494065166 0.9362780706864524 0.06256610653868411 0.7048345493214961 0.8220656435200748 0.9589457604622056 0.24704680924241962
0.3401381126170224 0.5870741464932826 0.0 0.07409264179431396 0.6694931425148388 0.6658046288007338 0.1227668092068408 0.025968439586722458 0.813451298627901 0.02700200595515767 0.29750049323437455 0.5962781889937511 0.7162013766639311 0.6873145353436808
0.6768488248898059 0.30006964814994075 0.07409264179431396 0.0 0.7566039639114023 0.5506823269205238 0.7087186353141256 0.9826240499172029 0.9582749398015247 0.9399113755615534 0.8551597370294793 0.4330710525812075 0.27540178421859174 0.3149124373114246
0.4106575913264744 0.25806080940464604 0.6694931425148388 0.7566039639114023 0.0 0.5059755095917043 0.47610039237195634 0.749608354610586 0.9437439366400999 0.5096702711741421 0.49265197272573646 0.07720278548075943 0.05270976223926915 0.022935600476292395
0.754790358707652 0.2977060669559676 0.6658046288007338 0.5506823269205238 0.5059755095917043 0.0 0.5010390540871623 0.9820901954814603 0.3261385408059644 0.6098627778096134 0.24559508905773408 0.6473105113505946 0.642377516027458 0.8531648272624487
0.6381718022680116 0.5245034928362228 0.1227668092068408 0.7087186353141256 0.47610039237195634 0.5010390540871623 0.0 0.7909597364979813 0.674714662540249 0.2979847388705914 0.013815647638843465 0.14791343178561878 0.12139311533980413 0.7777672232987624
0.7231971558484704 0.7202747494065166 0.025968439586722458 0.9826240499172029 0.749608354610586 0.9820901954814603 0.7909597364979813 0.0 0.3702403095635385 0.902958761385276 0.5218235410912829 0.4652268171745133 0.7441670540608162 0.30138649704900267
0.24968109275227457 0.9362780706864524 0.813451298627901 0.9582749398015247 0.9437439366400999 0.3261385408059644 0.674714662540249 0.3702403095635385 0.0 0.4463044025471966 0.5561397813549981 0.3774781371701774 0.7423528641143067 0.06909443050104536
0.6505568430228041 0.06256610653868411 0.02700200595515767 0.9399113755615534 0.5096702711741421 0.6098627778096134 0.2979847388705914 0.902958761385276 0.4463044025471966 0.0 0.837409641287711 0.7628733661524034 0.1845333733699661 0.4237782251506651
0.6056488374971902 0.7048345493214961 0.29750049323437455 0.8551597370294793 0.49265197272573646 0.24559508905773408 0.013815647638843465 0.5218235410912829 0.5561397813549981 0.837409641287711 0.0 0.9239976970145143 0.25088635461780284 0.5322084842086621
0.3442195983986065 0.8220656435200748 0.5962781889937511 0.4330710525812075 0.07720278548075943 0.6473105113505946 0.14791343178561878 0.4652268171745133 0.3774781371701774 0.7628733661524034 0.9239976970145143 0.0 0.5087305302226095 0.008648818172592443
0.866103735682606 0.9589457604622056 0.7162013766639311 0.27540178421859174 0.05270976223926915 0.642377516027458 0.12139311533980413 0.7441670540608162 0.7423528641143067 0.1845333733699661 0.25088635461780284 0.5087305302226095 0.0 0.2567707361951076
0.1282581418096963 0.24704680924241962 0.6873145353436808 0.3149124373114246 0.022935600476292395 0.8531648272624487 0.7777672232987624 0.30138649704900267 0.06909443050104536 0.4237782251506651 0.5322084842086621 0.008648818172592443 0.2567707361951076 0.0

# Optimal Walk
0 13 11 8 5 1 9 3 7 2 6 10 12 4 0
