# MCW Instance
# Type: UNIFORM
# N: 14
# Optimal cost: 1.0985782605391505
# Optimal tour (permutation): [0, 12, 6, 2, 7, 11, 10, 3, 13, 9, 4, 8, 5, 1, 0]
# Optimal walk (full path): [0, 6, 12, 6, 2, 7, 11, 10, 3, 10, 13, 4, 9, 4, 13, 8, 5, 1, 0]
# Walk size: 19
# Is walk (has repeats): true

# Distance Matrix
0.0000000000 0.2092532472 0.3606363424 0.6879582376 0.0841676341 0.1297666729 0.0090989227 0.5424006025 0.2635617300 0.4095904211 0.3470245939 0.7065837275 0.3108986824 0.4229312145
0.2092532472 0.0000000000 0.9261696102 0.3542417613 0.2479967631 0.1555600849 0.4978751382 0.5431276769 0.9812919417 0.4332695634 0.5391177896 0.3273553658 0.3811649214 0.5161918169
0.3606363424 0.9261696102 0.0000000000 0.7979628709 0.5774147713 0.3100074044 0.0826899904 0.0513214702 0.5906545757 0.2455421855 0.5650112755 0.3079525021 0.2791274968 0.5765762618
0.6879582376 0.3542417613 0.7979628709 0.0000000000 0.5186170997 0.7609392697 0.7070462404 0.6102796066 0.2080822761 0.8964092535 0.0166984271 0.8232473313 0.8746815359 0.2990552392
0.0841676341 0.2479967631 0.5774147713 0.5186170997 0.0000000000 0.3295214106 0.9130156102 0.2142583127 0.8600543887 0.0381384916 0.7623671787 0.4386973854 0.2892715434 0.0155104842
0.1297666729 0.1555600849 0.3100074044 0.7609392697 0.3295214106 0.0000000000 0.5156753954 0.9202996631 0.0611715502 0.6589575902 0.5847001153 0.8255832699 0.1826550247 0.3596583042
0.0090989227 0.4978751382 0.0826899904 0.7070462404 0.9130156102 0.5156753954 0.0000000000 0.5506632023 0.3335127558 0.4610702710 0.9423336282 0.6100944325 0.0028837184 0.2719441606
0.5424006025 0.5431276769 0.0513214702 0.6102796066 0.2142583127 0.9202996631 0.5506632023 0.0000000000 0.8551762761 0.4238540885 0.6045674987 0.1785127463 0.4066864787 0.9719011542
0.2635617300 0.9812919417 0.5906545757 0.2080822761 0.8600543887 0.0611715502 0.3335127558 0.8551762761 0.0000000000 0.2665467163 0.1389223781 0.1439271399 0.2907911595 0.0931491647
0.4095904211 0.4332695634 0.2455421855 0.8964092535 0.0381384916 0.6589575902 0.4610702710 0.4238540885 0.2665467163 0.0000000000 0.4520104189 0.5458128488 0.7765513178 0.5146139964
0.3470245939 0.5391177896 0.5650112755 0.0166984271 0.7623671787 0.5847001153 0.9423336282 0.6045674987 0.1389223781 0.4520104189 0.0000000000 0.0388642990 0.5653990403 0.0724945424
0.7065837275 0.3273553658 0.3079525021 0.8232473313 0.4386973854 0.8255832699 0.6100944325 0.1785127463 0.1439271399 0.5458128488 0.0388642990 0.0000000000 0.4991010040 0.1348962778
0.3108986824 0.3811649214 0.2791274968 0.8746815359 0.2892715434 0.1826550247 0.0028837184 0.4066864787 0.2907911595 0.7765513178 0.5653990403 0.4991010040 0.0000000000 0.1967385349
0.4229312145 0.5161918169 0.5765762618 0.2990552392 0.0155104842 0.3596583042 0.2719441606 0.9719011542 0.0931491647 0.5146139964 0.0724945424 0.1348962778 0.1967385349 0.0000000000
