# MCW Instance
# Type: UNIFORM
# N: 14
# Optimal cost: 1.3910227693645
# Optimal tour (permutation): [0, 5, 12, 1, 9, 10, 11, 13, 4, 2, 8, 7, 6, 3, 0]
# Optimal walk (full path): [0, 5, 12, 1, 9, 10, 11, 13, 2, 4, 2, 6, 8, 6, 7, 6, 3, 5, 0]
# Walk size: 19
# Is walk (has repeats): true

# Distance Matrix
0.0000000000 0.9971787974 0.4588278106 0.4751169512 0.8084049803 0.0000229281 0.9495898392 0.7126305457 0.4850282920 0.4723679010 0.6152950079 0.7160260768 0.8406699226 0.4008723998
0.9971787974 0.0000000000 0.8013577209 0.7424479441 0.5448146452 0.5368824538 0.6259463113 0.9284256931 0.3028474340 0.1397584465 0.6337572726 0.7858602251 0.3469177923 0.3177523771
0.4588278106 0.8013577209 0.0000000000 0.9215846829 0.0319037511 0.7537168639 0.0917103138 0.5926487918 0.5620904631 0.5247450298 0.4953509293 0.6866868475 0.3301755742 0.0453109159
0.4751169512 0.7424479441 0.9215846829 0.0000000000 0.9955983355 0.0540987758 0.1334931349 0.7504179864 0.2674230772 0.9949784856 0.8192436977 0.5688576841 0.8898725201 0.8676516476
0.8084049803 0.5448146452 0.0319037511 0.9955983355 0.0000000000 0.2249747867 0.9912432393 0.8434481881 0.2863791158 0.2456187647 0.4133815262 0.7837135966 0.9741744378 0.7798040894
0.0000229281 0.5368824538 0.7537168639 0.0540987758 0.2249747867 0.0000000000 0.7432948785 0.9419937652 0.8142230889 0.9497576491 0.1283687771 0.1612531605 0.1521802458 0.9119672271
0.9495898392 0.6259463113 0.0917103138 0.1334931349 0.9912432393 0.7432948785 0.0000000000 0.0585150157 0.0137159038 0.9416622845 0.7798751183 0.0319047251 0.1665186833 0.8965372270
0.7126305457 0.9284256931 0.5926487918 0.7504179864 0.8434481881 0.9419937652 0.0585150157 0.0000000000 0.6652248936 0.4317387307 0.1626629444 0.4161575959 0.6112853645 0.2556879358
0.4850282920 0.3028474340 0.5620904631 0.2674230772 0.2863791158 0.8142230889 0.0137159038 0.6652248936 0.0000000000 0.5667600169 0.6834688142 0.2390272667 0.8640493831 0.9885388733
0.4723679010 0.1397584465 0.5247450298 0.9949784856 0.2456187647 0.9497576491 0.9416622845 0.4317387307 0.5667600169 0.0000000000 0.0009647864 0.2564294247 0.9683283819 0.8418134350
0.6152950079 0.6337572726 0.4953509293 0.8192436977 0.4133815262 0.1283687771 0.7798751183 0.1626629444 0.6834688142 0.0009647864 0.0000000000 0.1257518709 0.5914431815 0.6688710587
0.7160260768 0.7858602251 0.6866868475 0.5688576841 0.7837135966 0.1612531605 0.0319047251 0.4161575959 0.2390272667 0.2564294247 0.1257518709 0.0000000000 0.8225821034 0.0925212896
0.8406699226 0.3469177923 0.3301755742 0.8898725201 0.9741744378 0.1521802458 0.1665186833 0.6112853645 0.8640493831 0.9683283819 0.5914431815 0.8225821034 0.0000000000 0.8007450794
0.4008723998 0.3177523771 0.0453109159 0.8676516476 0.7798040894 0.9119672271 0.8965372270 0.2556879358 0.9885388733 0.8418134350 0.6688710587 0.0925212896 0.8007450794 0.0000000000
