# Graph size: 14
# Optimal cost: 1.6987832254223783

# Distance Matrix
0.0 0.5426135860666983 0.06261524949280595 0.6713473893085667 0.07839582083495289 0.9714826808120184 0.6703398426602044 0.17364992061627438 0.6266319827519816 0.6369803671360639 0.3078279655916806 0.8701660297802515 0.05840282894991844 0.9538723160003195
0.5426135860666983 0.0 0.8175202746184038 0.731580793409764 0.18952750892216164 0.5120414792581148 0.0477018131424507 0.7317793364348529 0.27612110008790536 0.06150371832382917 0.6067374401622867 0.0724145460137634 0.17496596693958566 0.08951121448043742
0.06261524949280595 0.8175202746184038 0.0 0.5311492422895581 0.7969410409968286 0.4315344507023323 0.5886510861215442 0.9559456687440974 0.4052298695946531 0.9158107569015269 0.7095732726250662 0.32190079115093484 0.44023023531605165 0.9629736462414074
0.6713473893085667 0.731580793409764 0.5311492422895581 0.0 0.867958276976916 0.1320211755860956 0.6597454049610676 0.8441659264586112 0.5325617897044056 0.7782270652038459 0.32924266369713373 0.7919904184227821 0.35965026039637804 0.49931346089197903
0.07839582083495289 0.18952750892216164 0.7969410409968286 0.867958276976916 0.0 0.3757173551695019 0.7360365933337926 0.5588672774351211 0.10254598490061417 0.6279838201010651 0.365655720877082 0.3765478735552764 0.6837850751925207 0.13536693967210978
0.9714826808120184 0.5120414792581148 0.4315344507023323 0.1320211755860956 0.3757173551695019 0.0 0.13036673997045845 0.364724135785613 0.21482162118879855 0.6046196674452153 0.31268873375601003 0.6675419255112786 0.5316459009992852 0.32399376986570394
0.6703398426602044 0.0477018131424507 0.5886510861215442 0.6597454049610676 0.7360365933337926 0.13036673997045845 0.0 0.363860706503492 0.9015355399506342 0.9536606592136208 0.55374187283663 0.27982238656795344 0.3321830417373285 0.4913885517004085
0.17364992061627438 0.7317793364348529 0.9559456687440974 0.8441659264586112 0.5588672774351211 0.364724135785613 0.363860706503492 0.0 0.2539316468587657 0.9129947119724094 0.9563923115346002 0.35901301104288874 0.19330311519434562 0.7648123047175627
0.6266319827519816 0.27612110008790536 0.4052298695946531 0.5325617897044056 0.10254598490061417 0.21482162118879855 0.9015355399506342 0.2539316468587657 0.0 0.7890435998480241 0.2981306578926953 0.9370027793590869 0.9846244095954366 0.12144188081095653
0.6369803671360639 0.06150371832382917 0.9158107569015269 0.7782270652038459 0.6279838201010651 0.6046196674452153 0.9536606592136208 0.9129947119724094 0.7890435998480241 0.0 0.040382565538149895 0.9463792771392712 0.012494762747715438 0.770507768391878
0.3078279655916806 0.6067374401622867 0.7095732726250662 0.32924266369713373 0.365655720877082 0.31268873375601003 0.55374187283663 0.9563923115346002 0.2981306578926953 0.040382565538149895 0.0 0.08917064953459952 0.04062682564130671 0.5465950369916396
0.8701660297802515 0.0724145460137634 0.32190079115093484 0.7919904184227821 0.3765478735552764 0.6675419255112786 0.27982238656795344 0.35901301104288874 0.9370027793590869 0.9463792771392712 0.08917064953459952 0.0 0.3697635400572197 0.8844544993547724
0.05840282894991844 0.17496596693958566 0.44023023531605165 0.35965026039637804 0.6837850751925207 0.5316459009992852 0.3321830417373285 0.19330311519434562 0.9846244095954366 0.012494762747715438 0.04062682564130671 0.3697635400572197 0.0 0.7679145320927757
0.9538723160003195 0.08951121448043742 0.9629736462414074 0.49931346089197903 0.13536693967210978 0.32399376986570394 0.4913885517004085 0.7648123047175627 0.12144188081095653 0.770507768391878 0.5465950369916396 0.8844544993547724 0.7679145320927757 0.0

# Optimal Walk
0 7 12 9 10 11 1 6 5 3 8 13 4 2 0
