# Graph size: 14
# Optimal cost: 1.3159967328547972

# Distance Matrix
0.0 0.9476703393936426 0.40442109234744805 0.16471038897419799 0.02839187307994695 0.17895979715938815 0.08907305098537299 0.6723458349889049 0.5611072256438151 0.5383539823540673 0.5561390273954002 0.8251514783297984 0.5027767947351778 0.6987247481757562
0.9476703393936426 0.0 0.2577809003093311 0.4687255018901232 0.4288686769003063 0.41643937677704324 0.9486546625656689 0.241932676392973 0.8512662862807967 0.48509429835167994 0.07375403882215015 0.36770149486734405 0.37984002723296384 0.5111492499424667
0.40442109234744805 0.2577809003093311 0.0 0.5207341675086457 0.7830706609099626 0.9842317230096252 0.757341750923865 0.007253584496077048 0.5931351179076814 0.4471914930199796 0.4726138761332558 0.02328694683116006 0.5220173488205304 0.8908447848539903
0.16471038897419799 0.4687255018901232 0.5207341675086457 0.0 0.5813845422555555 0.42902505985815564 0.5037171580300676 0.07855698571437264 0.340351841981398 0.5208924624895265 0.80666882795003 0.047602032252658466 0.5876121534208132 0.6213773498961492
0.02839187307994695 0.4288686769003063 0.7830706609099626 0.5813845422555555 0.0 0.11806201475629585 0.5116300954860883 0.5067338225066998 0.022782599557705896 0.827458537750265 0.3869690050779362 0.4075248325954418 0.4206701303462206 0.3439642461515522
0.17895979715938815 0.41643937677704324 0.9842317230096252 0.42902505985815564 0.11806201475629585 0.0 0.74308286626063 0.8855856209332479 0.8096859555811208 0.6571914336679181 0.45505025184182935 0.8643397333794952 0.182616334700067 0.5094741263148256
0.08907305098537299 0.9486546625656689 0.757341750923865 0.5037171580300676 0.5116300954860883 0.74308286626063 0.0 0.8447137339828552 0.4460863863671677 0.2729400500217599 0.48527484526449416 0.637191476608024 0.2027206308667625 0.011805844564305445
0.6723458349889049 0.241932676392973 0.007253584496077048 0.07855698571437264 0.5067338225066998 0.8855856209332479 0.8447137339828552 0.0 0.04344814237262562 0.630730422514575 0.5221187616095876 0.33227793086265867 0.019002785018296886 0.5804200990698745
0.5611072256438151 0.8512662862807967 0.5931351179076814 0.340351841981398 0.022782599557705896 0.8096859555811208 0.4460863863671677 0.04344814237262562 0.0 0.8927873064961093 0.4468566364336819 0.40323098860349504 0.9300746532823312 0.5572266889238815
0.5383539823540673 0.48509429835167994 0.4471914930199796 0.5208924624895265 0.827458537750265 0.6571914336679181 0.2729400500217599 0.630730422514575 0.8927873064961093 0.0 0.7486954207465503 0.27454961909805964 0.1916303630670967 0.7935609795669039
0.5561390273954002 0.07375403882215015 0.4726138761332558 0.80666882795003 0.3869690050779362 0.45505025184182935 0.48527484526449416 0.5221187616095876 0.4468566364336819 0.7486954207465503 0.0 0.04259947265334918 0.5971250379008082 0.9676943066217939
0.8251514783297984 0.36770149486734405 0.02328694683116006 0.047602032252658466 0.4075248325954418 0.8643397333794952 0.637191476608024 0.33227793086265867 0.40323098860349504 0.27454961909805964 0.04259947265334918 0.0 0.19533761858051546 0.898804980527874
0.5027767947351778 0.37984002723296384 0.5220173488205304 0.5876121534208132 0.4206701303462206 0.182616334700067 0.2027206308667625 0.019002785018296886 0.9300746532823312 0.1916303630670967 0.5971250379008082 0.19533761858051546 0.0 0.2303294472568158
0.6987247481757562 0.5111492499424667 0.8908447848539903 0.6213773498961492 0.3439642461515522 0.5094741263148256 0.011805844564305445 0.5804200990698745 0.5572266889238815 0.7935609795669039 0.9676943066217939 0.898804980527874 0.2303294472568158 0.0

# Optimal Walk
0 5 4 8 7 2 11 3 10 1 12 9 13 6 0
