# Graph size: 14
# Optimal cost: 1.363275406010564

# Distance Matrix
0.0 0.6100952337656178 0.8876330713101875 0.5959161671234698 0.7229464227873416 0.3085778479772102 0.9652816178791316 0.9967501576833248 0.9425343521588269 0.6821398268678327 0.26857054935560065 0.4436903068044168 0.929621993593715 0.4647488167324807
0.6100952337656178 0.0 0.27118353996273126 0.2608104242539918 0.3171465065184048 0.15981171151956441 0.726898768750763 0.30824370444259896 0.15465355040721207 0.4599393340428486 0.030246293355564058 0.3212403872558065 0.18460432065429833 0.7929635186572931
0.8876330713101875 0.27118353996273126 0.0 0.03920995047936793 0.5983934186714244 0.6509331328843675 0.3152815717103875 0.026020169989860564 0.052001636106089766 0.20482725793232637 0.0027055630956861476 0.47774793697100426 0.9782675505322074 0.1689901059411747
0.5959161671234698 0.2608104242539918 0.03920995047936793 0.0 0.09934466049454704 0.05532386288995794 0.031002394779562126 0.1491878877710341 0.07665076743013499 0.13777121476900955 0.7897381823525137 0.7406684259711354 0.427609249132879 0.027854715329224455
0.7229464227873416 0.3171465065184048 0.5983934186714244 0.09934466049454704 0.0 0.0016233748211603727 0.8670809917079947 0.07515782445201924 0.07601209512516449 0.04620424099381948 0.11081381044757188 0.9092686170098171 0.6913484432819798 0.42317199685166873
0.3085778479772102 0.15981171151956441 0.6509331328843675 0.05532386288995794 0.0016233748211603727 0.0 0.24620578251341818 0.9837294788731231 0.4516383749897648 0.09538096230526372 0.07087777133470563 0.2015128729552893 0.2986943053243051 0.3329208918557879
0.9652816178791316 0.726898768750763 0.3152815717103875 0.031002394779562126 0.8670809917079947 0.24620578251341818 0.0 0.5454678931644076 0.8967215462822127 0.11112368538161077 0.2987517730782109 0.19834415025394436 0.5814521356302997 0.7834121150954437
0.9967501576833248 0.30824370444259896 0.026020169989860564 0.1491878877710341 0.07515782445201924 0.9837294788731231 0.5454678931644076 0.0 0.9923873572267736 0.7294072001720497 0.2675194085691638 0.3084327676500649 0.3253391108762099 0.75588470604795
0.9425343521588269 0.15465355040721207 0.052001636106089766 0.07665076743013499 0.07601209512516449 0.4516383749897648 0.8967215462822127 0.9923873572267736 0.0 0.19583520562951728 0.25989742065097254 0.04050959690087885 0.6830578176997136 0.5103379539169394
0.6821398268678327 0.4599393340428486 0.20482725793232637 0.13777121476900955 0.04620424099381948 0.09538096230526372 0.11112368538161077 0.7294072001720497 0.19583520562951728 0.0 0.5019278920642966 0.9074503333111946 0.7541500259882803 0.39871994513297293
0.26857054935560065 0.030246293355564058 0.0027055630956861476 0.7897381823525137 0.11081381044757188 0.07087777133470563 0.2987517730782109 0.2675194085691638 0.25989742065097254 0.5019278920642966 0.0 0.9148407764328671 0.12637624919237855 0.43614639401997024
0.4436903068044168 0.3212403872558065 0.47774793697100426 0.7406684259711354 0.9092686170098171 0.2015128729552893 0.19834415025394436 0.3084327676500649 0.04050959690087885 0.9074503333111946 0.9148407764328671 0.0 0.4888013504195181 0.41940284550638085
0.929621993593715 0.18460432065429833 0.9782675505322074 0.427609249132879 0.6913484432819798 0.2986943053243051 0.5814521356302997 0.3253391108762099 0.6830578176997136 0.7541500259882803 0.12637624919237855 0.4888013504195181 0.0 0.15605485716089929
0.4647488167324807 0.7929635186572931 0.1689901059411747 0.027854715329224455 0.42317199685166873 0.3329208918557879 0.7834121150954437 0.75588470604795 0.5103379539169394 0.39871994513297293 0.43614639401997024 0.41940284550638085 0.15605485716089929 0.0

# Optimal Walk
0 10 12 13 3 6 9 5 4 11 8 7 2 1 0
