# MCW Instance
# Type: UNIFORM
# N: 14
# Optimal cost: 2.622717875242847
# Optimal tour (permutation): [0, 12, 13, 6, 1, 4, 5, 11, 3, 2, 8, 9, 10, 7, 0]
# Optimal walk (full path): [0, 9, 12, 13, 6, 1, 4, 5, 11, 3, 2, 8, 9, 7, 10, 7, 9, 0]
# Walk size: 18
# Is walk (has repeats): true

# Distance Matrix
0.0000000000 0.9053078457 0.9920911404 0.4223830768 0.0483751963 0.3332263572 0.8680566868 0.8868326600 0.2601854422 0.0042609652 0.6589831476 0.9586303123 0.4129508224 0.3051812267
0.9053078457 0.0000000000 0.5918613666 0.8195241981 0.2060451704 0.5400913137 0.2210578532 0.3477863742 0.7996207711 0.5716182484 0.8829353383 0.8690551652 0.4970047843 0.5949291819
0.9920911404 0.5918613666 0.0000000000 0.1389916802 0.3095526777 0.7570602896 0.2675080346 0.3183881532 0.2211906763 0.7884957522 0.7310994189 0.6857761246 0.2271788819 0.7837702622
0.4223830768 0.8195241981 0.1389916802 0.0000000000 0.1569535189 0.2066207106 0.7971020969 0.1871566422 0.3214828497 0.3597589684 0.9020338228 0.2596882357 0.3766677287 0.9557192588
0.0483751963 0.2060451704 0.3095526777 0.1569535189 0.0000000000 0.0231051186 0.6031289130 0.4180245419 0.4593674358 0.1910500683 0.2357707967 0.6726766989 0.8867345214 0.2195996748
0.3332263572 0.5400913137 0.7570602896 0.2066207106 0.0231051186 0.0000000000 0.2747772026 0.1310454717 0.9484198544 0.0621981869 0.2729532084 0.2279037999 0.7457523724 0.2693676489
0.8680566868 0.2210578532 0.2675080346 0.7971020969 0.6031289130 0.2747772026 0.0000000000 0.7822399537 0.7420134533 0.9909319582 0.8531469871 0.7718927061 0.4282915199 0.4186622044
0.8868326600 0.3477863742 0.3183881532 0.1871566422 0.4180245419 0.1310454717 0.7822399537 0.0000000000 0.4753849238 0.1162171297 0.0224299490 0.7843239110 0.7682662600 0.4849019905
0.2601854422 0.7996207711 0.2211906763 0.3214828497 0.4593674358 0.9484198544 0.7420134533 0.4753849238 0.0000000000 0.1651172225 0.6025293473 0.7683036147 0.6184007783 0.4814888274
0.0042609652 0.5716182484 0.7884957522 0.3597589684 0.1910500683 0.0621981869 0.9909319582 0.1162171297 0.1651172225 0.0000000000 0.5699346244 0.8991277385 0.1514786122 0.5211589714
0.6589831476 0.8829353383 0.7310994189 0.9020338228 0.2357707967 0.2729532084 0.8531469871 0.0224299490 0.6025293473 0.5699346244 0.0000000000 0.4374778681 0.6737610875 0.8599549953
0.9586303123 0.8690551652 0.6857761246 0.2596882357 0.6726766989 0.2279037999 0.7718927061 0.7843239110 0.7683036147 0.8991277385 0.4374778681 0.0000000000 0.5151632288 0.9497494145
0.4129508224 0.4970047843 0.2271788819 0.3766677287 0.8867345214 0.7457523724 0.4282915199 0.7682662600 0.6184007783 0.1514786122 0.6737610875 0.5151632288 0.0000000000 0.3036612141
0.3051812267 0.5949291819 0.7837702622 0.9557192588 0.2195996748 0.2693676489 0.4186622044 0.4849019905 0.4814888274 0.5211589714 0.8599549953 0.9497494145 0.3036612141 0.0000000000
