# MCW Instance
# Type: UNIFORM
# N: 14
# Optimal cost: 1.7155823999651887
# Optimal tour (permutation): [0, 11, 13, 7, 10, 8, 5, 4, 1, 3, 12, 6, 9, 2, 0]
# Optimal walk (full path): [0, 11, 13, 7, 5, 8, 10, 8, 5, 4, 1, 4, 12, 3, 12, 6, 9, 2, 9, 0]
# Walk size: 20
# Is walk (has repeats): true

# Distance Matrix
0.0000000000 0.5985501436 0.8939254331 0.2627376597 0.9770584062 0.8065484744 0.4993915236 0.6514765700 0.6861356708 0.0742156450 0.9325592840 0.0932242794 0.4124203206 0.7116182913
0.5985501436 0.0000000000 0.3917947527 0.8849778302 0.0346076608 0.2212105866 0.2315699499 0.8990475758 0.6784093308 0.3005405141 0.8623033876 0.8451824216 0.9679338337 0.9587114569
0.8939254331 0.3917947527 0.0000000000 0.8078779610 0.7436336220 0.4280460609 0.9919908067 0.8901055466 0.7105057311 0.1324627968 0.3461840551 0.6431957383 0.7045955932 0.7167558207
0.2627376597 0.8849778302 0.8078779610 0.0000000000 0.9568693245 0.2263259260 0.7140208134 0.4310971068 0.5033139418 0.2986984154 0.9712917824 0.9944960596 0.1378710075 0.5490101721
0.9770584062 0.0346076608 0.7436336220 0.9568693245 0.0000000000 0.1770821189 0.6304415723 0.6598807864 0.8300484939 0.3858040992 0.8132767720 0.7915779523 0.1391666297 0.1601977697
0.8065484744 0.2212105866 0.4280460609 0.2263259260 0.1770821189 0.0000000000 0.9352975198 0.1832327171 0.0066809312 0.8374930598 0.3164803766 0.5257299178 0.2067712119 0.2663065493
0.4993915236 0.2315699499 0.9919908067 0.7140208134 0.6304415723 0.9352975198 0.0000000000 0.7219096457 0.6810171579 0.0892545938 0.1712858454 0.8263870141 0.0543293828 0.2456420920
0.6514765700 0.8990475758 0.8901055466 0.4310971068 0.6598807864 0.1832327171 0.7219096457 0.0000000000 0.3816159094 0.8713715257 0.5268240566 0.6691766523 0.5198535015 0.0963117770
0.6861356708 0.6784093308 0.7105057311 0.5033139418 0.8300484939 0.0066809312 0.6810171579 0.3816159094 0.0000000000 0.1432372356 0.0460901038 0.3891573754 0.3945959785 0.4063981745
0.0742156450 0.3005405141 0.1324627968 0.2986984154 0.3858040992 0.8374930598 0.0892545938 0.8713715257 0.1432372356 0.0000000000 0.3241056642 0.2198334040 0.0437599129 0.4689155640
0.9325592840 0.8623033876 0.3461840551 0.9712917824 0.8132767720 0.3164803766 0.1712858454 0.5268240566 0.0460901038 0.3241056642 0.0000000000 0.2442514699 0.1402153634 0.2902567511
0.0932242794 0.8451824216 0.6431957383 0.9944960596 0.7915779523 0.5257299178 0.8263870141 0.6691766523 0.3891573754 0.2198334040 0.2442514699 0.0000000000 0.7320763506 0.0933402561
0.4124203206 0.9679338337 0.7045955932 0.1378710075 0.1391666297 0.2067712119 0.0543293828 0.5198535015 0.3945959785 0.0437599129 0.1402153634 0.7320763506 0.0000000000 0.7222536064
0.7116182913 0.9587114569 0.7167558207 0.5490101721 0.1601977697 0.2663065493 0.2456420920 0.0963117770 0.4063981745 0.4689155640 0.2902567511 0.0933402561 0.7222536064 0.0000000000
