# Graph size: 14
# Optimal cost: 1.7816824957345923

# Distance Matrix
0.0 0.9203192074942984 0.7915863042428077 0.4679838136390567 0.38360515536124173 0.11087617378102066 0.8862925703692264 0.8990718810388352 0.0028141665444617603 0.3092017173485212 0.38197589282244115 0.3821254951766052 0.24361915603601592 0.4852887097801517
0.9203192074942984 0.0 0.8777430989806417 0.4012282562515467 0.9238310848388483 0.003998851220526567 0.5538117179528852 0.9657782489266072 0.6740018817247393 0.3937972210904931 0.5370476785908509 0.955887252932669 0.11371541080069125 0.3498173883661718
0.7915863042428077 0.8777430989806417 0.0 0.7564254980636707 0.11130495289659914 0.022332951368191578 0.9578590854669946 0.5848282324363655 0.6158032551424371 0.41047340339339144 0.3768985300769764 0.41614355935393044 0.2455568200837983 0.6416731203277736
0.4679838136390567 0.4012282562515467 0.7564254980636707 0.0 0.24991670080812167 0.21040109511918537 0.34790785334528984 0.5280838851598177 0.9263284062078323 0.9547357850699837 0.4960046364098527 0.6297315159500018 0.17402121123125425 0.9342504140128334
0.38360515536124173 0.9238310848388483 0.11130495289659914 0.24991670080812167 0.0 0.5251549336432064 0.8237723011343717 0.4349892887294792 0.6843901812062703 0.7983368846646287 0.5783477321052002 0.8357752511172231 0.5052306384564269 0.971161309017469
0.11087617378102066 0.003998851220526567 0.022332951368191578 0.21040109511918537 0.5251549336432064 0.0 0.26505257770573043 0.1024077141680072 0.4581198123005259 0.2306817209371359 0.27469525045524956 0.24925066497973314 0.8364043232791002 0.967798810387729
0.8862925703692264 0.5538117179528852 0.9578590854669946 0.34790785334528984 0.8237723011343717 0.26505257770573043 0.0 0.6629434522134475 0.41215594403636346 0.2045079855508668 0.10960855184175966 0.5456121830933853 0.4785376117755501 0.23342128320728206
0.8990718810388352 0.9657782489266072 0.5848282324363655 0.5280838851598177 0.4349892887294792 0.1024077141680072 0.6629434522134475 0.0 0.8858944444759633 0.4877652921357918 0.2304628384602524 0.725698042044904 0.6330656202243543 0.6864657372556779
0.0028141665444617603 0.6740018817247393 0.6158032551424371 0.9263284062078323 0.6843901812062703 0.4581198123005259 0.41215594403636346 0.8858944444759633 0.0 0.56158125738036 0.41934573447907697 0.3491946778452293 0.8339238138816817 0.9546904305423747
0.3092017173485212 0.3937972210904931 0.41047340339339144 0.9547357850699837 0.7983368846646287 0.2306817209371359 0.2045079855508668 0.4877652921357918 0.56158125738036 0.0 0.38753420702326014 0.10541008526384699 0.16595671712215432 0.8139624414944354
0.38197589282244115 0.5370476785908509 0.3768985300769764 0.4960046364098527 0.5783477321052002 0.27469525045524956 0.10960855184175966 0.2304628384602524 0.41934573447907697 0.38753420702326014 0.0 0.10983716964561263 0.09175013372583807 0.3500867870993216
0.3821254951766052 0.955887252932669 0.41614355935393044 0.6297315159500018 0.8357752511172231 0.24925066497973314 0.5456121830933853 0.725698042044904 0.3491946778452293 0.10541008526384699 0.10983716964561263 0.0 0.43433255233887924 0.5807593438775498
0.24361915603601592 0.11371541080069125 0.2455568200837983 0.17402121123125425 0.5052306384564269 0.8364043232791002 0.4785376117755501 0.6330656202243543 0.8339238138816817 0.16595671712215432 0.09175013372583807 0.43433255233887924 0.0 0.029686416058038123
0.4852887097801517 0.3498173883661718 0.6416731203277736 0.9342504140128334 0.971161309017469 0.967798810387729 0.23342128320728206 0.6864657372556779 0.9546904305423747 0.8139624414944354 0.3500867870993216 0.5807593438775498 0.029686416058038123 0.0

# Optimal Walk
0 8 9 11 10 6 13 12 3 4 2 7 1 5 0
