# Graph size: 14
# Optimal cost: 1.9787735196292113

# Distance Matrix
0.0 0.5447250684681917 0.28636340716699604 0.5981930036282648 0.9561780859739102 0.9160607327177934 0.5667036422934816 0.40493178748435354 0.5883210518657392 0.9333625253719434 0.38506202671942935 0.27630091181750516 0.6813615261912773 0.4075204473745673
0.5447250684681917 0.0 0.5287538835886347 0.9849392821007548 0.9065820929289047 0.8245257416135108 0.9980504626989621 0.008774358510843516 0.19134787560644273 0.6514741595792486 0.1926385008158451 0.6332792167712427 0.9216262079321719 0.23966192574920664
0.28636340716699604 0.5287538835886347 0.0 0.3499346996683791 0.2470288024076227 0.2871239562091332 0.8025881763333843 0.6088207994128894 0.38307642312659296 0.23684579724391996 0.16640381589404007 0.6436538652198649 0.5440223921839096 0.9747917395776132
0.5981930036282648 0.9849392821007548 0.3499346996683791 0.0 0.991324096650491 0.415945767797272 0.6152491036587138 0.9186759515919236 0.9447478007673191 0.22489459692636726 0.7186475741530572 0.5689629727906019 0.8703035848035583 0.9029899584376736
0.9561780859739102 0.9065820929289047 0.2470288024076227 0.991324096650491 0.0 0.6882628730441115 0.7911815300166483 0.34176944683036337 0.6992032330529493 0.9596366812804066 0.601390384033984 0.11678888575474433 0.11981253273359327 0.5562271490422065
0.9160607327177934 0.8245257416135108 0.2871239562091332 0.415945767797272 0.6882628730441115 0.0 0.662834208324621 0.9125330263967166 0.7557019902405112 0.029138073286806954 0.35124219456484695 0.6139352697283667 0.9150130759846627 0.6604899802780874
0.5667036422934816 0.9980504626989621 0.8025881763333843 0.6152491036587138 0.7911815300166483 0.662834208324621 0.0 0.4268857571804815 0.4948510194717717 0.7013153696053533 0.9761188201556446 0.06342572864751705 0.28347182013099936 0.030003148462069085
0.40493178748435354 0.008774358510843516 0.6088207994128894 0.9186759515919236 0.34176944683036337 0.9125330263967166 0.4268857571804815 0.0 0.6298877595724489 0.22674381270160315 0.9355500724434872 0.9594130364233452 0.019750521129797916 0.17136676616774116
0.5883210518657392 0.19134787560644273 0.38307642312659296 0.9447478007673191 0.6992032330529493 0.7557019902405112 0.4948510194717717 0.6298877595724489 0.0 0.79246650591062 0.6281972012153056 0.5748058728754009 0.12775621242937518 0.3958994832386582
0.9333625253719434 0.6514741595792486 0.23684579724391996 0.22489459692636726 0.9596366812804066 0.029138073286806954 0.7013153696053533 0.22674381270160315 0.79246650591062 0.0 0.03677555640320662 0.5129338864347588 0.09065061580420186 0.6068320941196488
0.38506202671942935 0.1926385008158451 0.16640381589404007 0.7186475741530572 0.601390384033984 0.35124219456484695 0.9761188201556446 0.9355500724434872 0.6281972012153056 0.03677555640320662 0.0 0.8882295320540454 0.010206844225600364 0.986810375607874
0.27630091181750516 0.6332792167712427 0.6436538652198649 0.5689629727906019 0.11678888575474433 0.6139352697283667 0.06342572864751705 0.9594130364233452 0.5748058728754009 0.5129338864347588 0.8882295320540454 0.0 0.8338585396042271 0.712789017650826
0.6813615261912773 0.9216262079321719 0.5440223921839096 0.8703035848035583 0.11981253273359327 0.9150130759846627 0.28347182013099936 0.019750521129797916 0.12775621242937518 0.09065061580420186 0.010206844225600364 0.8338585396042271 0.0 0.14611915810207976
0.4075204473745673 0.23966192574920664 0.9747917395776132 0.9029899584376736 0.5562271490422065 0.6604899802780874 0.030003148462069085 0.17136676616774116 0.3958994832386582 0.6068320941196488 0.986810375607874 0.712789017650826 0.14611915810207976 0.0

# Optimal Walk
0 11 13 6 4 8 7 1 12 10 9 5 3 2 0
