# MCW Instance
# Type: UNIFORM
# N: 14
# Optimal cost: 2.398817237765308
# Optimal tour (permutation): [0, 10, 6, 4, 13, 11, 3, 12, 9, 7, 8, 5, 2, 1, 0]
# Optimal walk (full path): [0, 10, 6, 4, 11, 13, 11, 3, 12, 9, 7, 1, 8, 1, 5, 1, 2, 1, 0]
# Walk size: 19
# Is walk (has repeats): true

# Distance Matrix
0.0000000000 0.3130786820 0.5582892940 0.4625621742 0.4140011711 0.5366940125 0.3197600419 0.8895551273 0.8083455784 0.5480479037 0.3628083519 0.4774284218 0.5658713355 0.8510465709
0.3130786820 0.0000000000 0.0570396668 0.2073509954 0.1440020417 0.1369239752 0.5378038716 0.1657530244 0.1523770624 0.9922214075 0.1589839990 0.4141368971 0.0862652520 0.6338674485
0.5582892940 0.0570396668 0.0000000000 0.1687857934 0.1552908830 0.9737904293 0.9523950232 0.5704720915 0.7782117903 0.7822137600 0.4421831642 0.9044010933 0.1775189578 0.3435577152
0.4625621742 0.2073509954 0.1687857934 0.0000000000 0.1767132908 0.9933910492 0.3378684249 0.5061449436 0.8471809206 0.5303481537 0.5498532411 0.1961646987 0.0244053317 0.7552586440
0.4140011711 0.1440020417 0.1552908830 0.1767132908 0.0000000000 0.7811016451 0.0821682302 0.2268316869 0.3680595006 0.6647624018 0.5754341795 0.0815209630 0.2545674223 0.2872917747
0.5366940125 0.1369239752 0.9737904293 0.9933910492 0.7811016451 0.0000000000 0.9704333374 0.8503754119 0.5645585377 0.4584349202 0.6321617636 0.8604480006 0.1742560613 0.4285192989
0.3197600419 0.5378038716 0.9523950232 0.3378684249 0.0821682302 0.9704333374 0.0000000000 0.2709001793 0.9250367520 0.5898972333 0.0816555764 0.5099963339 0.6713654989 0.9047144936
0.8895551273 0.1657530244 0.5704720915 0.5061449436 0.2268316869 0.8503754119 0.2709001793 0.0000000000 0.4781673002 0.1485565831 0.8010050176 0.5085802621 0.2455476280 0.7484714754
0.8083455784 0.1523770624 0.7782117903 0.8471809206 0.3680595006 0.5645585377 0.9250367520 0.4781673002 0.0000000000 0.7007893514 0.8677288483 0.7244675721 0.4339898152 0.4948343846
0.5480479037 0.9922214075 0.7822137600 0.5303481537 0.6647624018 0.4584349202 0.5898972333 0.1485565831 0.7007893514 0.0000000000 0.8413824015 0.9648370849 0.0820938674 0.5823664016
0.3628083519 0.1589839990 0.4421831642 0.5498532411 0.5754341795 0.6321617636 0.0816555764 0.8010050176 0.8677288483 0.8413824015 0.0000000000 0.6827728971 0.6366468912 0.4032185161
0.4774284218 0.4141368971 0.9044010933 0.1961646987 0.0815209630 0.8604480006 0.5099963339 0.5085802621 0.7244675721 0.9648370849 0.6827728971 0.0000000000 0.9414209741 0.0839652601
0.5658713355 0.0862652520 0.1775189578 0.0244053317 0.2545674223 0.1742560613 0.6713654989 0.2455476280 0.4339898152 0.0820938674 0.6366468912 0.9414209741 0.0000000000 0.6712950650
0.8510465709 0.6338674485 0.3435577152 0.7552586440 0.2872917747 0.4285192989 0.9047144936 0.7484714754 0.4948343846 0.5823664016 0.4032185161 0.0839652601 0.6712950650 0.0000000000
