# MCW Instance
# Type: UNIFORM
# N: 14
# Optimal cost: 1.6654348793314835
# Optimal tour (permutation): [0, 11, 6, 13, 10, 1, 9, 3, 12, 2, 4, 8, 7, 5, 0]
# Optimal walk (full path): [0, 6, 11, 6, 13, 10, 1, 9, 3, 12, 2, 12, 8, 4, 8, 7, 5, 7, 6, 0]
# Walk size: 20
# Is walk (has repeats): true

# Distance Matrix
0.0000000000 0.1747101530 0.7860335316 0.6973779003 0.5238564110 0.8708290494 0.0184804056 0.5750017675 0.4033284690 0.3235449332 0.6239934678 0.1677312569 0.8413291145 0.7680546634
0.1747101530 0.0000000000 0.8063993828 0.3115702443 0.7341546549 0.8810187246 0.2756149160 0.1877491455 0.6065248046 0.0466445504 0.0476976120 0.6455144356 0.5329948629 0.1072223632
0.7860335316 0.8063993828 0.0000000000 0.3101365457 0.3892684256 0.5529674657 0.5573721442 0.7777062958 0.5171503470 0.6769912821 0.5172376732 0.9417470405 0.0397516240 0.9501969958
0.6973779003 0.3115702443 0.3101365457 0.0000000000 0.9770893200 0.6245220847 0.4305091873 0.9381357843 0.7442748808 0.2903435820 0.9634227874 0.4309490896 0.2431832184 0.6364463791
0.5238564110 0.7341546549 0.3892684256 0.9770893200 0.0000000000 0.5790936471 0.1237127477 0.8198629616 0.0891284822 0.2866831405 0.5239625666 0.4851643468 0.9644661951 0.6572421220
0.8708290494 0.8810187246 0.5529674657 0.6245220847 0.5790936471 0.0000000000 0.3618224788 0.0937495622 0.2179507704 0.7929628557 0.3338204555 0.8010425048 0.9036826795 0.2672570146
0.0184804056 0.2756149160 0.5573721442 0.4305091873 0.1237127477 0.3618224788 0.0000000000 0.0983914789 0.2661668132 0.6912983671 0.9221650449 0.0592309274 0.4761462192 0.0475937501
0.5750017675 0.1877491455 0.7777062958 0.9381357843 0.8198629616 0.0937495622 0.0983914789 0.0000000000 0.0824534461 0.6220756860 0.2551187743 0.9798475388 0.6998582861 0.2911545139
0.4033284690 0.6065248046 0.5171503470 0.7442748808 0.0891284822 0.2179507704 0.2661668132 0.0824534461 0.0000000000 0.4920425997 0.5591367899 0.1762847285 0.1834631392 0.8713474609
0.3235449332 0.0466445504 0.6769912821 0.2903435820 0.2866831405 0.7929628557 0.6912983671 0.6220756860 0.4920425997 0.0000000000 0.7944756610 0.1313739839 0.2821836815 0.4232133403
0.6239934678 0.0476976120 0.5172376732 0.9634227874 0.5239625666 0.3338204555 0.9221650449 0.2551187743 0.5591367899 0.7944756610 0.0000000000 0.8123981315 0.1777006073 0.0249820993
0.1677312569 0.6455144356 0.9417470405 0.4309490896 0.4851643468 0.8010425048 0.0592309274 0.9798475388 0.1762847285 0.1313739839 0.8123981315 0.0000000000 0.5236330520 0.7116436925
0.8413291145 0.5329948629 0.0397516240 0.2431832184 0.9644661951 0.9036826795 0.4761462192 0.6998582861 0.1834631392 0.2821836815 0.1777006073 0.5236330520 0.0000000000 0.8459646728
0.7680546634 0.1072223632 0.9501969958 0.6364463791 0.6572421220 0.2672570146 0.0475937501 0.2911545139 0.8713474609 0.4232133403 0.0249820993 0.7116436925 0.8459646728 0.0000000000
