# MCW Instance
# Type: UNIFORM
# N: 14
# Optimal cost: 1.1662365978313636
# Optimal tour (permutation): [0, 13, 2, 9, 10, 5, 6, 3, 4, 1, 8, 12, 11, 7, 0]
# Optimal walk (full path): [0, 7, 13, 2, 9, 8, 10, 8, 5, 6, 3, 8, 4, 8, 1, 8, 12, 11, 7, 0]
# Walk size: 20
# Is walk (has repeats): true

# Distance Matrix
0.0000000000 0.0852722559 0.8099604988 0.2645718241 0.1319178887 0.0701900586 0.2787083418 0.0014932263 0.3185699107 0.4175583235 0.2774531264 0.9104759756 0.1531809517 0.0626807225
0.0852722559 0.0000000000 0.4566351932 0.5744198599 0.7655869097 0.4304586051 0.9377102663 0.6349262959 0.0124720749 0.1433088328 0.6020088244 0.7900917279 0.2844556322 0.0941798283
0.8099604988 0.4566351932 0.0000000000 0.3657644202 0.9323167496 0.4547578565 0.8292761192 0.8285482411 0.4141983547 0.1696716104 0.8423286183 0.1911369044 0.3534246866 0.0804793362
0.2645718241 0.5744198599 0.3657644202 0.0000000000 0.8207244227 0.8788787906 0.0916929217 0.5471192161 0.1035363038 0.8779138714 0.4080225878 0.8058188754 0.6124689430 0.3941407436
0.1319178887 0.7655869097 0.9323167496 0.8207244227 0.0000000000 0.8534383833 0.5860782266 0.2989650234 0.0786137967 0.6218476530 0.6867980356 0.7141913519 0.7280923450 0.7010397394
0.0701900586 0.4304586051 0.4547578565 0.8788787906 0.8534383833 0.0000000000 0.0770141300 0.6533515304 0.0657528281 0.6580856930 0.6736117624 0.9517482262 0.9346139027 0.3050184572
0.2787083418 0.9377102663 0.8292761192 0.0916929217 0.5860782266 0.0770141300 0.0000000000 0.0665582165 0.4172446953 0.9950139684 0.6635252831 0.1116061540 0.5722518066 0.8075188056
0.0014932263 0.6349262959 0.8285482411 0.5471192161 0.2989650234 0.6533515304 0.0665582165 0.0000000000 0.1014855043 0.4910841472 0.3480932894 0.0039267775 0.2495386190 0.0553050831
0.3185699107 0.0124720749 0.4141983547 0.1035363038 0.0786137967 0.0657528281 0.4172446953 0.1014855043 0.0000000000 0.1255787364 0.1015781373 0.3224690825 0.0002866376 0.5478399511
0.4175583235 0.1433088328 0.1696716104 0.8779138714 0.6218476530 0.6580856930 0.9950139684 0.4910841472 0.1255787364 0.0000000000 0.3999632607 0.7680453680 0.7118927650 0.3449634073
0.2774531264 0.6020088244 0.8423286183 0.4080225878 0.6867980356 0.6736117624 0.6635252831 0.3480932894 0.1015781373 0.3999632607 0.0000000000 0.3136647987 0.7450535739 0.4121689682
0.9104759756 0.7900917279 0.1911369044 0.8058188754 0.7141913519 0.9517482262 0.1116061540 0.0039267775 0.3224690825 0.7680453680 0.3136647987 0.0000000000 0.0046777628 0.4419567856
0.1531809517 0.2844556322 0.3534246866 0.6124689430 0.7280923450 0.9346139027 0.5722518066 0.2495386190 0.0002866376 0.7118927650 0.7450535739 0.0046777628 0.0000000000 0.7926155909
0.0626807225 0.0941798283 0.0804793362 0.3941407436 0.7010397394 0.3050184572 0.8075188056 0.0553050831 0.5478399511 0.3449634073 0.4121689682 0.4419567856 0.7926155909 0.0000000000
