# Graph size: 14
# Optimal cost: 2.267608476244974

# Distance Matrix
0.0 0.6701550794179584 0.9507736838691279 0.8936983632177159 0.012690086668584954 0.8954370904434189 0.9942443668992992 0.3074851308087677 0.8679348541474646 0.6853592068379122 0.6627153885313465 0.7020573423990862 0.5952040187441359 0.5905999777527811
0.6701550794179584 0.0 0.44771561586956743 0.21607284591151754 0.1617979149994151 0.8084824623056301 0.5918154474834911 0.06638963280693777 0.9752810028238049 0.7367974585634061 0.7151211911298524 0.3432414839559855 0.7145437909205858 0.9411868284875451
0.9507736838691279 0.44771561586956743 0.0 0.5789392237192921 0.3630321007012106 0.21321092422287558 0.625228278592657 0.5496291036321093 0.023845926581463894 0.5839025280015498 0.9745905357636335 0.4594527963406977 0.15662674220850692 0.7962702344228815
0.8936983632177159 0.21607284591151754 0.5789392237192921 0.0 0.8101035919538226 0.7262676447959617 0.6940754246819814 0.4773924718680065 0.8293155903835244 0.7901984954780882 0.5896709657897157 0.7900291346483832 0.3420845290597819 0.15296451599103733
0.012690086668584954 0.1617979149994151 0.3630321007012106 0.8101035919538226 0.0 0.8108194548163408 0.8623980829268239 0.8129793841545104 0.5643242998512945 0.40298809657392687 0.392551635995703 0.7117417444270432 0.19014308061456975 0.5757821303149027
0.8954370904434189 0.8084824623056301 0.21321092422287558 0.7262676447959617 0.8108194548163408 0.0 0.7310939835790687 0.14278616470327887 0.917873532129991 0.9972747803267366 0.9578951817979624 0.4756930307584235 0.30778216833490124 0.9995014518330847
0.9942443668992992 0.5918154474834911 0.625228278592657 0.6940754246819814 0.8623980829268239 0.7310939835790687 0.0 0.2116215002639127 0.7308751325551046 0.08204111216338683 0.19588108937782234 0.8053155530605751 0.7880755960474055 0.4588451942445553
0.3074851308087677 0.06638963280693777 0.5496291036321093 0.4773924718680065 0.8129793841545104 0.14278616470327887 0.2116215002639127 0.0 0.09042944740826353 0.4669238328121508 0.5800807727089687 0.08500239345585336 0.6189798965171804 0.3805838246079245
0.8679348541474646 0.9752810028238049 0.023845926581463894 0.8293155903835244 0.5643242998512945 0.917873532129991 0.7308751325551046 0.09042944740826353 0.0 0.31000903792837076 0.7979854918800923 0.20422983694733976 0.5726460916214808 0.3877624477226681
0.6853592068379122 0.7367974585634061 0.5839025280015498 0.7901984954780882 0.40298809657392687 0.9972747803267366 0.08204111216338683 0.4669238328121508 0.31000903792837076 0.0 0.9572213123449903 0.829281639559869 0.5858213535457013 0.21970515753033115
0.6627153885313465 0.7151211911298524 0.9745905357636335 0.5896709657897157 0.392551635995703 0.9578951817979624 0.19588108937782234 0.5800807727089687 0.7979854918800923 0.9572213123449903 0.0 0.6244335259948691 0.8384489508266865 0.31550674491421193
0.7020573423990862 0.3432414839559855 0.4594527963406977 0.7900291346483832 0.7117417444270432 0.4756930307584235 0.8053155530605751 0.08500239345585336 0.20422983694733976 0.829281639559869 0.6244335259948691 0.0 0.20535871842534537 0.44414340587218903
0.5952040187441359 0.7145437909205858 0.15662674220850692 0.3420845290597819 0.19014308061456975 0.30778216833490124 0.7880755960474055 0.6189798965171804 0.5726460916214808 0.5858213535457013 0.8384489508266865 0.20535871842534537 0.0 0.6594507222136852
0.5905999777527811 0.9411868284875451 0.7962702344228815 0.15296451599103733 0.5757821303149027 0.9995014518330847 0.4588451942445553 0.3805838246079245 0.3877624477226681 0.21970515753033115 0.31550674491421193 0.44414340587218903 0.6594507222136852 0.0

# Optimal Walk
0 12 2 8 11 7 5 1 3 13 9 6 10 4 0
