# MCW Instance
# Type: UNIFORM
# N: 14
# Optimal cost: 1.3490942724409227
# Optimal tour (permutation): [0, 7, 9, 2, 12, 5, 13, 11, 3, 8, 10, 1, 6, 4, 0]
# Optimal walk (full path): [0, 7, 9, 2, 12, 5, 13, 11, 3, 11, 8, 10, 1, 6, 4, 0]
# Walk size: 16
# Is walk (has repeats): true

# Distance Matrix
0.0000000000 0.5572949042 0.2885574093 0.9399517874 0.1379304702 0.3499605650 0.9403087883 0.0465868295 0.6547285622 0.8642041410 0.5925579415 0.9703156376 0.9888809770 0.1566253079
0.5572949042 0.0000000000 0.7441758149 0.3078500879 0.9396827733 0.5978148593 0.1551241786 0.2969705463 0.3225506344 0.2001739372 0.1719604670 0.4743437350 0.7405120214 0.8240604884
0.2885574093 0.7441758149 0.0000000000 0.7957827910 0.9365362624 0.8734183878 0.1184948496 0.3500675789 0.3148508665 0.1037605710 0.5067576424 0.7865163522 0.0443377444 0.1192537399
0.9399517874 0.3078500879 0.7957827910 0.0000000000 0.2625647310 0.3789419087 0.7583102586 0.9848979207 0.7391058020 0.7983890079 0.6719212001 0.0610097445 0.1110842252 0.3370974337
0.1379304702 0.9396827733 0.9365362624 0.2625647310 0.0000000000 0.6318317446 0.0587597134 0.5689980219 0.3545809628 0.1037325030 0.4710384839 0.7652527381 0.8560083663 0.7454519545
0.3499605650 0.5978148593 0.8734183878 0.3789419087 0.6318317446 0.0000000000 0.5940147177 0.4532989400 0.4812377148 0.3706145519 0.3635359994 0.6838386629 0.0822684679 0.0462872611
0.9403087883 0.1551241786 0.1184948496 0.7583102586 0.0587597134 0.5940147177 0.0000000000 0.2705638121 0.6262462513 0.4975407105 0.7877797236 0.6911220046 0.0687012736 0.0934243190
0.0465868295 0.2969705463 0.3500675789 0.9848979207 0.5689980219 0.4532989400 0.2705638121 0.0000000000 0.8147398834 0.0687774928 0.9171320790 0.1364051513 0.6149136808 0.5214614794
0.6547285622 0.3225506344 0.3148508665 0.7391058020 0.3545809628 0.4812377148 0.6262462513 0.8147398834 0.0000000000 0.5609205649 0.0838894873 0.1254134185 0.6094776976 0.8024202795
0.8642041410 0.2001739372 0.1037605710 0.7983890079 0.1037325030 0.3706145519 0.4975407105 0.0687774928 0.5609205649 0.0000000000 0.4372118394 0.1860667655 0.1978337792 0.1576911129
0.5925579415 0.1719604670 0.5067576424 0.6719212001 0.4710384839 0.3635359994 0.7877797236 0.9171320790 0.0838894873 0.4372118394 0.0000000000 0.8873454233 0.0453941171 0.5735709327
0.9703156376 0.4743437350 0.7865163522 0.0610097445 0.7652527381 0.6838386629 0.6911220046 0.1364051513 0.1254134185 0.1860667655 0.8873454233 0.0000000000 0.7274561055 0.1019786819
0.9888809770 0.7405120214 0.0443377444 0.1110842252 0.8560083663 0.0822684679 0.0687012736 0.6149136808 0.6094776976 0.1978337792 0.0453941171 0.7274561055 0.0000000000 0.1069892485
0.1566253079 0.8240604884 0.1192537399 0.3370974337 0.7454519545 0.0462872611 0.0934243190 0.5214614794 0.8024202795 0.1576911129 0.5735709327 0.1019786819 0.1069892485 0.0000000000
