# MCW Instance
# Type: UNIFORM
# N: 14
# Optimal cost: 2.457867334812288
# Optimal tour (permutation): [0, 6, 7, 5, 10, 9, 11, 12, 13, 1, 3, 8, 2, 4, 0]
# Optimal walk (full path): [0, 6, 7, 5, 10, 9, 10, 11, 12, 13, 1, 13, 3, 8, 0, 2, 0, 4, 0]
# Walk size: 19
# Is walk (has repeats): true

# Distance Matrix
0.0000000000 0.1955645563 0.1102728395 0.3656926551 0.0175297241 0.6228317341 0.0906875514 0.4966797199 0.3608934177 0.3594215818 0.9491539599 0.4743445132 0.8187745476 0.5489854730
0.1955645563 0.0000000000 0.7009021424 0.9534027947 0.6691567420 0.6030950764 0.5932156133 0.5950840528 0.8677530995 0.5100832663 0.8542493774 0.8544697318 0.9914047449 0.1795612169
0.1102728395 0.7009021424 0.0000000000 0.5183944598 0.7647040985 0.8477628301 0.4327493895 0.3457978805 0.6451105547 0.2927887562 0.8278618407 0.1593105915 0.2549723868 0.7438958232
0.3656926551 0.9534027947 0.5183944598 0.0000000000 0.3701352468 0.7590501640 0.2907135253 0.8540949196 0.2976948761 0.9429292764 0.2814413704 0.8212959928 0.5573020210 0.0609143671
0.0175297241 0.6691567420 0.7647040985 0.3701352468 0.0000000000 0.8762906128 0.8469557909 0.2881284222 0.9614441033 0.2367331679 0.3295515929 0.6170551473 0.1503501081 0.7479960381
0.6228317341 0.6030950764 0.8477628301 0.7590501640 0.8762906128 0.0000000000 0.4809001685 0.3355946007 0.4757873429 0.5459558605 0.1871290475 0.5763864884 0.6770951666 0.4193544029
0.0906875514 0.5932156133 0.4327493895 0.2907135253 0.8469557909 0.4809001685 0.0000000000 0.1011477685 0.4363192732 0.6911742529 0.4919074428 0.1497546631 0.6036809395 0.6968787672
0.4966797199 0.5950840528 0.3457978805 0.8540949196 0.2881284222 0.3355946007 0.1011477685 0.0000000000 0.7148543467 0.8660544213 0.4383443198 0.4960870028 0.6077235161 0.2166503709
0.3608934177 0.8677530995 0.6451105547 0.2976948761 0.9614441033 0.4757873429 0.4363192732 0.7148543467 0.0000000000 0.6268432146 0.9795279520 0.8735645003 0.8831148419 0.4882982067
0.3594215818 0.5100832663 0.2927887562 0.9429292764 0.2367331679 0.5459558605 0.6911742529 0.8660544213 0.6268432146 0.0000000000 0.1061051467 0.4846251140 0.2785296663 0.2425013429
0.9491539599 0.8542493774 0.8278618407 0.2814413704 0.3295515929 0.1871290475 0.4919074428 0.4383443198 0.9795279520 0.1061051467 0.0000000000 0.0363734441 0.5854272562 0.9324283601
0.4743445132 0.8544697318 0.1593105915 0.8212959928 0.6170551473 0.5763864884 0.1497546631 0.4960870028 0.8735645003 0.4846251140 0.0363734441 0.0000000000 0.0680714873 0.8039882373
0.8187745476 0.9914047449 0.2549723868 0.5573020210 0.1503501081 0.6770951666 0.6036809395 0.6077235161 0.8831148419 0.2785296663 0.5854272562 0.0680714873 0.0000000000 0.0924229204
0.5489854730 0.1795612169 0.7438958232 0.0609143671 0.7479960381 0.4193544029 0.6968787672 0.2166503709 0.4882982067 0.2425013429 0.9324283601 0.8039882373 0.0924229204 0.0000000000
