# Graph size: 14
# Optimal cost: 1.7552900714263344

# Distance Matrix
0.0 0.08057539196996344 0.1965204717229707 0.008631869935714187 0.735081023135084 0.33643469874991583 0.7233641446134957 0.9099296985880988 0.43449977954424035 0.33326145959070763 0.6657397595335 0.9733797471585546 0.20762667161751303 0.5976803133151495
0.08057539196996344 0.0 0.9438087969952523 0.0273173031213777 0.8098053080582158 0.7367413647356461 0.036264816618537976 0.9717440634678767 0.3059079793011972 0.6791800884922763 0.6253151494552485 0.8425675649120774 0.9555523594581418 0.9655367088719187
0.1965204717229707 0.9438087969952523 0.0 0.4524869018041583 0.7218343875837936 0.6723167987417669 0.7441481520644384 0.3247405137517131 0.21786487974281832 0.2703632995179507 0.20912718692744847 0.01603862993886529 0.333923561931594 0.15816700435532316
0.008631869935714187 0.0273173031213777 0.4524869018041583 0.0 0.5767943632837575 0.1464322250956719 0.4200352606549703 0.6165895140183895 0.3386310135359788 0.9888895293847744 0.559784942233154 0.3073227728524005 0.4516719253408885 0.5535079129762676
0.735081023135084 0.8098053080582158 0.7218343875837936 0.5767943632837575 0.0 0.18241408562170192 0.19776910341862386 0.3313587607880084 0.22941259329003139 0.9102546860320585 0.6597121952317454 0.9972265978159252 0.7265600140802484 0.6525170328044335
0.33643469874991583 0.7367413647356461 0.6723167987417669 0.1464322250956719 0.18241408562170192 0.0 0.10167281327690025 0.4883970561503703 0.05282840043074488 0.7386753348555349 0.1286321376771299 0.7137039372843076 0.7861909484943523 0.4481704723101877
0.7233641446134957 0.036264816618537976 0.7441481520644384 0.4200352606549703 0.19776910341862386 0.10167281327690025 0.0 0.8878446188150237 0.23037817570997954 0.9574328188918777 0.637877117255527 0.9557511962977031 0.0555704764360313 0.44578504137790287
0.9099296985880988 0.9717440634678767 0.3247405137517131 0.6165895140183895 0.3313587607880084 0.4883970561503703 0.8878446188150237 0.0 0.294757646697259 0.8485433410432267 0.5065921527678489 0.908014786418987 0.7483530311674952 0.9977164171859378
0.43449977954424035 0.3059079793011972 0.21786487974281832 0.3386310135359788 0.22941259329003139 0.05282840043074488 0.23037817570997954 0.294757646697259 0.0 0.23860547104748198 0.9109235293379597 0.966236678178696 0.8219912136512864 0.1025971612674147
0.33326145959070763 0.6791800884922763 0.2703632995179507 0.9888895293847744 0.9102546860320585 0.7386753348555349 0.9574328188918777 0.8485433410432267 0.23860547104748198 0.0 0.11787014345735525 0.8252839465647582 0.3482702765563864 0.18181934123103338
0.6657397595335 0.6253151494552485 0.20912718692744847 0.559784942233154 0.6597121952317454 0.1286321376771299 0.637877117255527 0.5065921527678489 0.9109235293379597 0.11787014345735525 0.0 0.09184897956349725 0.5025869806401796 0.6868358600388519
0.9733797471585546 0.8425675649120774 0.01603862993886529 0.3073227728524005 0.9972265978159252 0.7137039372843076 0.9557511962977031 0.908014786418987 0.966236678178696 0.8252839465647582 0.09184897956349725 0.0 0.38148492074314366 0.5208179605563367
0.20762667161751303 0.9555523594581418 0.333923561931594 0.4516719253408885 0.7265600140802484 0.7861909484943523 0.0555704764360313 0.7483530311674952 0.8219912136512864 0.3482702765563864 0.5025869806401796 0.38148492074314366 0.0 0.16207028603586227
0.5976803133151495 0.9655367088719187 0.15816700435532316 0.5535079129762676 0.6525170328044335 0.4481704723101877 0.44578504137790287 0.9977164171859378 0.1025971612674147 0.18181934123103338 0.6868358600388519 0.5208179605563367 0.16207028603586227 0.0

# Optimal Walk
0 5 8 13 9 10 11 2 7 4 12 6 1 3 0
