# Graph size: 14
# Optimal cost: 2.1699153193088674

# Distance Matrix
0.0 0.2752957799652327 0.18367962426608997 0.16959257845353148 0.38713158503200795 0.07060078390413382 0.13472493637255645 0.26417380167682813 0.7881375369168913 0.4200582629720896 0.3708810665464036 0.49444006437886867 0.14051210214332344 0.8189576078399138
0.2752957799652327 0.0 0.18964276164719307 0.7845799256085881 0.9561893686325307 0.9878584611267026 0.05213960541436835 0.0734577552154908 0.27041027412978835 0.5315337768465931 0.35364482568388955 0.908055140576044 0.8502277911261109 0.792783560312848
0.18367962426608997 0.18964276164719307 0.0 0.5251627016146715 0.36119276015233537 0.6111810420447312 0.47658992078566687 0.09356627036105336 0.48621027127327887 0.026348740144563343 0.9648091724568173 0.02404656295705032 0.13163229427053758 0.8989059443133579
0.16959257845353148 0.7845799256085881 0.5251627016146715 0.0 0.36757476052794724 0.3961732861950684 0.8304509226626079 0.9874726311187962 0.2648103143352656 0.22365618620106453 0.6515064139324169 0.6229565499413482 0.7797290726077205 0.017935058334577425
0.38713158503200795 0.9561893686325307 0.36119276015233537 0.36757476052794724 0.0 0.3545490096792322 0.6362566092573836 0.09592261808882441 0.517015922585967 0.9259172704282599 0.6281073594305132 0.7806180465841078 0.8535093117524555 0.5883687748083376
0.07060078390413382 0.9878584611267026 0.6111810420447312 0.3961732861950684 0.3545490096792322 0.0 0.8555093936569873 0.30890972012135776 0.3196164247442447 0.6764513547580326 0.783603968741472 0.9972479314980889 0.8018473077861107 0.3479042823644788
0.13472493637255645 0.05213960541436835 0.47658992078566687 0.8304509226626079 0.6362566092573836 0.8555093936569873 0.0 0.6575147436001153 0.1491933897376403 0.9045444474103054 0.9619307929179338 0.28559336825220727 0.5924235569923533 0.7588248482566172
0.26417380167682813 0.0734577552154908 0.09356627036105336 0.9874726311187962 0.09592261808882441 0.30890972012135776 0.6575147436001153 0.0 0.09678384720877686 0.5936697726512071 0.943202366551078 0.5223414863227485 0.60196027632763 0.40932203049142657
0.7881375369168913 0.27041027412978835 0.48621027127327887 0.2648103143352656 0.517015922585967 0.3196164247442447 0.1491933897376403 0.09678384720877686 0.0 0.8730027521423099 0.6153053702853161 0.7843981557657693 0.3658446677128726 0.3716964754648304
0.4200582629720896 0.5315337768465931 0.026348740144563343 0.22365618620106453 0.9259172704282599 0.6764513547580326 0.9045444474103054 0.5936697726512071 0.8730027521423099 0.0 0.8094978245892454 0.8134254259977642 0.777508591540363 0.5027040016962598
0.3708810665464036 0.35364482568388955 0.9648091724568173 0.6515064139324169 0.6281073594305132 0.783603968741472 0.9619307929179338 0.943202366551078 0.6153053702853161 0.8094978245892454 0.0 0.3895414272680673 0.6958081554736331 0.8308696437725024
0.49444006437886867 0.908055140576044 0.02404656295705032 0.6229565499413482 0.7806180465841078 0.9972479314980889 0.28559336825220727 0.5223414863227485 0.7843981557657693 0.8134254259977642 0.3895414272680673 0.0 0.42772190630156814 0.7394880826711767
0.14051210214332344 0.8502277911261109 0.13163229427053758 0.7797290726077205 0.8535093117524555 0.8018473077861107 0.5924235569923533 0.60196027632763 0.3658446677128726 0.777508591540363 0.6958081554736331 0.42772190630156814 0.0 0.7200991527218373
0.8189576078399138 0.792783560312848 0.8989059443133579 0.017935058334577425 0.5883687748083376 0.3479042823644788 0.7588248482566172 0.40932203049142657 0.3716964754648304 0.5027040016962598 0.8308696437725024 0.7394880826711767 0.7200991527218373 0.0

# Optimal Walk
0 5 12 9 2 11 10 6 1 7 4 8 13 3 0
