# MCW Instance
# Type: UNIFORM
# N: 14
# Optimal cost: 0.5370329699879279
# Optimal tour (permutation): [0, 8, 9, 2, 5, 1, 6, 10, 7, 12, 3, 13, 11, 4, 0]
# Optimal walk (full path): [0, 8, 9, 2, 5, 1, 6, 7, 10, 7, 3, 12, 3, 13, 11, 4, 11, 0]
# Walk size: 18
# Is walk (has repeats): true

# Distance Matrix
0.0000000000 0.5846317263 0.8085920713 0.1118331485 0.8488423233 0.1103245976 0.4186215158 0.6387549859 0.0584813560 0.1556786069 0.7232252184 0.0077241964 0.8208522127 0.3936835766
0.5846317263 0.0000000000 0.1707189986 0.3869402473 0.5317847835 0.0735771344 0.0092492397 0.9517628638 0.8625274492 0.7374709990 0.7837433208 0.4457107226 0.5088038806 0.6443454716
0.8085920713 0.1707189986 0.0000000000 0.9683060542 0.7039702879 0.0293101934 0.5525651139 0.0583107418 0.2637128001 0.0280775289 0.9036712033 0.0645984504 0.5927441649 0.1939143041
0.1118331485 0.3869402473 0.9683060542 0.0000000000 0.1230572810 0.5016129080 0.6564889680 0.0001807411 0.7072365125 0.6419625015 0.5130362523 0.1894387407 0.0027600738 0.0218146539
0.8488423233 0.5317847835 0.7039702879 0.1230572810 0.0000000000 0.3769516102 0.5200577075 0.0984485111 0.9246925442 0.1247863066 0.6356470269 0.0504485496 0.8456574839 0.5286910816
0.1103245976 0.0735771344 0.0293101934 0.5016129080 0.3769516102 0.0000000000 0.3332245856 0.7387302553 0.7435248101 0.5992684679 0.9523196953 0.0139903727 0.2256749806 0.2947745421
0.4186215158 0.0092492397 0.5525651139 0.6564889680 0.5200577075 0.3332245856 0.0000000000 0.0847481261 0.4355293768 0.6781859207 0.5110066991 0.3135857125 0.8235217190 0.7534260626
0.6387549859 0.9517628638 0.0583107418 0.0001807411 0.0984485111 0.7387302553 0.0847481261 0.0000000000 0.7046919022 0.2299063674 0.0531998967 0.5579126833 0.7229150756 0.5471390806
0.0584813560 0.8625274492 0.2637128001 0.7072365125 0.9246925442 0.7435248101 0.4355293768 0.7046919022 0.0000000000 0.0038244319 0.3451527912 0.4121047853 0.7354378291 0.3419141176
0.1556786069 0.7374709990 0.0280775289 0.6419625015 0.1247863066 0.5992684679 0.6781859207 0.2299063674 0.0038244319 0.0000000000 0.5113493314 0.3623196306 0.2322470702 0.8660614094
0.7232252184 0.7837433208 0.9036712033 0.5130362523 0.6356470269 0.9523196953 0.5110066991 0.0531998967 0.3451527912 0.5113493314 0.0000000000 0.2162685072 0.7060550916 0.9502851747
0.0077241964 0.4457107226 0.0645984504 0.1894387407 0.0504485496 0.0139903727 0.3135857125 0.5579126833 0.4121047853 0.3623196306 0.2162685072 0.0000000000 0.4697604497 0.0072283278
0.8208522127 0.5088038806 0.5927441649 0.0027600738 0.8456574839 0.2256749806 0.8235217190 0.7229150756 0.7354378291 0.2322470702 0.7060550916 0.4697604497 0.0000000000 0.2355177226
0.3936835766 0.6443454716 0.1939143041 0.0218146539 0.5286910816 0.2947745421 0.7534260626 0.5471390806 0.3419141176 0.8660614094 0.9502851747 0.0072283278 0.2355177226 0.0000000000
