# MCW Instance
# Type: UNIFORM
# N: 14
# Optimal cost: 1.761219475984156
# Optimal tour (permutation): [0, 2, 1, 12, 11, 6, 9, 10, 4, 13, 7, 8, 5, 3, 0]
# Optimal walk (full path): [0, 2, 1, 12, 11, 12, 6, 9, 10, 4, 8, 13, 8, 7, 8, 3, 5, 3, 8, 0]
# Walk size: 20
# Is walk (has repeats): true

# Distance Matrix
0.0000000000 0.6420203272 0.0610635129 0.4508261445 0.1130501351 0.1979107418 0.3502236259 0.9335720104 0.0813411330 0.4954689075 0.9152383051 0.5604181240 0.9297496489 0.5579873575
0.6420203272 0.0000000000 0.1224046991 0.8592002741 0.1275281214 0.7764137810 0.3011677711 0.1680001965 0.7051179217 0.9754676736 0.6323624115 0.9883070908 0.1173219543 0.9560151872
0.0610635129 0.1224046991 0.0000000000 0.2647664857 0.7858883936 0.2511848608 0.6834105198 0.9324556335 0.4290972778 0.2031231708 0.5268636762 0.5573656873 0.2053213750 0.8023867285
0.4508261445 0.8592002741 0.2647664857 0.0000000000 0.4714959730 0.0646323663 0.8885038039 0.2417215380 0.0225961602 0.9126915689 0.6441434745 0.5911438116 0.6006916968 0.6457883236
0.1130501351 0.1275281214 0.7858883936 0.4714959730 0.0000000000 0.6529093159 0.4170233680 0.5864012790 0.1134557786 0.2099785942 0.2062141055 0.8156362574 0.8696905111 0.7144364973
0.1979107418 0.7764137810 0.2511848608 0.0646323663 0.6529093159 0.0000000000 0.8037580984 0.2485699964 0.6639636642 0.4015510913 0.6127290526 0.7398961875 0.8668720173 0.8904633950
0.3502236259 0.3011677711 0.6834105198 0.8885038039 0.4170233680 0.8037580984 0.0000000000 0.8760697806 0.3232480732 0.1351470685 0.6208098158 0.9628175851 0.1892528007 0.6139041301
0.9335720104 0.1680001965 0.9324556335 0.2417215380 0.5864012790 0.2485699964 0.8760697806 0.0000000000 0.0340202290 0.2149002894 0.5845462205 0.4984274976 0.9185115853 0.5757249809
0.0813411330 0.7051179217 0.4290972778 0.0225961602 0.1134557786 0.6639636642 0.3232480732 0.0340202290 0.0000000000 0.1881749407 0.8334522390 0.6827237823 0.9180702925 0.1321646180
0.4954689075 0.9754676736 0.2031231708 0.9126915689 0.2099785942 0.4015510913 0.1351470685 0.2149002894 0.1881749407 0.0000000000 0.0148162838 0.4459205610 0.7163324614 0.7246341204
0.9152383051 0.6323624115 0.5268636762 0.6441434745 0.2062141055 0.6127290526 0.6208098158 0.5845462205 0.8334522390 0.0148162838 0.0000000000 0.5765217495 0.7439055797 0.4669640540
0.5604181240 0.9883070908 0.5573656873 0.5911438116 0.8156362574 0.7398961875 0.9628175851 0.4984274976 0.6827237823 0.4459205610 0.5765217495 0.0000000000 0.1066876964 0.4956575884
0.9297496489 0.1173219543 0.2053213750 0.6006916968 0.8696905111 0.8668720173 0.1892528007 0.9185115853 0.9180702925 0.7163324614 0.7439055797 0.1066876964 0.0000000000 0.3352793419
0.5579873575 0.9560151872 0.8023867285 0.6457883236 0.7144364973 0.8904633950 0.6139041301 0.5757249809 0.1321646180 0.7246341204 0.4669640540 0.4956575884 0.3352793419 0.0000000000
