# MCW Instance
# Type: UNIFORM
# N: 14
# Optimal cost: 1.6137033319422243
# Optimal tour (permutation): [0, 9, 4, 10, 1, 12, 7, 3, 13, 11, 5, 2, 8, 6, 0]
# Optimal walk (full path): [0, 9, 4, 10, 1, 10, 12, 7, 12, 3, 12, 13, 11, 13, 5, 2, 8, 2, 6, 0]
# Walk size: 20
# Is walk (has repeats): true

# Distance Matrix
0.0000000000 0.8356390361 0.8886840818 0.3196820261 0.3486131237 0.0844228682 0.0358101640 0.9390565730 0.1621998038 0.2870719264 0.5727328126 0.7065249587 0.5240188386 0.7147556305
0.8356390361 0.0000000000 0.0973355218 0.9906531458 0.5731306716 0.3192792263 0.9827176454 0.6003829692 0.5250056892 0.5188148107 0.0380944727 0.2714206857 0.5843092607 0.9576477113
0.8886840818 0.0973355218 0.0000000000 0.9203010858 0.5114214747 0.0493457452 0.0370877449 0.6997389474 0.0352019704 0.8406140081 0.7031715402 0.7746434919 0.4753136027 0.8665906249
0.3196820261 0.9906531458 0.9203010858 0.0000000000 0.4465087720 0.1488398481 0.7886620035 0.3517714154 0.7206016999 0.9406931719 0.7964585901 0.4951660723 0.0171938174 0.8747487269
0.3486131237 0.5731306716 0.5114214747 0.4465087720 0.0000000000 0.5926423390 0.6018540423 0.6506800289 0.4225962745 0.1350112780 0.1358750655 0.8983376786 0.2057822111 0.1936547153
0.0844228682 0.3192792263 0.0493457452 0.1488398481 0.5926423390 0.0000000000 0.9796403354 0.5191137048 0.2511321949 0.9728788157 0.5532158918 0.8309301896 0.6976354163 0.1456699145
0.0358101640 0.9827176454 0.0370877449 0.7886620035 0.6018540423 0.9796403354 0.0000000000 0.3462425286 0.4649470828 0.5940816659 0.7438409592 0.8459214626 0.6349473419 0.4979306607
0.9390565730 0.6003829692 0.6997389474 0.3517714154 0.6506800289 0.5191137048 0.3462425286 0.0000000000 0.3323586268 0.8064088823 0.2609863168 0.6884325937 0.1629500998 0.2981260416
0.1621998038 0.5250056892 0.0352019704 0.7206016999 0.4225962745 0.2511321949 0.4649470828 0.3323586268 0.0000000000 0.5686738295 0.9408076079 0.5499397233 0.9999065202 0.8489338050
0.2870719264 0.5188148107 0.8406140081 0.9406931719 0.1350112780 0.9728788157 0.5940816659 0.8064088823 0.5686738295 0.0000000000 0.9733311298 0.5403674755 0.7525655794 0.9078132380
0.5727328126 0.0380944727 0.7031715402 0.7964585901 0.1358750655 0.5532158918 0.7438409592 0.2609863168 0.9408076079 0.9733311298 0.0000000000 0.8754612659 0.0607932145 0.4793909288
0.7065249587 0.2714206857 0.7746434919 0.4951660723 0.8983376786 0.8309301896 0.8459214626 0.6884325937 0.5499397233 0.5403674755 0.8754612659 0.0000000000 0.3618882291 0.0526830888
0.5240188386 0.5843092607 0.4753136027 0.0171938174 0.2057822111 0.6976354163 0.6349473419 0.1629500998 0.9999065202 0.7525655794 0.0607932145 0.3618882291 0.0000000000 0.1147913808
0.7147556305 0.9576477113 0.8665906249 0.8747487269 0.1936547153 0.1456699145 0.4979306607 0.2981260416 0.8489338050 0.9078132380 0.4793909288 0.0526830888 0.1147913808 0.0000000000
