# MCW Instance
# Type: EXPONENTIAL
# N: 10
# Optimal cost: 1.3546127162569315
# Optimal tour (permutation): [0, 8, 5, 1, 2, 6, 9, 7, 4, 3, 0]
# Optimal walk (full path): [0, 8, 5, 1, 2, 6, 4, 7, 9, 7, 4, 0, 3, 0]
# Walk size: 14
# Is walk (has repeats): true

# Distance Matrix
0.0000000000 1.0468180367 1.9686873575 0.0219125725 0.0289261462 0.0953489210 0.1897664471 0.2875142627 0.1350257920 0.5537235675
1.0468180367 0.0000000000 0.0263103089 0.5641531855 3.0559716956 0.0730526766 0.5429791067 2.0754249864 0.6624355597 1.9540935152
1.9686873575 0.0263103089 0.0000000000 0.9311862326 0.5116794551 1.8953042121 0.1396092455 0.6805181247 0.8137001958 1.6620110092
0.0219125725 0.5641531855 0.9311862326 0.0000000000 1.1296168318 1.0068226955 0.3197704147 0.2623982301 0.5358093343 1.1296944705
0.0289261462 3.0559716956 0.5116794551 1.1296168318 0.0000000000 0.4866341765 0.0808311620 0.0795614142 0.1184956489 0.8716339407
0.0953489210 0.0730526766 1.8953042121 1.0068226955 0.4866341765 0.0000000000 1.8748342018 0.4153017472 0.1846155112 1.5214646730
0.1897664471 0.5429791067 0.1396092455 0.3197704147 0.0808311620 1.8748342018 0.0000000000 0.2537682096 1.4640140429 1.3678533305
0.2875142627 2.0754249864 0.6805181247 0.2623982301 0.0795614142 0.4153017472 0.2537682096 0.0000000000 0.9630046948 0.2416469503
0.1350257920 0.6624355597 0.8137001958 0.5358093343 0.1184956489 0.1846155112 1.4640140429 0.9630046948 0.0000000000 1.0511851278
0.5537235675 1.9540935152 1.6620110092 1.1296944705 0.8716339407 1.5214646730 1.3678533305 0.2416469503 1.0511851278 0.0000000000
