# MCW Instance
# Type: EXPONENTIAL
# N: 10
# Optimal cost: 1.9234641794732714
# Optimal tour (permutation): [0, 9, 5, 6, 7, 3, 4, 1, 8, 2, 0]
# Optimal walk (full path): [0, 9, 5, 6, 7, 3, 4, 1, 8, 2, 0]
# Walk size: 11
# Is walk (has repeats): false

# Distance Matrix
0.0000000000 0.1368250395 0.0363250382 0.0841449059 1.6548119730 1.7877357198 2.0254184590 0.2402229241 1.6419757971 0.1302148320
0.1368250395 0.0000000000 0.2430656076 0.7614296369 0.1945119551 0.9678411269 1.6411685769 2.4079316842 0.2673119545 2.0282964199
0.0363250382 0.2430656076 0.0000000000 0.2227759809 0.4251018007 1.7208300552 0.6042428069 0.4387041320 0.3303701157 1.5404769874
0.0841449059 0.7614296369 0.2227759809 0.0000000000 0.3810069162 1.6160158690 1.4450403738 0.0356206242 0.5946556472 1.4348348980
1.6548119730 0.1945119551 0.4251018007 0.3810069162 0.0000000000 1.1355855001 0.8403690158 1.7944673557 1.3168648718 0.5061436258
1.7877357198 0.9678411269 1.7208300552 1.6160158690 1.1355855001 0.0000000000 0.2370778333 0.6615179285 1.1597901076 0.2352962990
2.0254184590 1.6411685769 0.6042428069 1.4450403738 0.8403690158 0.2370778333 0.0000000000 0.0757286114 0.9259861722 0.3680859212
0.2402229241 2.4079316842 0.4387041320 0.0356206242 1.7944673557 0.6615179285 0.0757286114 0.0000000000 0.9819746436 0.1272031472
1.6419757971 0.2673119545 0.3303701157 0.5946556472 1.3168648718 1.1597901076 0.9259861722 0.9819746436 0.0000000000 0.6603769041
0.1302148320 2.0282964199 1.5404769874 1.4348348980 0.5061436258 0.2352962990 0.3680859212 0.1272031472 0.6603769041 0.0000000000
