# MCW Instance
# Type: EXPONENTIAL
# N: 10
# Optimal cost: 3.3965112684747933
# Optimal tour (permutation): [0, 9, 3, 4, 2, 1, 8, 7, 5, 6, 0]
# Optimal walk (full path): [0, 9, 3, 4, 2, 1, 2, 8, 7, 5, 6, 0]
# Walk size: 12
# Is walk (has repeats): true

# Distance Matrix
0.0000000000 1.6406450011 1.5454177781 1.4432474960 1.1977744894 1.4470171530 0.5055183217 0.5005526671 1.2395413194 0.4425715878
1.6406450011 0.0000000000 0.3620333170 1.4101353946 0.9855004747 1.7266250130 1.7050488876 1.0837309595 0.7660919534 3.2498868839
1.5454177781 0.3620333170 0.0000000000 0.5969379644 0.3659577905 0.5964143363 1.8696963796 3.8148231569 0.0634201384 2.3703161218
1.4432474960 1.4101353946 0.5969379644 0.0000000000 0.4405485871 0.6040097237 1.6312487707 3.0413424127 0.7356302834 0.4138554431
1.1977744894 0.9855004747 0.3659577905 0.4405485871 0.0000000000 1.3566384184 0.9607643478 0.5461723017 2.7485518397 0.3034504209
1.4470171530 1.7266250130 0.5964143363 0.6040097237 1.3566384184 0.0000000000 0.3718196178 0.0306135063 0.1888249585 0.2153912338
0.5055183217 1.7050488876 1.8696963796 1.6312487707 0.9607643478 0.3718196178 0.0000000000 0.4701584027 1.3009471053 1.6607951566
0.5005526671 1.0837309595 3.8148231569 3.0413424127 0.5461723017 0.0306135063 0.4701584027 0.0000000000 0.0381396415 0.5726518084
1.2395413194 0.7660919534 0.0634201384 0.7356302834 2.7485518397 0.1888249585 1.3009471053 0.0381396415 0.0000000000 0.4847548378
0.4425715878 3.2498868839 2.3703161218 0.4138554431 0.3034504209 0.2153912338 1.6607951566 0.5726518084 0.4847548378 0.0000000000
