# MCW Instance
# Type: EXPONENTIAL
# N: 10
# Optimal cost: 2.1189750796856663
# Optimal tour (permutation): [0, 9, 6, 7, 3, 8, 2, 4, 1, 5, 0]
# Optimal walk (full path): [0, 9, 6, 7, 3, 8, 2, 4, 1, 5, 0]
# Walk size: 11
# Is walk (has repeats): false

# Distance Matrix
0.0000000000 0.5087382870 0.9598662170 0.9631489209 0.8114463440 0.1769734397 2.6467865620 0.4846554427 3.2880891617 0.3014045971
0.5087382870 0.0000000000 0.1680527473 3.8691703625 0.2468443333 0.0722943717 0.4257576954 0.8020139016 0.3308492134 3.0423654664
0.9598662170 0.1680527473 0.0000000000 1.5050321411 0.1881136521 0.3332337515 0.5166345391 0.1723432843 0.0108939865 0.1612804662
0.9631489209 3.8691703625 1.5050321411 0.0000000000 3.7285895453 1.3470421789 0.6434198684 0.1695435541 0.1101157784 0.3246993124
0.8114463440 0.2468443333 0.1881136521 3.7285895453 0.0000000000 0.3207933228 0.4244234396 0.4831136429 1.2205847970 0.4748124034
0.1769734397 0.0722943717 0.3332337515 1.3470421789 0.3207933228 0.0000000000 1.3427237085 0.8102662789 1.7863744843 0.6566409290
2.6467865620 0.4257576954 0.5166345391 0.6434198684 0.4244234396 1.3427237085 0.0000000000 0.4708398861 0.5960555430 0.3719514807
0.4846554427 0.8020139016 0.1723432843 0.1695435541 0.4831136429 0.8102662789 0.4708398861 0.0000000000 0.1737143384 0.3716061910
3.2880891617 0.3308492134 0.0108939865 0.1101157784 1.2205847970 1.7863744843 0.5960555430 0.1737143384 0.0000000000 0.4686162710
0.3014045971 3.0423654664 0.1612804662 0.3246993124 0.4748124034 0.6566409290 0.3719514807 0.3716061910 0.4686162710 0.0000000000
