# MCW Instance
# Type: EXPONENTIAL
# N: 10
# Optimal cost: 1.9015691240095867
# Optimal tour (permutation): [0, 9, 7, 8, 2, 4, 6, 3, 5, 1, 0]
# Optimal walk (full path): [0, 1, 9, 1, 7, 1, 8, 2, 4, 6, 3, 5, 1, 0]
# Walk size: 14
# Is walk (has repeats): true

# Distance Matrix
0.0000000000 0.0828297455 1.1844817752 0.2332077720 0.5861061233 0.5574518583 1.3312606778 4.1277479217 1.0211592822 0.8537302455
0.0828297455 0.0000000000 1.2007073120 0.5125968845 0.4723910499 0.0624480789 1.2491729243 0.1301933750 0.1824307795 0.0022249964
1.1844817752 1.2007073120 0.0000000000 1.2342356193 0.2000854236 0.5006219356 0.4584185985 0.4600863235 0.3281183206 3.2387379263
0.2332077720 0.5125968845 1.2342356193 0.0000000000 3.4248406416 0.1866473496 0.2477122884 2.7455364346 0.8010485954 0.8691073203
0.5861061233 0.4723910499 0.2000854236 3.4248406416 0.0000000000 0.7348961149 0.2636306496 2.2535646131 2.6279802716 0.3025513846
0.5574518583 0.0624480789 0.5006219356 0.1866473496 0.7348961149 0.0000000000 3.2452858323 0.7479100535 0.6220632059 3.3983159699
1.3312606778 1.2491729243 0.4584185985 0.2477122884 0.2636306496 3.2452858323 0.0000000000 1.3492972600 1.5348751499 1.0762277181
4.1277479217 0.1301933750 0.4600863235 2.7455364346 2.2535646131 0.7479100535 1.3492972600 0.0000000000 2.7240740250 2.1799584679
1.0211592822 0.1824307795 0.3281183206 0.8010485954 2.6279802716 0.6220632059 1.5348751499 2.7240740250 0.0000000000 0.2691782480
0.8537302455 0.0022249964 3.2387379263 0.8691073203 0.3025513846 3.3983159699 1.0762277181 2.1799584679 0.2691782480 0.0000000000
