# MCW Instance
# Type: EXPONENTIAL
# N: 10
# Optimal cost: 2.375023514570552
# Optimal tour (permutation): [0, 9, 6, 3, 8, 5, 2, 7, 4, 1, 0]
# Optimal walk (full path): [0, 1, 9, 6, 3, 5, 8, 5, 2, 7, 4, 1, 0]
# Walk size: 13
# Is walk (has repeats): true

# Distance Matrix
0.0000000000 0.0394993015 0.3897971689 1.7577729972 1.9109650277 1.0516012124 2.1741803763 0.6236944842 2.4560540700 2.9609518972
0.0394993015 0.0000000000 1.0441927204 1.3784476427 0.1125750801 1.0766900438 0.5753987212 1.3409814842 1.1477824674 0.1225704244
0.3897971689 1.0441927204 0.0000000000 0.5491607855 1.6634292988 0.5226424288 0.7942308893 0.0437316074 2.2083076773 1.6664871725
1.7577729972 1.3784476427 0.5491607855 0.0000000000 1.2876047304 0.0272248606 0.6374912270 1.1448161588 0.4525899704 1.1450172000
1.9109650277 0.1125750801 1.6634292988 1.2876047304 0.0000000000 1.5612696997 0.6497967837 0.4132903422 1.1003303849 0.8848670282
1.0516012124 1.0766900438 0.5226424288 0.0272248606 1.5612696997 0.0000000000 0.7700179557 0.6217620504 0.0237901345 1.3539525180
2.1741803763 0.5753987212 0.7942308893 0.6374912270 0.6497967837 0.7700179557 0.0000000000 0.1393804164 1.7367023866 0.3689186722
0.6236944842 1.3409814842 0.0437316074 1.1448161588 0.4132903422 0.6217620504 0.1393804164 0.0000000000 1.1380276869 1.0506422079
2.4560540700 1.1477824674 2.2083076773 0.4525899704 1.1003303849 0.0237901345 1.7367023866 1.1380276869 0.0000000000 3.2279194936
2.9609518972 0.1225704244 1.6664871725 1.1450172000 0.8848670282 1.3539525180 0.3689186722 1.0506422079 3.2279194936 0.0000000000
