# MCW Instance
# Type: EXPONENTIAL
# N: 10
# Optimal cost: 0.9244606509071515
# Optimal tour (permutation): [0, 8, 5, 9, 3, 2, 4, 1, 6, 7, 0]
# Optimal walk (full path): [0, 8, 5, 9, 1, 2, 3, 2, 1, 4, 1, 6, 7, 0]
# Walk size: 14
# Is walk (has repeats): true

# Distance Matrix
0.0000000000 0.3573720139 1.4783904157 0.1355849511 0.9138153608 1.2273117961 0.2264291622 0.0545814322 0.0451031495 1.1152104738
0.3573720139 0.0000000000 0.0049203774 0.7620380033 0.2985905627 1.1556330496 0.0213812825 1.2880199209 2.3023912707 0.0502234207
1.4783904157 0.0049203774 0.0000000000 0.0105081781 0.9096776646 3.8988347558 0.7826398770 0.2957598291 1.2877498672 4.3496527687
0.1355849511 0.7620380033 0.0105081781 0.0000000000 1.0869873298 0.8258847001 0.1880300689 2.1350050624 0.3827370641 0.7957318477
0.9138153608 0.2985905627 0.9096776646 1.0869873298 0.0000000000 3.0136093877 0.9892654706 2.7531514250 3.1646597093 0.8179273135
1.2273117961 1.1556330496 3.8988347558 0.8258847001 3.0136093877 0.0000000000 0.5154316253 0.3489890433 0.0222217737 0.0193284962
0.2264291622 0.0213812825 0.7826398770 0.1880300689 0.9892654706 0.5154316253 0.0000000000 0.0835828597 0.0322565549 1.6884091707
0.0545814322 1.2880199209 0.2957598291 2.1350050624 2.7531514250 0.3489890433 0.0835828597 0.0000000000 0.7002624256 0.1195403513
0.0451031495 2.3023912707 1.2877498672 0.3827370641 3.1646597093 0.0222217737 0.0322565549 0.7002624256 0.0000000000 1.2804506806
1.1152104738 0.0502234207 4.3496527687 0.7957318477 0.8179273135 0.0193284962 1.6884091707 0.1195403513 1.2804506806 0.0000000000
