# MCW Instance
# Type: EXPONENTIAL
# N: 10
# Optimal cost: 1.6599488918825736
# Optimal tour (permutation): [0, 5, 6, 9, 8, 3, 2, 1, 7, 4, 0]
# Optimal walk (full path): [0, 5, 6, 9, 8, 9, 3, 2, 1, 7, 4, 5, 0]
# Walk size: 13
# Is walk (has repeats): true

# Distance Matrix
0.0000000000 1.6201325599 1.4324035212 1.0474825659 1.7943495801 0.0220558181 0.7940806325 1.6082952330 0.6626103925 0.7338720373
1.6201325599 0.0000000000 0.3971273885 1.0318921780 0.3515091871 0.4424739069 2.7023117403 0.0442842419 1.8983852931 0.7647267914
1.4324035212 0.3971273885 0.0000000000 0.1580525855 0.5071887788 0.2660861239 1.0145784820 0.7634165332 0.9182602098 0.7295193119
1.0474825659 1.0318921780 0.1580525855 0.0000000000 0.1550061018 1.2642579863 1.4079378309 1.4861573734 1.6798292579 0.1464178831
1.7943495801 0.3515091871 0.5071887788 0.1550061018 0.0000000000 0.1843478020 0.5392689442 0.1111085997 0.6124437434 0.5323019972
0.0220558181 0.4424739069 0.2660861239 1.2642579863 0.1843478020 0.0000000000 0.1780215930 1.7328535926 2.6607728518 1.5840146041
0.7940806325 2.7023117403 1.0145784820 1.4079378309 0.5392689442 0.1780215930 0.0000000000 2.3287950128 0.3355853205 0.1321224840
1.6082952330 0.0442842419 0.7634165332 1.4861573734 0.1111085997 1.7328535926 2.3287950128 0.0000000000 0.4979267658 0.4354235946
0.6626103925 1.8983852931 0.9182602098 1.6798292579 0.6124437434 2.6607728518 0.3355853205 0.4979267658 0.0000000000 0.1321773390
0.7338720373 0.7647267914 0.7295193119 0.1464178831 0.5323019972 1.5840146041 0.1321224840 0.4354235946 0.1321773390 0.0000000000
