# MCW Instance
# Type: EXPONENTIAL
# N: 10
# Optimal cost: 0.5762997542963842
# Optimal tour (permutation): [0, 9, 6, 8, 3, 1, 5, 4, 7, 2, 0]
# Optimal walk (full path): [0, 6, 9, 6, 8, 1, 3, 1, 8, 5, 4, 7, 2, 7, 0]
# Walk size: 15
# Is walk (has repeats): true

# Distance Matrix
0.0000000000 1.4508346923 0.2716629794 0.2807837539 0.7494770013 1.3331984946 0.0227820739 0.0225644880 0.2538503651 0.5800026714
1.4508346923 0.0000000000 0.7674884175 0.0053447102 0.8574476759 1.8776818841 0.4252317536 0.3572279155 0.0097115865 2.0798277649
0.2716629794 0.7674884175 0.0000000000 1.5572659502 3.7377180965 1.1686266162 0.2370314742 0.0306169688 2.3468881059 1.0309894931
0.2807837539 0.0053447102 1.5572659502 0.0000000000 2.0032791238 0.2214446987 1.6595021701 6.1276041596 0.2642062344 0.5766239448
0.7494770013 0.8574476759 3.7377180965 2.0032791238 0.0000000000 0.0138795282 1.1829137396 0.0479936023 0.3648268234 0.6503928803
1.3331984946 1.8776818841 1.1686266162 0.2214446987 0.0138795282 0.0000000000 1.6433264610 0.7104845663 0.0752039747 1.0976624904
0.0227820739 0.4252317536 0.2370314742 1.6595021701 1.1829137396 1.6433264610 0.0000000000 0.4174580103 0.0275728975 0.1374783293
0.0225644880 0.3572279155 0.0306169688 6.1276041596 0.0479936023 0.7104845663 0.4174580103 0.0000000000 0.5553657561 0.1743926034
0.2538503651 0.0097115865 2.3468881059 0.2642062344 0.3648268234 0.0752039747 0.0275728975 0.5553657561 0.0000000000 0.6786435112
0.5800026714 2.0798277649 1.0309894931 0.5766239448 0.6503928803 1.0976624904 0.1374783293 0.1743926034 0.6786435112 0.0000000000
