# MCW Instance
# Type: EXPONENTIAL
# N: 10
# Optimal cost: 2.1522502461464947
# Optimal tour (permutation): [0, 6, 9, 4, 3, 8, 5, 7, 2, 1, 0]
# Optimal walk (full path): [0, 6, 9, 4, 9, 3, 9, 8, 5, 7, 2, 1, 2, 0]
# Walk size: 14
# Is walk (has repeats): true

# Distance Matrix
0.0000000000 0.6974473205 0.1520892510 0.2821686584 0.3424408189 0.2162657683 0.3353054915 0.5962409082 0.7424813572 0.8567047606
0.6974473205 0.0000000000 0.1054634618 3.6933321046 0.5395808209 0.5501396392 0.5413593939 5.1628488940 3.0012745614 2.2723996527
0.1520892510 0.1054634618 0.0000000000 2.6936103841 1.7403855872 3.3692883116 0.8186711002 0.0502774666 0.6307215860 0.6527300221
0.2821686584 3.6933321046 2.6936103841 0.0000000000 1.3645205211 0.8612691397 0.3292975815 3.5402957757 1.2988004972 0.0544839419
0.3424408189 0.5395808209 1.7403855872 1.3645205211 0.0000000000 2.4913988796 0.4071963486 0.6060889045 0.7757621256 0.0282294465
0.2162657683 0.5501396392 3.3692883116 0.8612691397 2.4913988796 0.0000000000 2.1226951293 0.2736092229 0.4199722695 0.3858514364
0.3353054915 0.5413593939 0.8186711002 0.3292975815 0.4071963486 2.1226951293 0.0000000000 0.6943938498 1.1506719816 0.2092048482
0.5962409082 5.1628488940 0.0502774666 3.5402957757 0.6060889045 0.2736092229 0.6943938498 0.0000000000 0.6942929120 2.0489098532
0.7424813572 3.0012745614 0.6307215860 1.2988004972 0.7757621256 0.4199722695 1.1506719816 0.6942929120 0.0000000000 0.3354379961
0.8567047606 2.2723996527 0.6527300221 0.0544839419 0.0282294465 0.3858514364 0.2092048482 2.0489098532 0.3354379961 0.0000000000
