# MCW Instance
# Type: EXPONENTIAL
# N: 10
# Optimal cost: 1.3029658255142198
# Optimal tour (permutation): [0, 5, 1, 4, 3, 7, 6, 9, 8, 2, 0]
# Optimal walk (full path): [0, 5, 1, 4, 6, 3, 6, 7, 6, 4, 9, 8, 2, 0]
# Walk size: 14
# Is walk (has repeats): true

# Distance Matrix
0.0000000000 1.2253149822 0.1343635570 0.7920573672 0.4241230840 0.1500186135 2.9906758973 0.4162669526 0.1224602166 0.4718821621
1.2253149822 0.0000000000 0.3900718383 1.3623293631 0.0111039083 0.2232621541 0.5207471182 0.2690650342 1.3142201371 0.3616348097
0.1343635570 0.3900718383 0.0000000000 0.3897679429 0.3155007332 0.9665952431 1.4452484158 0.7111582216 0.0666607229 2.2922053778
0.7920573672 1.3623293631 0.3897679429 0.0000000000 0.5232374139 1.1281949552 0.1031414904 1.2841342076 1.9857805175 0.5838279473
0.4241230840 0.0111039083 0.3155007332 0.5232374139 0.0000000000 1.7623412537 0.1842452975 0.3896788026 3.0835103822 0.0675371564
0.1500186135 0.2232621541 0.9665952431 1.1281949552 1.7623412537 0.0000000000 3.4595089908 3.4781992853 0.1853894008 1.1894519702
2.9906758973 0.5207471182 1.4452484158 0.1031414904 0.1842452975 3.4595089908 0.0000000000 0.0112648871 1.5677369798 1.5774135655
0.4162669526 0.2690650342 0.7111582216 1.2841342076 0.3896788026 3.4781992853 0.0112648871 0.0000000000 3.2025963760 0.4310330830
0.1224602166 1.3142201371 0.0666607229 1.9857805175 3.0835103822 0.1853894008 1.5677369798 3.2025963760 0.0000000000 0.0527163635
0.4718821621 0.3616348097 2.2922053778 0.5838279473 0.0675371564 1.1894519702 1.5774135655 0.4310330830 0.0527163635 0.0000000000
