# MCW Instance
# Type: EXPONENTIAL
# N: 10
# Optimal cost: 2.0918615061276444
# Optimal tour (permutation): [0, 5, 4, 8, 9, 6, 7, 2, 3, 1, 0]
# Optimal walk (full path): [0, 5, 4, 8, 9, 6, 7, 2, 3, 0, 1, 0]
# Walk size: 12
# Is walk (has repeats): true

# Distance Matrix
0.0000000000 0.1274763951 0.8808168012 0.0895643130 0.3271967833 0.0654626894 0.6023261800 1.5338073074 0.0006531931 1.3930193582
0.1274763951 0.0000000000 0.3051480748 0.2752683565 3.7160111619 0.3901138425 0.4129208387 3.3284127829 3.0463722554 1.3667630256
0.8808168012 0.3051480748 0.0000000000 0.1263220929 1.2850553614 1.8522310512 0.3950353401 0.2650199686 0.2341321460 3.0701695941
0.0895643130 0.2752683565 0.1263220929 0.0000000000 0.6044976566 0.5929944547 2.0154326188 0.4990032539 2.8535112629 1.7969128074
0.3271967833 3.7160111619 1.2850553614 0.6044976566 0.0000000000 0.1786232560 1.4454779408 2.9952507835 0.1723729616 2.0136117807
0.0654626894 0.3901138425 1.8522310512 0.5929944547 0.1786232560 0.0000000000 0.3552620617 1.3793076038 0.2038067614 0.7773506499
0.6023261800 0.4129208387 0.3950353401 2.0154326188 1.4454779408 0.3552620617 0.0000000000 0.1935662713 1.4912905802 0.3984257767
1.5338073074 3.3284127829 0.2650199686 0.4990032539 2.9952507835 1.3793076038 0.1935662713 0.0000000000 0.4300918287 2.2589145337
0.0006531931 3.0463722554 0.2341321460 2.8535112629 0.1723729616 0.2038067614 1.4912905802 0.4300918287 0.0000000000 0.3475513864
1.3930193582 1.3667630256 3.0701695941 1.7969128074 2.0136117807 0.7773506499 0.3984257767 2.2589145337 0.3475513864 0.0000000000
