# MCW Instance
# Type: EXPONENTIAL
# N: 10
# Optimal cost: 2.881925533757083
# Optimal tour (permutation): [0, 7, 2, 8, 9, 3, 6, 4, 5, 1, 0]
# Optimal walk (full path): [0, 7, 2, 7, 9, 8, 9, 3, 6, 4, 5, 1, 0]
# Walk size: 13
# Is walk (has repeats): true

# Distance Matrix
0.0000000000 0.0622995607 2.9399251501 2.5867494732 1.1549601492 0.7073395610 1.3012112754 0.4446082079 1.0915440889 0.6022458538
0.0622995607 0.0000000000 5.4635292803 1.1094130146 0.5806935738 0.1102121942 0.0796380524 0.3944261440 0.6700867599 1.2517101394
2.9399251501 5.4635292803 0.0000000000 0.8732679595 1.1512017415 0.8186895963 0.7074140050 0.1747746188 1.0411662582 2.3074035533
2.5867494732 1.1094130146 0.8732679595 0.0000000000 1.1538587261 0.7656272542 0.0672492851 1.2827032557 1.9197063640 0.2436811546
1.1549601492 0.5806935738 1.1512017415 1.1538587261 0.0000000000 0.3909951194 0.2127268326 0.9382656274 0.8666341971 0.5859147665
0.7073395610 0.1102121942 0.8186895963 0.7656272542 0.3909951194 0.0000000000 1.2541810605 0.9988076043 2.2344207564 1.0932181327
1.3012112754 0.0796380524 0.7074140050 0.0672492851 0.2127268326 1.2541810605 0.0000000000 1.5552530819 0.8847214369 0.3087548463
0.4446082079 0.3944261440 0.1747746188 1.2827032557 0.9382656274 0.9988076043 1.5552530819 0.0000000000 2.7176562201 0.2509618850
1.0915440889 0.6700867599 1.0411662582 1.9197063640 0.8666341971 2.2344207564 0.8847214369 2.7176562201 0.0000000000 0.3748210284
0.6022458538 1.2517101394 2.3074035533 0.2436811546 0.5859147665 1.0932181327 0.3087548463 0.2509618850 0.3748210284 0.0000000000
