# MCW Instance
# Type: EXPONENTIAL
# N: 10
# Optimal cost: 2.437941501220293
# Optimal tour (permutation): [0, 9, 5, 1, 7, 3, 2, 8, 6, 4, 0]
# Optimal walk (full path): [0, 9, 0, 1, 5, 1, 0, 7, 3, 2, 8, 4, 6, 4, 0]
# Walk size: 15
# Is walk (has repeats): true

# Distance Matrix
0.0000000000 0.0464623447 0.7169313829 0.9957883266 0.1614955147 1.3798810164 0.2578382622 0.0301230201 0.7929753493 0.0504795847
0.0464623447 0.0000000000 1.9632693609 0.7762859863 0.3408103586 0.4268138254 1.5293051785 0.9670539970 0.5145333815 0.7499457015
0.7169313829 1.9632693609 0.0000000000 0.4688039232 0.6507299074 1.4934570381 0.9553204574 0.1900149005 0.2156694875 0.8673645602
0.9957883266 0.7762859863 0.4688039232 0.0000000000 1.5347862735 1.9659945695 1.4009030838 0.3209094903 5.0018752344 4.6248132902
0.1614955147 0.3408103586 0.6507299074 1.5347862735 0.0000000000 1.4271112957 0.0674206001 2.4692469886 0.0585873558 3.3471369288
1.3798810164 0.4268138254 1.4934570381 1.9659945695 1.4271112957 0.0000000000 3.2488331310 0.7091393307 0.9144917797 3.5763949172
0.2578382622 1.5293051785 0.9553204574 1.4009030838 0.0674206001 3.2488331310 0.0000000000 1.9242519002 0.7148309829 1.3964761449
0.0301230201 0.9670539970 0.1900149005 0.3209094903 2.4692469886 0.7091393307 1.9242519002 0.0000000000 0.5555708548 0.4621714613
0.7929753493 0.5145333815 0.2156694875 5.0018752344 0.0585873558 0.9144917797 0.7148309829 0.5555708548 0.0000000000 0.5211002709
0.0504795847 0.7499457015 0.8673645602 4.6248132902 3.3471369288 3.5763949172 1.3964761449 0.4621714613 0.5211002709 0.0000000000
