# MCW Instance
# Type: EXPONENTIAL
# N: 10
# Optimal cost: 1.8225126131847516
# Optimal tour (permutation): [0, 8, 5, 6, 9, 7, 4, 3, 1, 2, 0]
# Optimal walk (full path): [0, 8, 5, 6, 4, 9, 4, 7, 4, 3, 4, 1, 2, 0]
# Walk size: 14
# Is walk (has repeats): true

# Distance Matrix
0.0000000000 0.8162727865 0.2163447601 1.3079282376 0.3552595256 1.3584912266 1.8146759425 0.3368217650 0.1423578665 0.5699989315
0.8162727865 0.0000000000 0.1236538575 2.0183407203 0.0143292727 0.9308361493 1.0765374127 0.7641190597 0.2298967764 3.9635337927
0.2163447601 0.1236538575 0.0000000000 1.3308685891 0.6328562366 0.8290418693 0.4887048242 0.6291846493 0.4815320328 0.4028171098
1.3079282376 2.0183407203 1.3308685891 0.0000000000 0.0564174525 1.4089578550 0.4483913994 1.6252616427 1.1381970097 1.8887180463
0.3552595256 0.0143292727 0.6328562366 0.0564174525 0.0000000000 1.6229696774 0.0818695393 0.1797590052 1.6673960947 0.2669374501
1.3584912266 0.9308361493 0.8290418693 1.4089578550 1.6229696774 0.0000000000 0.1459443879 0.5600972526 0.0917851136 1.4832303400
1.8146759425 1.0765374127 0.4887048242 0.4483913994 0.0818695393 0.1459443879 0.0000000000 0.6535523495 0.4126165577 1.4306815187
0.3368217650 0.7641190597 0.6291846493 1.6252616427 0.1797590052 0.5600972526 0.6535523495 0.0000000000 1.1368932126 1.2287882093
0.1423578665 0.2298967764 0.4815320328 1.1381970097 1.6673960947 0.0917851136 0.4126165577 1.1368932126 0.0000000000 1.6797740038
0.5699989315 3.9635337927 0.4028171098 1.8887180463 0.2669374501 1.4832303400 1.4306815187 1.2287882093 1.6797740038 0.0000000000
