# MCW Instance
# Type: EXPONENTIAL
# N: 10
# Optimal cost: 1.3401306130336241
# Optimal tour (permutation): [0, 9, 4, 7, 2, 6, 3, 5, 8, 1, 0]
# Optimal walk (full path): [0, 9, 4, 7, 2, 7, 6, 3, 5, 8, 1, 7, 0]
# Walk size: 13
# Is walk (has repeats): true

# Distance Matrix
0.0000000000 0.5096722863 0.2434077521 1.0663472393 1.8112297950 0.6656434337 0.6374978459 0.0733952048 0.9230072401 0.0446793508
0.5096722863 0.0000000000 1.8588998963 1.4712232292 3.7997653627 0.3985224796 0.7255686149 0.1224456278 0.1046157095 2.5521630819
0.2434077521 1.8588998963 0.0000000000 3.7782683364 0.6779122093 0.1751528008 1.5809274676 0.1141425278 0.5105653238 0.2436361601
1.0663472393 1.4712232292 3.7782683364 0.0000000000 0.7444467539 0.0421763284 0.1142691341 0.2917887963 0.1839415891 0.7117829354
1.8112297950 3.7997653627 0.6779122093 0.7444467539 0.0000000000 5.6744924957 2.5464590557 0.1852753953 1.4689669934 0.1168611129
0.6656434337 0.3985224796 0.1751528008 0.0421763284 5.6744924957 0.0000000000 1.9855503483 3.0970291927 0.1598694643 1.1758512539
0.6374978459 0.7255686149 1.5809274676 0.1142691341 2.5464590557 1.9855503483 0.0000000000 0.1482582297 0.3432344059 1.1354710578
0.0733952048 0.1224456278 0.1141425278 0.2917887963 0.1852753953 3.0970291927 0.1482582297 0.0000000000 0.6000090916 2.0644401185
0.9230072401 0.1046157095 0.5105653238 0.1839415891 1.4689669934 0.1598694643 0.3432344059 0.6000090916 0.0000000000 0.3229234601
0.0446793508 2.5521630819 0.2436361601 0.7117829354 0.1168611129 1.1758512539 1.1354710578 2.0644401185 0.3229234601 0.0000000000
