# MCW Instance
# Type: EXPONENTIAL
# N: 10
# Optimal cost: 1.7825013917718244
# Optimal tour (permutation): [0, 7, 1, 6, 4, 2, 8, 5, 3, 9, 0]
# Optimal walk (full path): [0, 2, 7, 1, 6, 4, 6, 2, 5, 8, 5, 3, 9, 2, 0]
# Walk size: 15
# Is walk (has repeats): true

# Distance Matrix
0.0000000000 1.3782040479 0.0454356575 0.6735473668 1.5791514809 0.4124910496 0.5886700336 1.9410367819 0.1314186697 1.0238890585
1.3782040479 0.0000000000 0.5310525281 0.5373880221 2.7860797246 0.4826188775 0.1533353366 0.1522588373 1.1952768022 0.7874786069
0.0454356575 0.5310525281 0.0000000000 0.8595580894 1.6735645336 0.0107188635 0.1167375252 0.1077494575 0.3096804993 0.3333779488
0.6735473668 0.5373880221 0.8595580894 0.0000000000 0.7897803126 0.2353462973 2.3147403015 1.3925797562 0.4871742879 0.0887585375
1.5791514809 2.7860797246 1.6735645336 0.7897803126 0.0000000000 1.0296696297 0.2071094718 0.5258122015 0.6351787737 1.3503073036
0.4124910496 0.4826188775 0.0107188635 0.2353462973 1.0296696297 0.0000000000 0.8263847584 0.4343786650 0.0395641648 1.2057657183
0.5886700336 0.1533353366 0.1167375252 2.3147403015 0.2071094718 0.8263847584 0.0000000000 6.0785966568 1.4987430761 3.0554323058
1.9410367819 0.1522588373 0.1077494575 1.3925797562 0.5258122015 0.4343786650 6.0785966568 0.0000000000 0.4733831964 0.4959450273
0.1314186697 1.1952768022 0.3096804993 0.4871742879 0.6351787737 0.0395641648 1.4987430761 0.4733831964 0.0000000000 1.2344438663
1.0238890585 0.7874786069 0.3333779488 0.0887585375 1.3503073036 1.2057657183 3.0554323058 0.4959450273 1.2344438663 0.0000000000
