# MCW Instance
# Type: EXPONENTIAL
# N: 10
# Optimal cost: 2.3444493384312377
# Optimal tour (permutation): [0, 5, 9, 7, 2, 8, 6, 1, 3, 4, 0]
# Optimal walk (full path): [0, 5, 9, 7, 2, 1, 8, 1, 6, 1, 3, 4, 5, 0]
# Walk size: 14
# Is walk (has repeats): true

# Distance Matrix
0.0000000000 0.6789888732 2.5823210714 1.6974080917 1.1486544381 0.2212148752 2.7246504602 0.5825180836 0.7807067137 0.7638887045
0.6789888732 0.0000000000 0.4114704978 0.1484343553 0.6985515364 2.1204648182 0.1860233414 0.4425154946 0.0816643180 1.1683222690
2.5823210714 0.4114704978 0.0000000000 0.5114218533 0.6032095792 0.3173972694 3.6164928177 0.0806797891 0.5858103206 1.9000606714
1.6974080917 0.1484343553 0.5114218533 0.0000000000 0.1452318989 0.2676096989 0.6846730375 0.8569476084 2.2813695759 1.7798377789
1.1486544381 0.6985515364 0.6032095792 0.1452318989 0.0000000000 0.0222343430 3.3189037178 1.2068555818 0.2630355750 1.1554954128
0.2212148752 2.1204648182 0.3173972694 0.2676096989 0.0222343430 0.0000000000 1.4668535326 0.4305593430 4.2471387726 0.3288788313
2.7246504602 0.1860233414 3.6164928177 0.6846730375 3.3189037178 1.4668535326 0.0000000000 0.7568252422 2.1749784117 3.5074503451
0.5825180836 0.4425154946 0.0806797891 0.8569476084 1.2068555818 0.4305593430 0.7568252422 0.0000000000 0.5281014821 0.2297145539
0.7807067137 0.0816643180 0.5858103206 2.2813695759 0.2630355750 4.2471387726 2.1749784117 0.5281014821 0.0000000000 0.9643593479
0.7638887045 1.1683222690 1.9000606714 1.7798377789 1.1554954128 0.3288788313 3.5074503451 0.2297145539 0.9643593479 0.0000000000
