# MCW Instance
# Type: EXPONENTIAL
# N: 10
# Optimal cost: 1.527141790243238
# Optimal tour (permutation): [0, 7, 5, 2, 4, 9, 3, 1, 6, 8, 0]
# Optimal walk (full path): [0, 7, 5, 2, 4, 9, 3, 6, 1, 6, 8, 6, 0]
# Walk size: 13
# Is walk (has repeats): true

# Distance Matrix
0.0000000000 2.4785769329 0.3060974920 0.6823486161 1.1377106140 0.2397866764 0.2665430733 0.0843893985 0.3377423938 1.4050356698
2.4785769329 0.0000000000 1.9917930059 1.6009487148 1.5640134060 2.6562453257 0.1417514950 0.7205681676 0.3883780006 1.2160414635
0.3060974920 1.9917930059 0.0000000000 2.1382819893 0.0367867199 0.1405195154 0.4027655875 1.1702859042 0.5759237187 3.0617478492
0.6823486161 1.6009487148 2.1382819893 0.0000000000 0.3957912225 0.5343423817 0.0716782110 2.2393600024 0.2766269339 0.3765729518
1.1377106140 1.5640134060 0.0367867199 0.3957912225 0.0000000000 2.0410288061 1.2808865730 0.4148330484 0.4577927636 0.1093654261
0.2397866764 2.6562453257 0.1405195154 0.5343423817 2.0410288061 0.0000000000 1.8552217999 0.0362953838 1.2076757053 3.1047964969
0.2665430733 0.1417514950 0.4027655875 0.0716782110 1.2808865730 1.8552217999 0.0000000000 0.9711898655 0.0607440602 1.8567660554
0.0843893985 0.7205681676 1.1702859042 2.2393600024 0.4148330484 0.0362953838 0.9711898655 0.0000000000 0.7668993303 0.2105062519
0.3377423938 0.3883780006 0.5759237187 0.2766269339 0.4577927636 1.2076757053 0.0607440602 0.7668993303 0.0000000000 1.0557195015
1.4050356698 1.2160414635 3.0617478492 0.3765729518 0.1093654261 3.1047964969 1.8567660554 0.2105062519 1.0557195015 0.0000000000
