# MCW Instance
# Type: EXPONENTIAL
# N: 10
# Optimal cost: 2.5222426816416608
# Optimal tour (permutation): [0, 9, 7, 2, 5, 4, 8, 1, 3, 6, 0]
# Optimal walk (full path): [0, 9, 7, 2, 5, 4, 8, 1, 3, 6, 0]
# Walk size: 11
# Is walk (has repeats): false

# Distance Matrix
0.0000000000 0.3806454563 0.4010171621 1.1137783675 1.3559422498 0.1459728755 0.2001095384 2.6038075914 1.3096721668 0.2276577368
0.3806454563 0.0000000000 0.4426616452 0.0803234924 1.1925676337 0.2245109978 0.3231905161 0.4307440866 0.4345619730 0.3420471672
0.4010171621 0.4426616452 0.0000000000 1.3920693702 1.1479838998 0.2592481037 0.7710568386 0.2352142574 0.6482335592 0.3562078227
1.1137783675 0.0803234924 1.3920693702 0.0000000000 0.7384878512 0.1166369243 0.0802674636 0.2214120692 1.6861420920 1.3408619317
1.3559422498 1.1925676337 1.1479838998 0.7384878512 0.0000000000 0.4829214139 2.2586225427 0.7303432200 0.4358530750 1.3348197247
0.1459728755 0.2245109978 0.2592481037 0.1166369243 0.4829214139 0.0000000000 0.5847551296 0.3371332007 0.7455176017 0.2720503951
0.2001095384 0.3231905161 0.7710568386 0.0802674636 2.2586225427 0.5847551296 0.0000000000 0.9641356394 0.3266013831 0.4902611422
2.6038075914 0.4307440866 0.2352142574 0.2214120692 0.7303432200 0.3371332007 0.9641356394 0.0000000000 2.8690441493 0.0860856275
1.3096721668 0.4345619730 0.6482335592 1.6861420920 0.4358530750 0.7455176017 0.3266013831 2.8690441493 0.0000000000 0.3948093916
0.2276577368 0.3420471672 0.3562078227 1.3408619317 1.3348197247 0.2720503951 0.4902611422 0.0860856275 0.3948093916 0.0000000000
