# MCW Instance
# Type: EXPONENTIAL
# N: 10
# Optimal cost: 1.439488771809725
# Optimal tour (permutation): [0, 8, 7, 1, 2, 6, 9, 4, 5, 3, 0]
# Optimal walk (full path): [0, 8, 0, 7, 1, 2, 1, 6, 9, 6, 4, 3, 5, 3, 0]
# Walk size: 15
# Is walk (has repeats): true

# Distance Matrix
0.0000000000 0.9725356640 1.5363059233 0.2498875896 1.2124316539 0.8841994030 0.8076019880 0.3231673628 0.0981287279 2.6039726081
0.9725356640 0.0000000000 0.0436034952 0.2691453100 0.0796319790 2.0784532377 0.1280098514 0.0290263151 0.5863415871 0.6815224354
1.5363059233 0.0436034952 0.0000000000 0.2723791778 1.5929204339 0.3559882930 1.4646607982 0.4548408617 0.5465006475 0.6246134472
0.2498875896 0.2691453100 0.2723791778 0.0000000000 0.0443036114 0.0579274884 0.1402127177 1.4158546394 0.6714375707 0.3640800844
1.2124316539 0.0796319790 1.5929204339 0.0443036114 0.0000000000 0.4373881303 0.0946993631 0.5308274259 2.3967096158 0.8936943349
0.8841994030 2.0784532377 0.3559882930 0.0579274884 0.4373881303 0.0000000000 0.7760691197 0.9137634497 1.1739812517 0.6785327340
0.8076019880 0.1280098514 1.4646607982 0.1402127177 0.0946993631 0.7760691197 0.0000000000 1.6490978081 0.8578280351 0.0855376277
0.3231673628 0.0290263151 0.4548408617 1.4158546394 0.5308274259 0.9137634497 1.6490978081 0.0000000000 0.7572439253 1.5514659411
0.0981287279 0.5863415871 0.5465006475 0.6714375707 2.3967096158 1.1739812517 0.8578280351 0.7572439253 0.0000000000 0.9185219995
2.6039726081 0.6815224354 0.6246134472 0.3640800844 0.8936943349 0.6785327340 0.0855376277 1.5514659411 0.9185219995 0.0000000000
