# MCW Instance
# Type: EXPONENTIAL
# N: 10
# Optimal cost: 1.3936359747937421
# Optimal tour (permutation): [0, 8, 7, 9, 1, 2, 3, 6, 4, 5, 0]
# Optimal walk (full path): [0, 8, 7, 9, 1, 2, 3, 6, 4, 5, 0]
# Walk size: 11
# Is walk (has repeats): false

# Distance Matrix
0.0000000000 1.8538082151 1.5558889217 0.8061654448 0.3780239371 0.0413686867 0.7321356030 1.4169222507 0.1436767936 0.1678461791
1.8538082151 0.0000000000 0.1199134793 0.5086287783 0.6121316810 1.7403581469 0.9968520012 0.6549655444 2.5051026094 0.2278484461
1.5558889217 0.1199134793 0.0000000000 0.1915118177 0.2562219077 0.4259250642 0.2721883912 0.2417103863 0.2552971179 3.4586683850
0.8061654448 0.5086287783 0.1915118177 0.0000000000 1.9421094416 1.9573179109 0.1886048131 1.3247284462 0.1504422958 0.1765347074
0.3780239371 0.6121316810 0.2562219077 1.9421094416 0.0000000000 0.0686671540 0.1138685798 3.9736836144 0.1587527146 3.5667432779
0.0413686867 1.7403581469 0.4259250642 1.9573179109 0.0686671540 0.0000000000 0.8193010582 3.3946707129 1.3992880703 2.2012943214
0.7321356030 0.9968520012 0.2721883912 0.1886048131 0.1138685798 0.8193010582 0.0000000000 0.6435077341 0.2227731304 0.7894610072
1.4169222507 0.6549655444 0.2417103863 1.3247284462 3.9736836144 3.3946707129 0.6435077341 0.0000000000 0.0952967392 0.2028794651
0.1436767936 2.5051026094 0.2552971179 0.1504422958 0.1587527146 1.3992880703 0.2227731304 0.0952967392 0.0000000000 0.8967952554
0.1678461791 0.2278484461 3.4586683850 0.1765347074 3.5667432779 2.2012943214 0.7894610072 0.2028794651 0.8967952554 0.0000000000
