# MCW Instance
# Type: EXPONENTIAL
# N: 10
# Optimal cost: 1.6673787238262203
# Optimal tour (permutation): [0, 7, 8, 3, 2, 9, 6, 1, 5, 4, 0]
# Optimal walk (full path): [0, 7, 8, 3, 6, 2, 6, 9, 6, 1, 5, 4, 0]
# Walk size: 13
# Is walk (has repeats): true

# Distance Matrix
0.0000000000 0.3487786291 2.2321918398 1.2255334757 0.0128961503 0.0750749711 0.0327065833 0.3216461544 0.1635070129 0.6706958827
0.3487786291 0.0000000000 1.5792848743 0.7215371470 1.0481344001 0.1081209546 0.0160301554 2.8680425885 0.2599232136 0.0876351042
2.2321918398 1.5792848743 0.0000000000 1.9486482912 0.4752586723 1.3228956702 0.2361898608 1.5435925180 2.0374135363 0.4050777596
1.2255334757 0.7215371470 1.9486482912 0.0000000000 2.5997752194 0.7705768387 0.2115284195 0.5982188726 0.0294122136 0.7951991607
0.0128961503 1.0481344001 0.4752586723 2.5997752194 0.0000000000 0.0745100108 0.3009808995 1.4456245258 0.3749309179 0.9083196627
0.0750749711 0.1081209546 1.3228956702 0.7705768387 0.0745100108 0.0000000000 0.1869694508 0.8415733975 0.7754664955 0.1961955887
0.0327065833 0.0160301554 0.2361898608 0.2115284195 0.3009808995 0.1869694508 0.0000000000 0.3639534659 0.6952990767 0.0237885475
0.3216461544 2.8680425885 1.5435925180 0.5982188726 1.4456245258 0.8415733975 0.3639534659 0.0000000000 0.3732778486 0.9990155156
0.1635070129 0.2599232136 2.0374135363 0.0294122136 0.3749309179 0.7754664955 0.6952990767 0.3732778486 0.0000000000 0.5466145223
0.6706958827 0.0876351042 0.4050777596 0.7951991607 0.9083196627 0.1961955887 0.0237885475 0.9990155156 0.5466145223 0.0000000000
