# MCW Instance
# Type: EXPONENTIAL
# N: 10
# Optimal cost: 1.9815084113603663
# Optimal tour (permutation): [0, 6, 8, 5, 9, 1, 7, 3, 4, 2, 0]
# Optimal walk (full path): [0, 6, 8, 5, 7, 9, 1, 9, 7, 0, 4, 3, 4, 2, 4, 0]
# Walk size: 16
# Is walk (has repeats): true

# Distance Matrix
0.0000000000 0.3016999467 0.1509629987 0.2327495327 0.0015804619 0.8398938519 0.3131154686 0.0496418166 0.6543910798 0.5053371889
0.3016999467 0.0000000000 0.6872968071 0.3776825027 3.3025064897 0.9439997858 1.7003816064 0.6884136323 1.0341969957 0.1519220447
0.1509629987 0.6872968071 0.0000000000 0.7281447199 0.0900204989 1.3558236898 0.6383567592 0.4025499746 0.8825926245 0.5941464118
0.2327495327 0.3776825027 0.7281447199 0.0000000000 0.0806415413 1.6762834923 0.4145597907 0.6929194663 0.3896601810 0.7300673000
0.0015804619 3.3025064897 0.0900204989 0.0806415413 0.0000000000 0.4564864567 0.7290620499 3.4998296669 0.2108189858 0.9194333931
0.8398938519 0.9439997858 1.3558236898 1.6762834923 0.4564864567 0.0000000000 3.2503763272 0.3797846142 0.2774779662 1.4917704862
0.3131154686 1.7003816064 0.6383567592 0.4145597907 0.7290620499 3.2503763272 0.0000000000 0.4115917104 0.1772709057 0.6802905554
0.0496418166 0.6884136323 0.4025499746 0.6929194663 3.4998296669 0.3797846142 0.4115917104 0.0000000000 2.4048343337 0.0679442733
0.6543910798 1.0341969957 0.8825926245 0.3896601810 0.2108189858 0.2774779662 0.1772709057 2.4048343337 0.0000000000 0.3125261716
0.5053371889 0.1519220447 0.5941464118 0.7300673000 0.9194333931 1.4917704862 0.6802905554 0.0679442733 0.3125261716 0.0000000000
