# MCW Instance
# Type: EXPONENTIAL
# N: 10
# Optimal cost: 1.693259950047371
# Optimal tour (permutation): [0, 9, 7, 4, 6, 2, 3, 1, 8, 5, 0]
# Optimal walk (full path): [0, 9, 0, 7, 4, 6, 2, 3, 1, 3, 8, 5, 0]
# Walk size: 13
# Is walk (has repeats): true

# Distance Matrix
0.0000000000 1.0469304062 0.4007021155 1.8528451867 0.9855698502 0.0087534760 3.0676148983 0.0186825533 0.8915297703 0.1715618548
1.0469304062 0.0000000000 1.2285098603 0.0495957560 0.6173826150 1.9342433191 0.5452704287 0.7951234323 3.1426022104 0.4929777972
0.4007021155 1.2285098603 0.0000000000 0.0134609417 2.1640307434 0.2838196123 0.1015831407 2.5866230781 0.3731426371 3.5916955039
1.8528451867 0.0495957560 0.0134609417 0.0000000000 2.1379841395 1.9415625368 0.1523904218 0.3543910737 0.2627966930 0.4907768795
0.9855698502 0.6173826150 2.1640307434 2.1379841395 0.0000000000 1.9877932582 0.3150725185 0.2399735618 3.2829609185 0.8975716709
0.0087534760 1.9342433191 0.2838196123 1.9415625368 1.9877932582 0.0000000000 1.8781931133 0.2657756860 0.2906218434 0.8026869997
3.0676148983 0.5452704287 0.1015831407 0.1523904218 0.3150725185 1.8781931133 0.0000000000 0.1322450360 1.7907198842 2.5404837641
0.0186825533 0.7951234323 2.5866230781 0.3543910737 0.2399735618 0.2657756860 0.1322450360 0.0000000000 0.3852862161 0.5369546729
0.8915297703 3.1426022104 0.3731426371 0.2627966930 3.2829609185 0.2906218434 1.7907198842 0.3852862161 0.0000000000 1.1442533020
0.1715618548 0.4929777972 3.5916955039 0.4907768795 0.8975716709 0.8026869997 2.5404837641 0.5369546729 1.1442533020 0.0000000000
