# MCW Instance
# Type: EXPONENTIAL
# N: 10
# Optimal cost: 1.3170417424986902
# Optimal tour (permutation): [0, 9, 8, 7, 6, 5, 4, 3, 2, 1, 0]
# Optimal walk (full path): [0, 9, 8, 7, 6, 5, 8, 4, 8, 3, 2, 1, 0]
# Walk size: 13
# Is walk (has repeats): true

# Distance Matrix
0.0000000000 0.1788962408 1.0594608789 2.7913409606 1.9536415345 1.5948936885 1.1523880679 1.8305035369 5.3054922329 0.1154187639
0.1788962408 0.0000000000 0.2405787287 0.6091237988 0.2027163715 1.8337112481 0.7363960108 0.2597969271 0.3858579408 0.4142671187
1.0594608789 0.2405787287 0.0000000000 0.1590084165 1.9784317681 0.2313042296 1.0351858374 1.3914269219 2.8733995189 1.0116209717
2.7913409606 0.6091237988 0.1590084165 0.0000000000 0.1330399395 1.7934563744 1.7212821868 0.9173219937 0.0951849270 0.4259195177
1.9536415345 0.2027163715 1.9784317681 0.1330399395 0.0000000000 0.8768544789 0.6268990004 0.7057893256 0.0221826735 0.6285616522
1.5948936885 1.8337112481 0.2313042296 1.7934563744 0.8768544789 0.0000000000 0.1845783893 0.4441182943 0.0459974290 1.2698568431
1.1523880679 0.7363960108 1.0351858374 1.7212821868 0.6268990004 0.1845783893 0.0000000000 0.1858005452 0.7660757507 0.8631860842
1.8305035369 0.2597969271 1.3914269219 0.9173219937 0.7057893256 0.4441182943 0.1858005452 0.0000000000 0.0030168252 0.1815709466
5.3054922329 0.3858579408 2.8733995189 0.0951849270 0.0221826735 0.0459974290 0.7660757507 0.0030168252 0.0000000000 0.0641961300
0.1154187639 0.4142671187 1.0116209717 0.4259195177 0.6285616522 1.2698568431 0.8631860842 0.1815709466 0.0641961300 0.0000000000
