# MCW Instance
# Type: EXPONENTIAL
# N: 10
# Optimal cost: 2.3220242750091056
# Optimal tour (permutation): [0, 3, 1, 4, 2, 9, 7, 5, 6, 8, 0]
# Optimal walk (full path): [0, 3, 1, 3, 4, 2, 9, 7, 5, 7, 6, 8, 0]
# Walk size: 13
# Is walk (has repeats): true

# Distance Matrix
0.0000000000 1.1880055097 0.4435317633 0.2323136026 0.3284119394 1.5673539646 0.2552241643 0.7382524020 0.3372733196 0.2594245333
1.1880055097 0.0000000000 1.0016890833 0.0388007547 0.0957282212 0.9810468798 0.6268355403 1.3012179949 3.5647152507 0.3953059892
0.4435317633 1.0016890833 0.0000000000 0.8147319700 0.2256185870 1.2822298378 0.7686901116 0.6304531324 1.1238427214 0.3582208006
0.2323136026 0.0388007547 0.8147319700 0.0000000000 0.0392063009 0.9143147301 1.0235870909 1.0704782504 0.5265155574 0.3805747491
0.3284119394 0.0957282212 0.2256185870 0.0392063009 0.0000000000 4.0884487292 0.3093926296 0.4168366308 1.6847925069 0.2639759122
1.5673539646 0.9810468798 1.2822298378 0.9143147301 4.0884487292 0.0000000000 1.8289075588 0.2140473597 0.8629539713 2.7777712606
0.2552241643 0.6268355403 0.7686901116 1.0235870909 0.3093926296 1.8289075588 0.0000000000 0.2028787480 0.1957423137 0.5306223727
0.7382524020 1.3012179949 0.6304531324 1.0704782504 0.4168366308 0.2140473597 0.2028787480 0.0000000000 1.1841864721 0.2250743739
0.3372733196 3.5647152507 1.1238427214 0.5265155574 1.6847925069 0.8629539713 0.1957423137 1.1841864721 0.0000000000 1.0409721773
0.2594245333 0.3953059892 0.3582208006 0.3805747491 0.2639759122 2.7777712606 0.5306223727 0.2250743739 1.0409721773 0.0000000000
