# MCW Instance
# Type: EXPONENTIAL
# N: 10
# Optimal cost: 2.889993539675531
# Optimal tour (permutation): [0, 1, 5, 9, 3, 8, 6, 2, 7, 4, 0]
# Optimal walk (full path): [0, 1, 5, 9, 3, 8, 2, 6, 2, 7, 4, 7, 0]
# Walk size: 13
# Is walk (has repeats): true

# Distance Matrix
0.0000000000 0.3800314528 0.5068126145 2.7834573655 1.7374158755 0.5580263033 0.9204664990 0.3076949898 1.5668629799 1.0240342424
0.3800314528 0.0000000000 0.3201319179 2.3402165600 1.0023382965 0.0487728403 0.8425433878 0.3835415412 0.4756881489 1.0192348642
0.5068126145 0.3201319179 0.0000000000 0.6974314111 0.9705411361 0.7965537542 0.4935211562 0.1457230495 0.2957072265 1.3731795497
2.7834573655 2.3402165600 0.6974314111 0.0000000000 1.1690470514 1.5384395710 1.5404767082 0.5044551784 0.0605066527 0.3317192973
1.7374158755 1.0023382965 0.9705411361 1.1690470514 0.0000000000 0.4803198069 2.9250763242 0.1249709885 2.0397975837 0.2085167953
0.5580263033 0.0487728403 0.7965537542 1.5384395710 0.4803198069 0.0000000000 0.6956633710 0.1261450654 0.4478698461 0.0828537415
0.9204664990 0.8425433878 0.4935211562 1.5404767082 2.9250763242 0.6956633710 0.0000000000 0.7966881056 3.2504769636 1.4746892797
0.3076949898 0.3835415412 0.1457230495 0.5044551784 0.1249709885 0.1261450654 0.7966881056 0.0000000000 0.5796737533 0.2038432233
1.5668629799 0.4756881489 0.2957072265 0.0605066527 2.0397975837 0.4478698461 3.2504769636 0.5796737533 0.0000000000 0.6804529338
1.0240342424 1.0192348642 1.3731795497 0.3317192973 0.2085167953 0.0828537415 1.4746892797 0.2038432233 0.6804529338 0.0000000000
