# MCW Instance
# Type: EXPONENTIAL
# N: 10
# Optimal cost: 1.9847958585046632
# Optimal tour (permutation): [0, 8, 5, 6, 1, 9, 7, 2, 3, 4, 0]
# Optimal walk (full path): [0, 8, 5, 8, 1, 6, 1, 9, 7, 4, 3, 2, 3, 4, 0]
# Walk size: 15
# Is walk (has repeats): true

# Distance Matrix
0.0000000000 0.1960355368 2.7416604992 1.2990750600 0.0331925331 1.9326478387 1.5361099457 0.1536228876 0.0019017614 0.1815481791
0.1960355368 0.0000000000 2.0638094495 0.3525699070 0.7009868734 0.6485386005 0.1512775600 0.8262035383 0.0799238864 0.2089507477
2.7416604992 2.0638094495 0.0000000000 0.2063411248 0.9015243653 0.9402996987 0.6741738265 0.8133444413 1.3619609489 4.5451741679
1.2990750600 0.3525699070 0.2063411248 0.0000000000 0.1523573025 0.3834559003 6.3296284664 0.3639429971 0.5614753909 0.3338971501
0.0331925331 0.7009868734 0.9015243653 0.1523573025 0.0000000000 0.1685188768 0.3180620794 0.1501771114 1.3532601949 2.0108689747
1.9326478387 0.6485386005 0.9402996987 0.3834559003 0.1685188768 0.0000000000 3.0558726245 1.5131369928 0.1118450844 0.4766476302
1.5361099457 0.1512775600 0.6741738265 6.3296284664 0.3180620794 3.0558726245 0.0000000000 1.4386022355 0.8120489527 0.6082859071
0.1536228876 0.8262035383 0.8133444413 0.3639429971 0.1501771114 1.5131369928 1.4386022355 0.0000000000 0.3558147604 0.2670076752
0.0019017614 0.0799238864 1.3619609489 0.5614753909 1.3532601949 0.1118450844 0.8120489527 0.3558147604 0.0000000000 0.8287553700
0.1815481791 0.2089507477 4.5451741679 0.3338971501 2.0108689747 0.4766476302 0.6082859071 0.2670076752 0.8287553700 0.0000000000
