# MCW Instance
# Type: EXPONENTIAL
# N: 10
# Optimal cost: 3.1690553774874464
# Optimal tour (permutation): [0, 7, 2, 8, 4, 5, 3, 1, 6, 9, 0]
# Optimal walk (full path): [0, 7, 2, 8, 4, 5, 4, 6, 1, 3, 1, 6, 9, 0]
# Walk size: 14
# Is walk (has repeats): true

# Distance Matrix
0.0000000000 1.0188335082 0.3478136640 1.2247470165 2.9180367213 3.3193071459 0.9215777309 0.2765796027 0.3931396388 0.0546219075
1.0188335082 0.0000000000 1.1817096760 0.1146360532 1.6059428951 1.3575129193 0.8414606894 2.1959075356 1.3976093126 1.9038026287
0.3478136640 1.1817096760 0.0000000000 2.3124526088 0.3400925908 0.6021421460 0.6228717366 0.0076789684 0.0325333683 1.5260919550
1.2247470165 0.1146360532 2.3124526088 0.0000000000 1.1883914472 2.7778166319 1.4762775385 1.9902573110 1.1711882186 2.0369944190
2.9180367213 1.6059428951 0.3400925908 1.1883914472 0.0000000000 0.2473019905 0.0451168056 1.3028410258 0.1230506526 0.4338427795
3.3193071459 1.3575129193 0.6021421460 2.7778166319 0.2473019905 0.0000000000 8.3142324662 1.2159613469 1.0442764160 2.7665222168
0.9215777309 0.8414606894 0.6228717366 1.4762775385 0.0451168056 8.3142324662 0.0000000000 2.3902651401 2.3281536893 0.2226766064
0.2765796027 2.1959075356 0.0076789684 1.9902573110 1.3028410258 1.2159613469 2.3902651401 0.0000000000 1.6880959115 4.1499396301
0.3931396388 1.3976093126 0.0325333683 1.1711882186 0.1230506526 1.0442764160 2.3281536893 1.6880959115 0.0000000000 3.7432951750
0.0546219075 1.9038026287 1.5260919550 2.0369944190 0.4338427795 2.7665222168 0.2226766064 4.1499396301 3.7432951750 0.0000000000
