# MCW Instance
# Type: EXPONENTIAL
# N: 10
# Optimal cost: 2.048445859704525
# Optimal tour (permutation): [0, 9, 5, 8, 4, 7, 2, 3, 1, 6, 0]
# Optimal walk (full path): [0, 9, 7, 5, 8, 5, 7, 4, 7, 2, 7, 3, 1, 6, 0]
# Walk size: 15
# Is walk (has repeats): true

# Distance Matrix
0.0000000000 0.4230349466 0.5428674602 1.2186596660 3.2542852459 1.4029234346 0.4611544734 0.4769198595 0.6193003865 0.3428140515
0.4230349466 0.0000000000 1.1622343265 0.2720837562 0.5484093695 0.6962377224 0.2711865910 0.7409939218 0.8676267932 0.2788218973
0.5428674602 1.1622343265 0.0000000000 1.0010220727 3.9430605018 2.4622621535 2.4785630039 0.0164531515 1.4829134196 0.2001169834
1.2186596660 0.2720837562 1.0010220727 0.0000000000 0.2314268222 2.3033971718 0.6080275473 0.2072063129 1.4133915745 0.6638504114
3.2542852459 0.5484093695 3.9430605018 0.2314268222 0.0000000000 2.7115622646 1.0232137460 0.0010321240 1.7663375795 2.3695268346
1.4029234346 0.6962377224 2.4622621535 2.3033971718 2.7115622646 0.0000000000 1.2334371322 0.0066152123 0.1677483004 0.1735742477
0.4611544734 0.2711865910 2.4785630039 0.6080275473 1.0232137460 1.2334371322 0.0000000000 0.2956378891 0.7440153911 0.8642559265
0.4769198595 0.7409939218 0.0164531515 0.2072063129 0.0010321240 0.0066152123 0.2956378891 0.0000000000 0.2299239465 0.1103030983
0.6193003865 0.8676267932 1.4829134196 1.4133915745 1.7663375795 0.1677483004 0.7440153911 0.2299239465 0.0000000000 0.9774506849
0.3428140515 0.2788218973 0.2001169834 0.6638504114 2.3695268346 0.1735742477 0.8642559265 0.1103030983 0.9774506849 0.0000000000
