# MCW Instance
# Type: EXPONENTIAL
# N: 10
# Optimal cost: 1.756643564440537
# Optimal tour (permutation): [0, 8, 9, 6, 7, 4, 2, 5, 3, 1, 0]
# Optimal walk (full path): [0, 8, 9, 6, 7, 4, 7, 1, 2, 1, 5, 3, 5, 1, 7, 0]
# Walk size: 16
# Is walk (has repeats): true

# Distance Matrix
0.0000000000 3.4709684496 0.3022510478 2.4200452540 1.2931196024 2.6464445657 0.2277657038 0.2147435968 0.1368822955 0.7054926410
3.4709684496 0.0000000000 0.0572371556 2.9902496227 0.8233546237 0.0117064503 1.0682174644 0.0172856846 0.1857461217 2.0744457640
0.3022510478 0.0572371556 0.0000000000 0.6427740542 0.7147629988 4.7648798663 3.0856694825 0.2274373406 1.7746548173 0.5486524396
2.4200452540 2.9902496227 0.6427740542 0.0000000000 0.4980947471 0.0205565285 2.3777691581 0.1704318918 1.8904320973 0.7899664000
1.2931196024 0.8233546237 0.7147629988 0.4980947471 0.0000000000 0.6908834885 0.5963666904 0.1009589019 1.0635616628 3.6358594615
2.6464445657 0.0117064503 4.7648798663 0.0205565285 0.6908834885 0.0000000000 1.4224862326 0.3791305647 2.1209231254 0.5534742407
0.2277657038 1.0682174644 3.0856694825 2.3777691581 0.5963666904 1.4224862326 0.0000000000 0.1112653998 0.1455445824 0.3953166290
0.2147435968 0.0172856846 0.2274373406 0.1704318918 0.1009589019 0.3791305647 0.1112653998 0.0000000000 0.1627585085 1.3876046627
0.1368822955 0.1857461217 1.7746548173 1.8904320973 1.0635616628 2.1209231254 0.1455445824 0.1627585085 0.0000000000 0.4829462015
0.7054926410 2.0744457640 0.5486524396 0.7899664000 3.6358594615 0.5534742407 0.3953166290 1.3876046627 0.4829462015 0.0000000000
