# MCW Instance
# Type: EXPONENTIAL
# N: 10
# Optimal cost: 1.1455469174375468
# Optimal tour (permutation): [0, 4, 8, 5, 7, 2, 1, 9, 6, 3, 0]
# Optimal walk (full path): [0, 4, 8, 1, 5, 7, 2, 7, 5, 1, 9, 6, 3, 0]
# Walk size: 14
# Is walk (has repeats): true

# Distance Matrix
0.0000000000 0.2055664605 0.2716929058 0.1761009367 0.0864359640 0.4553299790 2.8970591642 1.0559238471 0.5109679065 0.7687273445
0.2055664605 0.0000000000 0.1035605000 0.4139727013 1.2348395259 0.0211989530 1.2316785788 3.7735915085 0.0802939594 0.1629431234
0.2716929058 0.1035605000 0.0000000000 0.1058703091 2.7465489523 0.7304522561 0.4943004959 0.0023161452 0.2760147154 0.8936907603
0.1761009367 0.4139727013 0.1058703091 0.0000000000 0.3942386659 0.8253058242 0.1231972824 0.8814984523 0.6341415153 1.0027658488
0.0864359640 1.2348395259 2.7465489523 0.3942386659 0.0000000000 0.1708939464 0.5015144747 2.2334453182 0.1970573816 1.8972540001
0.4553299790 0.0211989530 0.7304522561 0.8253058242 0.1708939464 0.0000000000 1.6413250933 0.0264036214 1.2088415401 0.6237086296
2.8970591642 1.2316785788 0.4943004959 0.1231972824 0.5015144747 1.6413250933 0.0000000000 1.1661177148 0.8494720514 0.2196808305
1.0559238471 3.7735915085 0.0023161452 0.8814984523 2.2334453182 0.0264036214 1.1661177148 0.0000000000 0.6962600166 0.2480457197
0.5109679065 0.0802939594 0.2760147154 0.6341415153 0.1970573816 1.2088415401 0.8494720514 0.6962600166 0.0000000000 0.4689377811
0.7687273445 0.1629431234 0.8936907603 1.0027658488 1.8972540001 0.6237086296 0.2196808305 0.2480457197 0.4689377811 0.0000000000
