# MCW Instance
# Type: EXPONENTIAL
# N: 10
# Optimal cost: 1.9715459985429145
# Optimal tour (permutation): [0, 8, 7, 5, 2, 1, 4, 9, 6, 3, 0]
# Optimal walk (full path): [0, 8, 5, 7, 5, 2, 5, 1, 5, 4, 9, 4, 3, 6, 3, 0]
# Walk size: 16
# Is walk (has repeats): true

# Distance Matrix
0.0000000000 2.3837478473 0.5651654229 0.2593138139 0.9416448905 1.6133421824 0.7069381784 1.0937527677 0.4259577011 0.3770962902
2.3837478473 0.0000000000 0.2907522336 0.3506116591 2.1928365851 0.1127738174 0.4411382043 0.5710783253 2.1245493017 0.2969234454
0.5651654229 0.2907522336 0.0000000000 0.0483648705 0.0719825536 0.0031263324 1.9274943284 3.4951883762 0.5430675070 0.4072400125
0.2593138139 0.3506116591 0.0483648705 0.0000000000 0.0582582130 1.7812080927 0.0003082811 0.8212745617 1.1162779089 1.6172390202
0.9416448905 2.1928365851 0.0719825536 0.0582582130 0.0000000000 0.0540037277 0.5146503247 1.0109249180 0.5665046499 0.0056138832
1.6133421824 0.1127738174 0.0031263324 1.7812080927 0.0540037277 0.0000000000 0.8266241523 0.3648525052 0.2006629044 0.3012653141
0.7069381784 0.4411382043 1.9274943284 0.0003082811 0.5146503247 0.8266241523 0.0000000000 0.5342627250 0.4950562358 0.5781877504
1.0937527677 0.5710783253 3.4951883762 0.8212745617 1.0109249180 0.3648525052 0.5342627250 0.0000000000 2.6436406321 1.0781677068
0.4259577011 2.1245493017 0.5430675070 1.1162779089 0.5665046499 0.2006629044 0.4950562358 2.6436406321 0.0000000000 0.5890882028
0.3770962902 0.2969234454 0.4072400125 1.6172390202 0.0056138832 0.3012653141 0.5781877504 1.0781677068 0.5890882028 0.0000000000
