# MCW Instance
# Type: EXPONENTIAL
# N: 10
# Optimal cost: 1.5517581404833376
# Optimal tour (permutation): [0, 3, 1, 7, 2, 5, 8, 6, 4, 9, 0]
# Optimal walk (full path): [0, 3, 1, 7, 2, 5, 7, 8, 6, 4, 6, 0, 9, 0]
# Walk size: 14
# Is walk (has repeats): true

# Distance Matrix
0.0000000000 0.2667560469 2.7160302290 0.1516072373 1.3447145094 0.9020672436 0.1290407770 2.3785573051 0.0962065653 0.0323133926
0.2667560469 0.0000000000 0.5956770499 0.1612667440 1.3243491745 1.7431012899 1.1860267419 0.2792779841 0.6379274487 0.3985290306
2.7160302290 0.5956770499 0.0000000000 3.0951221293 0.7029465669 0.1648043519 3.0710813294 0.0599861008 0.8455503025 0.7459123868
0.1516072373 0.1612667440 3.0951221293 0.0000000000 0.2909051369 0.9215364818 0.6370278774 2.3711085183 0.6117334763 2.8336137176
1.3447145094 1.3243491745 0.7029465669 0.2909051369 0.0000000000 0.3821494553 0.0173374756 0.6170141610 0.4037635170 0.2435324827
0.9020672436 1.7431012899 0.1648043519 0.9215364818 0.3821494553 0.0000000000 2.4798372857 0.1523360643 1.7806353042 0.5893144203
0.1290407770 1.1860267419 3.0710813294 0.6370278774 0.0173374756 2.4798372857 0.0000000000 0.5881438927 0.1818873063 0.6487581085
2.3785573051 0.2792779841 0.0599861008 2.3711085183 0.6170141610 0.1523360643 0.5881438927 0.0000000000 0.1722498384 0.2184461773
0.0962065653 0.6379274487 0.8455503025 0.6117334763 0.4037635170 1.7806353042 0.1818873063 0.1722498384 0.0000000000 1.9048568272
0.0323133926 0.3985290306 0.7459123868 2.8336137176 0.2435324827 0.5893144203 0.6487581085 0.2184461773 1.9048568272 0.0000000000
