# MCW Instance
# Type: EXPONENTIAL
# N: 10
# Optimal cost: 2.3205615912951703
# Optimal tour (permutation): [0, 4, 6, 5, 1, 9, 8, 7, 2, 3, 0]
# Optimal walk (full path): [0, 4, 6, 5, 1, 9, 8, 7, 2, 3, 0]
# Walk size: 11
# Is walk (has repeats): false

# Distance Matrix
0.0000000000 1.2391807084 0.7015009315 0.0620068721 0.1350899864 0.7314060723 0.5976667607 0.9993827205 1.0819241943 0.8314541088
1.2391807084 0.0000000000 0.5901856501 2.2647028820 1.0384769070 0.0034095661 0.2180324384 1.5908682947 0.9610197028 0.3111540349
0.7015009315 0.5901856501 0.0000000000 0.3850959402 2.6535360929 1.8453913139 0.3788504426 0.3934085938 2.3271222636 1.6618537351
0.0620068721 2.2647028820 0.3850959402 0.0000000000 3.2933077361 0.3856356934 0.3426471361 0.0229292282 1.1372559464 0.6771587742
0.1350899864 1.0384769070 2.6535360929 3.2933077361 0.0000000000 0.8629436729 0.1925374396 2.4161124473 0.7986718982 1.0415215413
0.7314060723 0.0034095661 1.8453913139 0.3856356934 0.8629436729 0.0000000000 0.1503137818 2.8555243020 4.4297339283 0.4099905994
0.5976667607 0.2180324384 0.3788504426 0.3426471361 0.1925374396 0.1503137818 0.0000000000 0.6154128801 0.7983200242 0.2884248913
0.9993827205 1.5908682947 0.3934085938 0.0229292282 2.4161124473 2.8555243020 0.6154128801 0.0000000000 0.4605298727 0.5642433460
1.0819241943 0.9610197028 2.3271222636 1.1372559464 0.7986718982 4.4297339283 0.7983200242 0.4605298727 0.0000000000 0.2270155038
0.8314541088 0.3111540349 1.6618537351 0.6771587742 1.0415215413 0.4099905994 0.2884248913 0.5642433460 0.2270155038 0.0000000000
