# MCW Instance
# Type: EXPONENTIAL
# N: 10
# Optimal cost: 1.4734396141422335
# Optimal tour (permutation): [0, 3, 2, 4, 8, 9, 6, 7, 5, 1, 0]
# Optimal walk (full path): [0, 3, 2, 4, 8, 9, 6, 9, 5, 7, 5, 1, 0]
# Walk size: 13
# Is walk (has repeats): true

# Distance Matrix
0.0000000000 0.0149608204 1.3254160283 0.1716566553 1.0093479164 0.8449193198 0.6147327467 0.6303098742 0.9393912599 1.9078582474
0.0149608204 0.0000000000 0.1585577411 0.5815843098 0.4082491062 0.0610145658 1.4696500864 4.4188746796 2.4046814088 0.2988427122
1.3254160283 0.1585577411 0.0000000000 0.2175432996 0.3741332707 0.5927102456 1.3678961872 0.5510023466 1.5529559610 0.7390776039
0.1716566553 0.5815843098 0.2175432996 0.0000000000 2.2492651749 1.0665334148 2.6246386256 0.9343398343 0.4269830860 0.3032091138
1.0093479164 0.4082491062 0.3741332707 2.2492651749 0.0000000000 2.3515982429 0.3169466220 0.4034490541 0.1285832217 0.8380916744
0.8449193198 0.0610145658 0.5927102456 1.0665334148 2.3515982429 0.0000000000 0.6225381212 0.1039889879 1.3688630097 0.0587163152
0.6147327467 1.4696500864 1.3678961872 2.6246386256 0.3169466220 0.6225381212 0.0000000000 1.3655122700 3.0680983159 0.0530356750
0.6303098742 4.4188746796 0.5510023466 0.9343398343 0.4034490541 0.1039889879 1.3655122700 0.0000000000 0.1999767372 3.6435095092
0.9393912599 2.4046814088 1.5529559610 0.4269830860 0.1285832217 1.3688630097 3.0680983159 0.1999767372 0.0000000000 0.1327821398
1.9078582474 0.2988427122 0.7390776039 0.3032091138 0.8380916744 0.0587163152 0.0530356750 3.6435095092 0.1327821398 0.0000000000
