# MCW Instance
# Type: EXPONENTIAL
# N: 10
# Optimal cost: 2.132459663951074
# Optimal tour (permutation): [0, 5, 7, 6, 4, 3, 9, 8, 2, 1, 0]
# Optimal walk (full path): [0, 5, 7, 6, 4, 3, 9, 8, 2, 1, 7, 0]
# Walk size: 12
# Is walk (has repeats): true

# Distance Matrix
0.0000000000 0.5566073290 1.2198127573 1.5342000082 0.5597856992 0.2050282566 2.8083243615 0.1600579548 3.1856494165 1.5486827716
0.5566073290 0.0000000000 0.2533850418 0.6490288534 1.0987420759 1.3845376838 0.8190072854 0.0290275993 0.5479068360 0.9738981257
1.2198127573 0.2533850418 0.0000000000 0.2160299037 1.9009551941 0.3444027572 0.2256347215 0.6401353901 0.1409036728 0.8553352752
1.5342000082 0.6490288534 0.2160299037 0.0000000000 0.2652450720 2.2239005081 0.7164183628 0.7471086140 1.5428292003 0.1940726925
0.5597856992 1.0987420759 1.9009551941 0.2652450720 0.0000000000 1.0131927868 0.3609370581 5.0566912825 0.3219647760 0.6779844434
0.2050282566 1.3845376838 0.3444027572 2.2239005081 1.0131927868 0.0000000000 0.1917207879 0.1112876159 0.3845539315 0.9144757842
2.8083243615 0.8190072854 0.2256347215 0.7164183628 0.3609370581 0.1917207879 0.0000000000 0.0480554551 2.2791560396 1.3766304020
0.1600579548 0.0290275993 0.6401353901 0.7471086140 5.0566912825 0.1112876159 0.0480554551 0.0000000000 5.5529213971 2.4810658400
3.1856494165 0.5479068360 0.1409036728 1.5428292003 0.3219647760 0.3845539315 2.2791560396 5.5529213971 0.0000000000 0.3644592450
1.5486827716 0.9738981257 0.8553352752 0.1940726925 0.6779844434 0.9144757842 1.3766304020 2.4810658400 0.3644592450 0.0000000000
