# MCW Instance
# Type: EXPONENTIAL
# N: 10
# Optimal cost: 1.1485458569326827
# Optimal tour (permutation): [0, 8, 7, 9, 5, 2, 3, 4, 6, 1, 0]
# Optimal walk (full path): [0, 8, 7, 8, 9, 5, 2, 5, 9, 8, 3, 4, 6, 1, 0]
# Walk size: 15
# Is walk (has repeats): true

# Distance Matrix
0.0000000000 0.0610417261 0.3226014799 0.5644349101 0.8053153167 3.1406736141 0.4280514668 0.9167208650 0.0617030369 0.1830057314
0.0610417261 0.0000000000 1.8181620911 0.2534343155 0.9342923527 0.1375461850 0.0649065695 1.2960231103 1.1524342797 1.1318559261
0.3226014799 1.8181620911 0.0000000000 1.4218026675 0.7117811493 0.1138338586 1.1203856033 1.0824084672 0.3567313082 0.9498490406
0.5644349101 0.2534343155 1.4218026675 0.0000000000 0.1044190833 0.8693501501 0.6175786401 2.6887724444 0.0759157799 0.2702886682
0.8053153167 0.9342923527 0.7117811493 0.1044190833 0.0000000000 0.1554339296 0.0981121552 0.2138652298 0.5917037168 0.5467017832
3.1406736141 0.1375461850 0.1138338586 0.8693501501 0.1554339296 0.0000000000 2.3804564299 0.4374673191 0.9514295019 0.0235695001
0.4280514668 0.0649065695 1.1203856033 0.6175786401 0.0981121552 2.3804564299 0.0000000000 0.3903145813 1.3994841682 1.8777654217
0.9167208650 1.2960231103 1.0824084672 2.6887724444 0.2138652298 0.4374673191 0.3903145813 0.0000000000 0.1416360405 1.0031793409
0.0617030369 1.1524342797 0.3567313082 0.0759157799 0.5917037168 0.9514295019 1.3994841682 0.1416360405 0.0000000000 0.0621843538
0.1830057314 1.1318559261 0.9498490406 0.2702886682 0.5467017832 0.0235695001 1.8777654217 1.0031793409 0.0621843538 0.0000000000
