# Graph size: 16
# Optimal cost: 0.9487613389730383

# Distance Matrix
0.0 0.5887441027550953 0.8125360863113381 0.9778318275445655 0.06645106646012999 0.26340433120352247 0.9368794634600931 0.050726785859758095 0.12106627369671086 0.18911636996508807 0.5453539212041194 0.20657540093362237 0.35569206430425004 0.8214247872793757 0.7079488522806434 0.2680062390247945
0.5887441027550953 0.0 0.14534836925442152 0.1579617354440055 0.882559650879545 0.9112240007411229 0.4639455012298105 0.16701600335535272 0.7391612376990834 0.27583448746999506 0.7552110908489521 0.9951863364897897 0.24338953695775756 0.896981932290225 0.7660431385869478 0.04081940972048703
0.8125360863113381 0.14534836925442152 0.0 0.05620207735575866 0.9883935139087996 0.5478861204792977 0.8090344138596642 0.8619529673847154 0.9496528902716946 0.028016444662755546 0.5744879063980639 0.32413148298572525 0.5970006403567141 0.780161669129238 0.2696339186463097 0.9861775066611347
0.9778318275445655 0.1579617354440055 0.05620207735575866 0.0 0.0241862124944493 0.8826683052234672 0.6890861845352361 0.5842015187900133 0.1883728536426723 0.042470888623540315 0.054790613314816494 0.9191001100518704 0.28582308268546697 0.48440479995669306 0.22206775278061153 0.6474729642543222
0.06645106646012999 0.882559650879545 0.9883935139087996 0.0241862124944493 0.0 0.7330691366630708 0.45794387197164466 0.3231869367492257 0.09391077954078753 0.10149922506538345 0.5972336625115034 0.44298469449211253 0.4616374857667197 0.6667673127145461 0.7853290198436594 1.420111908897459E-4
0.26340433120352247 0.9112240007411229 0.5478861204792977 0.8826683052234672 0.7330691366630708 0.0 0.6241549728237915 0.32916002620378804 0.6198353750071892 0.8680868111914621 0.017451686651848375 0.5370317649552407 0.054690418816142006 0.9110887405425001 0.02050094624752319 0.5026447386392534
0.9368794634600931 0.4639455012298105 0.8090344138596642 0.6890861845352361 0.45794387197164466 0.6241549728237915 0.0 0.3016133880486228 0.5339660067442434 0.6111892854470178 0.43822800933940476 0.6147873592097816 0.04792460888800987 0.015478156721871139 0.7597955602070756 0.15362940966847138
0.050726785859758095 0.16701600335535272 0.8619529673847154 0.5842015187900133 0.3231869367492257 0.32916002620378804 0.3016133880486228 0.0 0.1404024708243422 0.5295175567615604 0.20724041601985643 0.7210422730780078 0.503392270263331 0.6875932834934178 0.611448131801051 0.808330485202183
0.12106627369671086 0.7391612376990834 0.9496528902716946 0.1883728536426723 0.09391077954078753 0.6198353750071892 0.5339660067442434 0.1404024708243422 0.0 0.7225685831969413 0.4732042770942456 0.6026495865543677 0.0430030786076131 0.858645994635652 0.3262298830492618 0.8989597467011676
0.18911636996508807 0.27583448746999506 0.028016444662755546 0.042470888623540315 0.10149922506538345 0.8680868111914621 0.6111892854470178 0.5295175567615604 0.7225685831969413 0.0 0.8319734464375463 0.7627471793352651 0.286061630325098 0.9400253466343723 0.7202067106793095 0.05916063482095835
0.5453539212041194 0.7552110908489521 0.5744879063980639 0.054790613314816494 0.5972336625115034 0.017451686651848375 0.43822800933940476 0.20724041601985643 0.4732042770942456 0.8319734464375463 0.0 0.7287378282564034 0.5379312404988308 0.7436537277162298 0.9017201212569852 0.8055330246837703
0.20657540093362237 0.9951863364897897 0.32413148298572525 0.9191001100518704 0.44298469449211253 0.5370317649552407 0.6147873592097816 0.7210422730780078 0.6026495865543677 0.7627471793352651 0.7287378282564034 0.0 0.9059916754075493 0.8453495630789909 0.06413890362612162 0.8711192677124493
0.35569206430425004 0.24338953695775756 0.5970006403567141 0.28582308268546697 0.4616374857667197 0.054690418816142006 0.04792460888800987 0.503392270263331 0.0430030786076131 0.286061630325098 0.5379312404988308 0.9059916754075493 0.0 0.8957790857194992 0.24484422418664786 0.6599835086216782
0.8214247872793757 0.896981932290225 0.780161669129238 0.48440479995669306 0.6667673127145461 0.9110887405425001 0.015478156721871139 0.6875932834934178 0.858645994635652 0.9400253466343723 0.7436537277162298 0.8453495630789909 0.8957790857194992 0.0 0.9013293578672041 0.5237199706969323
0.7079488522806434 0.7660431385869478 0.2696339186463097 0.22206775278061153 0.7853290198436594 0.02050094624752319 0.7597955602070756 0.611448131801051 0.3262298830492618 0.7202067106793095 0.9017201212569852 0.06413890362612162 0.24484422418664786 0.9013293578672041 0.0 0.5036713613372966
0.2680062390247945 0.04081940972048703 0.9861775066611347 0.6474729642543222 1.420111908897459E-4 0.5026447386392534 0.15362940966847138 0.808330485202183 0.8989597467011676 0.05916063482095835 0.8055330246837703 0.8711192677124493 0.6599835086216782 0.5237199706969323 0.5036713613372966 0.0

# Optimal Walk
0 7 8 12 13 6 14 11 5 10 3 2 9 15 1 4 0
