# MCW Instance
# Type: UNIFORM
# N: 16
# Optimal cost: 1.459227104130529
# Optimal tour (permutation): [0, 8, 13, 9, 12, 15, 10, 4, 3, 6, 1, 5, 14, 11, 7, 2, 0]
# Optimal walk (full path): [0, 2, 8, 9, 13, 9, 12, 10, 15, 10, 4, 3, 6, 12, 1, 5, 1, 7, 14, 11, 14, 7, 2, 0]
# Walk size: 24
# Is walk (has repeats): true

# Distance Matrix
0.0000000000 0.8951590746 0.0139706120 0.4501697404 0.8265588175 0.5210977690 0.5106653533 0.4477367556 0.1201686497 0.1127023839 0.9201834603 0.2528175868 0.5779114543 0.7850492860 0.2274009634 0.9440283352
0.8951590746 0.0000000000 0.9975392070 0.2777001604 0.5514967082 0.0071903164 0.8532979956 0.0212559908 0.1994916574 0.2050803378 0.8679540349 0.7736290845 0.0192199615 0.4329302676 0.6065563634 0.1856834940
0.0139706120 0.9975392070 0.0000000000 0.5180710148 0.3534074714 0.3868893437 0.3443693813 0.0038805852 0.0589094495 0.9822310357 0.8112045369 0.8256381613 0.7443575655 0.3039478747 0.9249323606 0.6442170790
0.4501697404 0.2777001604 0.5180710148 0.0000000000 0.3902760250 0.4946206999 0.1694118318 0.5471225207 0.7537941988 0.6368101379 0.2212725610 0.7362919282 0.5443118971 0.5882345958 0.8865933901 0.4642713404
0.8265588175 0.5514967082 0.3534074714 0.3902760250 0.0000000000 0.5209183187 0.2910473462 0.5118404852 0.8716302769 0.3902576499 0.2710635955 0.6115268589 0.3872663456 0.8063853336 0.9422024594 0.3935322800
0.5210977690 0.0071903164 0.3868893437 0.4946206999 0.5209183187 0.0000000000 0.3932909829 0.4782608232 0.7620727267 0.5827486872 0.9274754078 0.3758739673 0.2465455324 0.4446928322 0.2987758443 0.2926042115
0.5106653533 0.8532979956 0.3443693813 0.1694118318 0.2910473462 0.3932909829 0.0000000000 0.3443209548 0.1929549516 0.6252459780 0.5692628120 0.6969096396 0.0278280449 0.4686833995 0.6143700559 0.8651147739
0.4477367556 0.0212559908 0.0038805852 0.5471225207 0.5118404852 0.4782608232 0.3443209548 0.0000000000 0.8981895195 0.9366460878 0.9655712664 0.6900135621 0.7046831612 0.8500138892 0.0286964967 0.5746016229
0.1201686497 0.1994916574 0.0589094495 0.7537941988 0.8716302769 0.7620727267 0.1929549516 0.8981895195 0.0000000000 0.0694762377 0.8330594080 0.3038207265 0.6216776358 0.9863428020 0.4730310438 0.8617827021
0.1127023839 0.2050803378 0.9822310357 0.6368101379 0.3902576499 0.5827486872 0.6252459780 0.9366460878 0.0694762377 0.0000000000 0.2442096707 0.6345511015 0.0175406670 0.0699724844 0.0763388371 0.3910093396
0.9201834603 0.8679540349 0.8112045369 0.2212725610 0.2710635955 0.9274754078 0.5692628120 0.9655712664 0.8330594080 0.2442096707 0.0000000000 0.4305874102 0.0827986595 0.7563397836 0.6073508150 0.0118373603
0.2528175868 0.7736290845 0.8256381613 0.7362919282 0.6115268589 0.3758739673 0.6969096396 0.6900135621 0.3038207265 0.6345511015 0.4305874102 0.0000000000 0.4100985693 0.4272714796 0.0321157581 0.1988193081
0.5779114543 0.0192199615 0.7443575655 0.5443118971 0.3872663456 0.2465455324 0.0278280449 0.7046831612 0.6216776358 0.0175406670 0.0827986595 0.4100985693 0.0000000000 0.9558559619 0.6067164513 0.8529140339
0.7850492860 0.4329302676 0.3039478747 0.5882345958 0.8063853336 0.4446928322 0.4686833995 0.8500138892 0.9863428020 0.0699724844 0.7563397836 0.4272714796 0.9558559619 0.0000000000 0.6179843730 0.2799417395
0.2274009634 0.6065563634 0.9249323606 0.8865933901 0.9422024594 0.2987758443 0.6143700559 0.0286964967 0.4730310438 0.0763388371 0.6073508150 0.0321157581 0.6067164513 0.6179843730 0.0000000000 0.4139196968
0.9440283352 0.1856834940 0.6442170790 0.4642713404 0.3935322800 0.2926042115 0.8651147739 0.5746016229 0.8617827021 0.3910093396 0.0118373603 0.1988193081 0.8529140339 0.2799417395 0.4139196968 0.0000000000
