# MCW Instance
# Type: UNIFORM
# N: 16
# Optimal cost: 2.2789081616942712
# Optimal tour (permutation): [0, 12, 10, 1, 11, 13, 4, 6, 9, 14, 3, 8, 5, 7, 2, 15, 0]
# Optimal walk (full path): [0, 12, 10, 1, 11, 13, 4, 6, 9, 14, 3, 8, 5, 7, 2, 7, 15, 0]
# Walk size: 18
# Is walk (has repeats): true

# Distance Matrix
0.0000000000 0.7567806921 0.9300207199 0.6570199376 0.4558616832 0.2616514979 0.4283045359 0.5659755200 0.6207650584 0.1850180253 0.3021259824 0.3362993105 0.0394566302 0.1714370962 0.2385035558 0.1116632426
0.7567806921 0.0000000000 0.7078241892 0.5354521968 0.6947010278 0.6047569103 0.9032026099 0.8570493609 0.4757402882 0.3563218606 0.1986164777 0.1258963387 0.8194147733 0.4834143395 0.2703053386 0.9834680158
0.9300207199 0.7078241892 0.0000000000 0.3477206721 0.4313309811 0.4673119176 0.8631370654 0.0961625022 0.2602340414 0.3550778912 0.8605360115 0.7161781252 0.2953638551 0.2194059654 0.9799731738 0.8609677539
0.6570199376 0.5354521968 0.3477206721 0.0000000000 0.5488284002 0.8228109959 0.9974113529 0.7113003682 0.1813106083 0.5421965588 0.5564949566 0.5754102131 0.4136362857 0.3849584197 0.2713378798 0.5058848835
0.4558616832 0.6947010278 0.4313309811 0.5488284002 0.0000000000 0.7209969488 0.2800291526 0.5482604622 0.9164856642 0.8467229401 0.4710433338 0.5583912567 0.2531298917 0.1578545218 0.8007161453 0.2940250882
0.2616514979 0.6047569103 0.4673119176 0.8228109959 0.7209969488 0.0000000000 0.8758042640 0.1313596972 0.1686923061 0.9238561022 0.4419666585 0.3076990591 0.4695369235 0.7256805371 0.2470336682 0.8775398838
0.4283045359 0.9032026099 0.8631370654 0.9974113529 0.2800291526 0.8758042640 0.0000000000 0.8732028478 0.7198908955 0.1738396787 0.1777728409 0.3972245478 0.7530595868 0.1304926912 0.7645867328 0.3380510048
0.5659755200 0.8570493609 0.0961625022 0.7113003682 0.5482604622 0.1313596972 0.8732028478 0.0000000000 0.1881366274 0.1148407367 0.4042074916 0.2783457305 0.5462627577 0.3338024139 0.2760101709 0.0677450029
0.6207650584 0.4757402882 0.2602340414 0.1813106083 0.9164856642 0.1686923061 0.7198908955 0.1881366274 0.0000000000 0.4149255724 0.1271033838 0.9180634284 0.3864798837 0.6881632315 0.7975005008 0.9617680346
0.1850180253 0.3563218606 0.3550778912 0.5421965588 0.8467229401 0.9238561022 0.1738396787 0.1148407367 0.4149255724 0.0000000000 0.2444315797 0.7367464256 0.8333637182 0.5001022408 0.0426039709 0.4197462613
0.3021259824 0.1986164777 0.8605360115 0.5564949566 0.4710433338 0.4419666585 0.1777728409 0.4042074916 0.1271033838 0.2444315797 0.0000000000 0.4245251889 0.0130886145 0.6296607343 0.9436219785 0.6185941650
0.3362993105 0.1258963387 0.7161781252 0.5754102131 0.5583912567 0.3076990591 0.3972245478 0.2783457305 0.9180634284 0.7367464256 0.4245251889 0.0000000000 0.1344482864 0.1230890352 0.4509392549 0.9424751315
0.0394566302 0.8194147733 0.2953638551 0.4136362857 0.2531298917 0.4695369235 0.7530595868 0.5462627577 0.3864798837 0.8333637182 0.0130886145 0.1344482864 0.0000000000 0.1850103284 0.1327155675 0.8780558549
0.1714370962 0.4834143395 0.2194059654 0.3849584197 0.1578545218 0.7256805371 0.1304926912 0.3338024139 0.6881632315 0.5001022408 0.6296607343 0.1230890352 0.1850103284 0.0000000000 0.8226159722 0.3212954894
0.2385035558 0.2703053386 0.9799731738 0.2713378798 0.8007161453 0.2470336682 0.7645867328 0.2760101709 0.7975005008 0.0426039709 0.9436219785 0.4509392549 0.1327155675 0.8226159722 0.0000000000 0.4237147600
0.1116632426 0.9834680158 0.8609677539 0.5058848835 0.2940250882 0.8775398838 0.3380510048 0.0677450029 0.9617680346 0.4197462613 0.6185941650 0.9424751315 0.8780558549 0.3212954894 0.4237147600 0.0000000000
