# MCW Instance
# Type: UNIFORM
# N: 16
# Optimal cost: 2.0659311599581884
# Optimal tour (permutation): [0, 11, 12, 4, 9, 1, 6, 3, 7, 13, 10, 2, 14, 8, 15, 5, 0]
# Optimal walk (full path): [0, 11, 4, 12, 4, 9, 1, 6, 3, 7, 13, 10, 2, 14, 5, 15, 8, 15, 5, 0]
# Walk size: 20
# Is walk (has repeats): true

# Distance Matrix
0.0000000000 0.0538013239 0.0941385171 0.9467391042 0.6921687552 0.0358168366 0.2668121695 0.2647444431 0.6411224200 0.5565845931 0.4867615271 0.0214869410 0.3164976579 0.9537454770 0.6165316848 0.8157651589
0.0538013239 0.0000000000 0.1861362378 0.5541722727 0.2336325283 0.8992143110 0.0332568117 0.2793737488 0.7201475608 0.1709891712 0.4743020683 0.8954920505 0.1933240089 0.3881007404 0.1931486364 0.3705704897
0.0941385171 0.1861362378 0.0000000000 0.3113546997 0.7616024743 0.4654412382 0.4121197725 0.5754759515 0.2347999410 0.2743505220 0.1496135920 0.8676695546 0.6468828860 0.0778441718 0.0993945416 0.6126716985
0.9467391042 0.5541722727 0.3113546997 0.0000000000 0.6738563868 0.0775992903 0.0035739738 0.1336548596 0.9083736938 0.6609732526 0.8698606110 0.4828632918 0.6910500515 0.5399892778 0.5558541802 0.2716469766
0.6921687552 0.2336325283 0.7616024743 0.6738563868 0.0000000000 0.3380636074 0.9950824159 0.5391920371 0.7987522324 0.2233256219 0.5463898180 0.0940383195 0.0813919009 0.7682292783 0.3216593342 0.9547566144
0.0358168366 0.8992143110 0.4654412382 0.0775992903 0.3380636074 0.0000000000 0.2305321587 0.7679624734 0.3673886790 0.6892089562 0.9799961079 0.6405968497 0.1585966878 0.4269751096 0.0783996643 0.1236416713
0.2668121695 0.0332568117 0.4121197725 0.0035739738 0.9950824159 0.2305321587 0.0000000000 0.6026677335 0.2918878972 0.6835985882 0.6624782543 0.9039986107 0.8736322803 0.8612391799 0.2360660217 0.7587169029
0.2647444431 0.2793737488 0.5754759515 0.1336548596 0.5391920371 0.7679624734 0.6026677335 0.0000000000 0.3397563821 0.7821705134 0.6475393249 0.4825287374 0.3372956585 0.2378886390 0.3707897265 0.8397927053
0.6411224200 0.7201475608 0.2347999410 0.9083736938 0.7987522324 0.3673886790 0.2918878972 0.3397563821 0.0000000000 0.6623115455 0.6488484118 0.8888550433 0.5382059804 0.7859986502 0.8273919511 0.0859137799
0.5565845931 0.1709891712 0.2743505220 0.6609732526 0.2233256219 0.6892089562 0.6835985882 0.7821705134 0.6623115455 0.0000000000 0.5810277836 0.7176151917 0.3752073023 0.6619089819 0.9275541850 0.3573439099
0.4867615271 0.4743020683 0.1496135920 0.8698606110 0.5463898180 0.9799961079 0.6624782543 0.6475393249 0.6488484118 0.5810277836 0.0000000000 0.7446443954 0.7273032786 0.2025974835 0.4462909539 0.6738800923
0.0214869410 0.8954920505 0.8676695546 0.4828632918 0.0940383195 0.6405968497 0.9039986107 0.4825287374 0.8888550433 0.7176151917 0.7446443954 0.0000000000 0.7051925859 0.5170122627 0.4561834443 0.9178374750
0.3164976579 0.1933240089 0.6468828860 0.6910500515 0.0813919009 0.1585966878 0.8736322803 0.3372956585 0.5382059804 0.3752073023 0.7273032786 0.7051925859 0.0000000000 0.4189829111 0.8138498049 0.2779262708
0.9537454770 0.3881007404 0.0778441718 0.5399892778 0.7682292783 0.4269751096 0.8612391799 0.2378886390 0.7859986502 0.6619089819 0.2025974835 0.5170122627 0.4189829111 0.0000000000 0.9399293804 0.7760610753
0.6165316848 0.1931486364 0.0993945416 0.5558541802 0.3216593342 0.0783996643 0.2360660217 0.3707897265 0.8273919511 0.9275541850 0.4462909539 0.4561834443 0.8138498049 0.9399293804 0.0000000000 0.5385106149
0.8157651589 0.3705704897 0.6126716985 0.2716469766 0.9547566144 0.1236416713 0.7587169029 0.8397927053 0.0859137799 0.3573439099 0.6738800923 0.9178374750 0.2779262708 0.7760610753 0.5385106149 0.0000000000
