# MCW Instance
# Type: UNIFORM
# N: 16
# Optimal cost: 1.3818482991707688
# Optimal tour (permutation): [0, 11, 10, 12, 2, 3, 13, 15, 9, 4, 5, 1, 7, 6, 14, 8, 0]
# Optimal walk (full path): [0, 11, 0, 10, 12, 2, 3, 13, 9, 15, 9, 13, 4, 5, 1, 7, 6, 14, 8, 0]
# Walk size: 20
# Is walk (has repeats): true

# Distance Matrix
0.0000000000 0.6319556101 0.5456154075 0.2071180356 0.6828687671 0.3935962835 0.4470950718 0.7723346285 0.0339980034 0.6506805184 0.0413496929 0.2208438893 0.7686641563 0.8048662693 0.6596586153 0.9729044115
0.6319556101 0.0000000000 0.2213288627 0.6819269084 0.9378866350 0.0653253745 0.9648089753 0.0645521088 0.4184960849 0.7014456600 0.1918149982 0.6797395499 0.6370341975 0.9273497256 0.5178695595 0.1640014767
0.5456154075 0.2213288627 0.0000000000 0.0847276743 0.1338138425 0.3555387277 0.5774610775 0.9632305115 0.6469525702 0.6749483088 0.3670161693 0.7032355418 0.0152622746 0.6618457523 0.2890985964 0.8055736590
0.2071180356 0.6819269084 0.0847276743 0.0000000000 0.7267342588 0.5120080920 0.6941592677 0.6815893378 0.9969377018 0.3595847657 0.7478608269 0.8189945799 0.9574483207 0.1270036245 0.6180610087 0.7800679275
0.6828687671 0.9378866350 0.1338138425 0.7267342588 0.0000000000 0.0437256495 0.9053572716 0.3920216323 0.2509790867 0.6325181609 0.3267262651 0.5048794254 0.6041834672 0.0111023523 0.2736840196 0.7582667579
0.3935962835 0.0653253745 0.3555387277 0.5120080920 0.0437256495 0.0000000000 0.2102456919 0.5741380752 0.1862685747 0.5870718660 0.0411143245 0.7386491829 0.1729940096 0.0926794265 0.9437850471 0.4436151666
0.4470950718 0.9648089753 0.5774610775 0.6941592677 0.9053572716 0.2102456919 0.0000000000 0.1100145683 0.5026341460 0.3314527849 0.2578858913 0.9213427206 0.1395217151 0.9386676457 0.0586080991 0.2730622043
0.7723346285 0.0645521088 0.9632305115 0.6815893378 0.3920216323 0.5741380752 0.1100145683 0.0000000000 0.6859627796 0.7176740718 0.9620790466 0.9857654011 0.5179671404 0.9150255959 0.6899191308 0.5719842288
0.0339980034 0.4184960849 0.6469525702 0.9969377018 0.2509790867 0.1862685747 0.5026341460 0.6859627796 0.0000000000 0.1454973355 0.8607327646 0.8356817596 0.4391719968 0.3469416114 0.0266152130 0.5604956822
0.6506805184 0.7014456600 0.6749483088 0.3595847657 0.6325181609 0.5870718660 0.3314527849 0.7176740718 0.1454973355 0.0000000000 0.4638336135 0.4132987728 0.4661928962 0.0910610406 0.8386897088 0.0282281661
0.0413496929 0.1918149982 0.3670161693 0.7478608269 0.3267262651 0.0411143245 0.2578858913 0.9620790466 0.8607327646 0.4638336135 0.0000000000 0.8353662450 0.0192974719 0.3222999656 0.7017199312 0.8112979395
0.2208438893 0.6797395499 0.7032355418 0.8189945799 0.5048794254 0.7386491829 0.9213427206 0.9857654011 0.8356817596 0.4132987728 0.8353662450 0.0000000000 0.8101688655 0.2793597195 0.3479923779 0.8763242791
0.7686641563 0.6370341975 0.0152622746 0.9574483207 0.6041834672 0.1729940096 0.1395217151 0.5179671404 0.4391719968 0.4661928962 0.0192974719 0.8101688655 0.0000000000 0.1126857965 0.1899229471 0.5523246488
0.8048662693 0.9273497256 0.6618457523 0.1270036245 0.0111023523 0.0926794265 0.9386676457 0.9150255959 0.3469416114 0.0910610406 0.3222999656 0.2793597195 0.1126857965 0.0000000000 0.1143871229 0.4388136673
0.6596586153 0.5178695595 0.2890985964 0.6180610087 0.2736840196 0.9437850471 0.0586080991 0.6899191308 0.0266152130 0.8386897088 0.7017199312 0.3479923779 0.1899229471 0.1143871229 0.0000000000 0.6270940136
0.9729044115 0.1640014767 0.8055736590 0.7800679275 0.7582667579 0.4436151666 0.2730622043 0.5719842288 0.5604956822 0.0282281661 0.8112979395 0.8763242791 0.5523246488 0.4388136673 0.6270940136 0.0000000000
