# MCW Instance
# Type: UNIFORM
# N: 16
# Optimal cost: 1.354424954956477
# Optimal tour (permutation): [0, 4, 7, 1, 15, 13, 2, 9, 11, 10, 5, 8, 12, 6, 3, 14, 0]
# Optimal walk (full path): [0, 4, 1, 7, 1, 15, 13, 15, 2, 9, 10, 11, 10, 5, 8, 12, 3, 6, 3, 14, 0]
# Walk size: 21
# Is walk (has repeats): true

# Distance Matrix
0.0000000000 0.6883174346 0.3908936312 0.7160127660 0.0485687732 0.2313705470 0.1651297606 0.2051013503 0.8611789773 0.4884071145 0.8726409275 0.8162372999 0.8279533021 0.4801468766 0.1081570310 0.2713464010
0.6883174346 0.0000000000 0.3622107221 0.9400454408 0.0383407968 0.2336624363 0.1877197492 0.0336305374 0.1205302573 0.9437242603 0.9584346786 0.1430401835 0.5841696896 0.4205899723 0.1815851183 0.0881307835
0.3908936312 0.3622107221 0.0000000000 0.3717372452 0.2212184052 0.6570400201 0.2190005867 0.4010158598 0.5800701410 0.2015312532 0.6594997167 0.2068435990 0.8613316710 0.5132361977 0.6072749333 0.2480185435
0.7160127660 0.9400454408 0.3717372452 0.0000000000 0.6477674204 0.6503826281 0.0031238932 0.4238221086 0.4630569620 0.7469531096 0.0709100012 0.6346642455 0.0785750163 0.2692305637 0.1990157911 0.5426425099
0.0485687732 0.0383407968 0.2212184052 0.6477674204 0.0000000000 0.5909245477 0.3288405494 0.3852888975 0.0403464290 0.9731340802 0.3111095350 0.9996618896 0.3200276375 0.6002821812 0.3519732945 0.9321031696
0.2313705470 0.2336624363 0.6570400201 0.6503826281 0.5909245477 0.0000000000 0.8502948034 0.3294138465 0.0023324797 0.2882830578 0.0137824153 0.0739644705 0.7556679635 0.6713157313 0.6367804531 0.4545093241
0.1651297606 0.1877197492 0.2190005867 0.0031238932 0.3288405494 0.8502948034 0.0000000000 0.9828908845 0.7451640403 0.1506018318 0.0305076545 0.2178179935 0.2137708980 0.6645032193 0.8218121825 0.6673260288
0.2051013503 0.0336305374 0.4010158598 0.4238221086 0.3852888975 0.3294138465 0.9828908845 0.0000000000 0.5697078945 0.8012640512 0.3140660466 0.2821528302 0.9671073467 0.7490673307 0.9087116680 0.7174778707
0.8611789773 0.1205302573 0.5800701410 0.4630569620 0.0403464290 0.0023324797 0.7451640403 0.5697078945 0.0000000000 0.3558718321 0.6171152956 0.8261862583 0.0368277797 0.5776307782 0.8474517623 0.7999815419
0.4884071145 0.9437242603 0.2015312532 0.7469531096 0.9731340802 0.2882830578 0.1506018318 0.8012640512 0.3558718321 0.0000000000 0.0685174114 0.4686406691 0.1317521785 0.5095958600 0.9107506349 0.1408022551
0.8726409275 0.9584346786 0.6594997167 0.0709100012 0.3111095350 0.0137824153 0.0305076545 0.3140660466 0.6171152956 0.0685174114 0.0000000000 0.0093813865 0.5920091522 0.1996690901 0.5191940312 0.0818082495
0.8162372999 0.1430401835 0.2068435990 0.6346642455 0.9996618896 0.0739644705 0.2178179935 0.2821528302 0.8261862583 0.4686406691 0.0093813865 0.0000000000 0.2441621103 0.4040514298 0.9029984917 0.5685053272
0.8279533021 0.5841696896 0.8613316710 0.0785750163 0.3200276375 0.7556679635 0.2137708980 0.9671073467 0.0368277797 0.1317521785 0.5920091522 0.2441621103 0.0000000000 0.8830231448 0.5910293945 0.7864237806
0.4801468766 0.4205899723 0.5132361977 0.2692305637 0.6002821812 0.6713157313 0.6645032193 0.7490673307 0.5776307782 0.5095958600 0.1996690901 0.4040514298 0.8830231448 0.0000000000 0.7507507091 0.0651776230
0.1081570310 0.1815851183 0.6072749333 0.1990157911 0.3519732945 0.6367804531 0.8218121825 0.9087116680 0.8474517623 0.9107506349 0.5191940312 0.9029984917 0.5910293945 0.7507507091 0.0000000000 0.8191013683
0.2713464010 0.0881307835 0.2480185435 0.5426425099 0.9321031696 0.4545093241 0.6673260288 0.7174778707 0.7999815419 0.1408022551 0.0818082495 0.5685053272 0.7864237806 0.0651776230 0.8191013683 0.0000000000
