# MCW Instance
# Type: UNIFORM
# N: 16
# Optimal cost: 1.6129401012195095
# Optimal tour (permutation): [0, 14, 13, 10, 8, 15, 12, 6, 5, 11, 7, 3, 9, 1, 4, 2, 0]
# Optimal walk (full path): [0, 4, 14, 4, 13, 4, 10, 4, 8, 15, 12, 6, 11, 5, 11, 7, 3, 9, 1, 12, 4, 2, 4, 0]
# Walk size: 24
# Is walk (has repeats): true

# Distance Matrix
0.0000000000 0.5987139655 0.5874895927 0.8025104076 0.0676254645 0.3436369129 0.3230017429 0.9239489804 0.6455104956 0.5487991239 0.4417989098 0.9886879000 0.6641980657 0.9446839089 0.3797426929 0.5700637040
0.5987139655 0.0000000000 0.7586637791 0.7307895299 0.6598272659 0.4711873644 0.1684830163 0.2301095725 0.7695421546 0.0841940477 0.8262078468 0.6014143618 0.0785572340 0.2084326238 0.5196511004 0.5134169422
0.5874895927 0.7586637791 0.0000000000 0.1785966068 0.0016973275 0.6119942942 0.4202584732 0.7392816732 0.9895812553 0.6561761631 0.0943491361 0.2168880910 0.0902573586 0.1238069941 0.3704528601 0.5273752233
0.8025104076 0.7307895299 0.1785966068 0.0000000000 0.4254694906 0.3838931455 0.6340049317 0.1007108345 0.2832426869 0.0129451494 0.4470040990 0.5704276160 0.9737978529 0.4955823311 0.8464212593 0.7205127601
0.0676254645 0.6598272659 0.0016973275 0.4254694906 0.0000000000 0.4773836427 0.3835350296 0.2729192943 0.2111449183 0.7212135797 0.0209855274 0.7917795769 0.0354581715 0.0424243687 0.0154771533 0.2532826190
0.3436369129 0.4711873644 0.6119942942 0.3838931455 0.4773836427 0.0000000000 0.6214252894 0.8949465476 0.7361605837 0.3063916937 0.9861180420 0.1404064983 0.2549348952 0.7274398148 0.3740151806 0.3266544429
0.3230017429 0.1684830163 0.4202584732 0.6340049317 0.3835350296 0.6214252894 0.0000000000 0.3110806936 0.3546220333 0.3666936948 0.2022400333 0.0762708538 0.0294468773 0.5381523289 0.3411337217 0.7243844258
0.9239489804 0.2301095725 0.7392816732 0.1007108345 0.2729192943 0.8949465476 0.3110806936 0.0000000000 0.3379017185 0.3481807577 0.1592184024 0.0693372496 0.6169390466 0.1156019576 0.7925526785 0.8241830299
0.6455104956 0.7695421546 0.9895812553 0.2832426869 0.2111449183 0.7361605837 0.3546220333 0.3379017185 0.0000000000 0.6459916087 0.5938790535 0.2771334502 0.3560265631 0.6785765751 0.8834921543 0.2208624279
0.5487991239 0.0841940477 0.6561761631 0.0129451494 0.7212135797 0.3063916937 0.3666936948 0.3481807577 0.6459916087 0.0000000000 0.1638309543 0.9856498289 0.1586550043 0.6906468401 0.6899886601 0.8802233699
0.4417989098 0.8262078468 0.0943491361 0.4470040990 0.0209855274 0.9861180420 0.2022400333 0.1592184024 0.5938790535 0.1638309543 0.0000000000 0.9603547883 0.3510427232 0.4915661885 0.2718604970 0.6133628883
0.9886879000 0.6014143618 0.2168880910 0.5704276160 0.7917795769 0.1404064983 0.0762708538 0.0693372496 0.2771334502 0.9856498289 0.9603547883 0.0000000000 0.9855739547 0.2434206959 0.1600146610 0.6617784816
0.6641980657 0.0785572340 0.0902573586 0.9737978529 0.0354581715 0.2549348952 0.0294468773 0.6169390466 0.3560265631 0.1586550043 0.3510427232 0.9855739547 0.0000000000 0.4078382293 0.5229262559 0.1167796578
0.9446839089 0.2084326238 0.1238069941 0.4955823311 0.0424243687 0.7274398148 0.5381523289 0.1156019576 0.6785765751 0.6906468401 0.4915661885 0.2434206959 0.4078382293 0.0000000000 0.0858307439 0.4267368298
0.3797426929 0.5196511004 0.3704528601 0.8464212593 0.0154771533 0.3740151806 0.3411337217 0.7925526785 0.8834921543 0.6899886601 0.2718604970 0.1600146610 0.5229262559 0.0858307439 0.0000000000 0.8348360077
0.5700637040 0.5134169422 0.5273752233 0.7205127601 0.2532826190 0.3266544429 0.7243844258 0.8241830299 0.2208624279 0.8802233699 0.6133628883 0.6617784816 0.1167796578 0.4267368298 0.8348360077 0.0000000000
