# MCW Instance
# Type: UNIFORM
# N: 16
# Optimal cost: 1.7385485124744993
# Optimal tour (permutation): [0, 7, 11, 8, 6, 4, 15, 12, 10, 1, 3, 5, 2, 14, 9, 13, 0]
# Optimal walk (full path): [0, 7, 11, 8, 6, 4, 10, 15, 10, 12, 10, 1, 3, 2, 5, 2, 14, 9, 13, 7, 0]
# Walk size: 21
# Is walk (has repeats): true

# Distance Matrix
0.0000000000 0.2377642676 0.4617439064 0.9681747657 0.5474537351 0.6883656872 0.7260388514 0.0324687583 0.2118937209 0.7816141419 0.7070687842 0.6105788615 0.4125416871 0.4281553901 0.8976048783 0.9418024989
0.2377642676 0.0000000000 0.7752784903 0.1231037973 0.6238178131 0.8590834421 0.3117041705 0.7308659980 0.2879006704 0.5664926155 0.0931577196 0.9355234373 0.3249337243 0.8715896554 0.1818409047 0.8731615578
0.4617439064 0.7752784903 0.0000000000 0.0478500632 0.2059477554 0.0168304075 0.0416353676 0.8600242355 0.3618505800 0.3990516588 0.4436122188 0.1519213006 0.2491471258 0.1968272711 0.0603346467 0.5664065944
0.9681747657 0.1231037973 0.0478500632 0.0000000000 0.1334764231 0.9024012370 0.1763972598 0.2167314503 0.7555511037 0.2098799876 0.7799335214 0.8718735754 0.4509147756 0.8563197393 0.2479598215 0.0858252985
0.5474537351 0.6238178131 0.2059477554 0.1334764231 0.0000000000 0.8905652648 0.0702290036 0.7932254851 0.7405866712 0.3450621849 0.1055443019 0.6967695199 0.4970345763 0.4382136107 0.5041757665 0.1794855319
0.6883656872 0.8590834421 0.0168304075 0.9024012370 0.8905652648 0.0000000000 0.2035030583 0.2011634577 0.9265086512 0.8763492080 0.3988242136 0.8636778012 0.6167860511 0.2685625090 0.6647426376 0.2266546013
0.7260388514 0.3117041705 0.0416353676 0.1763972598 0.0702290036 0.2035030583 0.0000000000 0.8290865345 0.1017221584 0.7320315255 0.6483581484 0.8296502578 0.7722201040 0.9253009902 0.6466060178 0.4125955041
0.0324687583 0.7308659980 0.8600242355 0.2167314503 0.7932254851 0.2011634577 0.8290865345 0.0000000000 0.8994359104 0.7434048392 0.8701129200 0.2186071555 0.8178826902 0.1155150350 0.7244220920 0.5299672421
0.2118937209 0.2879006704 0.3618505800 0.7555511037 0.7405866712 0.9265086512 0.1017221584 0.8994359104 0.0000000000 0.5213190337 0.1473475210 0.2513321758 0.6303372644 0.6699420672 0.9776872202 0.9554531367
0.7816141419 0.5664926155 0.3990516588 0.2098799876 0.3450621849 0.8763492080 0.7320315255 0.7434048392 0.5213190337 0.0000000000 0.2639904951 0.6321270149 0.7022739307 0.1475021575 0.2067320626 0.1737815359
0.7070687842 0.0931577196 0.4436122188 0.7799335214 0.1055443019 0.3988242136 0.6483581484 0.8701129200 0.1473475210 0.2639904951 0.0000000000 0.1902747894 0.0311764704 0.4695331553 0.3312335547 0.0179834815
0.6105788615 0.9355234373 0.1519213006 0.8718735754 0.6967695199 0.8636778012 0.8296502578 0.2186071555 0.2513321758 0.6321270149 0.1902747894 0.0000000000 0.1989168653 0.1959453528 0.2076735457 0.6750500077
0.4125416871 0.3249337243 0.2491471258 0.4509147756 0.4970345763 0.6167860511 0.7722201040 0.8178826902 0.6303372644 0.7022739307 0.0311764704 0.1989168653 0.0000000000 0.4216023618 0.8856494905 0.9185236099
0.4281553901 0.8715896554 0.1968272711 0.8563197393 0.4382136107 0.2685625090 0.9253009902 0.1155150350 0.6699420672 0.1475021575 0.4695331553 0.1959453528 0.4216023618 0.0000000000 0.6604589070 0.6181926096
0.8976048783 0.1818409047 0.0603346467 0.2479598215 0.5041757665 0.6647426376 0.6466060178 0.7244220920 0.9776872202 0.2067320626 0.3312335547 0.2076735457 0.8856494905 0.6604589070 0.0000000000 0.1790330693
0.9418024989 0.8731615578 0.5664065944 0.0858252985 0.1794855319 0.2266546013 0.4125955041 0.5299672421 0.9554531367 0.1737815359 0.0179834815 0.6750500077 0.9185236099 0.6181926096 0.1790330693 0.0000000000
