# MCW Instance
# Type: UNIFORM
# N: 16
# Optimal cost: 1.739823089528484
# Optimal tour (permutation): [0, 5, 4, 3, 11, 6, 15, 12, 9, 10, 7, 14, 8, 2, 1, 13, 0]
# Optimal walk (full path): [0, 5, 4, 5, 3, 11, 6, 15, 1, 12, 9, 10, 7, 1, 14, 8, 14, 1, 2, 1, 13, 0]
# Walk size: 22
# Is walk (has repeats): true

# Distance Matrix
0.0000000000 0.5890453024 0.8476221743 0.9025779978 0.3611988292 0.0462789830 0.3250860984 0.5314221740 0.9930648777 0.2125587811 0.9412648103 0.2490621072 0.3101361866 0.0443142331 0.5550289270 0.4664169122
0.5890453024 0.0000000000 0.0531400000 0.6345384595 0.2233408518 0.3741638484 0.8678597449 0.2598281257 0.2497605175 0.3982296379 0.8770405766 0.6964212614 0.1130104830 0.0131624159 0.0040736970 0.0262110979
0.8476221743 0.0531400000 0.0000000000 0.1813925149 0.8496940255 0.3141147209 0.9046903372 0.4713867825 0.5494042085 0.3814557199 0.7950062421 0.0925544018 0.6172493665 0.9663846097 0.9857847896 0.4359023908
0.9025779978 0.6345384595 0.1813925149 0.0000000000 0.6018206698 0.0904296913 0.3051072452 0.6091598198 0.2935474158 0.9358007738 0.3190000741 0.0999523393 0.2726632576 0.8630032650 0.4600253903 0.1566521515
0.3611988292 0.2233408518 0.8496940255 0.6018206698 0.0000000000 0.0616046075 0.2400145172 0.9700354255 0.9167187071 0.3406119434 0.7070767906 0.7608815309 0.8836351277 0.1706560471 0.9630747345 0.2978444564
0.0462789830 0.3741638484 0.3141147209 0.0904296913 0.0616046075 0.0000000000 0.9560839523 0.9344136608 0.1526294511 0.3927793273 0.8467951669 0.7538672643 0.4574552333 0.3574452552 0.3935385909 0.4722066328
0.3250860984 0.8678597449 0.9046903372 0.3051072452 0.2400145172 0.9560839523 0.0000000000 0.5511893176 0.3122162644 0.9610212040 0.8980602444 0.1638187800 0.5713462575 0.8599899881 0.9016870206 0.1199931000
0.5314221740 0.2598281257 0.4713867825 0.6091598198 0.9700354255 0.9344136608 0.5511893176 0.0000000000 0.9331883563 0.4686288127 0.1256098194 0.8649244294 0.3922439586 0.5313781373 0.5262741583 0.6722424038
0.9930648777 0.2497605175 0.5494042085 0.2935474158 0.9167187071 0.1526294511 0.3122162644 0.9331883563 0.0000000000 0.2596450960 0.9315943110 0.6986667518 0.4400839013 0.9296489692 0.0870048845 0.9524305258
0.2125587811 0.3982296379 0.3814557199 0.9358007738 0.3406119434 0.3927793273 0.9610212040 0.4686288127 0.2596450960 0.0000000000 0.2248621004 0.5619506372 0.0007055425 0.4058636867 0.4365738434 0.7630965214
0.9412648103 0.8770405766 0.7950062421 0.3190000741 0.7070767906 0.8467951669 0.8980602444 0.1256098194 0.9315943110 0.2248621004 0.0000000000 0.9154826913 0.9432927623 0.9251676439 0.9450075500 0.4655354337
0.2490621072 0.6964212614 0.0925544018 0.0999523393 0.7608815309 0.7538672643 0.1638187800 0.8649244294 0.6986667518 0.5619506372 0.9154826913 0.0000000000 0.7416602550 0.0244095381 0.4145976515 0.1972094594
0.3101361866 0.1130104830 0.6172493665 0.2726632576 0.8836351277 0.4574552333 0.5713462575 0.3922439586 0.4400839013 0.0007055425 0.9432927623 0.7416602550 0.0000000000 0.2137699531 0.9878471421 0.4056996233
0.0443142331 0.0131624159 0.9663846097 0.8630032650 0.1706560471 0.3574452552 0.8599899881 0.5313781373 0.9296489692 0.4058636867 0.9251676439 0.0244095381 0.2137699531 0.0000000000 0.3391443702 0.6384836441
0.5550289270 0.0040736970 0.9857847896 0.4600253903 0.9630747345 0.3935385909 0.9016870206 0.5262741583 0.0870048845 0.4365738434 0.9450075500 0.4145976515 0.9878471421 0.3391443702 0.0000000000 0.1508870664
0.4664169122 0.0262110979 0.4359023908 0.1566521515 0.2978444564 0.4722066328 0.1199931000 0.6722424038 0.9524305258 0.7630965214 0.4655354337 0.1972094594 0.4056996233 0.6384836441 0.1508870664 0.0000000000
