# Graph size: 16
# Optimal cost: 1.5560843140022493

# Distance Matrix
0.0 0.8150350100842361 0.5106489196526205 0.10429915603066064 0.4052156819020515 0.7168899174155619 0.09438849896578527 0.14417618337385096 0.2399681001011328 0.3967753550248375 0.5709065960671839 0.72040960273879 0.8649556510176516 0.2722643965091316 0.7623278733131496 0.9564462598614998
0.8150350100842361 0.0 0.17289022275610577 0.3659202558457878 0.5454005416071778 0.912893826056243 0.9398787207857204 0.6572295538405417 0.44116282818566455 0.2359673000107808 0.6224493909265314 0.34489120785957095 0.3021979745914668 0.8793920039586574 0.9168545934355181 0.5763760771838964
0.5106489196526205 0.17289022275610577 0.0 0.2767073012332796 0.5470108427473211 0.9947432906419015 0.7026493435327744 0.3311705882632383 0.7699443753975954 0.8224603831636724 0.39817405350789414 0.7471512964805205 0.08000447011707923 0.9956436774059766 0.04979063963903185 0.17284359428826235
0.10429915603066064 0.3659202558457878 0.2767073012332796 0.0 0.5701631590680182 0.07645434382501526 0.6627940909049549 0.00624738158682292 0.24323056501618945 0.5076893719379159 0.15850689779346394 0.11439597243652344 0.941496890202818 0.7961898702689948 0.3448722193724113 0.15185102073931556
0.4052156819020515 0.5454005416071778 0.5470108427473211 0.5701631590680182 0.0 0.3229452414269999 0.8073724779860423 0.030068730033204316 0.03171753272870115 0.3037433521109665 0.6933752575998812 0.7188748710282259 0.4237212081389453 0.6220742590388554 0.18922367343355695 0.08248668052575814
0.7168899174155619 0.912893826056243 0.9947432906419015 0.07645434382501526 0.3229452414269999 0.0 0.506429666652969 0.6949671338895087 0.7545862411838813 0.9247203483771064 0.584487587644063 0.737641396752959 0.31310333861164197 0.6810069013342974 0.5967755203934603 0.193978326302089
0.09438849896578527 0.9398787207857204 0.7026493435327744 0.6627940909049549 0.8073724779860423 0.506429666652969 0.0 0.1469371518586714 0.5813127906368354 0.9876904415759747 0.8870865067317952 0.8411042761817183 0.4840975207722198 0.8912861164985829 0.940528528815268 0.040316911956336354
0.14417618337385096 0.6572295538405417 0.3311705882632383 0.00624738158682292 0.030068730033204316 0.6949671338895087 0.1469371518586714 0.0 0.045644875377335525 0.0867994138756143 0.44362846272212775 0.1804725853366208 0.32758195091272047 0.7241285667124622 0.03838028490454659 0.2875962951910932
0.2399681001011328 0.44116282818566455 0.7699443753975954 0.24323056501618945 0.03171753272870115 0.7545862411838813 0.5813127906368354 0.045644875377335525 0.0 0.16512588388047522 0.3891178647059004 0.09083021686147541 0.3989529587725197 0.6195754739513823 0.6810427757378263 0.8764063793916775
0.3967753550248375 0.2359673000107808 0.8224603831636724 0.5076893719379159 0.3037433521109665 0.9247203483771064 0.9876904415759747 0.0867994138756143 0.16512588388047522 0.0 0.15421262386872303 0.6207908682842345 0.10847837151164641 0.2565214394673996 0.6289642424750312 0.46888130183346766
0.5709065960671839 0.6224493909265314 0.39817405350789414 0.15850689779346394 0.6933752575998812 0.584487587644063 0.8870865067317952 0.44362846272212775 0.3891178647059004 0.15421262386872303 0.0 0.7747726370925808 0.6528751819804032 0.5385382147103804 0.20904758617214092 0.02063620657636267
0.72040960273879 0.34489120785957095 0.7471512964805205 0.11439597243652344 0.7188748710282259 0.737641396752959 0.8411042761817183 0.1804725853366208 0.09083021686147541 0.6207908682842345 0.7747726370925808 0.0 0.7362355015340892 0.527012234576505 0.019502262579402796 0.9188981133778051
0.8649556510176516 0.3021979745914668 0.08000447011707923 0.941496890202818 0.4237212081389453 0.31310333861164197 0.4840975207722198 0.32758195091272047 0.3989529587725197 0.10847837151164641 0.6528751819804032 0.7362355015340892 0.0 0.1380782099818827 0.37443857538434966 0.6596171567384327
0.2722643965091316 0.8793920039586574 0.9956436774059766 0.7961898702689948 0.6220742590388554 0.6810069013342974 0.8912861164985829 0.7241285667124622 0.6195754739513823 0.2565214394673996 0.5385382147103804 0.527012234576505 0.1380782099818827 0.0 0.27526676057323396 0.6663168481302841
0.7623278733131496 0.9168545934355181 0.04979063963903185 0.3448722193724113 0.18922367343355695 0.5967755203934603 0.940528528815268 0.03838028490454659 0.6810427757378263 0.6289642424750312 0.20904758617214092 0.019502262579402796 0.37443857538434966 0.27526676057323396 0.0 0.6047451833483184
0.9564462598614998 0.5763760771838964 0.17284359428826235 0.15185102073931556 0.08248668052575814 0.193978326302089 0.040316911956336354 0.2875962951910932 0.8764063793916775 0.46888130183346766 0.02063620657636267 0.9188981133778051 0.6596171567384327 0.6663168481302841 0.6047451833483184 0.0

# Optimal Walk
0 13 12 9 1 2 14 11 3 5 7 8 4 15 10 6 0
