# MCW Instance
# Type: UNIFORM
# N: 16
# Optimal cost: 1.8168127704528172
# Optimal tour (permutation): [0, 15, 4, 10, 12, 5, 7, 9, 2, 1, 13, 11, 8, 6, 14, 3, 0]
# Optimal walk (full path): [0, 15, 3, 4, 3, 10, 12, 5, 7, 9, 2, 1, 13, 11, 8, 11, 6, 14, 3, 15, 0]
# Walk size: 21
# Is walk (has repeats): true

# Distance Matrix
0.0000000000 0.8374498639 0.3555162859 0.5763376527 0.9168114447 0.5679542312 0.8816178069 0.4682924450 0.8791853586 0.4761504323 0.6738364962 0.3867206354 0.8293458533 0.3725791929 0.9889169129 0.1741780238
0.8374498639 0.0000000000 0.0737628496 0.7144654867 0.8780161628 0.7729317242 0.6240900222 0.6079184948 0.7369854675 0.9128027661 0.9852932915 0.3576330304 0.9483198654 0.0945724182 0.6210339070 0.9003048060
0.3555162859 0.0737628496 0.0000000000 0.6201775610 0.2642464873 0.5553210880 0.3964479767 0.4679098857 0.2775730616 0.0001131647 0.9750306819 0.9548311721 0.2395614046 0.8604603971 0.1263197866 0.9114978086
0.5763376527 0.7144654867 0.6201775610 0.0000000000 0.0703505589 0.4619461605 0.5205540038 0.9865538372 0.1966283670 0.8695982390 0.0935395986 0.4472405546 0.0969024895 0.7231047011 0.0849908926 0.0439556704
0.9168114447 0.8780161628 0.2642464873 0.0703505589 0.0000000000 0.5392775289 0.6000843885 0.3414131071 0.8807873412 0.7419930788 0.5373246748 0.6025525694 0.4927368502 0.3598292007 0.4893143759 0.6789153625
0.5679542312 0.7729317242 0.5553210880 0.4619461605 0.5392775289 0.0000000000 0.6203837750 0.1535881139 0.1840629462 0.3975821682 0.4940349660 0.4352113925 0.0481117449 0.9445237870 0.7919394453 0.8976943706
0.8816178069 0.6240900222 0.3964479767 0.5205540038 0.6000843885 0.6203837750 0.0000000000 0.6158066804 0.7638480714 0.8209391087 0.2368104619 0.1123160351 0.4878858106 0.8829648553 0.0507601845 0.7055412725
0.4682924450 0.6079184948 0.4679098857 0.9865538372 0.3414131071 0.1535881139 0.6158066804 0.0000000000 0.4667497193 0.2370765985 0.8642106296 0.2589823010 0.3419769357 0.5442845906 0.7647932651 0.2857833623
0.8791853586 0.7369854675 0.2775730616 0.1966283670 0.8807873412 0.1840629462 0.7638480714 0.4667497193 0.0000000000 0.7660923095 0.1911788397 0.0629791238 0.2035990304 0.8084061053 0.4284322719 0.5903521210
0.4761504323 0.9128027661 0.0001131647 0.8695982390 0.7419930788 0.3975821682 0.8209391087 0.2370765985 0.7660923095 0.0000000000 0.9205848500 0.8070865978 0.8315322312 0.7366529177 0.2447300285 0.4285240719
0.6738364962 0.9852932915 0.9750306819 0.0935395986 0.5373246748 0.4940349660 0.2368104619 0.8642106296 0.1911788397 0.9205848500 0.0000000000 0.1936342125 0.0925671456 0.6019146228 0.4772300288 0.5942207958
0.3867206354 0.3576330304 0.9548311721 0.4472405546 0.6025525694 0.4352113925 0.1123160351 0.2589823010 0.0629791238 0.8070865978 0.1936342125 0.0000000000 0.6130833391 0.0724872705 0.5629912899 0.0522874389
0.8293458533 0.9483198654 0.2395614046 0.0969024895 0.4927368502 0.0481117449 0.4878858106 0.3419769357 0.2035990304 0.8315322312 0.0925671456 0.6130833391 0.0000000000 0.5453478434 0.8118236788 0.0767255221
0.3725791929 0.0945724182 0.8604603971 0.7231047011 0.3598292007 0.9445237870 0.8829648553 0.5442845906 0.8084061053 0.7366529177 0.6019146228 0.0724872705 0.5453478434 0.0000000000 0.8690664035 0.9752948933
0.9889169129 0.6210339070 0.1263197866 0.0849908926 0.4893143759 0.7919394453 0.0507601845 0.7647932651 0.4284322719 0.2447300285 0.4772300288 0.5629912899 0.8118236788 0.8690664035 0.0000000000 0.5072401358
0.1741780238 0.9003048060 0.9114978086 0.0439556704 0.6789153625 0.8976943706 0.7055412725 0.2857833623 0.5903521210 0.4285240719 0.5942207958 0.0522874389 0.0767255221 0.9752948933 0.5072401358 0.0000000000
