# Graph size: 16
# Optimal cost: 1.8701899109124718

# Distance Matrix
0.0 0.5410803794107134 0.9398468997257164 0.32475592504330375 0.9270281675802642 0.46106706872960346 0.07604257277783988 0.8671616372236706 0.7542306461952707 0.17916386767304915 0.5576424555830231 0.926448112878869 0.16267792163039252 0.42430408307086953 0.7846468592278782 0.9518843559201038
0.5410803794107134 0.0 0.5076440343025335 0.3281054711327466 0.25431876301859024 0.6504602577724 0.5077201599920522 0.6589683514273421 0.12045565072656461 0.6338461725909399 0.07957685330735664 0.6506420437008488 0.010192486922450561 0.3859101630994243 0.45871484467017987 0.99096360568082
0.9398468997257164 0.5076440343025335 0.0 0.70041725402483 0.09745399609904593 0.4587744809210986 0.06870004599965496 0.6396692103265211 0.7126812960971511 0.9963869996957357 0.889901341607659 0.7164294455039504 0.6110120102597866 0.814215654910679 0.16989831285358326 0.12100215126586789
0.32475592504330375 0.3281054711327466 0.70041725402483 0.0 0.7082092994203991 0.671748284792221 0.9830559567328969 0.6257241998276377 0.4023865686548763 0.14156727633964905 0.009619522565157856 0.11702966987044328 0.7133138998852886 0.5482366749323386 0.8574667938117799 0.7529347891540334
0.9270281675802642 0.25431876301859024 0.09745399609904593 0.7082092994203991 0.0 0.16754430537438836 0.5176105027510769 0.15630704108760618 0.6907983286714139 0.4672325941455747 0.06628032052153043 0.12284348924133759 0.9327510864317895 0.7471202232740525 0.15404403652827403 0.07764273014607659
0.46106706872960346 0.6504602577724 0.4587744809210986 0.671748284792221 0.16754430537438836 0.0 0.46997721484903987 0.27201207753927537 0.14669211370524982 0.9579307761102097 0.572069595483129 0.7561717203975598 0.6920714114643471 0.21526275749741353 0.7639700564382214 0.09641401191730681
0.07604257277783988 0.5077201599920522 0.06870004599965496 0.9830559567328969 0.5176105027510769 0.46997721484903987 0.0 0.09930098338263948 0.6129889400236969 0.7605443617730372 0.20227499577603947 0.42917798161092424 0.34566691642411407 0.38763151922150973 0.7794910316365543 0.15322630286244032
0.8671616372236706 0.6589683514273421 0.6396692103265211 0.6257241998276377 0.15630704108760618 0.27201207753927537 0.09930098338263948 0.0 0.5910462934790733 0.3084449363901879 0.3771199219142969 0.41950419937020544 0.07497826168440225 0.19549347871821976 0.7439895462761889 0.6752015892059947
0.7542306461952707 0.12045565072656461 0.7126812960971511 0.4023865686548763 0.6907983286714139 0.14669211370524982 0.6129889400236969 0.5910462934790733 0.0 0.4805799488845234 0.8407277781067544 0.5567596687137841 0.6392213711884233 0.5652089638948188 0.5804080786825335 0.8797353808206895
0.17916386767304915 0.6338461725909399 0.9963869996957357 0.14156727633964905 0.4672325941455747 0.9579307761102097 0.7605443617730372 0.3084449363901879 0.4805799488845234 0.0 0.3923537813356226 0.6622809207206103 0.3262272883944497 0.2956714567145372 0.6583160084282855 0.8396888542911357
0.5576424555830231 0.07957685330735664 0.889901341607659 0.009619522565157856 0.06628032052153043 0.572069595483129 0.20227499577603947 0.3771199219142969 0.8407277781067544 0.3923537813356226 0.0 0.440513273661685 0.5071585958015425 0.1858443281072969 0.3625600828067995 0.6708726332959494
0.926448112878869 0.6506420437008488 0.7164294455039504 0.11702966987044328 0.12284348924133759 0.7561717203975598 0.42917798161092424 0.41950419937020544 0.5567596687137841 0.6622809207206103 0.440513273661685 0.0 0.34978453814153543 0.5101891778453246 0.26531277791082875 0.36842759997189134
0.16267792163039252 0.010192486922450561 0.6110120102597866 0.7133138998852886 0.9327510864317895 0.6920714114643471 0.34566691642411407 0.07497826168440225 0.6392213711884233 0.3262272883944497 0.5071585958015425 0.34978453814153543 0.0 0.5811137144055946 0.2717783361729953 0.7764509888202051
0.42430408307086953 0.3859101630994243 0.814215654910679 0.5482366749323386 0.7471202232740525 0.21526275749741353 0.38763151922150973 0.19549347871821976 0.5652089638948188 0.2956714567145372 0.1858443281072969 0.5101891778453246 0.5811137144055946 0.0 0.2538368972063286 0.5136317314836522
0.7846468592278782 0.45871484467017987 0.16989831285358326 0.8574667938117799 0.15404403652827403 0.7639700564382214 0.7794910316365543 0.7439895462761889 0.5804080786825335 0.6583160084282855 0.3625600828067995 0.26531277791082875 0.2717783361729953 0.2538368972063286 0.0 0.7004770512021113
0.9518843559201038 0.99096360568082 0.12100215126586789 0.7529347891540334 0.07764273014607659 0.09641401191730681 0.15322630286244032 0.6752015892059947 0.8797353808206895 0.8396888542911357 0.6708726332959494 0.36842759997189134 0.7764509888202051 0.5136317314836522 0.7004770512021113 0.0

# Optimal Walk
0 6 2 14 13 7 12 1 8 5 15 4 11 10 3 9 0
