# Graph size: 16
# Optimal cost: 1.5751155206023126

# Distance Matrix
0.0 0.2266738522929601 0.7647777591046035 0.18312820872830193 0.1088107592753399 0.32421347007221246 0.32133324922949946 0.36448168429395367 0.5134109592507909 0.8627595945838953 0.18510210718718645 0.6494922441365295 0.8517934222428208 0.3777000094257317 0.6945591424953574 0.4388521317748003
0.2266738522929601 0.0 0.8063150912031649 0.515663722660618 0.43302693907743306 0.2991984888928382 0.18336426794639438 0.9568062306357389 0.806628805696344 0.39506941826477293 0.7638205054635722 0.07842886695404216 0.27724904374207615 0.5154807786106794 0.8176927515593742 0.6526872492918345
0.7647777591046035 0.8063150912031649 0.0 0.4429138813745076 0.4766484345269144 0.046149173222132855 0.5439953223784888 0.30742046743503093 0.8708568305565474 0.004192451739865932 0.3258337359134359 0.7617054956658946 0.10120220311718064 0.3785222614421052 0.97202172849201 0.5113588031732954
0.18312820872830193 0.515663722660618 0.4429138813745076 0.0 0.3929143432394274 0.8476666451291079 0.29411451487279616 0.42785165511681766 0.004188093563646356 0.6352523216541718 0.5944386704767891 0.5754632727167549 0.1729317692664687 0.2823235859835411 0.08338022697874681 0.9715533779118319
0.1088107592753399 0.43302693907743306 0.4766484345269144 0.3929143432394274 0.0 0.4305668783326321 0.6109081839999199 0.969891528530429 0.4747424597217862 0.7899895274681817 0.3285676448397601 0.7757843628228787 0.06372569571744069 0.9720305390087294 0.23245886874850352 0.3472286983679719
0.32421347007221246 0.2991984888928382 0.046149173222132855 0.8476666451291079 0.4305668783326321 0.0 0.1688602419172638 0.27322845220187186 0.5114724638367883 0.24097767969194417 0.6493300385998744 0.8974551679746627 0.2163026673229954 0.6481913092597884 0.47060599703969863 0.5749113575953188
0.32133324922949946 0.18336426794639438 0.5439953223784888 0.29411451487279616 0.6109081839999199 0.1688602419172638 0.0 0.569842647673277 0.7853325103138713 0.13008378904367668 0.07423521029409308 0.4240879062260924 0.7294611509010491 0.4031952652976635 0.7769439707470281 0.8347700211642004
0.36448168429395367 0.9568062306357389 0.30742046743503093 0.42785165511681766 0.969891528530429 0.27322845220187186 0.569842647673277 0.0 0.0043531029010405176 0.037953748497441264 0.8281553985338841 0.4212312553290408 0.8342225108548185 0.6128074273899755 0.5035118045490624 0.9065906818020064
0.5134109592507909 0.806628805696344 0.8708568305565474 0.004188093563646356 0.4747424597217862 0.5114724638367883 0.7853325103138713 0.0043531029010405176 0.0 0.8734281654820927 0.8908393993309789 0.33945646876674007 0.9920402056721532 0.3933945370069373 0.6527663200774666 0.2624887994656824
0.8627595945838953 0.39506941826477293 0.004192451739865932 0.6352523216541718 0.7899895274681817 0.24097767969194417 0.13008378904367668 0.037953748497441264 0.8734281654820927 0.0 0.5091493774756923 0.36208205945971916 0.1718525491680667 0.4227508242262247 0.6153457198018133 0.5866902067543469
0.18510210718718645 0.7638205054635722 0.3258337359134359 0.5944386704767891 0.3285676448397601 0.6493300385998744 0.07423521029409308 0.8281553985338841 0.8908393993309789 0.5091493774756923 0.0 0.2057701471671377 0.6882743421867087 0.6502770726743159 0.10688071852815584 0.6235991287203522
0.6494922441365295 0.07842886695404216 0.7617054956658946 0.5754632727167549 0.7757843628228787 0.8974551679746627 0.4240879062260924 0.4212312553290408 0.33945646876674007 0.36208205945971916 0.2057701471671377 0.0 0.7884448830555801 0.15455137431853794 0.3236583012981801 0.5605770325916217
0.8517934222428208 0.27724904374207615 0.10120220311718064 0.1729317692664687 0.06372569571744069 0.2163026673229954 0.7294611509010491 0.8342225108548185 0.9920402056721532 0.1718525491680667 0.6882743421867087 0.7884448830555801 0.0 0.9087146469510293 0.46738818117434866 0.9281485814256422
0.3777000094257317 0.5154807786106794 0.3785222614421052 0.2823235859835411 0.9720305390087294 0.6481913092597884 0.4031952652976635 0.6128074273899755 0.3933945370069373 0.4227508242262247 0.6502770726743159 0.15455137431853794 0.9087146469510293 0.0 0.2988699610545582 0.13332370292764884
0.6945591424953574 0.8176927515593742 0.97202172849201 0.08338022697874681 0.23245886874850352 0.47060599703969863 0.7769439707470281 0.5035118045490624 0.6527663200774666 0.6153457198018133 0.10688071852815584 0.3236583012981801 0.46738818117434866 0.2988699610545582 0.0 0.26600536273944186
0.4388521317748003 0.6526872492918345 0.5113588031732954 0.9715533779118319 0.3472286983679719 0.5749113575953188 0.8347700211642004 0.9065906818020064 0.2624887994656824 0.5866902067543469 0.6235991287203522 0.5605770325916217 0.9281485814256422 0.13332370292764884 0.26600536273944186 0.0

# Optimal Walk
0 10 6 1 11 13 15 14 3 8 7 9 5 2 12 4 0
