# MCW Instance
# Type: UNIFORM
# N: 16
# Optimal cost: 1.8948900467048038
# Optimal tour (permutation): [0, 13, 6, 15, 3, 1, 7, 2, 10, 8, 5, 12, 11, 14, 9, 4, 0]
# Optimal walk (full path): [0, 6, 13, 6, 15, 3, 1, 7, 2, 10, 8, 5, 12, 9, 14, 11, 14, 9, 4, 0]
# Walk size: 20
# Is walk (has repeats): true

# Distance Matrix
0.0000000000 0.1561679676 0.4629358528 0.4606967528 0.0961977025 0.3511142768 0.0273165452 0.1684460978 0.8889794055 0.9134221428 0.0885086434 0.4873667697 0.7857227284 0.3065098005 0.6314285553 0.3428803798
0.1561679676 0.0000000000 0.4429008187 0.0794585523 0.9700941624 0.6123807385 0.6538053284 0.1428251341 0.4752168868 0.3454704485 0.9665045309 0.8144746329 0.4063859838 0.7227391091 0.5151735689 0.5024077874
0.4629358528 0.4429008187 0.0000000000 0.3342273243 0.2963263974 0.8084798756 0.9394079561 0.1623327177 0.6189903594 0.8837457398 0.2134351288 0.8144198962 0.7131269725 0.9318985610 0.4480450532 0.2390975926
0.4606967528 0.0794585523 0.3342273243 0.0000000000 0.9571645902 0.2257594727 0.8787139730 0.5027739844 0.8739823038 0.9430089487 0.2438006081 0.3906608169 0.9944791766 0.2652077727 0.8629784506 0.1164897617
0.0961977025 0.9700941624 0.2963263974 0.9571645902 0.0000000000 0.4391464400 0.9555406587 0.5113233811 0.4534715092 0.1114725043 0.4704886168 0.2138428922 0.8421920421 0.4292364541 0.5444256132 0.3830849346
0.3511142768 0.6123807385 0.8084798756 0.2257594727 0.4391464400 0.0000000000 0.8055550386 0.3332224173 0.1011739714 0.3015656569 0.3065427651 0.9076141292 0.2928417519 0.8111075640 0.5214823475 0.3223050827
0.0273165452 0.6538053284 0.9394079561 0.8787139730 0.9555406587 0.8055550386 0.0000000000 0.4438049778 0.2127801836 0.8696684595 0.9645863283 0.6864859706 0.8039877771 0.0396070609 0.5661510551 0.1156189581
0.1684460978 0.1428251341 0.1623327177 0.5027739844 0.5113233811 0.3332224173 0.4438049778 0.0000000000 0.1833497537 0.1828090190 0.8510806311 0.3589820473 0.4393711247 0.4079772312 0.7314545546 0.5651150424
0.8889794055 0.4752168868 0.6189903594 0.8739823038 0.4534715092 0.1011739714 0.2127801836 0.1833497537 0.0000000000 0.6055018036 0.2015935781 0.3594522594 0.9423303071 0.3120352539 0.4253274539 0.4082920466
0.9134221428 0.3454704485 0.8837457398 0.9430089487 0.1114725043 0.3015656569 0.8696684595 0.1828090190 0.6055018036 0.0000000000 0.1483642552 0.3943985074 0.0963505565 0.7990785399 0.0263048438 0.3277369770
0.0885086434 0.9665045309 0.2134351288 0.2438006081 0.4704886168 0.3065427651 0.9645863283 0.8510806311 0.2015935781 0.1483642552 0.0000000000 0.2435578394 0.7166067238 0.4099706174 0.7492994597 0.7508572062
0.4873667697 0.8144746329 0.8144198962 0.3906608169 0.2138428922 0.9076141292 0.6864859706 0.3589820473 0.3594522594 0.3943985074 0.2435578394 0.0000000000 0.1643973783 0.9807049516 0.0029796875 0.2481060609
0.7857227284 0.4063859838 0.7131269725 0.9944791766 0.8421920421 0.2928417519 0.8039877771 0.4393711247 0.9423303071 0.0963505565 0.7166067238 0.1643973783 0.0000000000 0.4977149001 0.4475892413 0.5944729939
0.3065098005 0.7227391091 0.9318985610 0.2652077727 0.4292364541 0.8111075640 0.0396070609 0.4079772312 0.3120352539 0.7990785399 0.4099706174 0.9807049516 0.4977149001 0.0000000000 0.7909356042 0.3430456015
0.6314285553 0.5151735689 0.4480450532 0.8629784506 0.5444256132 0.5214823475 0.5661510551 0.7314545546 0.4253274539 0.0263048438 0.7492994597 0.0029796875 0.4475892413 0.7909356042 0.0000000000 0.6443665926
0.3428803798 0.5024077874 0.2390975926 0.1164897617 0.3830849346 0.3223050827 0.1156189581 0.5651150424 0.4082920466 0.3277369770 0.7508572062 0.2481060609 0.5944729939 0.3430456015 0.6443665926 0.0000000000
