# Graph size: 16
# Optimal cost: 1.0823740760240144

# Distance Matrix
0.0 0.7517998563479213 0.12516550887153566 0.757530790952235 0.03272411957667232 0.25217134235875893 0.11843749546703386 0.16650497916291496 0.9179573248946449 0.8922704759403762 0.52643608988323 0.7612153753741354 6.694700024706401E-4 0.8388119363982474 0.43047525582374546 0.076508650699872
0.7517998563479213 0.0 0.10104435628374564 0.24896253258414314 0.7228442315719157 0.761697810375572 0.9417116759645204 0.5072919581086943 0.2678317668629048 0.8973511944081255 0.0777765361045647 0.9416825566093182 0.48870777974091584 0.4892979123451664 0.10890080986726725 0.20792589297545105
0.12516550887153566 0.10104435628374564 0.0 0.00520522289021208 0.5449096320186255 0.6578422736771043 0.2837105538491269 0.29858289275017924 0.6533201421751863 0.3430206350249514 0.544932185759858 0.7651400550704691 0.7890955740394323 0.24709460778451453 0.7107329344883198 0.934091850601427
0.757530790952235 0.24896253258414314 0.00520522289021208 0.0 0.13796973117446276 0.18919717134775693 0.5384047095031271 0.07200437355058675 0.10361065541075787 0.44539143761480615 0.025266514480445368 0.8735266410997937 0.29598614049084115 0.43007225830356255 0.5318531859097964 0.4469463152970664
0.03272411957667232 0.7228442315719157 0.5449096320186255 0.13796973117446276 0.0 0.2247471411050629 0.2504540048790298 0.679229314559103 0.3431346893326619 0.6251501052655305 0.976948269985765 0.09296844046070207 0.9477357626088467 0.8293903198356675 0.9341494485229117 0.06731460084931173
0.25217134235875893 0.761697810375572 0.6578422736771043 0.18919717134775693 0.2247471411050629 0.0 0.15899307062935752 0.36282036945538754 0.3103103941626828 0.005269333005019972 0.907397409253378 0.9923787862219763 0.9076042108485481 0.05382445089764487 0.7383770889546647 0.7836565041065293
0.11843749546703386 0.9417116759645204 0.2837105538491269 0.5384047095031271 0.2504540048790298 0.15899307062935752 0.0 0.9111324736768218 0.6982869566086726 0.37554176584668597 0.33337884959516584 0.14155401960560032 0.20561899855462096 0.9095300898910509 0.23568404167518398 0.37437279971776394
0.16650497916291496 0.5072919581086943 0.29858289275017924 0.07200437355058675 0.679229314559103 0.36282036945538754 0.9111324736768218 0.0 0.7139429975627214 0.01629999946890326 0.01342932625462756 0.9583370386040776 0.4538376638797452 0.3987400846887569 0.19985808821117168 0.14606619061309056
0.9179573248946449 0.2678317668629048 0.6533201421751863 0.10361065541075787 0.3431346893326619 0.3103103941626828 0.6982869566086726 0.7139429975627214 0.0 0.056778005791235375 0.46676911717963965 0.9913131098212061 0.2619363509924061 0.15704858855791493 0.12362998748341525 0.9082817577586361
0.8922704759403762 0.8973511944081255 0.3430206350249514 0.44539143761480615 0.6251501052655305 0.005269333005019972 0.37554176584668597 0.01629999946890326 0.056778005791235375 0.0 0.07541842528613585 0.5256859544721882 0.4098736938984757 0.19991159023301364 0.522477972872098 0.7884825904481652
0.52643608988323 0.0777765361045647 0.544932185759858 0.025266514480445368 0.976948269985765 0.907397409253378 0.33337884959516584 0.01342932625462756 0.46676911717963965 0.07541842528613585 0.0 0.6715673327329971 0.3062355833388378 0.22330934267323754 0.3748116353230041 0.865550184928376
0.7612153753741354 0.9416825566093182 0.7651400550704691 0.8735266410997937 0.09296844046070207 0.9923787862219763 0.14155401960560032 0.9583370386040776 0.9913131098212061 0.5256859544721882 0.6715673327329971 0.0 0.5526981297653415 0.08159070295375093 0.7200078055994034 0.5920998651918162
6.694700024706401E-4 0.48870777974091584 0.7890955740394323 0.29598614049084115 0.9477357626088467 0.9076042108485481 0.20561899855462096 0.4538376638797452 0.2619363509924061 0.4098736938984757 0.3062355833388378 0.5526981297653415 0.0 0.3931743606283389 0.6186110413277339 0.9012666648672742
0.8388119363982474 0.4892979123451664 0.24709460778451453 0.43007225830356255 0.8293903198356675 0.05382445089764487 0.9095300898910509 0.3987400846887569 0.15704858855791493 0.19991159023301364 0.22330934267323754 0.08159070295375093 0.3931743606283389 0.0 0.45416050787504036 0.9405271211058687
0.43047525582374546 0.10890080986726725 0.7107329344883198 0.5318531859097964 0.9341494485229117 0.7383770889546647 0.23568404167518398 0.19985808821117168 0.12362998748341525 0.522477972872098 0.3748116353230041 0.7200078055994034 0.6186110413277339 0.45416050787504036 0.0 0.5950339835739508
0.076508650699872 0.20792589297545105 0.934091850601427 0.4469463152970664 0.06731460084931173 0.7836565041065293 0.37437279971776394 0.14606619061309056 0.9082817577586361 0.7884825904481652 0.865550184928376 0.5920998651918162 0.9012666648672742 0.9405271211058687 0.5950339835739508 0.0

# Optimal Walk
0 12 6 11 13 5 9 8 14 1 2 3 10 7 15 4 0
