# MCW Instance
# Type: UNIFORM
# N: 16
# Optimal cost: 1.6931043115621554
# Optimal tour (permutation): [0, 9, 14, 8, 7, 3, 4, 10, 2, 11, 6, 5, 12, 1, 13, 15, 0]
# Optimal walk (full path): [0, 9, 14, 3, 8, 3, 7, 3, 4, 5, 2, 10, 2, 5, 11, 5, 6, 5, 12, 1, 13, 1, 15, 0]
# Walk size: 24
# Is walk (has repeats): true

# Distance Matrix
0.0000000000 0.6671440293 0.3925726808 0.3578289234 0.2337607806 0.8478226372 0.8024581234 0.9220004190 0.7664088960 0.1402240209 0.6368061139 0.7394799249 0.9409374124 0.0691608576 0.3161024850 0.0585338003
0.6671440293 0.0000000000 0.9737290048 0.6072863541 0.2615794404 0.2317594104 0.2230565297 0.3232806601 0.4996715799 0.7787657492 0.9201490766 0.8609251288 0.0824441365 0.0151084765 0.9688094627 0.1067610041
0.3925726808 0.9737290048 0.0000000000 0.5852546117 0.5080082835 0.1222067450 0.5300052933 0.6704477895 0.5109824728 0.9636325842 0.0856240171 0.4646731878 0.7023715984 0.7674237191 0.7599384952 0.2874531238
0.3578289234 0.6072863541 0.5852546117 0.0000000000 0.0068443185 0.4969166256 0.3078679447 0.0899187662 0.0143153179 0.9082156117 0.9818873151 0.8151702732 0.5273126553 0.9717182206 0.0850065831 0.7755065035
0.2337607806 0.2615794404 0.5080082835 0.0068443185 0.0000000000 0.0656825200 0.5977570063 0.9935538106 0.0568087488 0.7366209161 0.9583802988 0.8902710693 0.9066518442 0.7383730861 0.5342085752 0.8242088208
0.8478226372 0.2317594104 0.1222067450 0.4969166256 0.0656825200 0.0000000000 0.0402553162 0.9075438253 0.3834674089 0.8711308178 0.8071761763 0.1428122593 0.0297120668 0.1066183978 0.2016839093 0.2419473443
0.8024581234 0.2230565297 0.5300052933 0.3078679447 0.5977570063 0.0402553162 0.0000000000 0.7954221083 0.8237893383 0.7710476623 0.6743710584 0.3705598467 0.9285231985 0.5785039942 0.0781183905 0.8983489228
0.9220004190 0.3232806601 0.6704477895 0.0899187662 0.9935538106 0.9075438253 0.7954221083 0.0000000000 0.7273114913 0.5114636087 0.8178944564 0.8849447748 0.3863275810 0.3905534773 0.7700306633 0.7953318879
0.7664088960 0.4996715799 0.5109824728 0.0143153179 0.0568087488 0.3834674089 0.8237893383 0.7273114913 0.0000000000 0.1850382674 0.5313806680 0.6104938124 0.2846970647 0.3136543077 0.6384427093 0.2737027215
0.1402240209 0.7787657492 0.9636325842 0.9082156117 0.7366209161 0.8711308178 0.7710476623 0.5114636087 0.1850382674 0.0000000000 0.6326922267 0.3709455799 0.1693988733 0.9227596816 0.0974140649 0.9074211901
0.6368061139 0.9201490766 0.0856240171 0.9818873151 0.9583802988 0.8071761763 0.6743710584 0.8178944564 0.5313806680 0.6326922267 0.0000000000 0.5979552548 0.7258045014 0.5865919299 0.3286029538 0.3249060736
0.7394799249 0.8609251288 0.4646731878 0.8151702732 0.8902710693 0.1428122593 0.3705598467 0.8849447748 0.6104938124 0.3709455799 0.5979552548 0.0000000000 0.9685512483 0.2553895548 0.2240961033 0.3394124206
0.9409374124 0.0824441365 0.7023715984 0.5273126553 0.9066518442 0.0297120668 0.9285231985 0.3863275810 0.2846970647 0.1693988733 0.7258045014 0.9685512483 0.0000000000 0.5496688308 0.3833900697 0.7203886255
0.0691608576 0.0151084765 0.7674237191 0.9717182206 0.7383730861 0.1066183978 0.5785039942 0.3905534773 0.3136543077 0.9227596816 0.5865919299 0.2553895548 0.5496688308 0.0000000000 0.1163888363 0.7035186907
0.3161024850 0.9688094627 0.7599384952 0.0850065831 0.5342085752 0.2016839093 0.0781183905 0.7700306633 0.6384427093 0.0974140649 0.3286029538 0.2240961033 0.3833900697 0.1163888363 0.0000000000 0.1577483392
0.0585338003 0.1067610041 0.2874531238 0.7755065035 0.8242088208 0.2419473443 0.8983489228 0.7953318879 0.2737027215 0.9074211901 0.3249060736 0.3394124206 0.7203886255 0.7035186907 0.1577483392 0.0000000000
