# Graph size: 16
# Optimal cost: 1.705684934954807

# Distance Matrix
0.0 0.8604936504229134 0.9246626668633827 0.36949113173687775 0.1827975257776675 0.18347558875484993 0.9932331705563827 0.6359712473384009 0.6007632807619492 0.3852170052974089 0.5214132469995791 0.054025890008679744 0.17999374204112517 0.5818409180157379 0.6447172273626158 0.09269454767520424
0.8604936504229134 0.0 0.838994676589604 0.7926220583942641 0.3412776468078521 0.8514277089997275 0.07897419061998578 0.3350347410586437 0.9220864522991624 0.7400666342267653 0.8169569461807965 0.26153460303515175 0.7416577662134654 0.582896098048627 0.3740276715551756 0.21627837798919824
0.9246626668633827 0.838994676589604 0.0 0.04369389553349834 0.5059317134581146 0.7837738478751458 0.6222125452325383 0.24012471801378577 0.7644550299024486 0.8604110014518056 0.42243869789048294 0.33693003765773955 0.7469104183129096 0.27173826246393284 0.6944891404459521 0.6664431790818763
0.36949113173687775 0.7926220583942641 0.04369389553349834 0.0 0.7516301641475899 0.1989862592065832 0.33212378647852503 0.5633735037916735 0.7744552966242533 0.03378267687396719 0.6464852171080799 0.13057457836669295 0.46817133558059487 0.9618760202787221 0.17692571496293485 0.7806234348526006
0.1827975257776675 0.3412776468078521 0.5059317134581146 0.7516301641475899 0.0 0.6387796365256054 0.21392082554546477 0.22154655339270324 0.8105657207612256 0.12897682137426147 0.22554296716546984 0.5984664368863037 0.8697206906206784 0.7058160179198862 0.9420667225655056 0.9310624135089947
0.18347558875484993 0.8514277089997275 0.7837738478751458 0.1989862592065832 0.6387796365256054 0.0 0.8142287343794812 0.6173754575848162 0.027699939643114346 0.3139032308714643 0.10706340892486121 0.8123612063075857 0.7946374405532229 0.5608218495784382 0.6185189477642307 0.42692299219561314
0.9932331705563827 0.07897419061998578 0.6222125452325383 0.33212378647852503 0.21392082554546477 0.8142287343794812 0.0 0.2544569390944579 0.3625498576112661 0.4097234175752925 0.0345629212152081 0.8123458321053905 0.5885638126317997 0.8405165175111896 0.32786878249604234 0.7741111430330405
0.6359712473384009 0.3350347410586437 0.24012471801378577 0.5633735037916735 0.22154655339270324 0.6173754575848162 0.2544569390944579 0.0 0.6562695584573234 0.1330700440967849 0.35490550530679854 0.016589348632884082 0.3603772242969919 0.34391867360187756 0.1684491271335561 0.883986213177101
0.6007632807619492 0.9220864522991624 0.7644550299024486 0.7744552966242533 0.8105657207612256 0.027699939643114346 0.3625498576112661 0.6562695584573234 0.0 0.8062964737243207 0.5496069779736397 0.7628501232774294 0.615841517475132 0.12360764131112967 0.9349481421605047 0.4711635865066568
0.3852170052974089 0.7400666342267653 0.8604110014518056 0.03378267687396719 0.12897682137426147 0.3139032308714643 0.4097234175752925 0.1330700440967849 0.8062964737243207 0.0 0.3867272139538802 0.44914146650530373 0.3879289763295968 0.574286151532942 0.3434517925387761 0.2639262993491699
0.5214132469995791 0.8169569461807965 0.42243869789048294 0.6464852171080799 0.22554296716546984 0.10706340892486121 0.0345629212152081 0.35490550530679854 0.5496069779736397 0.3867272139538802 0.0 0.15158444156377593 0.7341904253745637 0.8624573577320289 0.5442385203326054 0.06070440302929636
0.054025890008679744 0.26153460303515175 0.33693003765773955 0.13057457836669295 0.5984664368863037 0.8123612063075857 0.8123458321053905 0.016589348632884082 0.7628501232774294 0.44914146650530373 0.15158444156377593 0.0 0.004949767734435229 0.6182606597226233 0.3442181161483673 0.9000242300171517
0.17999374204112517 0.7416577662134654 0.7469104183129096 0.46817133558059487 0.8697206906206784 0.7946374405532229 0.5885638126317997 0.3603772242969919 0.615841517475132 0.3879289763295968 0.7341904253745637 0.004949767734435229 0.0 0.5980974642961769 0.9532026924970474 0.36598835958150977
0.5818409180157379 0.582896098048627 0.27173826246393284 0.9618760202787221 0.7058160179198862 0.5608218495784382 0.8405165175111896 0.34391867360187756 0.12360764131112967 0.574286151532942 0.8624573577320289 0.6182606597226233 0.5980974642961769 0.0 0.4605898184303372 0.28296611063914956
0.6447172273626158 0.3740276715551756 0.6944891404459521 0.17692571496293485 0.9420667225655056 0.6185189477642307 0.32786878249604234 0.1684491271335561 0.9349481421605047 0.3434517925387761 0.5442385203326054 0.3442181161483673 0.9532026924970474 0.4605898184303372 0.0 0.4694357496280125
0.09269454767520424 0.21627837798919824 0.6664431790818763 0.7806234348526006 0.9310624135089947 0.42692299219561314 0.7741111430330405 0.883986213177101 0.4711635865066568 0.2639262993491699 0.06070440302929636 0.9000242300171517 0.36598835958150977 0.28296611063914956 0.4694357496280125 0.0

# Optimal Walk
0 12 11 7 14 9 4 3 2 13 8 5 10 1 6 15 0
