# Graph size: 16
# Optimal cost: 1.8613116977338664

# Distance Matrix
0.0 0.8907721041294199 0.29074356827748116 0.8273045012244268 0.5043035576677772 0.8539522675423163 0.5808236758699435 0.8653913019708095 0.35582366379804853 0.4953815181535499 0.07977174295587597 0.5569253125933493 0.946709997703345 0.9434976663175882 0.9715577962667311 0.10218724751194774
0.8907721041294199 0.0 0.10491306020169533 0.2813288428655959 0.9603489826864957 0.4231790270925413 0.6760900641980055 0.0204946311342189 0.171204866435675 0.704241385523162 0.9573665853882348 0.26344064828342684 0.19271866938870064 0.21833243983532236 0.41698006968925205 0.7411929206117673
0.29074356827748116 0.10491306020169533 0.0 0.3797988137689302 0.427522814223967 0.2013009418294055 0.2117698254576198 0.30919967937950665 0.15973983646457823 0.8457653358385152 0.28349139107944077 0.5860740257664934 0.2585199948799447 0.552543061835454 0.5877767314100035 0.03673391591805564
0.8273045012244268 0.2813288428655959 0.3797988137689302 0.0 0.47850510105880695 0.3753035463873805 0.36762237133716835 0.690971035088283 0.5566442947402865 0.6602310165977332 0.9708057000606618 0.8567014433290553 0.32754085492845086 0.13247989930730686 0.44095923704668905 0.0203631541496343
0.5043035576677772 0.9603489826864957 0.427522814223967 0.47850510105880695 0.0 0.4711086874081273 0.08855010079458758 0.3850130604696921 0.2684104001278499 0.9816807871865869 0.25760075593438403 0.5621041698571997 0.41841079896126077 0.7299377659398025 0.028510680655995047 0.18690337368943322
0.8539522675423163 0.4231790270925413 0.2013009418294055 0.3753035463873805 0.4711086874081273 0.0 0.07266724806850289 0.5525015056161079 0.9045320117687944 0.7694116297816084 0.3629493664715109 0.14876551081652023 0.24367351793921788 0.42362944095759136 0.2418338267323964 0.6905100314645649
0.5808236758699435 0.6760900641980055 0.2117698254576198 0.36762237133716835 0.08855010079458758 0.07266724806850289 0.0 0.570488134221875 0.9691042800587827 0.79431709963817 0.45707663280845523 0.003729224766160333 0.8222130403961369 0.19277761249433645 0.9973533188428674 0.6343785464758643
0.8653913019708095 0.0204946311342189 0.30919967937950665 0.690971035088283 0.3850130604696921 0.5525015056161079 0.570488134221875 0.0 0.628137407107897 0.5990291844672466 0.289548253249719 0.009838060963582529 0.8198422057167233 0.5291210926901239 0.12070603411772063 0.2326172803874862
0.35582366379804853 0.171204866435675 0.15973983646457823 0.5566442947402865 0.2684104001278499 0.9045320117687944 0.9691042800587827 0.628137407107897 0.0 0.8069681203248511 0.9397041779698642 0.4401478386017652 0.5656359912493902 0.2954013856993104 0.569196944395223 0.7544926705001922
0.4953815181535499 0.704241385523162 0.8457653358385152 0.6602310165977332 0.9816807871865869 0.7694116297816084 0.79431709963817 0.5990291844672466 0.8069681203248511 0.0 0.8513022423243277 0.3173855605913821 0.872649182638053 0.7266437122394253 0.4978137428973741 0.9123907673313212
0.07977174295587597 0.9573665853882348 0.28349139107944077 0.9708057000606618 0.25760075593438403 0.3629493664715109 0.45707663280845523 0.289548253249719 0.9397041779698642 0.8513022423243277 0.0 0.22611481687977886 0.01710058339757481 0.2636704395482605 0.0405584991043878 0.9445100377539164
0.5569253125933493 0.26344064828342684 0.5860740257664934 0.8567014433290553 0.5621041698571997 0.14876551081652023 0.003729224766160333 0.009838060963582529 0.4401478386017652 0.3173855605913821 0.22611481687977886 0.0 0.06318442541558433 0.580174743970712 0.2333910790222724 0.056346325193229796
0.946709997703345 0.19271866938870064 0.2585199948799447 0.32754085492845086 0.41841079896126077 0.24367351793921788 0.8222130403961369 0.8198422057167233 0.5656359912493902 0.872649182638053 0.01710058339757481 0.06318442541558433 0.0 0.9302398056641009 0.6917352204622161 0.6904563244280842
0.9434976663175882 0.21833243983532236 0.552543061835454 0.13247989930730686 0.7299377659398025 0.42362944095759136 0.19277761249433645 0.5291210926901239 0.2954013856993104 0.7266437122394253 0.2636704395482605 0.580174743970712 0.9302398056641009 0.0 0.7093925631533561 0.5886032879869518
0.9715577962667311 0.41698006968925205 0.5877767314100035 0.44095923704668905 0.028510680655995047 0.2418338267323964 0.9973533188428674 0.12070603411772063 0.569196944395223 0.4978137428973741 0.0405584991043878 0.2333910790222724 0.6917352204622161 0.7093925631533561 0.0 0.46507831767816055
0.10218724751194774 0.7411929206117673 0.03673391591805564 0.0203631541496343 0.18690337368943322 0.6905100314645649 0.6343785464758643 0.2326172803874862 0.7544926705001922 0.9123907673313212 0.9445100377539164 0.056346325193229796 0.6904563244280842 0.5886032879869518 0.46507831767816055 0.0

# Optimal Walk
0 12 10 14 4 6 5 11 9 7 1 8 2 15 13 3 0
