# Graph size: 16
# Optimal cost: 1.7085166142754815

# Distance Matrix
0.0 0.7718102142258483 0.4687741339484688 0.21418288647884098 0.8123980669641467 0.9862314101291305 0.3874919715255656 0.4809123841831774 0.76230030276075 0.21172140140687767 0.9703529164839455 0.6478712890063233 0.3288792424275838 0.4658424982297681 0.4825542273896276 0.6536078090421799
0.7718102142258483 0.0 0.9185344218039884 0.4471119927780851 0.0339211721264423 0.828956007231807 0.5729065539689672 0.07455035225726114 0.16232903052308978 0.9047355662477038 0.17623218435776777 0.27512466524923374 0.057942066935764536 0.7959266287270743 0.968447055530186 0.5921157923355214
0.4687741339484688 0.9185344218039884 0.0 0.5493934721349287 0.9584923235950715 0.1653387055955935 0.07903966186133549 0.09119437180783518 0.022249394292506164 0.24583711503886752 0.11660392952711518 0.6410747363043658 0.09166258912457648 0.25657146715848533 0.2442837366245354 0.4966223316612579
0.21418288647884098 0.4471119927780851 0.5493934721349287 0.0 0.5761657323343122 0.3051106269707995 0.8334510097019217 0.8725002735374006 0.6625888058536842 0.265843282136795 0.4455938628999223 0.24268795727725978 0.5744972472988882 0.6062433306245408 0.017014092078526222 0.24660370675694154
0.8123980669641467 0.0339211721264423 0.9584923235950715 0.5761657323343122 0.0 0.5767253407241258 0.15630485296138052 0.5904920087016935 0.26363203618451747 0.27811332118572296 0.5902201386533689 0.1747599943372934 0.5974924029022384 0.16143348977285032 0.366913329423034 0.4542271817132578
0.9862314101291305 0.828956007231807 0.1653387055955935 0.3051106269707995 0.5767253407241258 0.0 0.5800499242870862 0.42671749088557576 0.8848313261425558 0.49424953759799417 0.8035833026896977 0.1726735374763272 0.6464327115202163 0.2913410846466066 0.121188720100739 0.6606089615310212
0.3874919715255656 0.5729065539689672 0.07903966186133549 0.8334510097019217 0.15630485296138052 0.5800499242870862 0.0 0.29910404519286427 0.003073545512672693 0.016912844853237075 0.9062497182278862 0.5217729886417318 0.9590134123751853 0.4403717864383875 0.12707548566130833 0.860275335673223
0.4809123841831774 0.07455035225726114 0.09119437180783518 0.8725002735374006 0.5904920087016935 0.42671749088557576 0.29910404519286427 0.0 0.10189663821720885 0.2250276146691652 0.6362650343189992 0.7795736586187235 0.3373432730306257 0.7649569904418954 0.6190738119264384 0.397212866135473
0.76230030276075 0.16232903052308978 0.022249394292506164 0.6625888058536842 0.26363203618451747 0.8848313261425558 0.003073545512672693 0.10189663821720885 0.0 0.3807652828428425 0.7118618138540623 0.85344144310806 0.5899382275799749 0.08172292095576306 0.07223481306546808 0.8438540001876333
0.21172140140687767 0.9047355662477038 0.24583711503886752 0.265843282136795 0.27811332118572296 0.49424953759799417 0.016912844853237075 0.2250276146691652 0.3807652828428425 0.0 0.42418968731285367 0.8788362530898237 0.2340076526494267 0.025962300692348284 0.15122577372915802 0.9924599931316564
0.9703529164839455 0.17623218435776777 0.11660392952711518 0.4455938628999223 0.5902201386533689 0.8035833026896977 0.9062497182278862 0.6362650343189992 0.7118618138540623 0.42418968731285367 0.0 0.1326728255678017 0.669183843992004 0.32891925454686166 0.1976816838929728 0.9787852156669776
0.6478712890063233 0.27512466524923374 0.6410747363043658 0.24268795727725978 0.1747599943372934 0.1726735374763272 0.5217729886417318 0.7795736586187235 0.85344144310806 0.8788362530898237 0.1326728255678017 0.0 0.8554928653393716 0.984805945010012 0.536804444421617 0.7119123935455302
0.3288792424275838 0.057942066935764536 0.09166258912457648 0.5744972472988882 0.5974924029022384 0.6464327115202163 0.9590134123751853 0.3373432730306257 0.5899382275799749 0.2340076526494267 0.669183843992004 0.8554928653393716 0.0 0.4448295110140711 0.11875694941008852 0.12832711955047593
0.4658424982297681 0.7959266287270743 0.25657146715848533 0.6062433306245408 0.16143348977285032 0.2913410846466066 0.4403717864383875 0.7649569904418954 0.08172292095576306 0.025962300692348284 0.32891925454686166 0.984805945010012 0.4448295110140711 0.0 0.6205177905496713 0.25103527860669517
0.4825542273896276 0.968447055530186 0.2442837366245354 0.017014092078526222 0.366913329423034 0.121188720100739 0.12707548566130833 0.6190738119264384 0.07223481306546808 0.15122577372915802 0.1976816838929728 0.536804444421617 0.11875694941008852 0.6205177905496713 0.0 0.25868364514144726
0.6536078090421799 0.5921157923355214 0.4966223316612579 0.24660370675694154 0.4542271817132578 0.6606089615310212 0.860275335673223 0.397212866135473 0.8438540001876333 0.9924599931316564 0.9787852156669776 0.7119123935455302 0.12832711955047593 0.25103527860669517 0.25868364514144726 0.0

# Optimal Walk
0 3 14 5 11 10 2 15 12 4 1 7 8 6 9 13 0
