# MCW Instance
# Type: UNIFORM
# N: 16
# Optimal cost: 1.8997565602330115
# Optimal tour (permutation): [0, 3, 4, 1, 9, 14, 15, 2, 13, 12, 11, 6, 5, 8, 10, 7, 0]
# Optimal walk (full path): [0, 3, 4, 1, 9, 14, 2, 15, 2, 13, 6, 12, 6, 11, 6, 5, 8, 10, 7, 10, 0]
# Walk size: 21
# Is walk (has repeats): true

# Distance Matrix
0.0000000000 0.4298882513 0.5269977912 0.1401038677 0.8649750225 0.0138207301 0.5227417336 0.7866656406 0.7481780930 0.4315057299 0.0231706020 0.2934590970 0.5917511212 0.6645222167 0.6604782424 0.7276734879
0.4298882513 0.0000000000 0.8463614422 0.5461655723 0.1470035647 0.6085012504 0.4007258268 0.5205234991 0.9000304251 0.1859935451 0.4192632640 0.1744563450 0.4568027569 0.6442027769 0.4041824456 0.8884596292
0.5269977912 0.8463614422 0.0000000000 0.7105476431 0.2899215958 0.8726597002 0.7033629703 0.3508373183 0.3049300586 0.7829269848 0.0320465740 0.2754104579 0.4375137541 0.1175032685 0.1588326225 0.1556125273
0.1401038677 0.5461655723 0.7105476431 0.0000000000 0.0881173513 0.8374673189 0.5639354402 0.7839031923 0.6043496887 0.7585835841 0.9863314359 0.3094187303 0.2421581265 0.7682568932 0.7956355682 0.9763658151
0.8649750225 0.1470035647 0.2899215958 0.0881173513 0.0000000000 0.1728410412 0.2017060192 0.6820482288 0.5200624446 0.1196697531 0.1264098776 0.8931628727 0.9467307958 0.6932415808 0.7457946749 0.2474011931
0.0138207301 0.6085012504 0.8726597002 0.8374673189 0.1728410412 0.0000000000 0.0256856924 0.2612882808 0.1262936324 0.9360692700 0.4563516047 0.2365153300 0.9763259971 0.6895044763 0.3375801490 0.9951488678
0.5227417336 0.4007258268 0.7033629703 0.5639354402 0.2017060192 0.0256856924 0.0000000000 0.2614049462 0.2275100239 0.2630289458 0.2492188713 0.0264991475 0.0402500328 0.0939020485 0.5872088761 0.9149360769
0.7866656406 0.5205234991 0.3508373183 0.7839031923 0.6820482288 0.2612882808 0.2614049462 0.0000000000 0.4530046489 0.2191409283 0.0705538203 0.5225494251 0.6166618118 0.9031942600 0.2275691701 0.9064372286
0.7481780930 0.9000304251 0.3049300586 0.6043496887 0.5200624446 0.1262936324 0.2275100239 0.4530046489 0.0000000000 0.5355480610 0.1427836280 0.5217462958 0.2796110963 0.4951779648 0.3066217540 0.3879504385
0.4315057299 0.1859935451 0.7829269848 0.7585835841 0.1196697531 0.9360692700 0.2630289458 0.2191409283 0.5355480610 0.0000000000 0.1659812205 0.2847280406 0.7158280451 0.2279090818 0.0645356810 0.4225175816
0.0231706020 0.4192632640 0.0320465740 0.9863314359 0.1264098776 0.4563516047 0.2492188713 0.0705538203 0.1427836280 0.1659812205 0.0000000000 0.2378266544 0.3354804576 0.9772369712 0.1875053756 0.9127997661
0.2934590970 0.1744563450 0.2754104579 0.3094187303 0.8931628727 0.2365153300 0.0264991475 0.5225494251 0.5217462958 0.2847280406 0.2378266544 0.0000000000 0.5825429892 0.9920721357 0.6357881658 0.6093092384
0.5917511212 0.4568027569 0.4375137541 0.2421581265 0.9467307958 0.9763259971 0.0402500328 0.6166618118 0.2796110963 0.7158280451 0.3354804576 0.5825429892 0.0000000000 0.8379486017 0.4808579201 0.9383126683
0.6645222167 0.6442027769 0.1175032685 0.7682568932 0.6932415808 0.6895044763 0.0939020485 0.9031942600 0.4951779648 0.2279090818 0.9772369712 0.9920721357 0.8379486017 0.0000000000 0.7144878227 0.5148336744
0.6604782424 0.4041824456 0.1588326225 0.7956355682 0.7457946749 0.3375801490 0.5872088761 0.2275691701 0.3066217540 0.0645356810 0.1875053756 0.6357881658 0.4808579201 0.7144878227 0.0000000000 0.3708150635
0.7276734879 0.8884596292 0.1556125273 0.9763658151 0.2474011931 0.9951488678 0.9149360769 0.9064372286 0.3879504385 0.4225175816 0.9127997661 0.6093092384 0.9383126683 0.5148336744 0.3708150635 0.0000000000
