# MCW Instance
# Type: UNIFORM
# N: 16
# Optimal cost: 1.5028982305355862
# Optimal tour (permutation): [0, 14, 13, 12, 5, 2, 10, 9, 4, 1, 3, 11, 7, 8, 6, 15, 0]
# Optimal walk (full path): [0, 14, 13, 12, 5, 2, 10, 9, 4, 1, 3, 11, 7, 8, 6, 8, 15, 0]
# Walk size: 18
# Is walk (has repeats): true

# Distance Matrix
0.0000000000 0.1997349915 0.2283604792 0.6289000365 0.5201315939 0.6207305744 0.9231874915 0.9455549044 0.6532518812 0.1487410489 0.2077653673 0.6092297202 0.0814134992 0.5055722511 0.0750929339 0.1387413465
0.1997349915 0.0000000000 0.9990803702 0.1486341452 0.1592153017 0.3065145428 0.3154186372 0.4258756320 0.3236314634 0.4321928167 0.8146881381 0.2062601950 0.5667726965 0.6703603722 0.6226114801 0.9411357394
0.2283604792 0.9990803702 0.0000000000 0.2597193596 0.7130598307 0.1037516082 0.3628274344 0.5838620987 0.3443922978 0.5580922476 0.0590097543 0.9200028412 0.5823374922 0.8594298969 0.9748903117 0.8554301210
0.6289000365 0.1486341452 0.2597193596 0.0000000000 0.7220338208 0.4838501093 0.4899641248 0.4217923109 0.4551089279 0.2134747973 0.0920742443 0.1541309196 0.3812538355 0.1688313401 0.8287407908 0.5702259742
0.5201315939 0.1592153017 0.7130598307 0.7220338208 0.0000000000 0.6510844679 0.7226086096 0.6541971312 0.7094440448 0.1834367577 0.2782284904 0.5102983818 0.4415684173 0.8855921325 0.8585763559 0.4804442727
0.6207305744 0.3065145428 0.1037516082 0.4838501093 0.6510844679 0.0000000000 0.3586306173 0.5715326521 0.9433971350 0.6378846438 0.1965507928 0.8211762107 0.0182786072 0.2732525954 0.8984340846 0.8526433477
0.9231874915 0.3154186372 0.3628274344 0.4899641248 0.7226086096 0.3586306173 0.0000000000 0.8538064361 0.0308967335 0.6276588306 0.5899600348 0.6203910924 0.1095607953 0.2664318604 0.5002007305 0.5624292388
0.9455549044 0.4258756320 0.5838620987 0.4217923109 0.6541971312 0.5715326521 0.8538064361 0.0000000000 0.0901851249 0.1942747044 0.4469290147 0.1048773563 0.1420812759 0.4309441684 0.7608937183 0.9459788987
0.6532518812 0.3236314634 0.3443922978 0.4551089279 0.7094440448 0.9433971350 0.0308967335 0.0901851249 0.0000000000 0.3284577111 0.5495792633 0.9642904737 0.9018007187 0.4832504426 0.1184061330 0.1015000214
0.1487410489 0.4321928167 0.5580922476 0.2134747973 0.1834367577 0.6378846438 0.6276588306 0.1942747044 0.3284577111 0.0000000000 0.0113980452 0.6634402580 0.8131207687 0.4270663144 0.6858418661 0.4945132947
0.2077653673 0.8146881381 0.0590097543 0.0920742443 0.2782284904 0.1965507928 0.5899600348 0.4469290147 0.5495792633 0.0113980452 0.0000000000 0.7571096839 0.2807787860 0.4900063814 0.8214494569 0.0929562962
0.6092297202 0.2062601950 0.9200028412 0.1541309196 0.5102983818 0.8211762107 0.6203910924 0.1048773563 0.9642904737 0.6634402580 0.7571096839 0.0000000000 0.3400748841 0.4829282196 0.9535990061 0.2662211460
0.0814134992 0.5667726965 0.5823374922 0.3812538355 0.4415684173 0.0182786072 0.1095607953 0.1420812759 0.9018007187 0.8131207687 0.2807787860 0.3400748841 0.0000000000 0.0815806508 0.9107133153 0.4490347545
0.5055722511 0.6703603722 0.8594298969 0.1688313401 0.8855921325 0.2732525954 0.2664318604 0.4309441684 0.4832504426 0.4270663144 0.4900063814 0.4829282196 0.0815806508 0.0000000000 0.0112721905 0.2064582100
0.0750929339 0.6226114801 0.9748903117 0.8287407908 0.8585763559 0.8984340846 0.5002007305 0.7608937183 0.1184061330 0.6858418661 0.8214494569 0.9535990061 0.9107133153 0.0112721905 0.0000000000 0.4453813867
0.1387413465 0.9411357394 0.8554301210 0.5702259742 0.4804442727 0.8526433477 0.5624292388 0.9459788987 0.1015000214 0.4945132947 0.0929562962 0.2662211460 0.4490347545 0.2064582100 0.4453813867 0.0000000000
