# Graph size: 16
# Optimal cost: 1.2067758359110385

# Distance Matrix
0.0 0.693964042027616 0.3717145482655506 0.9715533585181216 0.6484743821053559 0.8778352772449642 0.5901299694553733 0.3480411727310644 0.15053044371795854 0.8631247795672917 0.24933624673568355 0.366454463938125 0.012507266098628622 0.030364751883990793 0.48208466427163044 0.03360915435681089
0.693964042027616 0.0 0.47085886260231546 0.30415494575869084 0.6480120314781804 0.15295696323348262 0.17708738124148093 0.7024390569734219 0.8433335210413678 0.8431273136510827 0.7998891559418635 0.2435706579014406 0.9183258311457142 0.31832660641293964 0.47629329862860825 0.4179852947624475
0.3717145482655506 0.47085886260231546 0.0 0.1715769298763703 0.2511813801825168 0.4765692468877014 0.3541488192135649 0.2893919279425695 0.47708974034012563 0.9877187200731887 0.012552047640893793 0.02940935806267575 0.018870488307614064 0.49165741537482344 0.22687460211930544 0.6093955588456282
0.9715533585181216 0.30415494575869084 0.1715769298763703 0.0 0.4114778619774133 0.8167294397855339 0.17804136691915307 0.7553494413916993 0.08877418127667602 0.5749881842233259 0.9347472232562323 0.8874638699778341 0.15783137015431992 0.3627148586813973 0.02312703970585983 0.9781535270138341
0.6484743821053559 0.6480120314781804 0.2511813801825168 0.4114778619774133 0.0 0.23095708685878413 0.797936108162024 0.598599548030915 0.20327393217022116 0.11161911632877686 0.1962405181434771 0.6845149194443856 0.6258194894719633 0.03766744213370021 0.44498340546943715 0.11508828817292993
0.8778352772449642 0.15295696323348262 0.4765692468877014 0.8167294397855339 0.23095708685878413 0.0 0.8008035907007253 0.873730060511661 0.42600760224430023 0.27420186935374 0.37068642340239577 0.11438578293430568 0.1582980313034863 0.4570108591076941 0.4326317901906349 0.810692865413113
0.5901299694553733 0.17708738124148093 0.3541488192135649 0.17804136691915307 0.797936108162024 0.8008035907007253 0.0 0.6845259125069247 0.6978894992157204 0.7020369377031153 0.5648798042241041 0.6092281547666034 0.20610498259507026 0.27119437861490114 0.5514803086757405 0.11140643557500318
0.3480411727310644 0.7024390569734219 0.2893919279425695 0.7553494413916993 0.598599548030915 0.873730060511661 0.6845259125069247 0.0 0.12970898398357555 0.06760819854923539 0.11792202726837075 0.20061928860030975 0.22848769005009995 0.9534018153403265 0.8935541301863933 0.9631798067029679
0.15053044371795854 0.8433335210413678 0.47708974034012563 0.08877418127667602 0.20327393217022116 0.42600760224430023 0.6978894992157204 0.12970898398357555 0.0 0.17841309249996407 0.7754177680527182 0.4933261681247646 0.5538606519541515 0.6528895661236469 0.5750247945984301 0.8408069633636133
0.8631247795672917 0.8431273136510827 0.9877187200731887 0.5749881842233259 0.11161911632877686 0.27420186935374 0.7020369377031153 0.06760819854923539 0.17841309249996407 0.0 0.7285469160977486 0.030191722250051733 0.5973107063212145 0.854958612343987 0.7845666351434388 0.5618406569913132
0.24933624673568355 0.7998891559418635 0.012552047640893793 0.9347472232562323 0.1962405181434771 0.37068642340239577 0.5648798042241041 0.11792202726837075 0.7754177680527182 0.7285469160977486 0.0 0.7012544104726877 0.7460575709094717 0.8779678492640776 0.1032673888124952 0.26563409547179084
0.366454463938125 0.2435706579014406 0.02940935806267575 0.8874638699778341 0.6845149194443856 0.11438578293430568 0.6092281547666034 0.20061928860030975 0.4933261681247646 0.030191722250051733 0.7012544104726877 0.0 0.4483813597928814 0.8207997754773236 0.05596439701846867 0.7098426140366225
0.012507266098628622 0.9183258311457142 0.018870488307614064 0.15783137015431992 0.6258194894719633 0.1582980313034863 0.20610498259507026 0.22848769005009995 0.5538606519541515 0.5973107063212145 0.7460575709094717 0.4483813597928814 0.0 0.7807554453270291 0.6264954903411771 0.999426541251061
0.030364751883990793 0.31832660641293964 0.49165741537482344 0.3627148586813973 0.03766744213370021 0.4570108591076941 0.27119437861490114 0.9534018153403265 0.6528895661236469 0.854958612343987 0.8779678492640776 0.8207997754773236 0.7807554453270291 0.0 0.30444534159569403 0.7707824198074644
0.48208466427163044 0.47629329862860825 0.22687460211930544 0.02312703970585983 0.44498340546943715 0.4326317901906349 0.5514803086757405 0.8935541301863933 0.5750247945984301 0.7845666351434388 0.1032673888124952 0.05596439701846867 0.6264954903411771 0.30444534159569403 0.0 0.2677415228535951
0.03360915435681089 0.4179852947624475 0.6093955588456282 0.9781535270138341 0.11508828817292993 0.810692865413113 0.11140643557500318 0.9631798067029679 0.8408069633636133 0.5618406569913132 0.26563409547179084 0.7098426140366225 0.999426541251061 0.7707824198074644 0.2677415228535951 0.0

# Optimal Walk
0 15 6 1 5 11 14 3 8 7 9 10 2 12 13 4 0
