# MCW Instance
# Type: UNIFORM
# N: 16
# Optimal cost: 1.797908093275956
# Optimal tour (permutation): [0, 11, 5, 3, 9, 10, 2, 15, 13, 12, 6, 8, 14, 4, 1, 7, 0]
# Optimal walk (full path): [0, 11, 5, 3, 9, 10, 2, 3, 15, 13, 12, 13, 6, 8, 0, 14, 4, 1, 7, 0]
# Walk size: 20
# Is walk (has repeats): true

# Distance Matrix
0.0000000000 0.4894746921 0.5701271783 0.2713528383 0.8947179694 0.4349253371 0.9336982877 0.0835219903 0.0414673437 0.7012665193 0.6327548711 0.1638485681 0.2083358662 0.6960232580 0.0033605592 0.4424567140
0.4894746921 0.0000000000 0.2968301782 0.8359353659 0.2886424186 0.8823845961 0.3679008211 0.0084531018 0.2122452545 0.9230867303 0.2628519501 0.4836428183 0.8941408960 0.2994101537 0.8623974246 0.4862496003
0.5701271783 0.2968301782 0.0000000000 0.0853851414 0.8564364472 0.3281321786 0.9042661641 0.1915795405 0.2628079499 0.8044766008 0.1582082578 0.5792093908 0.5886331960 0.2241908588 0.0843984647 0.2146926704
0.2713528383 0.8359353659 0.0853851414 0.0000000000 0.5587931734 0.0568452497 0.7959122443 0.7728897236 0.9184462681 0.0671716240 0.8764410700 0.9699865892 0.7547567307 0.4090097353 0.9351795169 0.0250796251
0.8947179694 0.2886424186 0.8564364472 0.5587931734 0.0000000000 0.8073479669 0.6706021300 0.5049445595 0.8354527784 0.7697082148 0.8082795189 0.5010866799 0.6624529559 0.3347529984 0.2581178121 0.9753545111
0.4349253371 0.8823845961 0.3281321786 0.0568452497 0.8073479669 0.0000000000 0.8680333445 0.2699755507 0.8989376014 0.6967256874 0.5164479759 0.1210921719 0.9550551611 0.1703183734 0.4612453874 0.2378170727
0.9336982877 0.3679008211 0.9042661641 0.7959122443 0.6706021300 0.8680333445 0.0000000000 0.3734834558 0.0658498316 0.8746233572 0.6913769073 0.6878210178 0.6687094054 0.0443700561 0.3106023925 0.8898549877
0.0835219903 0.0084531018 0.1915795405 0.7728897236 0.5049445595 0.2699755507 0.3734834558 0.0000000000 0.8895650237 0.6630321526 0.5019106455 0.3699439972 0.5725244408 0.7646130561 0.7382185047 0.5585359564
0.0414673437 0.2122452545 0.2628079499 0.9184462681 0.8354527784 0.8989376014 0.0658498316 0.8895650237 0.0000000000 0.3272227894 0.9260201353 0.6028036668 0.5037141150 0.8768112106 0.3436423346 0.0563571834
0.7012665193 0.9230867303 0.8044766008 0.0671716240 0.7697082148 0.6967256874 0.8746233572 0.6630321526 0.3272227894 0.0000000000 0.2534546424 0.9616711248 0.9198546651 0.1589471232 0.5763172734 0.1677818409
0.6327548711 0.2628519501 0.1582082578 0.8764410700 0.8082795189 0.5164479759 0.6913769073 0.5019106455 0.9260201353 0.2534546424 0.0000000000 0.5499097032 0.8233399613 0.2505804254 0.6590196156 0.3865903704
0.1638485681 0.4836428183 0.5792093908 0.9699865892 0.5010866799 0.1210921719 0.6878210178 0.3699439972 0.6028036668 0.9616711248 0.5499097032 0.0000000000 0.3021029606 0.8793704317 0.6842685193 0.9781622353
0.2083358662 0.8941408960 0.5886331960 0.7547567307 0.6624529559 0.9550551611 0.6687094054 0.5725244408 0.5037141150 0.9198546651 0.8233399613 0.3021029606 0.0000000000 0.0181369437 0.9481243179 0.9030748071
0.6960232580 0.2994101537 0.2241908588 0.4090097353 0.3347529984 0.1703183734 0.0443700561 0.7646130561 0.8768112106 0.1589471232 0.2505804254 0.8793704317 0.0181369437 0.0000000000 0.8245779411 0.0367658122
0.0033605592 0.8623974246 0.0843984647 0.9351795169 0.2581178121 0.4612453874 0.3106023925 0.7382185047 0.3436423346 0.5763172734 0.6590196156 0.6842685193 0.9481243179 0.8245779411 0.0000000000 0.6307640520
0.4424567140 0.4862496003 0.2146926704 0.0250796251 0.9753545111 0.2378170727 0.8898549877 0.5585359564 0.0563571834 0.1677818409 0.3865903704 0.9781622353 0.9030748071 0.0367658122 0.6307640520 0.0000000000
