# MCW Instance
# Type: UNIFORM
# N: 16
# Optimal cost: 1.6444318796925375
# Optimal tour (permutation): [0, 11, 14, 3, 1, 7, 15, 9, 8, 5, 6, 2, 12, 4, 13, 10, 0]
# Optimal walk (full path): [0, 11, 14, 3, 14, 1, 7, 5, 9, 15, 9, 8, 5, 6, 2, 6, 4, 12, 4, 13, 10, 0]
# Walk size: 22
# Is walk (has repeats): true

# Distance Matrix
0.0000000000 0.4946658759 0.7075737398 0.3932959410 0.8871860624 0.3485498908 0.2583480992 0.5901871495 0.9015906004 0.4500893259 0.3953342631 0.0016934867 0.7863228829 0.7540263402 0.6653883735 0.3999888083
0.4946658759 0.0000000000 0.9138962147 0.7710705232 0.1804550203 0.2895946204 0.3688217009 0.1015026808 0.3595579848 0.4998183293 0.4836820568 0.2591240805 0.4407272245 0.6581285490 0.0713046095 0.5997901830
0.7075737398 0.9138962147 0.0000000000 0.7111354698 0.6912257456 0.4658570260 0.0291203051 0.2406305073 0.8765442536 0.4632283540 0.3055755316 0.2720146328 0.1241478281 0.2598471321 0.1779492312 0.3208356403
0.3932959410 0.7710705232 0.7111354698 0.0000000000 0.1074570360 0.5291269274 0.3004160210 0.4681187340 0.5809743684 0.8460193033 0.8536361660 0.2913819228 0.7241483824 0.7726928942 0.0670146909 0.3724423746
0.8871860624 0.1804550203 0.6912257456 0.1074570360 0.0000000000 0.6327456623 0.0521465022 0.3850652983 0.3449348098 0.1425752967 0.5216030705 0.8499313595 0.0001267928 0.0151376816 0.5538206541 0.3824673992
0.3485498908 0.2895946204 0.4658570260 0.5291269274 0.6327456623 0.0000000000 0.0565306795 0.1407453584 0.0619952215 0.0358860884 0.8169752306 0.8218910808 0.3627196379 0.9688279010 0.0862143672 0.3881136792
0.2583480992 0.3688217009 0.0291203051 0.3004160210 0.0521465022 0.0565306795 0.0000000000 0.4815018142 0.8388109705 0.4028145543 0.3633402215 0.8066344194 0.5523717333 0.8509762672 0.1576581571 0.3497472556
0.5901871495 0.1015026808 0.2406305073 0.4681187340 0.3850652983 0.1407453584 0.4815018142 0.0000000000 0.8248069886 0.4611091987 0.7876987413 0.2551628685 0.8002810039 0.4823947859 0.4432891912 0.6152146616
0.9015906004 0.3595579848 0.8765442536 0.5809743684 0.3449348098 0.0619952215 0.8388109705 0.8248069886 0.0000000000 0.0621616363 0.6162338204 0.8127574394 0.0949761076 0.7238018203 0.6363907935 0.9552501471
0.4500893259 0.4998183293 0.4632283540 0.8460193033 0.1425752967 0.0358860884 0.4028145543 0.4611091987 0.0621616363 0.0000000000 0.3473884896 0.9315839675 0.6898109907 0.1656512671 0.7085639570 0.0348965093
0.3953342631 0.4836820568 0.3055755316 0.8536361660 0.5216030705 0.8169752306 0.3633402215 0.7876987413 0.6162338204 0.3473884896 0.0000000000 0.9715000102 0.7161646685 0.2030793862 0.8818132192 0.3975199178
0.0016934867 0.2591240805 0.2720146328 0.2913819228 0.8499313595 0.8218910808 0.8066344194 0.2551628685 0.8127574394 0.9315839675 0.9715000102 0.0000000000 0.5783512621 0.4603657920 0.1845976892 0.3620697911
0.7863228829 0.4407272245 0.1241478281 0.7241483824 0.0001267928 0.3627196379 0.5523717333 0.8002810039 0.0949761076 0.6898109907 0.7161646685 0.5783512621 0.0000000000 0.2303873848 0.7458373668 0.6657570710
0.7540263402 0.6581285490 0.2598471321 0.7726928942 0.0151376816 0.9688279010 0.8509762672 0.4823947859 0.7238018203 0.1656512671 0.2030793862 0.4603657920 0.2303873848 0.0000000000 0.6577828652 0.4365378793
0.6653883735 0.0713046095 0.1779492312 0.0670146909 0.5538206541 0.0862143672 0.1576581571 0.4432891912 0.6363907935 0.7085639570 0.8818132192 0.1845976892 0.7458373668 0.6577828652 0.0000000000 0.9441926121
0.3999888083 0.5997901830 0.3208356403 0.3724423746 0.3824673992 0.3881136792 0.3497472556 0.6152146616 0.9552501471 0.0348965093 0.3975199178 0.3620697911 0.6657570710 0.4365378793 0.9441926121 0.0000000000
