# MCW Instance
# Type: UNIFORM
# N: 16
# Optimal cost: 1.0343908014153944
# Optimal tour (permutation): [0, 11, 6, 14, 15, 13, 1, 7, 5, 9, 10, 12, 8, 3, 4, 2, 0]
# Optimal walk (full path): [0, 4, 11, 6, 14, 13, 15, 13, 1, 5, 7, 5, 9, 10, 12, 8, 3, 12, 4, 2, 4, 0]
# Walk size: 22
# Is walk (has repeats): true

# Distance Matrix
0.0000000000 0.1250020695 0.1988473520 0.2756595943 0.0150827009 0.6008033532 0.9763167678 0.5181544502 0.8558483837 0.0506590205 0.7756805873 0.9960000140 0.1489752363 0.8705619337 0.1333414467 0.5700562306
0.1250020695 0.0000000000 0.0781454882 0.9400561241 0.4743921865 0.0445422504 0.1975022147 0.8445759004 0.3334033742 0.7533702852 0.6993123747 0.3849255024 0.8055661531 0.0432550331 0.5876595427 0.6559127590
0.1988473520 0.0781454882 0.0000000000 0.7926739882 0.0025056000 0.5965757725 0.0552509041 0.4140909357 0.8791341699 0.1373110062 0.9441948472 0.2897684246 0.5078922031 0.0369778105 0.3229792888 0.2705360825
0.2756595943 0.9400561241 0.7926739882 0.0000000000 0.7230709010 0.3395977009 0.8069781814 0.5903069164 0.1723801321 0.9806149982 0.3936059606 0.3455001612 0.1669455878 0.7172328870 0.9953329965 0.6689006623
0.0150827009 0.4743921865 0.0025056000 0.7230709010 0.0000000000 0.2034415939 0.2994654007 0.4807893713 0.9583359992 0.5766024768 0.5005882760 0.0137819750 0.0449681840 0.0638327030 0.2907105616 0.8091522405
0.6008033532 0.0445422504 0.5965757725 0.3395977009 0.2034415939 0.0000000000 0.2416597186 0.0083623362 0.1334780124 0.0347529991 0.7987885211 0.2533707595 0.1134582072 0.4804245989 0.4130497778 0.2867285780
0.9763167678 0.1975022147 0.0552509041 0.8069781814 0.2994654007 0.2416597186 0.0000000000 0.3605467375 0.7877019684 0.0841975305 0.6444836254 0.0277722040 0.4880857348 0.7953419790 0.0909439400 0.9001678869
0.5181544502 0.8445759004 0.4140909357 0.5903069164 0.4807893713 0.0083623362 0.3605467375 0.0000000000 0.8330625384 0.2043334223 0.3441873460 0.5649157358 0.4156605566 0.7769271239 0.1480530502 0.9567585269
0.8558483837 0.3334033742 0.8791341699 0.1723801321 0.9583359992 0.1334780124 0.7877019684 0.8330625384 0.0000000000 0.8811785084 0.5668379406 0.3051481949 0.0077142836 0.6038272827 0.1534572993 0.8801279838
0.0506590205 0.7533702852 0.1373110062 0.9806149982 0.5766024768 0.0347529991 0.0841975305 0.2043334223 0.8811785084 0.0000000000 0.0764167707 0.0663756491 0.0849193596 0.1584854009 0.8099442782 0.8214922905
0.7756805873 0.6993123747 0.9441948472 0.3936059606 0.5005882760 0.7987885211 0.6444836254 0.3441873460 0.5668379406 0.0764167707 0.0000000000 0.5423670936 0.1033123523 0.0997885166 0.3363287332 0.8406834104
0.9960000140 0.3849255024 0.2897684246 0.3455001612 0.0137819750 0.2533707595 0.0277722040 0.5649157358 0.3051481949 0.0663756491 0.5423670936 0.0000000000 0.9909709681 0.8336541654 0.7259885397 0.8116159435
0.1489752363 0.8055661531 0.5078922031 0.1669455878 0.0449681840 0.1134582072 0.4880857348 0.4156605566 0.0077142836 0.0849193596 0.1033123523 0.9909709681 0.0000000000 0.6263406999 0.2160690966 0.3668803588
0.8705619337 0.0432550331 0.0369778105 0.7172328870 0.0638327030 0.4804245989 0.7953419790 0.7769271239 0.6038272827 0.1584854009 0.0997885166 0.8336541654 0.6263406999 0.0000000000 0.0771387659 0.0392825245
0.1333414467 0.5876595427 0.3229792888 0.9953329965 0.2907105616 0.4130497778 0.0909439400 0.1480530502 0.1534572993 0.8099442782 0.3363287332 0.7259885397 0.2160690966 0.0771387659 0.0000000000 0.5333235376
0.5700562306 0.6559127590 0.2705360825 0.6689006623 0.8091522405 0.2867285780 0.9001678869 0.9567585269 0.8801279838 0.8214922905 0.8406834104 0.8116159435 0.3668803588 0.0392825245 0.5333235376 0.0000000000
