# MCW Instance
# Type: UNIFORM
# N: 16
# Optimal cost: 1.8154482114150041
# Optimal tour (permutation): [0, 3, 7, 13, 4, 2, 12, 11, 9, 8, 5, 10, 15, 1, 6, 14, 0]
# Optimal walk (full path): [0, 3, 7, 4, 13, 4, 2, 12, 11, 12, 9, 12, 8, 5, 15, 10, 15, 1, 6, 14, 0]
# Walk size: 21
# Is walk (has repeats): true

# Distance Matrix
0.0000000000 0.6857993213 0.8518084786 0.1885633848 0.3645718023 0.2569781946 0.5748629496 0.3417283113 0.2720610441 0.5830657142 0.9079114552 0.6118275188 0.6582727307 0.8141171777 0.2420888576 0.4448158293
0.6857993213 0.0000000000 0.4660601418 0.0722617353 0.4262896457 0.7061298686 0.0320415771 0.6974859955 0.4679544234 0.4645314862 0.7165180980 0.1656751210 0.7998900522 0.2548642811 0.8373547404 0.0698108632
0.8518084786 0.4660601418 0.0000000000 0.8607119561 0.1447052378 0.9840279808 0.2437029529 0.5265373153 0.3839946274 0.9687054970 0.5773566453 0.7528460613 0.1520788974 0.3831391505 0.3240556017 0.6379659796
0.1885633848 0.0722617353 0.8607119561 0.0000000000 0.9332030373 0.9733155217 0.7314661756 0.0034275569 0.3493403171 0.8182225277 0.6425454869 0.5014725290 0.8583489309 0.6047552896 0.3067622641 0.2062900688
0.3645718023 0.4262896457 0.1447052378 0.9332030373 0.0000000000 0.5857965510 0.1276975101 0.0181163292 0.6230930621 0.7003954821 0.5118793907 0.3536684173 0.0579356501 0.1658425997 0.5530271757 0.7247695000
0.2569781946 0.7061298686 0.9840279808 0.9733155217 0.5857965510 0.0000000000 0.3312134665 0.4059596752 0.0044828831 0.6729047082 0.8890756041 0.4053816979 0.5988876532 0.8430435248 0.4695175977 0.0346418529
0.5748629496 0.0320415771 0.2437029529 0.7314661756 0.1276975101 0.3312134665 0.0000000000 0.0870853793 0.8496150987 0.6137129359 0.9363535596 0.6009181397 0.3137031278 0.4781803126 0.1382917286 0.2022484304
0.3417283113 0.6974859955 0.5265373153 0.0034275569 0.0181163292 0.4059596752 0.0870853793 0.0000000000 0.1947822568 0.5996724131 0.6695267578 0.5674575600 0.1662938678 0.4922113326 0.8473662921 0.3748333015
0.2720610441 0.4679544234 0.3839946274 0.3493403171 0.6230930621 0.0044828831 0.8496150987 0.1947822568 0.0000000000 0.1915861023 0.2144847716 0.5757115725 0.1116746225 0.6452189541 0.3358561843 0.9495365144
0.5830657142 0.4645314862 0.9687054970 0.8182225277 0.7003954821 0.6729047082 0.6137129359 0.5996724131 0.1915861023 0.0000000000 0.6986045592 0.2943628024 0.0505310089 0.6955494152 0.5404968700 0.2059941051
0.9079114552 0.7165180980 0.5773566453 0.6425454869 0.5118793907 0.8890756041 0.9363535596 0.6695267578 0.2144847716 0.6986045592 0.0000000000 0.5419605418 0.4956986602 0.3565862580 0.1778197140 0.0833533843
0.6118275188 0.1656751210 0.7528460613 0.5014725290 0.3536684173 0.4053816979 0.6009181397 0.5674575600 0.5757115725 0.2943628024 0.5419605418 0.0000000000 0.0380352170 0.4167453856 0.6043369130 0.7752043306
0.6582727307 0.7998900522 0.1520788974 0.8583489309 0.0579356501 0.5988876532 0.3137031278 0.1662938678 0.1116746225 0.0505310089 0.4956986602 0.0380352170 0.0000000000 0.7185467501 0.6165768727 0.7841632382
0.8141171777 0.2548642811 0.3831391505 0.6047552896 0.1658425997 0.8430435248 0.4781803126 0.4922113326 0.6452189541 0.6955494152 0.3565862580 0.4167453856 0.7185467501 0.0000000000 0.2670389411 0.2779290003
0.2420888576 0.8373547404 0.3240556017 0.3067622641 0.5530271757 0.4695175977 0.1382917286 0.8473662921 0.3358561843 0.5404968700 0.1778197140 0.6043369130 0.6165768727 0.2670389411 0.0000000000 0.1608815186
0.4448158293 0.0698108632 0.6379659796 0.2062900688 0.7247695000 0.0346418529 0.2022484304 0.3748333015 0.9495365144 0.2059941051 0.0833533843 0.7752043306 0.7841632382 0.2779290003 0.1608815186 0.0000000000
