# MCW Instance
# Type: UNIFORM
# N: 16
# Optimal cost: 1.7355885929988906
# Optimal tour (permutation): [0, 8, 14, 13, 15, 9, 2, 5, 12, 3, 1, 6, 11, 4, 10, 7, 0]
# Optimal walk (full path): [0, 8, 13, 14, 13, 15, 9, 2, 5, 3, 12, 3, 1, 3, 11, 6, 11, 3, 4, 10, 7, 0]
# Walk size: 22
# Is walk (has repeats): true

# Distance Matrix
0.0000000000 0.2539756154 0.4315859037 0.4976209321 0.9585289505 0.8147368372 0.2041966568 0.2340821176 0.0198147497 0.6018780062 0.1656717865 0.3575572361 0.5315324648 0.1443273084 0.2316124529 0.9697322086
0.2539756154 0.0000000000 0.0381327588 0.0244655219 0.1496105024 0.4176565424 0.9526141210 0.8384405445 0.4250029828 0.6171908454 0.2315987689 0.4613077201 0.6073378853 0.6715296664 0.4263939752 0.3125831532
0.4315859037 0.0381327588 0.0000000000 0.6773275271 0.2894690892 0.0534281697 0.7562734967 0.8141052352 0.7121895443 0.1581161828 0.9891730147 0.3938903620 0.3426764508 0.4081215495 0.7721940999 0.6737049543
0.4976209321 0.0244655219 0.6773275271 0.0000000000 0.0385022264 0.0451477034 0.1417251624 0.2475754533 0.0765453697 0.5488046485 0.8014857416 0.0276908955 0.1273236067 0.9217608264 0.2400751522 0.1992789429
0.9585289505 0.1496105024 0.2894690892 0.0385022264 0.0000000000 0.1869695186 0.0923048791 0.7453880185 0.3254995490 0.3064787651 0.0486054151 0.3942963511 0.5374455660 0.1307128616 0.9683711077 0.7844741070
0.8147368372 0.4176565424 0.0534281697 0.0451477034 0.1869695186 0.0000000000 0.5343783414 0.7137394863 0.7882776934 0.7449673733 0.9406155043 0.8124451739 0.3694425808 0.5130892951 0.4180273748 0.8769568955
0.2041966568 0.9526141210 0.7562734967 0.1417251624 0.0923048791 0.5343783414 0.0000000000 0.6583910950 0.8974456966 0.8168874317 0.2542604382 0.0173736239 0.7603739560 0.5628607694 0.7005048900 0.2035560203
0.2340821176 0.8384405445 0.8141052352 0.2475754533 0.7453880185 0.7137394863 0.6583910950 0.0000000000 0.7478040535 0.4242047153 0.1578345928 0.3135200030 0.5705273550 0.7807937490 0.8931909553 0.3776745799
0.0198147497 0.4250029828 0.7121895443 0.0765453697 0.3254995490 0.7882776934 0.8974456966 0.7478040535 0.0000000000 0.2980855640 0.5253702495 0.5193784561 0.1885933164 0.0649681798 0.7674621497 0.1227905289
0.6018780062 0.6171908454 0.1581161828 0.5488046485 0.3064787651 0.7449673733 0.8168874317 0.4242047153 0.2980855640 0.0000000000 0.3779563147 0.3085340154 0.5816967762 0.7075425369 0.7186899247 0.1590485500
0.1656717865 0.2315987689 0.9891730147 0.8014857416 0.0486054151 0.9406155043 0.2542604382 0.1578345928 0.5253702495 0.3779563147 0.0000000000 0.1447800344 0.4323610756 0.1220615269 0.8844554602 0.7391985923
0.3575572361 0.4613077201 0.3938903620 0.0276908955 0.3942963511 0.8124451739 0.0173736239 0.3135200030 0.5193784561 0.3085340154 0.1447800344 0.0000000000 0.6644295452 0.8239001537 0.3559774020 0.2667420563
0.5315324648 0.6073378853 0.3426764508 0.1273236067 0.5374455660 0.3694425808 0.7603739560 0.5705273550 0.1885933164 0.5816967762 0.4323610756 0.6644295452 0.0000000000 0.7034923440 0.8097783566 0.3453674682
0.1443273084 0.6715296664 0.4081215495 0.9217608264 0.1307128616 0.5130892951 0.5628607694 0.7807937490 0.0649681798 0.7075425369 0.1220615269 0.8239001537 0.7034923440 0.0000000000 0.1112310892 0.1398712312
0.2316124529 0.4263939752 0.7721940999 0.2400751522 0.9683711077 0.4180273748 0.7005048900 0.8931909553 0.7674621497 0.7186899247 0.8844554602 0.3559774020 0.8097783566 0.1112310892 0.0000000000 0.6159045993
0.9697322086 0.3125831532 0.6737049543 0.1992789429 0.7844741070 0.8769568955 0.2035560203 0.3776745799 0.1227905289 0.1590485500 0.7391985923 0.2667420563 0.3453674682 0.1398712312 0.6159045993 0.0000000000
