# Graph size: 16
# Optimal cost: 1.3239821636215516

# Distance Matrix
0.0 0.4186689878361375 0.547453764736505 0.32469369827501904 0.7663945129339518 0.5292248627501611 0.49575961675769165 0.2333187417892223 0.37980501456257876 0.646468593926515 0.061487652830857664 0.42756410548445867 0.9701915012549739 0.21553372675271676 0.7079521946099069 0.5015467108098635
0.4186689878361375 0.0 0.7865698058750837 0.4625150657121291 0.8220995563622739 0.05019903684073512 0.007233240855188505 0.503088461647079 0.8741965691408502 0.4266283774841737 0.7897765686561102 0.844137233735562 0.9393746005949992 0.8444020027018209 0.5485915184237763 0.09653045063000465
0.547453764736505 0.7865698058750837 0.0 0.939458045848278 0.037923617324103764 0.5453131286607655 0.7025506907309442 0.9254202133562212 0.19504256847705848 0.9802363411995505 0.748070114778863 0.21397389397882183 0.15826472802811098 0.9065099496930662 0.4774251006517767 0.21621754917089187
0.32469369827501904 0.4625150657121291 0.939458045848278 0.0 0.9544095319210008 0.4539555210413855 0.9580417872916771 0.3519224753254383 0.5572851532131055 0.045646836627973975 0.4522156999974576 0.5299600057844213 0.4139295692662679 0.5179250632819854 0.44505086512451475 0.29353237938085264
0.7663945129339518 0.8220995563622739 0.037923617324103764 0.9544095319210008 0.0 0.6721923063047497 0.3133137134157823 0.9504150545337101 0.8782844570498465 0.23590811830180924 0.20583668190221027 0.6708693551381412 0.112037719677473 0.7436403630348961 0.3395314343902659 0.8228817640761761
0.5292248627501611 0.05019903684073512 0.5453131286607655 0.4539555210413855 0.6721923063047497 0.0 0.29680218588704377 0.3179482867516139 0.7134887215849804 0.9552365167364186 0.9568858392765056 0.4643594609643604 0.6305393061830314 0.8864017537492798 0.6113350146307202 0.8127043528945807
0.49575961675769165 0.007233240855188505 0.7025506907309442 0.9580417872916771 0.3133137134157823 0.29680218588704377 0.0 0.04174677093307144 0.9657202040183035 0.5346037665012607 0.4881975395582623 0.16515537542302872 0.22363891144485004 0.8062635792218459 0.7756258926497505 0.2347800164418241
0.2333187417892223 0.503088461647079 0.9254202133562212 0.3519224753254383 0.9504150545337101 0.3179482867516139 0.04174677093307144 0.0 0.6177956615799912 0.8187296316244783 0.3972308941536825 0.7446154517185042 0.5046311643780227 0.8113933712191373 0.16334898830890576 0.092479837577917
0.37980501456257876 0.8741965691408502 0.19504256847705848 0.5572851532131055 0.8782844570498465 0.7134887215849804 0.9657202040183035 0.6177956615799912 0.0 0.6702979208814411 0.930215154636664 0.974599997721835 0.0997977779171243 0.7399880615609155 0.7737453674253802 0.1553906052948013
0.646468593926515 0.4266283774841737 0.9802363411995505 0.045646836627973975 0.23590811830180924 0.9552365167364186 0.5346037665012607 0.8187296316244783 0.6702979208814411 0.0 0.48596667020348616 0.5514037988051934 0.37970570537790793 0.8807264327965036 0.009738817952650636 0.1259463797746918
0.061487652830857664 0.7897765686561102 0.748070114778863 0.4522156999974576 0.20583668190221027 0.9568858392765056 0.4881975395582623 0.3972308941536825 0.930215154636664 0.48596667020348616 0.0 0.13067704246855583 0.021802331356709947 0.6550917057519643 0.20030004020248104 0.11310396420379021
0.42756410548445867 0.844137233735562 0.21397389397882183 0.5299600057844213 0.6708693551381412 0.4643594609643604 0.16515537542302872 0.7446154517185042 0.974599997721835 0.5514037988051934 0.13067704246855583 0.0 0.08056773334010126 0.9353471115267983 0.8914398869157308 0.0507402488564348
0.9701915012549739 0.9393746005949992 0.15826472802811098 0.4139295692662679 0.112037719677473 0.6305393061830314 0.22363891144485004 0.5046311643780227 0.0997977779171243 0.37970570537790793 0.021802331356709947 0.08056773334010126 0.0 0.009440093572772423 0.11683925222924618 0.9596937625167407
0.21553372675271676 0.8444020027018209 0.9065099496930662 0.5179250632819854 0.7436403630348961 0.8864017537492798 0.8062635792218459 0.8113933712191373 0.7399880615609155 0.8807264327965036 0.6550917057519643 0.9353471115267983 0.009440093572772423 0.0 0.0518236025114589 0.6195658522592314
0.7079521946099069 0.5485915184237763 0.4774251006517767 0.44505086512451475 0.3395314343902659 0.6113350146307202 0.7756258926497505 0.16334898830890576 0.7737453674253802 0.009738817952650636 0.20030004020248104 0.8914398869157308 0.11683925222924618 0.0518236025114589 0.0 0.9222209565073014
0.5015467108098635 0.09653045063000465 0.21621754917089187 0.29353237938085264 0.8228817640761761 0.8127043528945807 0.2347800164418241 0.092479837577917 0.1553906052948013 0.1259463797746918 0.11310396420379021 0.0507402488564348 0.9596937625167407 0.6195658522592314 0.9222209565073014 0.0

# Optimal Walk
0 12 8 2 4 11 15 5 1 6 7 3 9 14 13 10 0
