# MCW Instance
# Type: EXPONENTIAL
# N: 19
# Optimal cost: 1.3636313852184931
# Optimal tour (permutation): [0, 15, 14, 11, 2, 17, 16, 7, 10, 5, 1, 8, 12, 3, 18, 9, 13, 6, 4, 0]
# Optimal walk (full path): [0, 15, 11, 14, 11, 15, 2, 17, 16, 10, 7, 10, 5, 1, 5, 10, 8, 12, 8, 3, 9, 18, 9, 13, 4, 6, 4, 13, 0]
# Walk size: 29
# Is walk (has repeats): true

# Distance Matrix
0.0000000000 1.9136707424 1.4244038592 0.3944680085 0.7929036910 4.3023628880 0.2702234268 2.5494163058 1.1784924641 2.8463489853 0.3249623728 0.3051595699 0.3634703874 0.0611574686 2.0035257482 0.0256114107 0.1140978445 0.5618810928 1.1744930057
1.9136707424 0.0000000000 3.4441986970 1.6043784698 0.2951484158 0.0277508016 1.7488834137 2.7022549775 0.6746935821 2.0184783629 0.5799053626 0.2873885640 0.3629935968 3.3276287743 1.9557533446 0.6577924660 0.2666205914 0.6236694621 0.6651861335
1.4244038592 3.4441986970 0.0000000000 0.4632741738 0.7083975226 0.5175644139 0.6536052473 0.4287769657 2.3727182509 0.6466562727 0.7112200827 0.1115459110 1.2532821185 0.1051845129 1.0965869433 0.0444188715 1.3609314106 0.0286575571 1.6460022899
0.3944680085 1.6043784698 0.4632741738 0.0000000000 0.5958326584 0.2007773228 0.5579313678 1.8023438222 0.0641449126 0.0011856453 0.9377768757 0.6470270219 0.9355335680 3.8758635834 0.4546338499 2.5155554156 1.4475267126 3.2551295970 0.2036102930
0.7929036910 0.2951484158 0.7083975226 0.5958326584 0.0000000000 0.3131293659 0.0046153486 1.8850965268 0.5402671221 0.1720410037 1.1833916099 2.7844447490 2.2030581707 0.0030648878 2.1210034199 1.1333531598 0.3588361937 0.4115138792 0.2342656174
4.3023628880 0.0277508016 0.5175644139 0.2007773228 0.3131293659 0.0000000000 0.8528676520 0.2583013928 0.4673846973 0.6814924330 0.0067061265 0.6234777653 0.5865834621 0.8451391606 3.1939281617 3.8433401598 0.2962783774 0.2034780960 0.2316104485
0.2702234268 1.7488834137 0.6536052473 0.5579313678 0.0046153486 0.8528676520 0.0000000000 1.3474985963 3.2181981150 1.8830420478 0.4512051379 0.2931788323 1.9851636897 1.5190960575 0.3117462957 1.2972800350 0.3172015440 0.3310895232 0.9379708416
2.5494163058 2.7022549775 0.4287769657 1.8023438222 1.8850965268 0.2583013928 1.3474985963 0.0000000000 0.4958982537 0.4004582776 0.1498480106 0.4072847243 1.1441678701 2.4155513686 3.9984063798 0.4696436557 0.9782307887 0.9362058309 1.5207904803
1.1784924641 0.6746935821 2.3727182509 0.0641449126 0.5402671221 0.4673846973 3.2181981150 0.4958982537 0.0000000000 0.5286556665 0.0176542428 0.9248768694 0.0874851533 3.4248081253 1.3115479991 1.3053541480 2.4875205433 2.2001002067 1.2307381055
2.8463489853 2.0184783629 0.6466562727 0.0011856453 0.1720410037 0.6814924330 1.8830420478 0.4004582776 0.5286556665 0.0000000000 0.4348700988 1.3959214281 0.4120497774 0.0916408204 1.6923547019 0.4025184326 1.7136284252 0.1842051457 0.0202657661
0.3249623728 0.5799053626 0.7112200827 0.9377768757 1.1833916099 0.0067061265 0.4512051379 0.1498480106 0.0176542428 0.4348700988 0.0000000000 1.0500749390 0.4885265835 1.7864064032 0.5483094745 2.3820899138 0.0739676110 0.5650083909 0.1454171337
0.3051595699 0.2873885640 0.1115459110 0.6470270219 2.7844447490 0.6234777653 0.2931788323 0.4072847243 0.9248768694 1.3959214281 1.0500749390 0.0000000000 1.4171211768 1.8273593857 0.0724890704 0.0532886927 1.5023713763 1.6205065106 1.1538583408
0.3634703874 0.3629935968 1.2532821185 0.9355335680 2.2030581707 0.5865834621 1.9851636897 1.1441678701 0.0874851533 0.4120497774 0.4885265835 1.4171211768 0.0000000000 2.3372924627 1.1140088077 0.2562183722 0.3789125110 3.2291002665 0.4458228879
0.0611574686 3.3276287743 0.1051845129 3.8758635834 0.0030648878 0.8451391606 1.5190960575 2.4155513686 3.4248081253 0.0916408204 1.7864064032 1.8273593857 2.3372924627 0.0000000000 2.2762754273 0.6510302780 1.0014500377 1.4292268343 1.3986963044
2.0035257482 1.9557533446 1.0965869433 0.4546338499 2.1210034199 3.1939281617 0.3117462957 3.9984063798 1.3115479991 1.6923547019 0.5483094745 0.0724890704 1.1140088077 2.2762754273 0.0000000000 0.9587183222 0.8639118145 1.5589684591 0.3309595260
0.0256114107 0.6577924660 0.0444188715 2.5155554156 1.1333531598 3.8433401598 1.2972800350 0.4696436557 1.3053541480 0.4025184326 2.3820899138 0.0532886927 0.2562183722 0.6510302780 0.9587183222 0.0000000000 0.2037800586 0.0583702766 1.6276167212
0.1140978445 0.2666205914 1.3609314106 1.4475267126 0.3588361937 0.2962783774 0.3172015440 0.9782307887 2.4875205433 1.7136284252 0.0739676110 1.5023713763 0.3789125110 1.0014500377 0.8639118145 0.2037800586 0.0000000000 0.1041651298 0.0462273127
0.5618810928 0.6236694621 0.0286575571 3.2551295970 0.4115138792 0.2034780960 0.3310895232 0.9362058309 2.2001002067 0.1842051457 0.5650083909 1.6205065106 3.2291002665 1.4292268343 1.5589684591 0.0583702766 0.1041651298 0.0000000000 0.1765681167
1.1744930057 0.6651861335 1.6460022899 0.2036102930 0.2342656174 0.2316104485 0.9379708416 1.5207904803 1.2307381055 0.0202657661 0.1454171337 1.1538583408 0.4458228879 1.3986963044 0.3309595260 1.6276167212 0.0462273127 0.1765681167 0.0000000000
