# MCW Instance
# Type: EXPONENTIAL
# N: 19
# Optimal cost: 2.636436512117074
# Optimal tour (permutation): [0, 11, 16, 2, 10, 18, 13, 15, 12, 8, 5, 17, 9, 7, 6, 4, 3, 14, 1, 0]
# Optimal walk (full path): [0, 11, 4, 16, 2, 10, 18, 13, 15, 8, 12, 8, 17, 5, 17, 9, 7, 6, 4, 3, 4, 14, 1, 0]
# Walk size: 24
# Is walk (has repeats): true

# Distance Matrix
0.0000000000 0.0026151161 1.3020481598 0.2004822086 0.4426523275 0.5965745293 2.3685331113 0.3371842546 2.2425654120 0.8372311110 0.2467135715 0.0649594444 0.1226621382 1.3313846242 1.0391036098 0.8248488546 0.7543516406 1.7154118176 0.2046821079
0.0026151161 0.0000000000 0.4770382215 0.0854292384 1.2346825255 1.1786992792 0.2360229863 1.5493380363 3.9877148638 0.4777448331 1.0289117227 0.0710222717 0.1377648715 1.6972892384 0.0233398180 0.8226211347 0.9592969322 0.6918781352 0.3868483305
1.3020481598 0.4770382215 0.0000000000 0.2883150674 1.1791313019 0.3180607985 0.3798444623 0.5313048023 0.2815067061 0.1616296949 0.1159274755 3.5161195355 0.2605296672 0.4494971942 2.3401170064 0.8916722271 0.1189009685 1.6120469507 0.2781555347
0.2004822086 0.0854292384 0.2883150674 0.0000000000 0.0118675637 0.8577104150 0.4242329839 0.5332791013 2.1941141306 0.2529929679 4.8371175180 0.7066410830 1.0763744602 0.4421979419 0.0663465710 1.2875930159 1.5939372348 4.9851802232 0.3318439151
0.4426523275 1.2346825255 1.1791313019 0.0118675637 0.0000000000 1.9851846182 0.1145564630 0.1597743685 2.3806749307 0.8350602807 0.9863473569 0.1003505874 1.2206694985 1.8555723272 0.0474461754 1.3056500265 0.0080150149 0.8338006360 0.8263820878
0.5965745293 1.1786992792 0.3180607985 0.8577104150 1.9851846182 0.0000000000 0.4707049982 1.3125342320 0.1410149646 0.6293739979 0.5544035537 1.5423179147 0.3139444873 1.7012127158 2.4237906777 4.9339818369 3.7417407233 0.0370870848 1.3200617058
2.3685331113 0.2360229863 0.3798444623 0.4242329839 0.1145564630 0.4707049982 0.0000000000 0.2595436846 2.7575067086 0.4343574834 0.8655557013 0.3206266100 0.4578083087 0.8591533846 1.2575024302 0.7490091246 0.1386092209 1.7701975431 1.2537781018
0.3371842546 1.5493380363 0.5313048023 0.5332791013 0.1597743685 1.3125342320 0.2595436846 0.0000000000 0.7297813419 0.1243643526 0.6608423975 2.2742851206 3.1532891469 0.4974427785 1.4280319520 1.2819659831 1.9438056975 0.3093456566 0.1586273157
2.2425654120 3.9877148638 0.2815067061 2.1941141306 2.3806749307 0.1410149646 2.7575067086 0.7297813419 0.0000000000 0.9476762176 0.1341655906 0.7941854525 0.0240742538 1.3093304686 2.5571738573 0.6398222256 1.1485233098 0.0490003873 3.3434075782
0.8372311110 0.4777448331 0.1616296949 0.2529929679 0.8350602807 0.6293739979 0.4343574834 0.1243643526 0.9476762176 0.0000000000 0.5230530971 0.2362478266 0.9965624132 2.7200537639 0.3457319390 0.8126178951 0.5807318227 0.1110032825 2.4209892953
0.2467135715 1.0289117227 0.1159274755 4.8371175180 0.9863473569 0.5544035537 0.8655557013 0.6608423975 0.1341655906 0.5230530971 0.0000000000 0.6372668590 0.1274627390 0.3892583047 0.7182697416 2.2690862896 0.1729919370 0.6966014697 0.0065774477
0.0649594444 0.0710222717 3.5161195355 0.7066410830 0.1003505874 1.5423179147 0.3206266100 2.2742851206 0.7941854525 0.2362478266 0.6372668590 0.0000000000 1.7226517318 0.8274459079 2.2243025536 2.9645438084 0.8765994728 1.0165403034 0.5899361291
0.1226621382 0.1377648715 0.2605296672 1.0763744602 1.2206694985 0.3139444873 0.4578083087 3.1532891469 0.0240742538 0.9965624132 0.1274627390 1.7226517318 0.0000000000 1.5175919712 0.0896240249 1.6301608203 1.4941795608 0.4522055431 0.5373506186
1.3313846242 1.6972892384 0.4494971942 0.4421979419 1.8555723272 1.7012127158 0.8591533846 0.4974427785 1.3093304686 2.7200537639 0.3892583047 0.8274459079 1.5175919712 0.0000000000 0.4996704452 0.4129067140 1.0314223947 2.6497079710 0.2910495503
1.0391036098 0.0233398180 2.3401170064 0.0663465710 0.0474461754 2.4237906777 1.2575024302 1.4280319520 2.5571738573 0.3457319390 0.7182697416 2.2243025536 0.0896240249 0.4996704452 0.0000000000 1.1612152149 0.5497788569 2.5788265479 0.8702471201
0.8248488546 0.8226211347 0.8916722271 1.2875930159 1.3056500265 4.9339818369 0.7490091246 1.2819659831 0.6398222256 0.8126178951 2.2690862896 2.9645438084 1.6301608203 0.4129067140 1.1612152149 0.0000000000 1.9541447047 0.8940536755 1.0904349855
0.7543516406 0.9592969322 0.1189009685 1.5939372348 0.0080150149 3.7417407233 0.1386092209 1.9438056975 1.1485233098 0.5807318227 0.1729919370 0.8765994728 1.4941795608 1.0314223947 0.5497788569 1.9541447047 0.0000000000 1.8989285990 0.2497952674
1.7154118176 0.6918781352 1.6120469507 4.9851802232 0.8338006360 0.0370870848 1.7701975431 0.3093456566 0.0490003873 0.1110032825 0.6966014697 1.0165403034 0.4522055431 2.6497079710 2.5788265479 0.8940536755 1.8989285990 0.0000000000 1.8184799557
0.2046821079 0.3868483305 0.2781555347 0.3318439151 0.8263820878 1.3200617058 1.2537781018 0.1586273157 3.3434075782 2.4209892953 0.0065774477 0.5899361291 0.5373506186 0.2910495503 0.8702471201 1.0904349855 0.2497952674 1.8184799557 0.0000000000
