# MCW Instance
# Type: EXPONENTIAL
# N: 19
# Optimal cost: 1.652243342507961
# Optimal tour (permutation): [0, 14, 5, 4, 16, 11, 12, 8, 15, 10, 1, 18, 17, 7, 9, 13, 3, 2, 6, 0]
# Optimal walk (full path): [0, 14, 4, 5, 4, 11, 16, 11, 12, 8, 1, 15, 10, 15, 1, 18, 17, 18, 7, 9, 13, 3, 2, 6, 14, 0]
# Walk size: 26
# Is walk (has repeats): true

# Distance Matrix
0.0000000000 1.2973477347 1.1351248523 0.5025664278 0.9770188514 2.7985410671 0.7038206950 0.7013221562 3.1209071939 2.1347646054 0.8586420767 3.3180873432 0.4745006500 0.6331096373 0.0528234916 3.1791325267 1.5972752855 1.2237509128 0.6747621747
1.2973477347 0.0000000000 1.9521015454 0.4397017060 0.4645393661 0.2360484969 0.4906474773 0.5901702962 0.1559433778 2.5610883134 2.7862756156 1.0026494669 0.6608517930 0.7337629651 1.3164949729 0.0618388096 0.8514337752 1.6981950057 0.0586356360
1.1351248523 1.9521015454 0.0000000000 0.0227684215 2.2767302615 0.8533573788 0.0709408112 0.7823814387 0.8332460627 0.1397144929 1.2512762325 2.5468494603 0.4049554804 0.7924022720 0.2085412454 0.6123753893 0.4753406330 0.2714945718 3.0068157594
0.5025664278 0.4397017060 0.0227684215 0.0000000000 1.3493073836 0.3288560311 1.1526552890 1.3385527591 0.2075859597 0.3886224844 4.5721399609 0.2275764057 1.5492700071 0.2175868897 1.1819902304 1.5017730416 0.3985077109 0.5413346452 0.6731549683
0.9770188514 0.4645393661 2.2767302615 1.3493073836 0.0000000000 0.0950609877 1.3583194263 0.3403419258 0.2704571387 1.9032386205 0.8877457031 0.0101802362 2.3926253509 0.4351221443 0.1035348240 1.1508286847 3.1964260011 2.4999694182 1.1272974598
2.7985410671 0.2360484969 0.8533573788 0.3288560311 0.0950609877 0.0000000000 0.2691969452 2.2776519108 0.5505288653 0.2138801461 4.8929809198 1.3552751275 1.3524965992 3.0047039227 0.7354047328 0.5507539496 0.4286049133 1.2736234178 0.8695237729
0.7038206950 0.4906474773 0.0709408112 1.1526552890 1.3583194263 0.2691969452 0.0000000000 0.1441164582 0.8751873122 1.7352483934 0.6963405879 0.0916663611 0.0316974226 1.8602564666 0.0688403033 0.1489496368 0.3594300905 0.1943864181 0.0465403576
0.7013221562 0.5901702962 0.7823814387 1.3385527591 0.3403419258 2.2776519108 0.1441164582 0.0000000000 0.2806431002 0.0200660181 0.3439716467 1.7899454106 1.6347157503 0.2256627413 0.3423137502 0.3110885886 0.6761383867 0.3817541245 0.0558105263
3.1209071939 0.1559433778 0.8332460627 0.2075859597 0.2704571387 0.5505288653 0.8751873122 0.2806431002 0.0000000000 0.9011704347 0.3839272460 0.2635366346 0.0436997023 1.2435345678 0.4123747328 2.6576404675 0.8947504346 0.3468738844 0.7388373889
2.1347646054 2.5610883134 0.1397144929 0.3886224844 1.9032386205 0.2138801461 1.7352483934 0.0200660181 0.9011704347 0.0000000000 0.4731820365 0.4887075539 0.1115717371 0.1396875507 0.1400069058 1.0114000495 2.0918529648 0.0686966539 0.4309460708
0.8586420767 2.7862756156 1.2512762325 4.5721399609 0.8877457031 4.8929809198 0.6963405879 0.3439716467 0.3839272460 0.4731820365 0.0000000000 0.4216376112 0.4233570936 0.7771831324 1.0774695378 0.0119670170 1.2727291587 0.9939621034 2.5146187933
3.3180873432 1.0026494669 2.5468494603 0.2275764057 0.0101802362 1.3552751275 0.0916663611 1.7899454106 0.2635366346 0.4887075539 0.4216376112 0.0000000000 0.0404510686 0.9773666712 0.2074829232 0.4041533950 0.0694172433 1.3788169114 2.2997922298
0.4745006500 0.6608517930 0.4049554804 1.5492700071 2.3926253509 1.3524965992 0.0316974226 1.6347157503 0.0436997023 0.1115717371 0.4233570936 0.0404510686 0.0000000000 0.6484150002 0.7236111497 1.9892202681 0.2380928325 1.5246373271 0.9688150555
0.6331096373 0.7337629651 0.7924022720 0.2175868897 0.4351221443 3.0047039227 1.8602564666 0.2256627413 1.2435345678 0.1396875507 0.7771831324 0.9773666712 0.6484150002 0.0000000000 0.7571908951 0.2909041415 1.1990471265 0.4042375500 1.9563975318
0.0528234916 1.3164949729 0.2085412454 1.1819902304 0.1035348240 0.7354047328 0.0688403033 0.3423137502 0.4123747328 0.1400069058 1.0774695378 0.2074829232 0.7236111497 0.7571908951 0.0000000000 1.9906323845 0.3633048088 0.7726650863 2.2192358013
3.1791325267 0.0618388096 0.6123753893 1.5017730416 1.1508286847 0.5507539496 0.1489496368 0.3110885886 2.6576404675 1.0114000495 0.0119670170 0.4041533950 1.9892202681 0.2909041415 1.9906323845 0.0000000000 0.3989358171 0.4774160695 0.2507403644
1.5972752855 0.8514337752 0.4753406330 0.3985077109 3.1964260011 0.4286049133 0.3594300905 0.6761383867 0.8947504346 2.0918529648 1.2727291587 0.0694172433 0.2380928325 1.1990471265 0.3633048088 0.3989358171 0.0000000000 1.5866737143 0.5483722530
1.2237509128 1.6981950057 0.2714945718 0.5413346452 2.4999694182 1.2736234178 0.1943864181 0.3817541245 0.3468738844 0.0686966539 0.9939621034 1.3788169114 1.5246373271 0.4042375500 0.7726650863 0.4774160695 1.5866737143 0.0000000000 0.0309414391
0.6747621747 0.0586356360 3.0068157594 0.6731549683 1.1272974598 0.8695237729 0.0465403576 0.0558105263 0.7388373889 0.4309460708 2.5146187933 2.2997922298 0.9688150555 1.9563975318 2.2192358013 0.2507403644 0.5483722530 0.0309414391 0.0000000000
