# MCW Instance
# Type: EXPONENTIAL
# N: 19
# Optimal cost: 1.7836461410131008
# Optimal tour (permutation): [0, 13, 4, 3, 17, 11, 5, 14, 6, 16, 12, 1, 15, 10, 9, 18, 8, 7, 2, 0]
# Optimal walk (full path): [0, 13, 4, 13, 3, 13, 17, 11, 5, 6, 14, 6, 16, 1, 12, 1, 15, 10, 9, 18, 10, 8, 2, 7, 2, 0]
# Walk size: 26
# Is walk (has repeats): true

# Distance Matrix
0.0000000000 0.4360167820 0.0222917016 0.9401883094 0.7224429795 0.7783824806 2.8965767556 0.6499565815 0.0913054991 3.3414117477 0.3673431115 1.1568004679 0.3844615218 0.0815027803 0.3528690662 1.1668335648 2.5070587846 1.7584047070 0.9628511744
0.4360167820 0.0000000000 0.2438610313 0.2908939939 1.4846497894 0.7102224364 0.6923172513 1.5400076606 0.0442833102 3.2472937372 0.2954833022 3.4416766686 0.1631557264 0.8400007308 1.2467480881 0.1459123238 0.0264342374 1.7661975121 0.0294248715
0.0222917016 0.2438610313 0.0000000000 1.5926130822 1.2356640400 0.2293366483 1.8238310562 0.0053646918 0.0165390925 1.1585770844 0.3217152092 0.5206084176 0.1775545837 0.1482019908 1.4610794459 2.4464846469 1.4092232927 0.2741660483 0.1027236795
0.9401883094 0.2908939939 1.5926130822 0.0000000000 2.8697237618 1.5715325380 0.5112780166 1.1545745583 0.8036321551 0.3527264001 0.9906054235 1.9501971831 1.9242667654 0.0207545309 4.3559990395 2.1654380726 0.8973043185 0.1933452006 2.3441981340
0.7224429795 1.4846497894 1.2356640400 2.8697237618 0.0000000000 2.2622588248 1.6812451656 0.7892799435 0.3985344247 0.5299338137 0.1821295326 0.5242105383 0.5726883020 0.1239029907 0.6345418700 1.0184902270 0.4259574398 1.0736947655 1.9104715112
0.7783824806 0.7102224364 0.2293366483 1.5715325380 2.2622588248 0.0000000000 0.0476518147 0.1284740016 1.2791678716 2.6473382359 0.5942955748 0.1020874685 0.4579118312 0.2415712722 0.3026801680 0.7322937099 0.9890266110 0.2087622205 0.5298511321
2.8965767556 0.6923172513 1.8238310562 0.5112780166 1.6812451656 0.0476518147 0.0000000000 0.2865374669 1.0905520432 0.2650009440 0.1842647857 0.3676630220 0.4346770372 2.8798156407 0.1301385720 2.4286398594 0.0510661865 0.1832128594 2.1420566150
0.6499565815 1.5400076606 0.0053646918 1.1545745583 0.7892799435 0.1284740016 0.2865374669 0.0000000000 1.0911891307 0.5147779087 0.6439416736 0.2835123400 0.8081866979 0.7161881140 1.1835493189 0.7194747682 0.6455324731 0.6051583882 0.7786840469
0.0913054991 0.0442833102 0.0165390925 0.8036321551 0.3985344247 1.2791678716 1.0905520432 1.0911891307 0.0000000000 0.4201142359 0.0294395281 0.1668030910 0.4503823683 0.0786643672 0.6738265498 1.9400841131 0.6653432905 1.1167384382 2.9813845364
3.3414117477 3.2472937372 1.1585770844 0.3527264001 0.5299338137 2.6473382359 0.2650009440 0.5147779087 0.4201142359 0.0000000000 0.0190313790 1.2226069813 0.7910971750 1.5920569410 0.2786316820 4.3215964958 0.4494409401 2.6076711298 0.0017976225
0.3673431115 0.2954833022 0.3217152092 0.9906054235 0.1821295326 0.5942955748 0.1842647857 0.6439416736 0.0294395281 0.0190313790 0.0000000000 0.8045436871 0.7489006437 0.2960044477 0.3437523600 0.1543396743 0.6994536257 0.5422567607 0.0207181951
1.1568004679 3.4416766686 0.5206084176 1.9501971831 0.5242105383 0.1020874685 0.3676630220 0.2835123400 0.1668030910 1.2226069813 0.8045436871 0.0000000000 0.4746326319 0.2787439991 1.4764996446 2.3544710567 1.8655047809 0.0466346105 0.2210196996
0.3844615218 0.1631557264 0.1775545837 1.9242667654 0.5726883020 0.4579118312 0.4346770372 0.8081866979 0.4503823683 0.7910971750 0.7489006437 0.4746326319 0.0000000000 1.9189374392 1.3393492387 1.9258146193 0.7221828578 0.4660463139 0.9521758808
0.0815027803 0.8400007308 0.1482019908 0.0207545309 0.1239029907 0.2415712722 2.8798156407 0.7161881140 0.0786643672 1.5920569410 0.2960044477 0.2787439991 1.9189374392 0.0000000000 0.8575141822 1.1661208823 0.3590249166 0.1315665028 0.3427554071
0.3528690662 1.2467480881 1.4610794459 4.3559990395 0.6345418700 0.3026801680 0.1301385720 1.1835493189 0.6738265498 0.2786316820 0.3437523600 1.4764996446 1.3393492387 0.8575141822 0.0000000000 0.6862448364 0.3056733988 0.4362075140 0.4037609628
1.1668335648 0.1459123238 2.4464846469 2.1654380726 1.0184902270 0.7322937099 2.4286398594 0.7194747682 1.9400841131 4.3215964958 0.1543396743 2.3544710567 1.9258146193 1.1661208823 0.6862448364 0.0000000000 1.1214672599 0.8923917780 1.5359629470
2.5070587846 0.0264342374 1.4092232927 0.8973043185 0.4259574398 0.9890266110 0.0510661865 0.6455324731 0.6653432905 0.4494409401 0.6994536257 1.8655047809 0.7221828578 0.3590249166 0.3056733988 1.1214672599 0.0000000000 0.0980116838 0.1183549023
1.7584047070 1.7661975121 0.2741660483 0.1933452006 1.0736947655 0.2087622205 0.1832128594 0.6051583882 1.1167384382 2.6076711298 0.5422567607 0.0466346105 0.4660463139 0.1315665028 0.4362075140 0.8923917780 0.0980116838 0.0000000000 0.1256781968
0.9628511744 0.0294248715 0.1027236795 2.3441981340 1.9104715112 0.5298511321 2.1420566150 0.7786840469 2.9813845364 0.0017976225 0.0207181951 0.2210196996 0.9521758808 0.3427554071 0.4037609628 1.5359629470 0.1183549023 0.1256781968 0.0000000000
