# MCW Instance
# Type: EXPONENTIAL
# N: 19
# Optimal cost: 1.7480826336144075
# Optimal tour (permutation): [0, 14, 11, 7, 17, 10, 9, 15, 1, 8, 3, 6, 13, 4, 2, 18, 16, 5, 12, 0]
# Optimal walk (full path): [0, 14, 0, 11, 7, 11, 17, 10, 9, 15, 1, 6, 3, 8, 3, 6, 13, 4, 2, 4, 18, 16, 5, 16, 12, 0]
# Walk size: 26
# Is walk (has repeats): true

# Distance Matrix
0.0000000000 0.0675999647 0.6334310109 0.4238474573 0.2932730560 0.6685163119 0.1239311925 0.4179488096 3.7749461972 2.2173022253 2.1764383036 0.0865331499 0.0977389641 0.8327125935 0.0282090580 1.3966262101 2.7161867852 1.4206233742 1.3206091846
0.0675999647 0.0000000000 0.5245740141 1.6337265765 0.5836592741 0.1711607987 0.0440604461 0.4975916770 0.5633220469 0.5959320009 1.0491843927 0.3499646739 0.0687332546 0.0593728297 3.1186262371 0.0644806167 2.5820399872 0.5763573658 0.7332378361
0.6334310109 0.5245740141 0.0000000000 0.4203151151 0.0258344565 0.1626349435 0.1884471962 0.8095885980 1.9703307190 0.3181170617 0.4533380155 1.4254429687 0.1296230651 4.8819650354 1.9400850941 0.3355034870 0.5326408175 0.2379485201 0.3506270845
0.4238474573 1.6337265765 0.4203151151 0.0000000000 5.5880043456 0.4672104329 0.0189493487 1.1864821621 0.0181719989 0.8558833996 2.4621107310 0.6612246545 0.1535880524 0.3450834048 1.4100283918 1.7631987128 0.1244883832 1.2735056400 0.6413340106
0.2932730560 0.5836592741 0.0258344565 5.5880043456 0.0000000000 0.1640870211 0.6981488230 0.7543886223 1.4657368219 0.4345646584 1.6659814101 1.1237363914 0.1593799353 0.0528178575 0.2184461558 0.2856167629 1.8492410057 0.3315332751 0.0500517804
0.6685163119 0.1711607987 0.1626349435 0.4672104329 0.1640870211 0.0000000000 1.5210246473 0.5583504581 0.6253943128 0.6376772171 1.6324287703 0.1595226101 0.1657833478 1.4145800780 1.1049472914 0.3722531647 0.0026843431 1.1161233202 0.9163623525
0.1239311925 0.0440604461 0.1884471962 0.0189493487 0.6981488230 1.5210246473 0.0000000000 0.5123292985 1.0743044083 0.8346823409 1.2265834283 2.3727495725 1.3769243081 0.0554986045 0.2181338516 0.3177742174 5.0422934766 0.3898183538 0.4557110694
0.4179488096 0.4975916770 0.8095885980 1.1864821621 0.7543886223 0.5583504581 0.5123292985 0.0000000000 1.4587919095 0.7386085459 2.1499209373 0.0371018952 0.7710463395 1.6328057679 3.1074475041 3.1150845160 0.8159388506 0.3791735024 0.7382426589
3.7749461972 0.5633220469 1.9703307190 0.0181719989 1.4657368219 0.6253943128 1.0743044083 1.4587919095 0.0000000000 0.4784393101 1.3389220247 2.4592390257 0.7032352016 0.6181429294 3.0276154811 0.1701421878 0.5546870530 0.3409897357 0.4242459073
2.2173022253 0.5959320009 0.3181170617 0.8558833996 0.4345646584 0.6376772171 0.8346823409 0.7386085459 0.4784393101 0.0000000000 0.2583884016 0.5031259927 0.6084940246 2.1282580858 3.3972756629 0.3000663677 1.4591527937 1.1761116286 0.6498511214
2.1764383036 1.0491843927 0.4533380155 2.4621107310 1.6659814101 1.6324287703 1.2265834283 2.1499209373 1.3389220247 0.2583884016 0.0000000000 0.2884525777 0.3696688664 0.7283689586 0.1977295301 0.8261167408 0.5225071451 0.1697855553 1.2989879544
0.0865331499 0.3499646739 1.4254429687 0.6612246545 1.1237363914 0.1595226101 2.3727495725 0.0371018952 2.4592390257 0.5031259927 0.2884525777 0.0000000000 1.7885496517 0.1760555688 0.9499911889 0.1748843250 1.0819358048 0.1329296579 0.4819517503
0.0977389641 0.0687332546 0.1296230651 0.1535880524 0.1593799353 0.1657833478 1.3769243081 0.7710463395 0.7032352016 0.6084940246 0.3696688664 1.7885496517 0.0000000000 1.5048414066 2.4432429304 0.4989114118 0.0883109789 1.2470685373 1.4516848258
0.8327125935 0.0593728297 4.8819650354 0.3450834048 0.0528178575 1.4145800780 0.0554986045 1.6328057679 0.6181429294 2.1282580858 0.7283689586 0.1760555688 1.5048414066 0.0000000000 1.9043307733 0.7121734394 2.3694352491 0.1546195677 0.8059676898
0.0282090580 3.1186262371 1.9400850941 1.4100283918 0.2184461558 1.1049472914 0.2181338516 3.1074475041 3.0276154811 3.3972756629 0.1977295301 0.9499911889 2.4432429304 1.9043307733 0.0000000000 3.2293115432 0.2277517661 0.5898529701 0.3046043057
1.3966262101 0.0644806167 0.3355034870 1.7631987128 0.2856167629 0.3722531647 0.3177742174 3.1150845160 0.1701421878 0.3000663677 0.8261167408 0.1748843250 0.4989114118 0.7121734394 3.2293115432 0.0000000000 1.1516382776 0.8663007268 0.2798859122
2.7161867852 2.5820399872 0.5326408175 0.1244883832 1.8492410057 0.0026843431 5.0422934766 0.8159388506 0.5546870530 1.4591527937 0.5225071451 1.0819358048 0.0883109789 2.3694352491 0.2277517661 1.1516382776 0.0000000000 3.9881024062 0.0855180522
1.4206233742 0.5763573658 0.2379485201 1.2735056400 0.3315332751 1.1161233202 0.3898183538 0.3791735024 0.3409897357 1.1761116286 0.1697855553 0.1329296579 1.2470685373 0.1546195677 0.5898529701 0.8663007268 3.9881024062 0.0000000000 0.1043848823
1.3206091846 0.7332378361 0.3506270845 0.6413340106 0.0500517804 0.9163623525 0.4557110694 0.7382426589 0.4242459073 0.6498511214 1.2989879544 0.4819517503 1.4516848258 0.8059676898 0.3046043057 0.2798859122 0.0855180522 0.1043848823 0.0000000000
