# MCW Instance
# Type: EXPONENTIAL
# N: 19
# Optimal cost: 2.3221034828363343
# Optimal tour (permutation): [0, 14, 6, 1, 15, 11, 9, 7, 10, 18, 16, 5, 4, 3, 8, 17, 12, 2, 13, 0]
# Optimal walk (full path): [0, 14, 6, 1, 15, 11, 7, 9, 7, 10, 16, 18, 16, 5, 4, 3, 8, 17, 12, 2, 13, 0]
# Walk size: 22
# Is walk (has repeats): true

# Distance Matrix
0.0000000000 1.2234781755 0.7318061670 0.8782548942 0.7260106770 0.4262082932 0.5206971992 0.5114687833 0.5923684850 3.9889551985 0.4552981294 2.1461617645 0.5318297543 0.2940498455 0.4318769701 2.2326765899 0.8522870290 0.9216919303 1.2687182417
1.2234781755 0.0000000000 1.1025070891 0.9894977943 3.1379137386 0.9656771816 0.2296924111 0.8028504968 0.1900940385 0.6254193168 0.3980838053 2.2617497269 2.6909562175 1.6431127683 1.8813323408 0.1214708873 0.2622036335 0.9685264889 1.7063589636
0.7318061670 1.1025070891 0.0000000000 3.9782366061 1.1807360231 1.3745757460 1.6274636433 0.3148318571 1.8585353659 3.9825297976 0.2374569439 0.7466776490 0.1906706282 0.1030085145 0.2763797342 2.7478427100 0.3416508444 2.5695875765 1.2066034125
0.8782548942 0.9894977943 3.9782366061 0.0000000000 0.0145531212 1.2451788124 0.5394102420 3.5582928538 0.0721175993 2.2212055386 0.9210848979 1.2377247192 0.2018928760 1.8420437621 0.1193621357 0.5693256990 1.3725013376 0.4838479177 0.0604291263
0.7260106770 3.1379137386 1.1807360231 0.0145531212 0.0000000000 0.0183939469 0.5750344688 0.4553832666 2.2563553405 0.2939738962 2.0597082576 0.4786703009 4.4472234352 0.0677214315 0.1012371320 0.5849170596 0.9415636566 1.0509646363 0.6397253801
0.4262082932 0.9656771816 1.3745757460 1.2451788124 0.0183939469 0.0000000000 1.6807562657 0.1843505151 1.8610482999 0.7420564527 1.0407662090 0.8605979497 0.2524025722 1.3793858848 0.5580787677 1.6433665366 0.0422698144 0.6371659006 0.2649492921
0.5206971992 0.2296924111 1.6274636433 0.5394102420 0.5750344688 1.6807562657 0.0000000000 1.7275710651 2.5854118336 0.4223411493 1.1414187745 0.3716065655 0.4070508674 0.2127293068 0.0791710171 1.7332514791 0.2605323890 0.7279155019 1.0579685319
0.5114687833 0.8028504968 0.3148318571 3.5582928538 0.4553832666 0.1843505151 1.7275710651 0.0000000000 0.2616603397 0.0110041426 0.1580026970 0.0098169831 1.0576067255 1.6013463147 0.1542428635 1.6411021510 0.4848390936 0.3760988375 0.4556106269
0.5923684850 0.1900940385 1.8585353659 0.0721175993 2.2563553405 1.8610482999 2.5854118336 0.2616603397 0.0000000000 0.7575269534 1.0379894260 0.1883139097 1.4428423288 1.1860446805 0.5348328708 0.1909083970 1.5502508973 0.1080713243 3.5856117924
3.9889551985 0.6254193168 3.9825297976 2.2212055386 0.2939738962 0.7420564527 0.4223411493 0.0110041426 0.7575269534 0.0000000000 0.3180956847 0.1109174887 3.5582386760 0.3285358119 0.2830677873 0.1386048380 0.7252535204 1.3489162766 1.4258666936
0.4552981294 0.3980838053 0.2374569439 0.9210848979 2.0597082576 1.0407662090 1.1414187745 0.1580026970 1.0379894260 0.3180956847 0.0000000000 1.4330979843 0.3484676233 0.5867356517 0.5132609193 0.1284533186 0.0484766180 0.7210947367 0.7192215354
2.1461617645 2.2617497269 0.7466776490 1.2377247192 0.4786703009 0.8605979497 0.3716065655 0.0098169831 0.1883139097 0.1109174887 1.4330979843 0.0000000000 4.6694556963 3.5168419037 1.3874758961 0.0889555404 0.1702921373 0.4641697429 0.4575694332
0.5318297543 2.6909562175 0.1906706282 0.2018928760 4.4472234352 0.2524025722 0.4070508674 1.0576067255 1.4428423288 3.5582386760 0.3484676233 4.6694556963 0.0000000000 1.5384747224 1.6386239633 0.5895833871 0.2938593341 0.2379380196 1.1747522545
0.2940498455 1.6431127683 0.1030085145 1.8420437621 0.0677214315 1.3793858848 0.2127293068 1.6013463147 1.1860446805 0.3285358119 0.5867356517 3.5168419037 1.5384747224 0.0000000000 0.6132544421 1.9916427565 1.6628294761 1.6570966985 3.8994740166
0.4318769701 1.8813323408 0.2763797342 0.1193621357 0.1012371320 0.5580787677 0.0791710171 0.1542428635 0.5348328708 0.2830677873 0.5132609193 1.3874758961 1.6386239633 0.6132544421 0.0000000000 0.7012537371 0.6808279689 2.7108417377 2.6497853249
2.2326765899 0.1214708873 2.7478427100 0.5693256990 0.5849170596 1.6433665366 1.7332514791 1.6411021510 0.1909083970 0.1386048380 0.1284533186 0.0889555404 0.5895833871 1.9916427565 0.7012537371 0.0000000000 0.8630986271 2.2670981206 0.6141683368
0.8522870290 0.2622036335 0.3416508444 1.3725013376 0.9415636566 0.0422698144 0.2605323890 0.4848390936 1.5502508973 0.7252535204 0.0484766180 0.1702921373 0.2938593341 1.6628294761 0.6808279689 0.8630986271 0.0000000000 0.1167767780 0.0257796299
0.9216919303 0.9685264889 2.5695875765 0.4838479177 1.0509646363 0.6371659006 0.7279155019 0.3760988375 0.1080713243 1.3489162766 0.7210947367 0.4641697429 0.2379380196 1.6570966985 2.7108417377 2.2670981206 0.1167767780 0.0000000000 0.4652744959
1.2687182417 1.7063589636 1.2066034125 0.0604291263 0.6397253801 0.2649492921 1.0579685319 0.4556106269 3.5856117924 1.4258666936 0.7192215354 0.4575694332 1.1747522545 3.8994740166 2.6497853249 0.6141683368 0.0257796299 0.4652744959 0.0000000000
