# MCW Instance
# Type: EXPONENTIAL
# N: 19
# Optimal cost: 1.4282057511237705
# Optimal tour (permutation): [0, 14, 11, 10, 8, 1, 5, 13, 9, 7, 16, 12, 17, 6, 3, 4, 2, 18, 15, 0]
# Optimal walk (full path): [0, 8, 14, 11, 14, 10, 14, 8, 0, 1, 5, 9, 13, 9, 7, 9, 16, 12, 17, 6, 17, 3, 4, 2, 4, 18, 15, 0]
# Walk size: 28
# Is walk (has repeats): true

# Distance Matrix
0.0000000000 0.0869380731 0.4944427239 1.3530004603 0.5751017474 0.7269636962 1.1564205091 1.1027241152 0.0144351681 0.5716565097 0.7103550503 0.1999509256 0.5556884535 2.2073331077 0.5497226106 0.0192762845 0.3871338716 1.5965339430 1.3783504268
0.0869380731 0.0000000000 2.9229071324 0.1770862944 0.9354391918 0.2072090511 0.5685932145 1.0622230408 0.2924736432 0.4668911962 0.2177821336 1.6848275475 0.3928628002 1.2252161846 1.3409609936 2.6670304555 0.1682945462 0.2402296061 0.8967736594
0.4944427239 2.9229071324 0.0000000000 0.4750902659 0.0465816409 0.7685057616 1.1933807276 0.8043498862 0.1803037510 0.8586372767 0.6719977421 3.5260451600 1.3878883414 1.4675985282 0.9194761464 2.7755383556 0.1299109767 0.5781853169 1.2670099593
1.3530004603 0.1770862944 0.4750902659 0.0000000000 0.0451450445 1.1160995296 0.2039581195 0.0769371917 0.1632289656 0.5753358641 1.6453917903 0.2958434153 0.6108925995 0.0666995111 1.8350619460 0.6683227596 1.2377490789 0.0086998340 0.4446115126
0.5751017474 0.9354391918 0.0465816409 0.0451450445 0.0000000000 0.3742193773 0.9012182773 0.8171143111 0.4625400872 1.0885332585 2.1444019826 1.9713574394 1.4403476566 0.9640292411 3.7284085686 0.6191269105 0.6488711387 1.4361237995 0.0355698401
0.7269636962 0.2072090511 0.7685057616 1.1160995296 0.3742193773 0.0000000000 6.1515890600 0.3459199068 3.1792471195 0.0565564676 0.8963622175 0.4897739155 0.7379968363 1.9111427532 0.2008463176 0.9555751930 0.2443485530 0.1389741607 0.6813850057
1.1564205091 0.5685932145 1.1933807276 0.2039581195 0.9012182773 6.1515890600 0.0000000000 0.3029476428 0.2963528410 0.6934101214 0.9491860480 2.2508496772 0.6776608541 0.8624116344 0.1493813884 1.7399025882 0.3203788267 0.0398390252 1.3213408609
1.1027241152 1.0622230408 0.8043498862 0.0769371917 0.8171143111 0.3459199068 0.3029476428 0.0000000000 0.8437831932 0.0514155317 1.8574588110 0.5994630042 1.2392817154 0.9845293397 1.0730567850 0.9911118479 0.6068043592 0.1700588424 2.0844089966
0.0144351681 0.2924736432 0.1803037510 0.1632289656 0.4625400872 3.1792471195 0.2963528410 0.8437831932 0.0000000000 0.3071525199 0.3289578887 0.4260191120 0.7935508306 1.3863539965 0.0280878778 0.0774130123 2.9724512716 0.8026783533 2.4869885852
0.5716565097 0.4668911962 0.8586372767 0.5753358641 1.0885332585 0.0565564676 0.6934101214 0.0514155317 0.3071525199 0.0000000000 0.8937311062 0.6470570206 2.5742983963 0.0433596580 1.4361796397 0.0763932482 0.0258115426 0.0495464767 0.4081748628
0.7103550503 0.2177821336 0.6719977421 1.6453917903 2.1444019826 0.8963622175 0.9491860480 1.8574588110 0.3289578887 0.8937311062 0.0000000000 0.4873458143 2.1314035116 1.8453184913 0.0538121687 0.5478364934 0.6141192992 0.5229168551 0.7960967129
0.1999509256 1.6848275475 3.5260451600 0.2958434153 1.9713574394 0.4897739155 2.2508496772 0.5994630042 0.4260191120 0.6470570206 0.4873458143 0.0000000000 0.8524501025 1.4810352512 0.0004238941 0.4369999553 0.6328165430 0.3940162571 0.3228508246
0.5556884535 0.3928628002 1.3878883414 0.6108925995 1.4403476566 0.7379968363 0.6776608541 1.2392817154 0.7935508306 2.5742983963 2.1314035116 0.8524501025 0.0000000000 5.4161153556 0.3278456711 0.4960911392 0.1905198679 0.1710067643 1.5591667478
2.2073331077 1.2252161846 1.4675985282 0.0666995111 0.9640292411 1.9111427532 0.8624116344 0.9845293397 1.3863539965 0.0433596580 1.8453184913 1.4810352512 5.4161153556 0.0000000000 0.9243443410 1.2903933246 0.0783291921 1.3440348352 0.0847124991
0.5497226106 1.3409609936 0.9194761464 1.8350619460 3.7284085686 0.2008463176 0.1493813884 1.0730567850 0.0280878778 1.4361796397 0.0538121687 0.0004238941 0.3278456711 0.9243443410 0.0000000000 0.3385637900 2.1075874821 1.2069637829 1.8286235762
0.0192762845 2.6670304555 2.7755383556 0.6683227596 0.6191269105 0.9555751930 1.7399025882 0.9911118479 0.0774130123 0.0763932482 0.5478364934 0.4369999553 0.4960911392 1.2903933246 0.3385637900 0.0000000000 0.1006684879 0.4612392009 0.0255630522
0.3871338716 0.1682945462 0.1299109767 1.2377490789 0.6488711387 0.2443485530 0.3203788267 0.6068043592 2.9724512716 0.0258115426 0.6141192992 0.6328165430 0.1905198679 0.0783291921 2.1075874821 0.1006684879 0.0000000000 0.8007902821 0.5843863704
1.5965339430 0.2402296061 0.5781853169 0.0086998340 1.4361237995 0.1389741607 0.0398390252 0.1700588424 0.8026783533 0.0495464767 0.5229168551 0.3940162571 0.1710067643 1.3440348352 1.2069637829 0.4612392009 0.8007902821 0.0000000000 1.7798471542
1.3783504268 0.8967736594 1.2670099593 0.4446115126 0.0355698401 0.6813850057 1.3213408609 2.0844089966 2.4869885852 0.4081748628 0.7960967129 0.3228508246 1.5591667478 0.0847124991 1.8286235762 0.0255630522 0.5843863704 1.7798471542 0.0000000000
