# MCW Instance
# Type: EXPONENTIAL
# N: 19
# Optimal cost: 2.6879224058582962
# Optimal tour (permutation): [0, 17, 6, 3, 18, 1, 16, 2, 11, 14, 5, 7, 8, 13, 10, 9, 4, 12, 15, 0]
# Optimal walk (full path): [0, 17, 6, 3, 18, 1, 16, 2, 11, 14, 5, 7, 8, 7, 13, 10, 13, 9, 13, 4, 3, 12, 15, 0]
# Walk size: 24
# Is walk (has repeats): true

# Distance Matrix
0.0000000000 1.4297907982 1.8484260997 1.0923465189 1.5507805946 0.5403693098 1.0613782884 1.6157321584 1.3086212173 1.1598310414 0.8571983150 1.5740246138 2.5179738809 1.3517135225 3.5183212450 0.6633151866 0.7307767366 0.4557758158 2.0627175040
1.4297907982 0.0000000000 0.6232529740 0.9580574483 0.2018976700 2.2217542445 0.3770934712 0.2543846025 3.3288724905 1.8570888624 1.2279743134 1.7822093272 0.2759859738 2.2768307635 0.5230456336 2.0869750906 0.1248366265 0.5422020316 0.0043826851
1.8484260997 0.6232529740 0.0000000000 0.8320723412 0.2059092033 1.1801560499 1.1329968320 0.8538836121 1.2568646639 0.1909983769 0.8799830267 0.3440910729 1.6719065883 2.8776505644 0.7457877900 0.5656962007 0.1110179190 0.9681300359 0.4786445416
1.0923465189 0.9580574483 0.8320723412 0.0000000000 0.0651224620 0.9175387520 0.0377384660 0.5998945426 0.3234977631 1.3871409158 1.0173899958 0.2611355007 0.0371409237 0.5972564993 1.1402493109 0.3843358890 6.7097373098 1.0079525291 0.0097251044
1.5507805946 0.2018976700 0.2059092033 0.0651224620 0.0000000000 0.2148920666 0.5555821813 0.4849121971 0.5254754481 0.2759791727 1.1393014410 2.8849579774 0.2592443502 0.0636351284 0.1568179500 2.3299870651 0.3791856540 0.3591520725 2.0295767985
0.5403693098 2.2217542445 1.1801560499 0.9175387520 0.2148920666 0.0000000000 1.6365242821 0.0418510173 0.5360631157 0.9927167904 2.0721175532 0.8475305659 0.9143071375 1.0296319932 0.1394544646 0.5124995446 1.7581038275 0.9312844136 0.1550581815
1.0613782884 0.3770934712 1.1329968320 0.0377384660 0.5555821813 1.6365242821 0.0000000000 0.7997311095 0.3938024487 0.4056195235 1.8154839677 1.5227658980 0.0680069172 1.6282113142 0.2980100059 0.9890547552 1.9401279045 0.0381138450 5.0685094101
1.6157321584 0.2543846025 0.8538836121 0.5998945426 0.4849121971 0.0418510173 0.7997311095 0.0000000000 0.0403500199 0.4709704850 1.9984417414 3.4409036774 3.4403771007 0.0776623903 0.3586677265 1.0782918543 0.3085062747 0.2367266969 3.1187627064
1.3086212173 3.3288724905 1.2568646639 0.3234977631 0.5254754481 0.5360631157 0.3938024487 0.0403500199 0.0000000000 0.5536529406 2.0001483260 0.5127047423 0.9245987490 0.6384581935 0.3887232618 5.3922839150 1.8393444214 0.2516911440 0.6112254935
1.1598310414 1.8570888624 0.1909983769 1.3871409158 0.2759791727 0.9927167904 0.4056195235 0.4709704850 0.5536529406 0.0000000000 0.2900611293 0.7158226051 0.2859695797 0.0018031429 1.4755783191 0.5271612071 1.2007460388 2.1312167643 2.2910947012
0.8571983150 1.2279743134 0.8799830267 1.0173899958 1.1393014410 2.0721175532 1.8154839677 1.9984417414 2.0001483260 0.2900611293 0.0000000000 1.0455740555 0.1703913330 0.0009207803 1.7518634044 2.5496888882 0.1775172751 0.1923062513 3.0894103888
1.5740246138 1.7822093272 0.3440910729 0.2611355007 2.8849579774 0.8475305659 1.5227658980 3.4409036774 0.5127047423 0.7158226051 1.0455740555 0.0000000000 1.8595463534 0.2466858802 0.1625305562 1.0587411598 0.6379196531 2.8766744319 0.7063567635
2.5179738809 0.2759859738 1.6719065883 0.0371409237 0.2592443502 0.9143071375 0.0680069172 3.4403771007 0.9245987490 0.2859695797 0.1703913330 1.8595463534 0.0000000000 3.0298094907 0.1025222358 0.2253808560 0.8967818071 1.7821296131 0.5481964558
1.3517135225 2.2768307635 2.8776505644 0.5972564993 0.0636351284 1.0296319932 1.6282113142 0.0776623903 0.6384581935 0.0018031429 0.0009207803 0.2466858802 3.0298094907 0.0000000000 0.5769703011 0.7744338233 1.3648039883 0.2668915588 0.1860519658
3.5183212450 0.5230456336 0.7457877900 1.1402493109 0.1568179500 0.1394544646 0.2980100059 0.3586677265 0.3887232618 1.4755783191 1.7518634044 0.1625305562 0.1025222358 0.5769703011 0.0000000000 1.8983800499 1.1736627486 1.6970817805 0.8057439221
0.6633151866 2.0869750906 0.5656962007 0.3843358890 2.3299870651 0.5124995446 0.9890547552 1.0782918543 5.3922839150 0.5271612071 2.5496888882 1.0587411598 0.2253808560 0.7744338233 1.8983800499 0.0000000000 6.2031711881 1.2061994302 0.4895679201
0.7307767366 0.1248366265 0.1110179190 6.7097373098 0.3791856540 1.7581038275 1.9401279045 0.3085062747 1.8393444214 1.2007460388 0.1775172751 0.6379196531 0.8967818071 1.3648039883 1.1736627486 6.2031711881 0.0000000000 0.2662749349 3.6923412755
0.4557758158 0.5422020316 0.9681300359 1.0079525291 0.3591520725 0.9312844136 0.0381138450 0.2367266969 0.2516911440 2.1312167643 0.1923062513 2.8766744319 1.7821296131 0.2668915588 1.6970817805 1.2061994302 0.2662749349 0.0000000000 1.8171631507
2.0627175040 0.0043826851 0.4786445416 0.0097251044 2.0295767985 0.1550581815 5.0685094101 3.1187627064 0.6112254935 2.2910947012 3.0894103888 0.7063567635 0.5481964558 0.1860519658 0.8057439221 0.4895679201 3.6923412755 1.8171631507 0.0000000000
