# MCW Instance
# Type: EXPONENTIAL
# N: 19
# Optimal cost: 2.0826270463335224
# Optimal tour (permutation): [0, 5, 4, 11, 7, 3, 14, 8, 10, 17, 13, 15, 2, 6, 18, 9, 16, 1, 12, 0]
# Optimal walk (full path): [0, 4, 5, 4, 11, 7, 11, 3, 11, 12, 8, 14, 8, 10, 17, 13, 15, 2, 15, 6, 12, 18, 9, 1, 16, 1, 9, 18, 12, 0]
# Walk size: 30
# Is walk (has repeats): true

# Distance Matrix
0.0000000000 0.6164601014 3.4462025932 1.1555573511 0.0397083118 0.5535975488 0.1962621708 0.1144245016 1.0715048441 0.1685603705 0.2837550482 0.4408139816 0.0467409390 1.7039626640 0.4011738604 1.0595122863 0.3211880232 0.4651933937 0.6254918105
0.6164601014 0.0000000000 1.4106218973 1.4996001844 0.7822848785 2.6253135862 0.8210703809 1.0430665706 5.0573825249 0.0058204764 0.0992186077 1.4451707794 0.0555465727 0.4410279006 1.0511782449 4.0055754399 0.0736058168 0.8253692792 0.7084576744
3.4462025932 1.4106218973 0.0000000000 1.3636452709 0.5816714304 0.6001002657 0.2496812073 0.7958872466 1.0231160624 0.2946431950 1.2598408895 1.7924876307 0.1304754447 1.1318985929 0.6982943347 0.0267891235 1.4992229529 0.7540722310 0.1701051493
1.1555573511 1.4996001844 1.3636452709 0.0000000000 1.1705876471 1.4409422499 1.0690585796 1.9627470178 2.5015867533 2.4457761910 0.7075745896 0.1937644111 0.5293198554 0.8531244817 1.8309069984 0.5932118405 2.6732137890 1.2740249297 1.3842683031
0.0397083118 0.7822848785 0.5816714304 1.1705876471 0.0000000000 0.1606564756 0.1917386221 0.5068297618 0.5154554694 0.3628979593 0.5835337332 0.0722749248 0.9533704976 0.9066379356 2.0670794739 0.2894284779 1.1296933259 0.1019464626 0.5617855213
0.5535975488 2.6253135862 0.6001002657 1.4409422499 0.1606564756 0.0000000000 2.0999769874 1.0551420568 1.1323117809 0.2906167072 0.2576171811 1.1412804338 5.2826441834 0.6961303280 1.9313729566 1.2959026448 0.9966132828 0.3496363121 2.4674212182
0.1962621708 0.8210703809 0.2496812073 1.0690585796 0.1917386221 2.0999769874 0.0000000000 0.8461284210 0.5042477067 2.2518014342 0.6087508952 1.6763318033 0.0221507056 2.0607872685 1.4215940829 0.0824443401 0.6428462826 0.8730259881 0.8073570355
0.1144245016 1.0430665706 0.7958872466 1.9627470178 0.5068297618 1.0551420568 0.8461284210 0.0000000000 1.0579041311 2.2880025009 2.2974341198 0.0001495031 0.2849318488 1.4862804510 1.9529935372 1.0102837148 1.2485143532 0.2152783637 0.7067248376
1.0715048441 5.0573825249 1.0231160624 2.5015867533 0.5154554694 1.1323117809 0.5042477067 1.0579041311 0.0000000000 0.1397232183 0.0370867490 0.3892370786 0.0359858495 0.7892932076 0.1519994244 3.8184128857 4.1441041782 7.0684365103 0.9392610681
0.1685603705 0.0058204764 0.2946431950 2.4457761910 0.3628979593 0.2906167072 2.2518014342 2.2880025009 0.1397232183 0.0000000000 4.2093088679 0.1429126576 0.0674728627 1.0630313652 0.5257105026 0.6828652557 6.3183622953 0.4708693953 0.0329046817
0.2837550482 0.0992186077 1.2598408895 0.7075745896 0.5835337332 0.2576171811 0.6087508952 2.2974341198 0.0370867490 4.2093088679 0.0000000000 1.1491908900 1.9958943006 0.8216933961 0.6403649920 1.6993837079 3.7743502571 0.1020083758 0.1561413550
0.4408139816 1.4451707794 1.7924876307 0.1937644111 0.0722749248 1.1412804338 1.6763318033 0.0001495031 0.3892370786 0.1429126576 1.1491908900 0.0000000000 0.0329948783 0.9377538977 0.4155856431 2.0469494032 0.9610693288 1.6151979873 0.9838812093
0.0467409390 0.0555465727 0.1304754447 0.5293198554 0.9533704976 5.2826441834 0.0221507056 0.2849318488 0.0359858495 0.0674728627 1.9958943006 0.0329948783 0.0000000000 0.3946190075 1.4892891991 0.3005324682 0.6895057894 1.0254133744 0.0072845484
1.7039626640 0.4410279006 1.1318985929 0.8531244817 0.9066379356 0.6961303280 2.0607872685 1.4862804510 0.7892932076 1.0630313652 0.8216933961 0.9377538977 0.3946190075 0.0000000000 1.2480644748 0.1020669887 0.5993926795 0.2032160614 1.8921319725
0.4011738604 1.0511782449 0.6982943347 1.8309069984 2.0670794739 1.9313729566 1.4215940829 1.9529935372 0.1519994244 0.5257105026 0.6403649920 0.4155856431 1.4892891991 1.2480644748 0.0000000000 0.9427857112 0.4645446964 0.4928866996 2.3629211771
1.0595122863 4.0055754399 0.0267891235 0.5932118405 0.2894284779 1.2959026448 0.0824443401 1.0102837148 3.8184128857 0.6828652557 1.6993837079 2.0469494032 0.3005324682 0.1020669887 0.9427857112 0.0000000000 0.9963058552 0.5325000871 1.5460937459
0.3211880232 0.0736058168 1.4992229529 2.6732137890 1.1296933259 0.9966132828 0.6428462826 1.2485143532 4.1441041782 6.3183622953 3.7743502571 0.9610693288 0.6895057894 0.5993926795 0.4645446964 0.9963058552 0.0000000000 0.3113483601 1.4524751393
0.4651933937 0.8253692792 0.7540722310 1.2740249297 0.1019464626 0.3496363121 0.8730259881 0.2152783637 7.0684365103 0.4708693953 0.1020083758 1.6151979873 1.0254133744 0.2032160614 0.4928866996 0.5325000871 0.3113483601 0.0000000000 0.0975177883
0.6254918105 0.7084576744 0.1701051493 1.3842683031 0.5617855213 2.4674212182 0.8073570355 0.7067248376 0.9392610681 0.0329046817 0.1561413550 0.9838812093 0.0072845484 1.8921319725 2.3629211771 1.5460937459 1.4524751393 0.0975177883 0.0000000000
