# MCW Instance
# Type: EXPONENTIAL
# N: 19
# Optimal cost: 2.3318768616639005
# Optimal tour (permutation): [0, 14, 6, 2, 16, 4, 8, 11, 5, 7, 13, 12, 1, 15, 3, 17, 18, 10, 9, 0]
# Optimal walk (full path): [0, 14, 6, 2, 16, 4, 8, 11, 5, 7, 13, 12, 1, 15, 3, 17, 18, 10, 9, 10, 0]
# Walk size: 21
# Is walk (has repeats): true

# Distance Matrix
0.0000000000 0.7776616560 0.9145748326 0.3207177674 1.6481715160 2.0732662773 0.2796049494 5.7359058904 1.2278932713 0.9997197615 0.1128577417 0.3849583865 0.3582795440 2.2580661066 0.1693401026 0.4060959036 0.8233972149 1.6332403423 0.2564629895
0.7776616560 0.0000000000 1.9414835281 1.1601582055 1.1364401274 1.0406289385 0.3506909295 0.2230042550 0.8690551060 1.0952605038 0.8076885820 0.6483383929 0.0946979458 0.3624662662 0.0908538181 0.1626760843 0.2293832149 1.0116858791 0.4932788862
0.9145748326 1.9414835281 0.0000000000 1.7313049728 1.1689950724 0.4951290729 0.1334596107 0.8775416684 2.5195998235 0.2208266478 1.7443925780 2.0491851206 0.2744622649 1.5283779965 0.9083026057 0.4176157059 0.1315377586 2.0386901591 0.7936454489
0.3207177674 1.1601582055 1.7313049728 0.0000000000 0.7824292318 3.4517126079 0.9642321075 1.2540416591 0.4113348065 0.2291394023 3.0247024167 0.1174571471 0.2629057874 0.6496209429 0.2407836054 0.1600988642 4.6030615340 0.0852416725 0.2830670251
1.6481715160 1.1364401274 1.1689950724 0.7824292318 0.0000000000 0.0890828295 0.1945912948 0.6615961572 0.0785960299 0.4346031482 0.7832260458 1.3183746999 0.1355752617 0.8237616539 0.7334811977 1.5029526928 0.0696606583 1.4690367077 0.5321773578
2.0732662773 1.0406289385 0.4951290729 3.4517126079 0.0890828295 0.0000000000 0.2947107759 0.1398645502 0.1060025754 0.3375174927 0.0786048251 0.0515210727 0.1274213469 2.7973621213 0.2745679278 0.7686552282 0.6673290232 1.6778326568 1.1162392769
0.2796049494 0.3506909295 0.1334596107 0.9642321075 0.1945912948 0.2947107759 0.0000000000 0.8271492171 0.2971874846 0.1870214712 0.6692708716 0.9248867448 2.0522103468 0.4473638767 0.0505105457 0.4403785578 0.3842408440 0.8204654817 0.4509420094
5.7359058904 0.2230042550 0.8775416684 1.2540416591 0.6615961572 0.1398645502 0.8271492171 0.0000000000 0.5438546810 0.1772885478 2.5666247501 1.9135105121 1.9213697032 0.1397827262 1.2023690269 0.3756515373 0.7953806481 1.4036697368 0.6674499716
1.2278932713 0.8690551060 2.5195998235 0.4113348065 0.0785960299 0.1060025754 0.2971874846 0.5438546810 0.0000000000 2.3251911610 1.8727932383 0.0994579219 0.6520605274 0.4208486287 2.5169455560 2.9343516175 0.2757134650 0.1509950407 5.7247424400
0.9997197615 1.0952605038 0.2208266478 0.2291394023 0.4346031482 0.3375174927 0.1870214712 0.1772885478 2.3251911610 0.0000000000 0.0403520629 0.3398909773 0.6501763191 1.0364124649 1.0485820994 0.6818118591 1.1279676032 3.2766987155 1.3566872299
0.1128577417 0.8076885820 1.7443925780 3.0247024167 0.7832260458 0.0786048251 0.6692708716 2.5666247501 1.8727932383 0.0403520629 0.0000000000 0.1613111400 0.6834178541 1.2708852967 0.2488369556 0.3628222102 0.4256209703 0.2322517079 0.1130216393
0.3849583865 0.6483383929 2.0491851206 0.1174571471 1.3183746999 0.0515210727 0.9248867448 1.9135105121 0.0994579219 0.3398909773 0.1613111400 0.0000000000 2.3395941231 0.6374868548 1.4825560681 0.7659366361 0.0713015111 0.5797526368 1.7133764892
0.3582795440 0.0946979458 0.2744622649 0.2629057874 0.1355752617 0.1274213469 2.0522103468 1.9213697032 0.6520605274 0.6501763191 0.6834178541 2.3395941231 0.0000000000 0.2389728159 1.8156939064 2.5215727165 0.4169587116 1.0148620250 0.8844262519
2.2580661066 0.3624662662 1.5283779965 0.6496209429 0.8237616539 2.7973621213 0.4473638767 0.1397827262 0.4208486287 1.0364124649 1.2708852967 0.6374868548 0.2389728159 0.0000000000 0.7038448145 2.2894351315 1.2489407074 0.4541389177 0.8112548720
0.1693401026 0.0908538181 0.9083026057 0.2407836054 0.7334811977 0.2745679278 0.0505105457 1.2023690269 2.5169455560 1.0485820994 0.2488369556 1.4825560681 1.8156939064 0.7038448145 0.0000000000 0.3941731268 0.8316121036 0.4191106580 0.5099952034
0.4060959036 0.1626760843 0.4176157059 0.1600988642 1.5029526928 0.7686552282 0.4403785578 0.3756515373 2.9343516175 0.6818118591 0.3628222102 0.7659366361 2.5215727165 2.2894351315 0.3941731268 0.0000000000 0.3984436141 0.3606413130 1.0841086383
0.8233972149 0.2293832149 0.1315377586 4.6030615340 0.0696606583 0.6673290232 0.3842408440 0.7953806481 0.2757134650 1.1279676032 0.4256209703 0.0713015111 0.4169587116 1.2489407074 0.8316121036 0.3984436141 0.0000000000 3.8645710874 0.9150165198
1.6332403423 1.0116858791 2.0386901591 0.0852416725 1.4690367077 1.6778326568 0.8204654817 1.4036697368 0.1509950407 3.2766987155 0.2322517079 0.5797526368 1.0148620250 0.4541389177 0.4191106580 0.3606413130 3.8645710874 0.0000000000 0.2198749952
0.2564629895 0.4932788862 0.7936454489 0.2830670251 0.5321773578 1.1162392769 0.4509420094 0.6674499716 5.7247424400 1.3566872299 0.1130216393 1.7133764892 0.8844262519 0.8112548720 0.5099952034 1.0841086383 0.9150165198 0.2198749952 0.0000000000
