# MCW Instance
# Type: EXPONENTIAL
# N: 19
# Optimal cost: 1.1590069808330297
# Optimal tour (permutation): [0, 18, 8, 6, 12, 16, 3, 14, 2, 11, 15, 5, 10, 7, 1, 13, 9, 17, 4, 0]
# Optimal walk (full path): [0, 18, 8, 6, 12, 16, 3, 14, 2, 11, 15, 5, 7, 10, 7, 1, 7, 13, 9, 17, 4, 18, 0]
# Walk size: 23
# Is walk (has repeats): true

# Distance Matrix
0.0000000000 1.6612400107 0.6483701170 4.0287530859 3.3378041628 1.1111731883 0.4379479198 0.8494496908 0.8608567117 1.3118448579 1.0980225162 1.5681620723 1.0527778194 0.2914096370 0.4553814004 2.0015858094 0.4499924951 0.6171712535 0.0240836469
1.6612400107 0.0000000000 0.1924199747 0.7815522912 4.2919688833 1.0948018970 1.3303791800 0.0181949931 1.5616858320 0.6339185142 0.7851625724 2.6001389730 0.3601288044 0.2559757578 0.3779678340 0.7515301487 1.9471851396 1.9357304121 0.1914970064
0.6483701170 0.1924199747 0.0000000000 2.0954363220 0.8714091835 1.3847498519 0.2947949739 4.8055912601 1.4902595872 0.1668368360 1.4900226593 0.1126876169 0.6476609607 0.4205968081 0.1028667707 2.5229632656 0.4450969087 2.0064746266 0.6925919720
4.0287530859 0.7815522912 2.0954363220 0.0000000000 1.2983340275 0.3437508176 1.2014738445 1.6928840979 1.4697268643 2.7209084052 1.5556399214 2.8874969372 0.1413567439 0.7122876465 0.0385987718 0.2301664293 0.0320348867 0.5570814226 0.7210851657
3.3378041628 4.2919688833 0.8714091835 1.2983340275 0.0000000000 2.3302194317 0.5582129389 1.7880518079 0.3797660204 0.0238929304 0.5571403987 0.2701940959 0.3282172522 2.6535762677 0.1186528678 0.3668984004 0.6045456064 0.0418036674 0.0515717199
1.1111731883 1.0948018970 1.3847498519 0.3437508176 2.3302194317 0.0000000000 0.8940084130 0.0769541883 4.2753303933 2.7257341380 0.5163019092 0.8779831609 0.5392719148 0.6972185809 0.4599954755 0.1021566579 1.2297730276 0.1506423863 0.1480346663
0.4379479198 1.3303791800 0.2947949739 1.2014738445 0.5582129389 0.8940084130 0.0000000000 0.8718103084 0.0574722549 0.4241360198 0.9377309779 3.7569705239 0.0810906336 0.7454903417 0.8813334948 0.4584930587 1.9492096870 0.5869733829 0.1938289860
0.8494496908 0.0181949931 4.8055912601 1.6928840979 1.7880518079 0.0769541883 0.8718103084 0.0000000000 0.4429829836 0.7854720577 0.0122827895 0.4869446733 1.4051239135 0.0193603709 5.7489673279 0.3780258682 1.3832844594 1.9601472282 1.0947950792
0.8608567117 1.5616858320 1.4902595872 1.4697268643 0.3797660204 4.2753303933 0.0574722549 0.4429829836 0.0000000000 0.0793143962 1.7525260831 1.6117691609 0.4222529601 0.0496161208 1.3960835057 0.2051269878 0.4459563335 0.4677755987 0.1203305899
1.3118448579 0.6339185142 0.1668368360 2.7209084052 0.0238929304 2.7257341380 0.4241360198 0.7854720577 0.0793143962 0.0000000000 0.5323925653 1.9225032535 1.0902858827 0.0573300965 0.2817727534 0.7521104885 1.2943081772 0.0618502506 2.8243728451
1.0980225162 0.7851625724 1.4900226593 1.5556399214 0.5571403987 0.5163019092 0.9377309779 0.0122827895 1.7525260831 0.5323925653 0.0000000000 0.6040711542 1.3547360464 1.7114061643 0.8098850852 1.1671881070 1.3898094234 0.7934990613 0.6103723697
1.5681620723 2.6001389730 0.1126876169 2.8874969372 0.2701940959 0.8779831609 3.7569705239 0.4869446733 1.6117691609 1.9225032535 0.6040711542 0.0000000000 1.0057365642 0.6185158957 0.4038843421 0.0231063625 1.1491588595 0.5104239498 0.6325425088
1.0527778194 0.3601288044 0.6476609607 0.1413567439 0.3282172522 0.5392719148 0.0810906336 1.4051239135 0.4222529601 1.0902858827 1.3547360464 1.0057365642 0.0000000000 1.3522846350 3.9890444549 0.1589755057 0.0706692834 0.6037188825 1.7829107254
0.2914096370 0.2559757578 0.4205968081 0.7122876465 2.6535762677 0.6972185809 0.7454903417 0.0193603709 0.0496161208 0.0573300965 1.7114061643 0.6185158957 1.3522846350 0.0000000000 2.9340487098 0.9387489942 0.3061831623 0.8107449964 0.3397124368
0.4553814004 0.3779678340 0.1028667707 0.0385987718 0.1186528678 0.4599954755 0.8813334948 5.7489673279 1.3960835057 0.2817727534 0.8098850852 0.4038843421 3.9890444549 2.9340487098 0.0000000000 0.7369679291 1.3331693190 0.5689830586 0.1644991029
2.0015858094 0.7515301487 2.5229632656 0.2301664293 0.3668984004 0.1021566579 0.4584930587 0.3780258682 0.2051269878 0.7521104885 1.1671881070 0.0231063625 0.1589755057 0.9387489942 0.7369679291 0.0000000000 0.4196123237 0.4150139698 1.1601599540
0.4499924951 1.9471851396 0.4450969087 0.0320348867 0.6045456064 1.2297730276 1.9492096870 1.3832844594 0.4459563335 1.2943081772 1.3898094234 1.1491588595 0.0706692834 0.3061831623 1.3331693190 0.4196123237 0.0000000000 0.6814841379 0.5970516964
0.6171712535 1.9357304121 2.0064746266 0.5570814226 0.0418036674 0.1506423863 0.5869733829 1.9601472282 0.4677755987 0.0618502506 0.7934990613 0.5104239498 0.6037188825 0.8107449964 0.5689830586 0.4150139698 0.6814841379 0.0000000000 1.4305901605
0.0240836469 0.1914970064 0.6925919720 0.7210851657 0.0515717199 0.1480346663 0.1938289860 1.0947950792 0.1203305899 2.8243728451 0.6103723697 0.6325425088 1.7829107254 0.3397124368 0.1644991029 1.1601599540 0.5970516964 1.4305901605 0.0000000000
