# MCW Instance
# Type: EXPONENTIAL
# N: 19
# Optimal cost: 2.2233564811273565
# Optimal tour (permutation): [0, 11, 5, 7, 10, 8, 12, 6, 18, 13, 3, 15, 16, 17, 14, 2, 9, 4, 1, 0]
# Optimal walk (full path): [0, 11, 5, 7, 10, 12, 8, 12, 6, 18, 13, 18, 3, 15, 16, 17, 14, 2, 9, 4, 1, 0]
# Walk size: 22
# Is walk (has repeats): true

# Distance Matrix
0.0000000000 0.0749466053 1.7192026606 2.2194938977 1.8159072667 0.8180751460 0.3097124758 0.9662687328 1.9052497952 0.9108274007 2.3812093586 0.0531881444 0.4388361523 0.7936790129 2.1653121331 0.3282191638 0.9912682398 0.4800446517 0.5576285280
0.0749466053 0.0000000000 1.3414612818 1.8520210797 0.4018049062 1.0086452226 1.7614653789 0.5949716685 1.1069966107 1.1442744238 2.7412708113 1.9587211415 0.9180966389 0.9038953324 1.5636165800 0.5026294938 0.4325318605 2.2408739216 1.2782549659
1.7192026606 1.3414612818 0.0000000000 1.1320365597 2.8450790756 2.9157708647 1.4892436946 2.5809760178 1.5829950657 0.0937050660 1.9586190445 2.1934445187 0.3262559011 0.2461990051 0.0439567474 0.6991649014 0.7751413797 1.4185373387 2.1065318673
2.2194938977 1.8520210797 1.1320365597 0.0000000000 1.0311578781 0.6423431003 1.1935960430 0.1803779050 1.6540839714 0.6949779607 0.9432204799 2.1199654487 2.7122502880 2.0372223322 0.5549696715 0.0914155958 4.7302220814 0.9167682014 0.0057072956
1.8159072667 0.4018049062 2.8450790756 1.0311578781 0.0000000000 0.7475590148 0.7424425606 1.5809826844 0.7049069181 0.2585457711 1.3842500949 3.7487016869 1.9167557802 2.9665861354 0.5528209671 0.4045647941 0.9763567822 0.5739694175 0.2608187989
0.8180751460 1.0086452226 2.9157708647 0.6423431003 0.7475590148 0.0000000000 0.2164508522 0.0684893955 0.7681341746 0.0276155233 2.1847428619 0.0053320154 2.5756977118 5.3306732770 0.1131437037 2.1186300361 1.8237995505 0.3376672959 0.3824669366
0.3097124758 1.7614653789 1.4892436946 1.1935960430 0.7424425606 0.2164508522 0.0000000000 0.2733187541 0.6923048818 0.8591856603 0.3274734426 0.9036556769 0.0465667611 0.8562979021 1.1804138364 1.0487142878 1.2953756714 0.4319515767 0.1526433553
0.9662687328 0.5949716685 2.5809760178 0.1803779050 1.5809826844 0.0684893955 0.2733187541 0.0000000000 0.8504344761 1.4760958543 0.0950986607 2.8623084302 0.1920747532 1.7676013533 1.4184622712 0.3202087766 0.7784881620 0.1248391359 2.8694961212
1.9052497952 1.1069966107 1.5829950657 1.6540839714 0.7049069181 0.7681341746 0.6923048818 0.8504344761 0.0000000000 2.8886656712 2.6830787956 0.6246038981 0.1120238699 0.6681374290 0.7524332083 0.2620640014 0.3632841496 1.7361393665 2.4482389152
0.9108274007 1.1442744238 0.0937050660 0.6949779607 0.2585457711 0.0276155233 0.8591856603 1.4760958543 2.8886656712 0.0000000000 1.1697424419 0.6341932407 0.9384951680 7.3795261871 1.8134708071 0.2811458084 0.7246705860 0.7131930191 1.3352080319
2.3812093586 2.7412708113 1.9586190445 0.9432204799 1.3842500949 2.1847428619 0.3274734426 0.0950986607 2.6830787956 1.1697424419 0.0000000000 0.5728530647 0.1428234086 4.9519789822 0.6298939667 0.1496559768 1.9555779547 1.5634986616 0.5742451914
0.0531881444 1.9587211415 2.1934445187 2.1199654487 3.7487016869 0.0053320154 0.9036556769 2.8623084302 0.6246038981 0.6341932407 0.5728530647 0.0000000000 1.2106325710 0.1614476335 0.4299354428 0.4325537365 1.4556706080 1.4599285549 1.3690684185
0.4388361523 0.9180966389 0.3262559011 2.7122502880 1.9167557802 2.5756977118 0.0465667611 0.1920747532 0.1120238699 0.9384951680 0.1428234086 1.2106325710 0.0000000000 0.4900616626 1.4939140587 0.2254156276 0.3948925154 0.2221601273 0.6787090649
0.7936790129 0.9038953324 0.2461990051 2.0372223322 2.9665861354 5.3306732770 0.8562979021 1.7676013533 0.6681374290 7.3795261871 4.9519789822 0.1614476335 0.4900616626 0.0000000000 0.3074770317 2.5546748849 0.2468449522 0.3386048839 0.0004450856
2.1653121331 1.5636165800 0.0439567474 0.5549696715 0.5528209671 0.1131437037 1.1804138364 1.4184622712 0.7524332083 1.8134708071 0.6298939667 0.4299354428 1.4939140587 0.3074770317 0.0000000000 0.1947954725 0.4301710229 0.1598946550 0.5152515759
0.3282191638 0.5026294938 0.6991649014 0.0914155958 0.4045647941 2.1186300361 1.0487142878 0.3202087766 0.2620640014 0.2811458084 0.1496559768 0.4325537365 0.2254156276 2.5546748849 0.1947954725 0.0000000000 0.1626125261 0.7995095682 1.0907555328
0.9912682398 0.4325318605 0.7751413797 4.7302220814 0.9763567822 1.8237995505 1.2953756714 0.7784881620 0.3632841496 0.7246705860 1.9555779547 1.4556706080 0.3948925154 0.2468449522 0.4301710229 0.1626125261 0.0000000000 0.1416876606 0.7106115680
0.4800446517 2.2408739216 1.4185373387 0.9167682014 0.5739694175 0.3376672959 0.4319515767 0.1248391359 1.7361393665 0.7131930191 1.5634986616 1.4599285549 0.2221601273 0.3386048839 0.1598946550 0.7995095682 0.1416876606 0.0000000000 6.2687045263
0.5576285280 1.2782549659 2.1065318673 0.0057072956 0.2608187989 0.3824669366 0.1526433553 2.8694961212 2.4482389152 1.3352080319 0.5742451914 1.3690684185 0.6787090649 0.0004450856 0.5152515759 1.0907555328 0.7106115680 6.2687045263 0.0000000000
