# MCW Instance
# Type: EXPONENTIAL
# N: 19
# Optimal cost: 1.3528833118247696
# Optimal tour (permutation): [0, 14, 5, 2, 15, 12, 17, 1, 13, 7, 6, 11, 8, 18, 9, 16, 10, 4, 3, 0]
# Optimal walk (full path): [0, 5, 14, 5, 0, 2, 15, 12, 17, 1, 13, 7, 6, 11, 8, 9, 18, 9, 16, 10, 4, 3, 0]
# Walk size: 23
# Is walk (has repeats): true

# Distance Matrix
0.0000000000 3.1220244762 0.0841863811 0.0915743828 0.0753617875 0.0073433566 0.8178670612 0.3162909377 0.1289645569 0.6010357382 0.1676658400 0.7616199765 0.2579681750 0.5446791290 0.6563530745 1.4988693283 1.1034003992 3.6779213343 1.2201480191
3.1220244762 0.0000000000 4.9628161843 2.7128903294 0.8145788331 1.4883661756 0.7973470290 1.9002223958 2.5629759419 1.1006698594 1.2575208561 0.2964202137 1.3080366372 0.1059716913 0.6642717876 2.3500082844 2.5710545215 0.1263442123 0.2901254069
0.0841863811 4.9628161843 0.0000000000 0.4752384697 0.4131921266 0.6375417860 0.1938398447 2.7269165325 0.6338039401 1.2310455345 0.1661424613 0.4389441165 0.2373978222 0.6502097028 0.1293321889 0.0858177396 0.6234487697 0.9467786251 0.0994126099
0.0915743828 2.7128903294 0.4752384697 0.0000000000 0.1534582401 2.2628970833 0.1914321180 1.1813212293 0.9790089781 1.7959474547 1.7735931499 0.1579626228 1.4368705727 0.2178372709 0.8006811361 1.2233766839 6.3333798411 0.9739102592 2.1850394048
0.0753617875 0.8145788331 0.4131921266 0.1534582401 0.0000000000 0.1770990907 1.3951349179 0.6593217032 1.5867815811 1.1513252828 0.0112273627 0.2455253711 0.2997620295 0.7271615584 0.3027313053 0.8521963061 1.4891950368 0.1970026193 1.3329518814
0.0073433566 1.4883661756 0.6375417860 2.2628970833 0.1770990907 0.0000000000 1.0056760044 0.0894049891 1.0520757104 0.5675045304 0.2255934734 0.5711633941 1.3159964667 1.8964821620 0.0001582796 5.2037086214 0.1756129972 2.9833312198 0.4715522974
0.8178670612 0.7973470290 0.1938398447 0.1914321180 1.3951349179 1.0056760044 0.0000000000 0.0651188569 0.3981381033 0.5333611202 1.0953203434 0.0980981686 0.5063092268 1.9927389335 0.1642453386 0.8914966616 0.5897325936 0.4370367440 0.8896332516
0.3162909377 1.9002223958 2.7269165325 1.1813212293 0.6593217032 0.0894049891 0.0651188569 0.0000000000 0.6018642136 1.5796029853 0.1109218979 0.9411707332 0.4981650871 0.0365008044 0.1610789303 2.4666365648 1.0233442786 0.5240254136 0.3282054641
0.1289645569 2.5629759419 0.6338039401 0.9790089781 1.5867815811 1.0520757104 0.3981381033 0.6018642136 0.0000000000 0.0764961289 0.3175921515 0.0504387276 0.6235401995 2.2929706973 0.1479513625 0.4855769920 1.0533745533 1.8705428135 0.8226282917
0.6010357382 1.1006698594 1.2310455345 1.7959474547 1.1513252828 0.5675045304 0.5333611202 1.5796029853 0.0764961289 0.0000000000 0.4114513597 1.4115772856 0.9018543084 1.1337733730 0.3952923092 0.5529177580 0.0082330787 0.7737190086 0.0411765865
0.1676658400 1.2575208561 0.1661424613 1.7735931499 0.0112273627 0.2255934734 1.0953203434 0.1109218979 0.3175921515 0.4114513597 0.0000000000 0.0916221637 3.1587591595 1.9366252993 1.5332772292 1.2673131181 0.0638654256 0.9445885558 1.6212744386
0.7616199765 0.2964202137 0.4389441165 0.1579626228 0.2455253711 0.5711633941 0.0980981686 0.9411707332 0.0504387276 1.4115772856 0.0916221637 0.0000000000 1.0742633817 0.3366420449 0.7857013051 0.4239466749 1.8829129970 0.5964680337 2.6787137146
0.2579681750 1.3080366372 0.2373978222 1.4368705727 0.2997620295 1.3159964667 0.5063092268 0.4981650871 0.6235401995 0.9018543084 3.1587591595 1.0742633817 0.0000000000 0.5340821030 1.6807192019 0.1534244771 3.1587442433 0.0447711886 1.6275337074
0.5446791290 0.1059716913 0.6502097028 0.2178372709 0.7271615584 1.8964821620 1.9927389335 0.0365008044 2.2929706973 1.1337733730 1.9366252993 0.3366420449 0.5340821030 0.0000000000 0.2720574416 0.5334124720 1.3032029250 0.7429248838 0.2022101423
0.6563530745 0.6642717876 0.1293321889 0.8006811361 0.3027313053 0.0001582796 0.1642453386 0.1610789303 0.1479513625 0.3952923092 1.5332772292 0.7857013051 1.6807192019 0.2720574416 0.0000000000 0.5341056143 0.0591351239 0.0518226367 0.7056664703
1.4988693283 2.3500082844 0.0858177396 1.2233766839 0.8521963061 5.2037086214 0.8914966616 2.4666365648 0.4855769920 0.5529177580 1.2673131181 0.4239466749 0.1534244771 0.5334124720 0.5341056143 0.0000000000 0.3940358118 3.0349661601 0.9127304348
1.1034003992 2.5710545215 0.6234487697 6.3333798411 1.4891950368 0.1756129972 0.5897325936 1.0233442786 1.0533745533 0.0082330787 0.0638654256 1.8829129970 3.1587442433 1.3032029250 0.0591351239 0.3940358118 0.0000000000 0.7885719488 0.1261605500
3.6779213343 0.1263442123 0.9467786251 0.9739102592 0.1970026193 2.9833312198 0.4370367440 0.5240254136 1.8705428135 0.7737190086 0.9445885558 0.5964680337 0.0447711886 0.7429248838 0.0518226367 3.0349661601 0.7885719488 0.0000000000 2.5923013507
1.2201480191 0.2901254069 0.0994126099 2.1850394048 1.3329518814 0.4715522974 0.8896332516 0.3282054641 0.8226282917 0.0411765865 1.6212744386 2.6787137146 1.6275337074 0.2022101423 0.7056664703 0.9127304348 0.1261605500 2.5923013507 0.0000000000
