# MCW Instance
# Type: EXPONENTIAL
# N: 19
# Optimal cost: 1.8197561074005664
# Optimal tour (permutation): [0, 18, 11, 7, 6, 2, 8, 15, 4, 13, 9, 3, 10, 12, 5, 16, 14, 17, 1, 0]
# Optimal walk (full path): [0, 18, 0, 2, 7, 11, 7, 6, 7, 2, 8, 15, 4, 13, 9, 3, 9, 10, 12, 1, 5, 16, 5, 14, 5, 1, 17, 1, 0]
# Walk size: 29
# Is walk (has repeats): true

# Distance Matrix
0.0000000000 0.0189861506 0.0902909691 1.1497536675 0.6224235022 0.2159340115 0.9661969658 0.3936749421 0.2621876249 0.9044343984 1.8799417689 0.2888518792 1.6943431900 0.2424333447 0.7915273559 0.5327614402 0.2285436990 0.2232380193 0.0687544881
0.0189861506 0.0000000000 0.2911476774 0.7904424908 0.1402734987 0.0067145298 8.0853038055 0.9852442438 0.4188919789 0.7339321796 0.5235271321 0.2498653669 0.0508897817 0.4758456471 0.3345847106 1.3215649749 0.8299870724 0.0634966388 0.6073375816
0.0902909691 0.2911476774 0.0000000000 4.1051182755 0.1642244319 0.2790056962 0.4083566560 0.0525092018 0.1762308718 0.2704120478 0.1315411542 0.9848511903 2.2056414552 0.1410215142 1.3291903370 0.5363143244 0.3127580165 0.9275385730 4.6706647741
1.1497536675 0.7904424908 4.1051182755 0.0000000000 1.4092057889 2.1739251476 1.0054235061 0.2659155947 1.4365904728 0.0238634141 1.0171077344 0.7546235471 4.0131454984 0.4543326392 2.1325489934 1.6726599163 1.4733066774 1.5904986341 0.4228549134
0.6224235022 0.1402734987 0.1642244319 1.4092057889 0.0000000000 1.9968592527 0.4087024744 0.2561565534 1.0260371230 1.7784569465 1.0773005941 1.1807470988 3.4908884886 0.0261043493 0.4191396046 0.1070568405 0.7840775902 0.1704128156 1.2515315118
0.2159340115 0.0067145298 0.2790056962 2.1739251476 1.9968592527 0.0000000000 1.6960032713 0.5537833765 1.3755954787 0.6071875963 6.5226650783 0.1971890665 0.5786305161 0.4415987355 0.0005652837 0.3837350404 0.0789145977 1.5084603207 0.4612112260
0.9661969658 8.0853038055 0.4083566560 1.0054235061 0.4087024744 1.6960032713 0.0000000000 0.0909597986 2.9254429399 1.7636370575 4.8545930094 1.2228250118 0.4172442954 0.3339381920 1.2469906940 2.0693541649 0.9471766077 1.5703914855 0.3662049699
0.3936749421 0.9852442438 0.0525092018 0.2659155947 0.2561565534 0.5537833765 0.0909597986 0.0000000000 3.0485315383 0.3074089390 2.9568754326 0.0492858020 3.6419603729 0.2425971685 0.5677262212 0.2541144673 0.4078910161 0.2809878165 0.7263347406
0.2621876249 0.4188919789 0.1762308718 1.4365904728 1.0260371230 1.3755954787 2.9254429399 3.0485315383 0.0000000000 2.0218785872 1.6323559629 1.8536008740 2.0291037056 1.0650676614 0.2870243644 0.1094838282 1.7364829324 0.5202525622 0.3842098428
0.9044343984 0.7339321796 0.2704120478 0.0238634141 1.7784569465 0.6071875963 1.7636370575 0.3074089390 2.0218785872 0.0000000000 0.0548303446 2.6460744684 1.8402757973 0.1873080437 1.7591945446 2.0408056165 0.3998471089 0.2366251307 0.4980334261
1.8799417689 0.5235271321 0.1315411542 1.0171077344 1.0773005941 6.5226650783 4.8545930094 2.9568754326 1.6323559629 0.0548303446 0.0000000000 1.0102362588 0.1284474189 1.3101509322 0.0977406159 0.0912976208 0.2187770140 0.3202359263 0.2020973090
0.2888518792 0.2498653669 0.9848511903 0.7546235471 1.1807470988 0.1971890665 1.2228250118 0.0492858020 1.8536008740 2.6460744684 1.0102362588 0.0000000000 2.7221149000 0.2570487180 0.7905423814 0.9271136207 0.6818364125 0.3205564819 1.1223566711
1.6943431900 0.0508897817 2.2056414552 4.0131454984 3.4908884886 0.5786305161 0.4172442954 3.6419603729 2.0291037056 1.8402757973 0.1284474189 2.7221149000 0.0000000000 1.3434126554 0.6984670263 1.8556503707 1.1592760642 0.7692178766 1.1310274912
0.2424333447 0.4758456471 0.1410215142 0.4543326392 0.0261043493 0.4415987355 0.3339381920 0.2425971685 1.0650676614 0.1873080437 1.3101509322 0.2570487180 1.3434126554 0.0000000000 0.8547090661 0.1423774198 0.5399299174 1.2123282971 0.4962458987
0.7915273559 0.3345847106 1.3291903370 2.1325489934 0.4191396046 0.0005652837 1.2469906940 0.5677262212 0.2870243644 1.7591945446 0.0977406159 0.7905423814 0.6984670263 0.8547090661 0.0000000000 2.1660252092 0.9526136545 1.5512444266 0.2179950860
0.5327614402 1.3215649749 0.5363143244 1.6726599163 0.1070568405 0.3837350404 2.0693541649 0.2541144673 0.1094838282 2.0408056165 0.0912976208 0.9271136207 1.8556503707 0.1423774198 2.1660252092 0.0000000000 0.3226105192 0.1839656592 4.2634183206
0.2285436990 0.8299870724 0.3127580165 1.4733066774 0.7840775902 0.0789145977 0.9471766077 0.4078910161 1.7364829324 0.3998471089 0.2187770140 0.6818364125 1.1592760642 0.5399299174 0.9526136545 0.3226105192 0.0000000000 0.3037510212 2.3668926409
0.2232380193 0.0634966388 0.9275385730 1.5904986341 0.1704128156 1.5084603207 1.5703914855 0.2809878165 0.5202525622 0.2366251307 0.3202359263 0.3205564819 0.7692178766 1.2123282971 1.5512444266 0.1839656592 0.3037510212 0.0000000000 0.9435344024
0.0687544881 0.6073375816 4.6706647741 0.4228549134 1.2515315118 0.4612112260 0.3662049699 0.7263347406 0.3842098428 0.4980334261 0.2020973090 1.1223566711 1.1310274912 0.4962458987 0.2179950860 4.2634183206 2.3668926409 0.9435344024 0.0000000000
