# MCW Instance
# Type: EXPONENTIAL
# N: 19
# Optimal cost: 1.1449587803441619
# Optimal tour (permutation): [0, 15, 6, 3, 13, 14, 10, 1, 7, 8, 16, 17, 12, 4, 5, 2, 9, 18, 11, 0]
# Optimal walk (full path): [0, 15, 0, 3, 6, 3, 13, 14, 10, 1, 7, 8, 16, 8, 12, 17, 12, 4, 12, 2, 5, 2, 9, 11, 18, 11, 0]
# Walk size: 27
# Is walk (has repeats): true

# Distance Matrix
0.0000000000 1.7971696780 0.5410153968 0.0713466230 1.2000577631 0.3371630117 1.6790393347 0.2839695266 1.1815197228 3.5953913913 0.5498625437 0.0499538739 0.4794236430 0.5968495217 0.3505371265 0.0227053244 1.0216696123 0.5232656445 1.8929176911
1.7971696780 0.0000000000 0.8479406273 0.8858589910 1.3300977335 6.3143838006 0.0896338244 0.0731384434 4.2496465285 1.5095729954 0.0405792348 0.0237149785 0.3289181313 0.0209859598 0.4488423072 0.2245015535 0.1756623809 1.5277734941 1.7885526941
0.5410153968 0.8479406273 0.0000000000 0.9454288752 0.9496392528 0.0003639494 0.7822613407 1.7770224629 0.7183747678 0.0148433230 0.5923305011 0.3067000128 0.0473766907 0.5961193233 2.2585008862 0.4005476849 0.2632891795 0.2039005686 0.8849113058
0.0713466230 0.8858589910 0.9454288752 0.0000000000 0.6856580463 0.7323948077 0.0386605281 1.5577821516 0.0694255222 0.9518697610 0.1125933488 1.6703654328 1.0104097147 0.0602082575 1.0305933557 1.1039211091 0.1668871035 1.8351539081 1.4306399653
1.2000577631 1.3300977335 0.9496392528 0.6856580463 0.0000000000 0.8576811952 1.0115330887 0.3041803046 0.2498816219 0.5819018308 1.0134977547 0.8690595357 0.0623235570 1.4805999379 1.3567590106 0.6386232573 1.7585434380 0.7131960734 0.7282760728
0.3371630117 6.3143838006 0.0003639494 0.7323948077 0.8576811952 0.0000000000 0.2335169150 1.4489861632 0.1262703799 0.7280863347 0.7723127863 0.4312842214 2.4353311402 0.2483089242 1.0765745952 0.2677109079 4.0757082224 3.8832797499 0.4196186022
1.6790393347 0.0896338244 0.7822613407 0.0386605281 1.0115330887 0.2335169150 0.0000000000 1.4559977082 0.3544868841 0.5138437722 0.2493263936 3.2549363996 0.7025740547 1.9669592163 0.6700749314 7.1247951260 1.2525054724 0.2480179310 1.5331715631
0.2839695266 0.0731384434 1.7770224629 1.5577821516 0.3041803046 1.4489861632 1.4559977082 0.0000000000 0.0755683708 0.1041452791 0.2587660995 1.6728501584 1.1325141410 0.5394381871 0.5789476162 0.4297165915 0.2867987871 1.1995103609 4.6345284259
1.1815197228 4.2496465285 0.7183747678 0.0694255222 0.2498816219 0.1262703799 0.3544868841 0.0755683708 0.0000000000 1.0160894933 0.4824529388 0.2139372910 0.0171350004 1.6744417763 1.3638738080 0.3992920715 0.0221296999 2.5585510440 0.1971252772
3.5953913913 1.5095729954 0.0148433230 0.9518697610 0.5819018308 0.7280863347 0.5138437722 0.1041452791 1.0160894933 0.0000000000 2.2955572747 0.0267755799 0.3950628561 0.5975805714 1.9901156771 2.6152477748 1.2423823222 0.7147962011 0.2341141662
0.5498625437 0.0405792348 0.5923305011 0.1125933488 1.0134977547 0.7723127863 0.2493263936 0.2587660995 0.4824529388 2.2955572747 0.0000000000 0.0706091198 1.4421568014 0.2227395692 0.0565011009 1.1590871958 0.8180885676 1.4837670776 1.4647824937
0.0499538739 0.0237149785 0.3067000128 1.6703654328 0.8690595357 0.4312842214 3.2549363996 1.6728501584 0.2139372910 0.0267755799 0.0706091198 0.0000000000 0.7613169975 0.0759313952 1.3875672071 0.2216597084 1.1909288162 1.7543817639 0.1348479759
0.4794236430 0.3289181313 0.0473766907 1.0104097147 0.0623235570 2.4353311402 0.7025740547 1.1325141410 0.0171350004 0.3950628561 1.4421568014 0.7613169975 0.0000000000 0.3012829755 0.4338261364 0.8231414500 0.1414390116 0.0140189183 2.9858727555
0.5968495217 0.0209859598 0.5961193233 0.0602082575 1.4805999379 0.2483089242 1.9669592163 0.5394381871 1.6744417763 0.5975805714 0.2227395692 0.0759313952 0.3012829755 0.0000000000 0.0214323762 0.4570876892 0.0702257154 0.1188040005 0.4818012900
0.3505371265 0.4488423072 2.2585008862 1.0305933557 1.3567590106 1.0765745952 0.6700749314 0.5789476162 1.3638738080 1.9901156771 0.0565011009 1.3875672071 0.4338261364 0.0214323762 0.0000000000 0.3710353022 0.9116871303 0.4572001854 0.8491468132
0.0227053244 0.2245015535 0.4005476849 1.1039211091 0.6386232573 0.2677109079 7.1247951260 0.4297165915 0.3992920715 2.6152477748 1.1590871958 0.2216597084 0.8231414500 0.4570876892 0.3710353022 0.0000000000 2.6452723105 0.7842279609 1.0909451963
1.0216696123 0.1756623809 0.2632891795 0.1668871035 1.7585434380 4.0757082224 1.2525054724 0.2867987871 0.0221296999 1.2423823222 0.8180885676 1.1909288162 0.1414390116 0.0702257154 0.9116871303 2.6452723105 0.0000000000 1.5147644382 0.4308408129
0.5232656445 1.5277734941 0.2039005686 1.8351539081 0.7131960734 3.8832797499 0.2480179310 1.1995103609 2.5585510440 0.7147962011 1.4837670776 1.7543817639 0.0140189183 0.1188040005 0.4572001854 0.7842279609 1.5147644382 0.0000000000 0.8030858996
1.8929176911 1.7885526941 0.8849113058 1.4306399653 0.7282760728 0.4196186022 1.5331715631 4.6345284259 0.1971252772 0.2341141662 1.4647824937 0.1348479759 2.9858727555 0.4818012900 0.8491468132 1.0909451963 0.4308408129 0.8030858996 0.0000000000
