# MCW Instance
# Type: EXPONENTIAL
# N: 19
# Optimal cost: 1.6228775923416578
# Optimal tour (permutation): [0, 11, 17, 12, 2, 16, 10, 8, 13, 9, 15, 6, 14, 4, 3, 1, 18, 7, 5, 0]
# Optimal walk (full path): [0, 11, 0, 17, 12, 2, 16, 10, 8, 13, 9, 6, 15, 6, 14, 4, 14, 3, 14, 1, 18, 7, 5, 7, 0]
# Walk size: 25
# Is walk (has repeats): true

# Distance Matrix
0.0000000000 0.5572670324 4.2359886497 2.0463803057 2.8376292053 0.5066967450 0.4188271209 0.0403381879 6.0330942729 0.6708991652 0.2457966361 0.0646822227 0.5430742524 0.9210062958 1.0914912127 0.3768101646 0.0779670974 0.0903332309 1.3501816432
0.5572670324 0.0000000000 0.7720237757 0.2617196318 0.3424071759 0.2975186118 0.4695729834 1.8913516915 2.0424090811 0.2631668650 0.3457237388 3.9857696986 1.5308105748 0.0727528239 0.0322371229 1.0198530237 0.2157738071 0.7829895157 0.0179271510
4.2359886497 0.7720237757 0.0000000000 0.3148617349 0.1717970494 0.2181604751 0.3733802081 1.0694585089 1.7636046156 3.9405387191 0.8931466038 1.8269210674 0.1077516499 0.7217499755 0.3982900726 0.5706514802 0.0769576456 0.8559897044 1.7045738184
2.0463803057 0.2617196318 0.3148617349 0.0000000000 0.8336845541 0.5403034388 0.1559311418 2.6789146889 0.5810181101 1.6416642685 0.7935582492 0.7803688556 0.7761840034 1.6475466561 0.0320678783 0.4304499856 0.2838575789 0.2762555498 0.5196491814
2.8376292053 0.3424071759 0.1717970494 0.8336845541 0.0000000000 0.5878764493 1.3374858615 2.0852093195 0.2550026478 0.3744330392 2.2392754121 0.6053771085 0.4441573514 0.1745181514 0.0392922189 0.6679132183 1.1129197475 0.4442293959 0.3770124627
0.5066967450 0.2975186118 0.2181604751 0.5403034388 0.5878764493 0.0000000000 2.7543116235 0.0056808818 0.7591555558 0.9109084373 2.3664694492 0.8791068466 0.3844350437 3.3279105227 1.3046170268 0.6334729922 0.1260096052 1.7184289784 0.4604923952
0.4188271209 0.4695729834 0.3733802081 0.1559311418 1.3374858615 2.7543116235 0.0000000000 1.2505310229 0.2030708886 0.0209473311 2.4357623639 0.5668733281 0.3479319819 0.5922427190 0.0032100255 0.0697800248 1.7941438057 1.5559792462 0.6841225978
0.0403381879 1.8913516915 1.0694585089 2.6789146889 2.0852093195 0.0056808818 1.2505310229 0.0000000000 1.4416455767 0.7799145167 0.6902658797 0.2903705831 2.5567683127 0.4430456827 0.2127384486 3.8253482265 1.0987954449 1.5453547143 0.0981640658
6.0330942729 2.0424090811 1.7636046156 0.5810181101 0.2550026478 0.7591555558 0.2030708886 1.4416455767 0.0000000000 0.2425993562 0.1881730261 2.6193047142 0.6361951101 0.1444575383 0.8216532291 2.0224335337 0.4785671241 0.8372787737 0.4067513922
0.6708991652 0.2631668650 3.9405387191 1.6416642685 0.3744330392 0.9109084373 0.0209473311 0.7799145167 0.2425993562 0.0000000000 0.5952938302 0.6561827927 1.5730024822 0.1188559542 0.6766454215 0.1026438451 3.1707819674 1.5810744228 0.6412987210
0.2457966361 0.3457237388 0.8931466038 0.7935582492 2.2392754121 2.3664694492 2.4357623639 0.6902658797 0.1881730261 0.5952938302 0.0000000000 0.2287587190 1.0524768350 0.1411101437 0.3213446468 0.7160501009 0.0686057499 0.0842479468 0.0830623301
0.0646822227 3.9857696986 1.8269210674 0.7803688556 0.6053771085 0.8791068466 0.5668733281 0.2903705831 2.6193047142 0.6561827927 0.2287587190 0.0000000000 0.4483471210 0.5360189158 0.2973471965 1.2442184929 1.3301272631 1.2174671982 0.2999684468
0.5430742524 1.5308105748 0.1077516499 0.7761840034 0.4441573514 0.3844350437 0.3479319819 2.5567683127 0.6361951101 1.5730024822 1.0524768350 0.4483471210 0.0000000000 1.2182615641 0.2910906314 1.5548874545 0.9937608597 0.1919124602 1.1658596637
0.9210062958 0.0727528239 0.7217499755 1.6475466561 0.1745181514 3.3279105227 0.5922427190 0.4430456827 0.1444575383 0.1188559542 0.1411101437 0.5360189158 1.2182615641 0.0000000000 1.0237781802 1.3788224473 0.1563106472 0.2320772367 0.1145600459
1.0914912127 0.0322371229 0.3982900726 0.0320678783 0.0392922189 1.3046170268 0.0032100255 0.2127384486 0.8216532291 0.6766454215 0.3213446468 0.2973471965 0.2910906314 1.0237781802 0.0000000000 5.3378074677 0.3380156107 0.2089340122 0.0557436932
0.3768101646 1.0198530237 0.5706514802 0.4304499856 0.6679132183 0.6334729922 0.0697800248 3.8253482265 2.0224335337 0.1026438451 0.7160501009 1.2442184929 1.5548874545 1.3788224473 5.3378074677 0.0000000000 0.1392231203 0.2303045475 0.3089639670
0.0779670974 0.2157738071 0.0769576456 0.2838575789 1.1129197475 0.1260096052 1.7941438057 1.0987954449 0.4785671241 3.1707819674 0.0686057499 1.3301272631 0.9937608597 0.1563106472 0.3380156107 0.1392231203 0.0000000000 1.0471853042 2.6017018127
0.0903332309 0.7829895157 0.8559897044 0.2762555498 0.4442293959 1.7184289784 1.5559792462 1.5453547143 0.8372787737 1.5810744228 0.0842479468 1.2174671982 0.1919124602 0.2320772367 0.2089340122 0.2303045475 1.0471853042 0.0000000000 0.3174149641
1.3501816432 0.0179271510 1.7045738184 0.5196491814 0.3770124627 0.4604923952 0.6841225978 0.0981640658 0.4067513922 0.6412987210 0.0830623301 0.2999684468 1.1658596637 0.1145600459 0.0557436932 0.3089639670 2.6017018127 0.3174149641 0.0000000000
