# MCW Instance
# Type: EXPONENTIAL
# N: 19
# Optimal cost: 2.0606388701454414
# Optimal tour (permutation): [0, 17, 15, 8, 2, 18, 13, 12, 6, 5, 1, 9, 16, 11, 3, 14, 10, 7, 4, 0]
# Optimal walk (full path): [0, 17, 15, 8, 13, 2, 13, 18, 13, 6, 12, 6, 5, 16, 1, 9, 1, 16, 14, 11, 14, 3, 14, 10, 7, 4, 0]
# Walk size: 27
# Is walk (has repeats): true

# Distance Matrix
0.0000000000 0.3561317853 0.2934440029 1.9645610025 0.1476962353 2.0181892840 1.5435218629 1.1849283386 1.0696521262 0.4096059781 0.2826124098 0.1111016610 1.6510349393 0.2628059629 0.3537521210 0.8467061001 2.0031384113 0.1025847994 0.4203431196
0.3561317853 0.0000000000 3.2449831277 0.9916373366 1.3399993505 0.2248730119 1.2508206458 0.3503235473 0.7430335035 0.0593366973 0.2562869918 2.0823084367 0.5555393970 1.1620129534 1.9346720685 0.6189687195 0.0039492431 2.4524863556 1.6433845505
0.2934440029 3.2449831277 0.0000000000 0.6375697715 3.6921195270 0.2702320331 0.3730907584 0.4484355741 0.1428065879 0.8359968139 2.7391226791 0.2349817093 0.3975844029 0.0582618157 0.7938791516 5.1754322166 2.8539062451 0.0850391836 0.6488080718
1.9645610025 0.9916373366 0.6375697715 0.0000000000 0.4456127456 1.5783069144 0.7348839173 1.0236705240 0.1556880976 1.1410210739 1.0091072261 4.1891008930 4.4172146425 1.8921784747 0.0010545663 0.5172371233 2.0596216541 0.7043018924 0.1463637768
0.1476962353 1.3399993505 3.6921195270 0.4456127456 0.0000000000 0.5278189846 0.7942875357 0.1272668810 1.2670976182 0.2560984166 0.5329050596 1.1437524959 0.7308051350 1.0119425228 0.8285691336 0.2911010573 0.6613043029 2.2929272197 0.5251267214
2.0181892840 0.2248730119 0.2702320331 1.5783069144 0.5278189846 0.0000000000 0.1354021172 1.2710713376 0.2721313305 0.6263990802 1.0974814228 0.6346855092 3.6668852777 1.1406351451 0.5342844302 0.8835301258 0.1382313003 2.3771203320 0.4899499042
1.5435218629 1.2508206458 0.3730907584 0.7348839173 0.7942875357 0.1354021172 0.0000000000 0.4831935556 0.5645655242 3.6868390882 0.8367761790 0.2530203567 0.0096834138 0.1204751695 0.6083439718 1.1101679745 1.1817944312 0.4702680335 0.2917771134
1.1849283386 0.3503235473 0.4484355741 1.0236705240 0.1272668810 1.2710713376 0.4831935556 0.0000000000 0.7460586133 1.4860753672 0.0940671420 0.9613868320 1.0119673553 0.3241008326 0.3867409090 0.2479597111 2.4364528870 0.3344719734 1.3934747280
1.0696521262 0.7430335035 0.1428065879 0.1556880976 1.2670976182 0.2721313305 0.5645655242 0.7460586133 0.0000000000 0.3268040714 0.9213778776 0.9398732793 0.5577938848 0.0728168334 0.7063566180 0.1961663529 0.3492207601 2.8395432990 0.6575266505
0.4096059781 0.0593366973 0.8359968139 1.1410210739 0.2560984166 0.6263990802 3.6868390882 1.4860753672 0.3268040714 0.0000000000 1.6042854575 0.7936782536 1.3111237695 0.3104299172 0.9432579778 0.4583030603 0.9114814877 0.5291574988 0.5001955729
0.2826124098 0.2562869918 2.7391226791 1.0091072261 0.5329050596 1.0974814228 0.8367761790 0.0940671420 0.9213778776 1.6042854575 0.0000000000 1.4382942877 0.2222904133 1.7606801445 0.1052960577 2.0324836438 1.6198363365 0.3532510375 0.5325200463
0.1111016610 2.0823084367 0.2349817093 4.1891008930 1.1437524959 0.6346855092 0.2530203567 0.9613868320 0.9398732793 0.7936782536 1.4382942877 0.0000000000 0.2849080317 0.5699589457 0.0515697884 2.1275875922 0.5637325311 0.4978647682 0.5686998311
1.6510349393 0.5555393970 0.3975844029 4.4172146425 0.7308051350 3.6668852777 0.0096834138 1.0119673553 0.5577938848 1.3111237695 0.2222904133 0.2849080317 0.0000000000 0.2098021500 0.2296734877 0.6335016698 0.7619957927 0.5604682794 2.3807012766
0.2628059629 1.1620129534 0.0582618157 1.8921784747 1.0119425228 1.1406351451 0.1204751695 0.3241008326 0.0728168334 0.3104299172 1.7606801445 0.5699589457 0.2098021500 0.0000000000 0.0935624570 0.7747773849 1.6223497670 0.3557863831 0.1152708635
0.3537521210 1.9346720685 0.7938791516 0.0010545663 0.8285691336 0.5342844302 0.6083439718 0.3867409090 0.7063566180 0.9432579778 0.1052960577 0.0515697884 0.2296734877 0.0935624570 0.0000000000 0.9143806527 0.0672253134 0.5693233435 0.5813821016
0.8467061001 0.6189687195 5.1754322166 0.5172371233 0.2911010573 0.8835301258 1.1101679745 0.2479597111 0.1961663529 0.4583030603 2.0324836438 2.1275875922 0.6335016698 0.7747773849 0.9143806527 0.0000000000 2.0462996963 0.1551578916 0.3477043091
2.0031384113 0.0039492431 2.8539062451 2.0596216541 0.6613043029 0.1382313003 1.1817944312 2.4364528870 0.3492207601 0.9114814877 1.6198363365 0.5637325311 0.7619957927 1.6223497670 0.0672253134 2.0462996963 0.0000000000 1.6243500561 0.6880998133
0.1025847994 2.4524863556 0.0850391836 0.7043018924 2.2929272197 2.3771203320 0.4702680335 0.3344719734 2.8395432990 0.5291574988 0.3532510375 0.4978647682 0.5604682794 0.3557863831 0.5693233435 0.1551578916 1.6243500561 0.0000000000 1.6026041226
0.4203431196 1.6433845505 0.6488080718 0.1463637768 0.5251267214 0.4899499042 0.2917771134 1.3934747280 0.6575266505 0.5001955729 0.5325200463 0.5686998311 2.3807012766 0.1152708635 0.5813821016 0.3477043091 0.6880998133 1.6026041226 0.0000000000
