# MCW Instance
# Type: EXPONENTIAL
# N: 19
# Optimal cost: 1.7348506196052127
# Optimal tour (permutation): [0, 15, 14, 4, 17, 2, 11, 8, 16, 18, 3, 1, 7, 13, 5, 9, 6, 10, 12, 0]
# Optimal walk (full path): [0, 15, 14, 4, 17, 2, 17, 11, 8, 16, 18, 3, 1, 3, 7, 13, 5, 9, 6, 10, 12, 0]
# Walk size: 22
# Is walk (has repeats): true

# Distance Matrix
0.0000000000 2.0288500722 0.4576622063 0.6802877981 0.5990720429 0.9168921255 0.4046243147 0.2539602917 0.5907888167 0.4009566257 0.1721579206 0.3885358929 0.0834594143 1.3967723780 2.7209864695 0.1249927466 0.3102648317 0.2224067101 1.9468416322
2.0288500722 0.0000000000 0.3401987108 0.0655510125 0.2797290879 0.8554807322 2.1512316947 0.3519650833 0.4905526413 2.2773230044 0.1762064384 0.1477484124 4.6496532006 0.7347322908 5.6041813697 0.3923968212 0.2815905857 0.3151115431 0.3133923209
0.4576622063 0.3401987108 0.0000000000 0.2837121878 2.5436566274 1.5433126100 0.0998502496 0.9944758575 1.6093651574 0.6537720288 3.2284952753 0.1610078267 0.2492117014 0.0809870054 1.8402351297 2.1935037534 2.4439158629 0.0469721347 0.1759489328
0.6802877981 0.0655510125 0.2837121878 0.0000000000 0.2368444755 0.4238379765 1.2607254052 0.0075671335 0.2801444801 0.1523257603 5.8199279467 0.4565198134 2.5006833356 1.3353166295 0.1324285533 0.3192212688 0.2031602438 0.4060214546 0.0486361945
0.5990720429 0.2797290879 2.5436566274 0.2368444755 0.0000000000 1.1034157015 1.7769384645 0.4750529467 1.1264529721 0.5953726651 0.0882655942 0.2943138638 0.5044897058 1.1068667811 0.0077922481 0.9507697066 5.1438705644 0.1057215871 0.8454595224
0.9168921255 0.8554807322 1.5433126100 0.4238379765 1.1034157015 0.0000000000 1.4501526825 0.4179637613 0.4739660402 0.1504962951 2.1860870133 5.3012560261 1.6160028599 0.0562101766 0.4247195406 0.1656508306 0.5587702089 2.3448515688 0.3768390364
0.4046243147 2.1512316947 0.0998502496 1.2607254052 1.7769384645 1.4501526825 0.0000000000 0.2955153369 0.6487679999 0.0962018170 0.0014213510 2.1848260613 0.2681465107 0.3435928381 0.2671779180 0.7357009142 0.8501700198 0.5581087423 1.7592505234
0.2539602917 0.3519650833 0.9944758575 0.0075671335 0.4750529467 0.4179637613 0.2955153369 0.0000000000 0.1071988087 2.4743006493 2.3413307604 0.1973917659 0.5269141259 0.0082459813 2.0320935372 1.5137888446 1.0122529372 0.0905809158 0.6808653191
0.5907888167 0.4905526413 1.6093651574 0.2801444801 1.1264529721 0.4739660402 0.6487679999 0.1071988087 0.0000000000 2.1754377247 1.0386514493 0.1672425506 0.4347686993 0.5484177289 2.6667972453 2.1277991508 0.2535887572 0.3487332032 0.4684251791
0.4009566257 2.2773230044 0.6537720288 0.1523257603 0.5953726651 0.1504962951 0.0962018170 2.4743006493 2.1754377247 0.0000000000 0.3414202699 1.8759940212 1.2025190525 0.7818375751 1.5251456496 0.5513995213 1.0867195038 0.4701646689 0.3178775349
0.1721579206 0.1762064384 3.2284952753 5.8199279467 0.0882655942 2.1860870133 0.0014213510 2.3413307604 1.0386514493 0.3414202699 0.0000000000 3.2028160043 0.0137671718 1.7787614737 0.1329690902 1.8020411884 0.2685864764 0.2964846451 0.5000431668
0.3885358929 0.1477484124 0.1610078267 0.4565198134 0.2943138638 5.3012560261 2.1848260613 0.1973917659 0.1672425506 1.8759940212 3.2028160043 0.0000000000 0.4841516972 0.1483551151 3.9400866308 0.4340687752 0.9226225523 0.1124616003 2.5834502132
0.0834594143 4.6496532006 0.2492117014 2.5006833356 0.5044897058 1.6160028599 0.2681465107 0.5269141259 0.4347686993 1.2025190525 0.0137671718 0.4841516972 0.0000000000 1.0024314444 0.8252030866 1.4195117274 1.6737876979 0.5010530505 0.7248020040
1.3967723780 0.7347322908 0.0809870054 1.3353166295 1.1068667811 0.0562101766 0.3435928381 0.0082459813 0.5484177289 0.7818375751 1.7787614737 0.1483551151 1.0024314444 0.0000000000 0.2148065551 2.3979514159 1.5946837395 0.2123986853 1.1208454410
2.7209864695 5.6041813697 1.8402351297 0.1324285533 0.0077922481 0.4247195406 0.2671779180 2.0320935372 2.6667972453 1.5251456496 0.1329690902 3.9400866308 0.8252030866 0.2148065551 0.0000000000 0.0818907537 1.3607572025 0.2904945756 0.6665795539
0.1249927466 0.3923968212 2.1935037534 0.3192212688 0.9507697066 0.1656508306 0.7357009142 1.5137888446 2.1277991508 0.5513995213 1.8020411884 0.4340687752 1.4195117274 2.3979514159 0.0818907537 0.0000000000 0.4443307459 0.2934639535 0.6125569941
0.3102648317 0.2815905857 2.4439158629 0.2031602438 5.1438705644 0.5587702089 0.8501700198 1.0122529372 0.2535887572 1.0867195038 0.2685864764 0.9226225523 1.6737876979 1.5946837395 1.3607572025 0.4443307459 0.0000000000 2.8910879267 0.1901085465
0.2224067101 0.3151115431 0.0469721347 0.4060214546 0.1057215871 2.3448515688 0.5581087423 0.0905809158 0.3487332032 0.4701646689 0.2964846451 0.1124616003 0.5010530505 0.2123986853 0.2904945756 0.2934639535 2.8910879267 0.0000000000 0.0986076820
1.9468416322 0.3133923209 0.1759489328 0.0486361945 0.8454595224 0.3768390364 1.7592505234 0.6808653191 0.4684251791 0.3178775349 0.5000431668 2.5834502132 0.7248020040 1.1208454410 0.6665795539 0.6125569941 0.1901085465 0.0986076820 0.0000000000
