# MCW Instance
# Type: EXPONENTIAL
# N: 19
# Optimal cost: 1.5996921921095464
# Optimal tour (permutation): [0, 15, 14, 5, 1, 17, 12, 11, 10, 7, 4, 3, 6, 2, 13, 16, 8, 18, 9, 0]
# Optimal walk (full path): [0, 15, 14, 5, 1, 17, 12, 11, 10, 7, 3, 4, 3, 6, 2, 13, 16, 13, 9, 8, 9, 18, 9, 15, 0]
# Walk size: 25
# Is walk (has repeats): true

# Distance Matrix
0.0000000000 0.1710105962 1.1111784316 2.0035164811 2.9716670000 0.5667449860 0.2640971111 0.5141912270 0.8366030639 0.3623131461 3.3091163075 0.6106491423 2.8769448092 2.9034623304 0.2280246611 0.0797856706 1.6830407700 0.2992773280 0.7094297329
0.1710105962 0.0000000000 0.2589468138 0.6846646328 4.0066171111 0.1042667456 0.8489389592 0.2742380508 0.6712402827 0.2139542851 0.5656842193 2.9540496923 0.6632352619 0.4116973405 0.9489001888 1.1527137514 2.2812250413 0.0005504965 0.4323619290
1.1111784316 0.2589468138 0.0000000000 1.0432706025 1.1125128965 0.2840744522 0.0865520482 0.7348427078 1.7421630591 0.7222642217 2.3833668982 0.5172053755 0.1194485393 0.1667778543 0.8957225738 2.0599589441 1.8193050198 1.0166074029 1.2353311801
2.0035164811 0.6846646328 1.0432706025 0.0000000000 0.0300167163 2.3442453898 0.0662845262 0.0533962870 1.7698914695 3.7463544741 1.9403134227 1.3719658608 0.4357502430 1.2359588298 0.4978112623 0.9647428182 0.1735390785 0.4405426756 0.9008948402
2.9716670000 4.0066171111 1.1125128965 0.0300167163 0.0000000000 0.2501070401 0.3906041821 1.2572411953 0.5252932934 0.8832972004 0.3211061200 0.3509025678 0.6836251093 0.2554202253 0.0926493017 1.5261671931 0.4539084695 0.0950577631 0.6138258454
0.5667449860 0.1042667456 0.2840744522 2.3442453898 0.2501070401 0.0000000000 0.4684176499 1.1678999465 0.2757208526 0.1981802712 0.3928025296 0.6480222147 1.2530743984 0.9168937283 0.0826385553 0.4345799686 1.1655650166 0.1932179645 1.2265639939
0.2640971111 0.8489389592 0.0865520482 0.0662845262 0.3906041821 0.4684176499 0.0000000000 0.2400076249 0.4234957094 2.8909164123 3.2851771165 0.1567589342 4.7726937322 0.6493749416 0.2110736743 0.8621956557 2.1279740947 0.9499868812 0.5982936780
0.5141912270 0.2742380508 0.7348427078 0.0533962870 1.2572411953 1.1678999465 0.2400076249 0.0000000000 0.3938169715 2.1750311319 0.0782390116 1.2672267549 0.3961815069 0.9971371616 2.2826196297 1.3127407736 0.9660036267 2.8264641227 0.5633293440
0.8366030639 0.6712402827 1.7421630591 1.7698914695 0.5252932934 0.2757208526 0.4234957094 0.3938169715 0.0000000000 0.0713827083 0.3827166025 0.7202532233 0.8664894465 0.4682549743 0.1672658716 0.7191017156 1.9673920476 0.1808471068 0.5472361489
0.3623131461 0.2139542851 0.7222642217 3.7463544741 0.8832972004 0.1981802712 2.8909164123 2.1750311319 0.0713827083 0.0000000000 0.4962869655 1.5105121215 0.8933547873 0.0267868896 0.9616754991 0.0433047420 0.8663770380 1.1983037279 0.1632551369
3.3091163075 0.5656842193 2.3833668982 1.9403134227 0.3211061200 0.3928025296 3.2851771165 0.0782390116 0.3827166025 0.4962869655 0.0000000000 0.0984811646 0.3555376470 0.3874189447 0.5566315392 0.7593739117 0.7119431411 1.4963334234 0.4529471386
0.6106491423 2.9540496923 0.5172053755 1.3719658608 0.3509025678 0.6480222147 0.1567589342 1.2672267549 0.7202532233 1.5105121215 0.0984811646 0.0000000000 0.0203171234 0.5119341601 1.0340396510 0.4634290576 0.5242888912 1.4700751157 0.9652148460
2.8769448092 0.6632352619 0.1194485393 0.4357502430 0.6836251093 1.2530743984 4.7726937322 0.3961815069 0.8664894465 0.8933547873 0.3555376470 0.0203171234 0.0000000000 1.0213951386 2.5445000705 2.6607566646 0.6741125929 0.0732167160 0.5701914969
2.9034623304 0.4116973405 0.1667778543 1.2359588298 0.2554202253 0.9168937283 0.6493749416 0.9971371616 0.4682549743 0.0267868896 0.3874189447 0.5119341601 1.0213951386 0.0000000000 0.8718279002 0.1430719102 0.0014866282 0.0417156929 4.5769518517
0.2280246611 0.9489001888 0.8957225738 0.4978112623 0.0926493017 0.0826385553 0.2110736743 2.2826196297 0.1672658716 0.9616754991 0.5566315392 1.0340396510 2.5445000705 0.8718279002 0.0000000000 0.0070263114 0.8380415402 0.4537860734 0.2090076353
0.0797856706 1.1527137514 2.0599589441 0.9647428182 1.5261671931 0.4345799686 0.8621956557 1.3127407736 0.7191017156 0.0433047420 0.7593739117 0.4634290576 2.6607566646 0.1430719102 0.0070263114 0.0000000000 0.3518633548 2.2998824341 0.3772581315
1.6830407700 2.2812250413 1.8193050198 0.1735390785 0.4539084695 1.1655650166 2.1279740947 0.9660036267 1.9673920476 0.8663770380 0.7119431411 0.5242888912 0.6741125929 0.0014866282 0.8380415402 0.3518633548 0.0000000000 0.9829329269 3.7652762781
0.2992773280 0.0005504965 1.0166074029 0.4405426756 0.0950577631 0.1932179645 0.9499868812 2.8264641227 0.1808471068 1.1983037279 1.4963334234 1.4700751157 0.0732167160 0.0417156929 0.4537860734 2.2998824341 0.9829329269 0.0000000000 0.8590674778
0.7094297329 0.4323619290 1.2353311801 0.9008948402 0.6138258454 1.2265639939 0.5982936780 0.5633293440 0.5472361489 0.1632551369 0.4529471386 0.9652148460 0.5701914969 4.5769518517 0.2090076353 0.3772581315 3.7652762781 0.8590674778 0.0000000000
