# MCW Instance
# Type: EXPONENTIAL
# N: 19
# Optimal cost: 2.1107682805732964
# Optimal tour (permutation): [0, 13, 14, 2, 16, 1, 15, 7, 11, 17, 12, 9, 8, 5, 6, 10, 18, 4, 3, 0]
# Optimal walk (full path): [0, 13, 14, 2, 16, 1, 15, 7, 11, 17, 12, 17, 9, 17, 5, 8, 5, 6, 10, 18, 4, 18, 0, 3, 0]
# Walk size: 25
# Is walk (has repeats): true

# Distance Matrix
0.0000000000 1.3521612792 0.5031189420 0.0684748039 1.3463244064 0.2712266974 0.0911215346 1.3100391506 0.8812574043 0.7680340776 0.6956377056 0.1587555998 0.4795318179 0.1267154137 2.0867610876 0.4017516128 1.7948331422 0.8239935462 0.0122710464
1.3521612792 0.0000000000 0.3125032882 0.1389293204 0.4918955368 2.7274943185 0.1432624112 0.9810689064 0.4841698260 1.6264766547 1.0722644348 0.3765354425 0.3763587308 1.7746473116 1.1681733703 0.0940647423 0.1292054833 1.4153303068 0.0726228466
0.5031189420 0.3125032882 0.0000000000 0.3282728400 5.4431463807 1.5497334125 1.8598725162 0.5022658004 0.4600410417 1.3531319564 0.6051308464 0.8188463616 1.6679176527 0.8837903681 0.0324441095 0.9557064858 0.0083712030 0.5920636147 0.1172222812
0.0684748039 0.1389293204 0.3282728400 0.0000000000 0.6484518409 0.6418117576 1.0105086148 0.0745845626 2.2751776042 0.5727732111 0.3161579572 0.5844485860 0.6223021407 0.4651089704 0.7586067088 1.2241318538 0.3394264823 4.9004945096 1.1941946087
1.3463244064 0.4918955368 5.4431463807 0.6484518409 0.0000000000 1.0280634792 0.8251930455 0.1071528323 1.1216267712 0.4136231666 2.0184407124 0.9999823095 1.9036025703 2.4771254044 2.3081744948 0.4209455207 1.4071881490 1.2269413607 0.0561692290
0.2712266974 2.7274943185 1.5497334125 0.6418117576 1.0280634792 0.0000000000 0.1219906814 0.2042964819 0.0964142976 0.1270463932 0.6998132920 0.2014630337 0.5977699072 0.2521836357 0.2981513818 0.6418264810 1.2366331500 0.0134043111 1.4703156629
0.0911215346 0.1432624112 1.8598725162 1.0105086148 0.8251930455 0.1219906814 0.0000000000 1.4292565429 1.6408036983 5.6531285081 0.0303138884 0.8436407653 2.7972907575 2.2501624509 0.7061074210 0.2115820230 2.3371058289 1.9993593852 0.7453140772
1.3100391506 0.9810689064 0.5022658004 0.0745845626 0.1071528323 0.2042964819 1.4292565429 0.0000000000 0.9269071561 2.5983050207 0.5547793363 0.1361438826 0.2349141026 0.4631673332 4.3161315302 0.1080572093 0.8607588507 0.5286650031 2.6572312180
0.8812574043 0.4841698260 0.4600410417 2.2751776042 1.1216267712 0.0964142976 1.6408036983 0.9269071561 0.0000000000 2.1246040729 0.5611004011 0.2765754158 0.3857320122 0.2479001022 0.7551222506 1.2842335066 0.5622822155 0.2075164038 0.2257098249
0.7680340776 1.6264766547 1.3531319564 0.5727732111 0.4136231666 0.1270463932 5.6531285081 2.5983050207 2.1246040729 0.0000000000 0.4651414000 0.5946139835 1.4183433877 1.3423811404 0.6773546047 2.5766706844 0.6051603291 0.0670830072 1.8655052852
0.6956377056 1.0722644348 0.6051308464 0.3161579572 2.0184407124 0.6998132920 0.0303138884 0.5547793363 0.5611004011 0.4651414000 0.0000000000 1.3419061709 1.9809996570 0.9694190115 1.1248808740 1.0351622774 0.7207884261 0.8991041555 0.0918666480
0.1587555998 0.3765354425 0.8188463616 0.5844485860 0.9999823095 0.2014630337 0.8436407653 0.1361438826 0.2765754158 0.5946139835 1.3419061709 0.0000000000 1.2354614523 0.8828505509 0.3515590120 1.4045817036 0.3788192597 0.1166833466 1.2717140118
0.4795318179 0.3763587308 1.6679176527 0.6223021407 1.9036025703 0.5977699072 2.7972907575 0.2349141026 0.3857320122 1.4183433877 1.9809996570 1.2354614523 0.0000000000 1.1001841762 1.3188553000 2.1257889491 6.1323957648 0.2133397156 1.0401468163
0.1267154137 1.7746473116 0.8837903681 0.4651089704 2.4771254044 0.2521836357 2.2501624509 0.4631673332 0.2479001022 1.3423811404 0.9694190115 0.8828505509 1.1001841762 0.0000000000 0.0862742082 1.8430015550 5.3478504566 0.6079951579 1.2076698921
2.0867610876 1.1681733703 0.0324441095 0.7586067088 2.3081744948 0.2981513818 0.7061074210 4.3161315302 0.7551222506 0.6773546047 1.1248808740 0.3515590120 1.3188553000 0.0862742082 0.0000000000 1.4434350716 0.6910397380 0.8841207576 0.1763178416
0.4017516128 0.0940647423 0.9557064858 1.2241318538 0.4209455207 0.6418264810 0.2115820230 0.1080572093 1.2842335066 2.5766706844 1.0351622774 1.4045817036 2.1257889491 1.8430015550 1.4434350716 0.0000000000 0.3261308876 0.5266494501 0.8341117327
1.7948331422 0.1292054833 0.0083712030 0.3394264823 1.4071881490 1.2366331500 2.3371058289 0.8607588507 0.5622822155 0.6051603291 0.7207884261 0.3788192597 6.1323957648 5.3478504566 0.6910397380 0.3261308876 0.0000000000 0.3307493262 0.1225099375
0.8239935462 1.4153303068 0.5920636147 4.9004945096 1.2269413607 0.0134043111 1.9993593852 0.5286650031 0.2075164038 0.0670830072 0.8991041555 0.1166833466 0.2133397156 0.6079951579 0.8841207576 0.5266494501 0.3307493262 0.0000000000 0.7134443878
0.0122710464 0.0726228466 0.1172222812 1.1941946087 0.0561692290 1.4703156629 0.7453140772 2.6572312180 0.2257098249 1.8655052852 0.0918666480 1.2717140118 1.0401468163 1.2076698921 0.1763178416 0.8341117327 0.1225099375 0.7134443878 0.0000000000
