# MCW Instance
# Type: EXPONENTIAL
# N: 19
# Optimal cost: 2.3754214933223405
# Optimal tour (permutation): [0, 18, 8, 17, 4, 6, 11, 15, 1, 7, 5, 10, 16, 3, 13, 9, 12, 14, 2, 0]
# Optimal walk (full path): [0, 18, 8, 0, 17, 4, 17, 0, 6, 11, 15, 1, 7, 5, 10, 16, 3, 9, 13, 9, 12, 14, 2, 0]
# Walk size: 24
# Is walk (has repeats): true

# Distance Matrix
0.0000000000 2.4353503953 0.2696541150 0.8417353392 0.1092839209 0.3977608739 0.0215267127 0.1471436352 0.1537387945 0.8045110644 1.8646708176 0.2942124339 0.2456891857 1.7390123445 0.4177893742 1.1391976121 0.8144019692 0.0344468244 0.1226868866
2.4353503953 0.0000000000 0.4532551684 1.1288421676 0.6611428062 0.2420899907 0.4200178198 0.0085064674 0.4137810584 1.2330568586 2.1672781620 0.8411721391 0.2803668364 2.7007045367 0.1874989572 0.1683078382 0.6196765723 0.6062798469 0.4694747171
0.2696541150 0.4532551684 0.0000000000 0.5595285880 0.7540607619 0.3561774309 4.3694025315 1.0229919154 2.2735981669 0.7761792795 0.4889681566 1.1510436363 0.2199120474 2.3342810579 0.1845788673 0.9747843774 1.7449303679 1.1142030569 0.7128440834
0.8417353392 1.1288421676 0.5595285880 0.0000000000 1.8433596758 0.3161818602 1.4677347769 2.1685437762 0.6474024710 0.2515658751 0.9201413676 1.5634282479 1.9200246960 1.5750237508 2.4047475077 1.2833930955 0.2760144399 0.4465991898 0.9978717928
0.1092839209 0.6611428062 0.7540607619 1.8433596758 0.0000000000 0.8830137558 0.4255138904 0.5171784457 0.7107757854 1.7922055907 0.9825482318 0.5527113875 4.4055773738 0.1363619303 1.1110279672 0.6778313934 1.4442996158 0.0431342896 1.0229430199
0.3977608739 0.2420899907 0.3561774309 0.3161818602 0.8830137558 0.0000000000 0.2514035025 0.2085193954 0.3932992326 2.8919637485 0.0145835760 0.9818925398 0.8138568621 0.1875021689 0.2217357221 1.5133141327 0.9482517296 0.7904973340 0.3994952185
0.0215267127 0.4200178198 4.3694025315 1.4677347769 0.4255138904 0.2514035025 0.0000000000 2.8158607322 0.2175132241 0.0608015843 0.2764422169 0.0838144239 1.9010919091 1.3523721817 1.0463472778 1.4232425255 0.3465526421 0.7120111813 4.4534934326
0.1471436352 0.0085064674 1.0229919154 2.1685437762 0.5171784457 0.2085193954 2.8158607322 0.0000000000 1.6065436837 0.8819657126 0.4848556448 2.9887684358 1.6357488878 1.1853062380 2.1851045172 0.9608938593 1.1041142506 0.2187428374 2.2121755881
0.1537387945 0.4137810584 2.2735981669 0.6474024710 0.7107757854 0.3932992326 0.2175132241 1.6065436837 0.0000000000 0.5894591551 0.4469587827 0.6886711019 0.2548741717 0.4124380293 0.6162954489 1.2276363117 2.4978171746 3.3484180039 0.0764408922
0.8045110644 1.2330568586 0.7761792795 0.2515658751 1.7922055907 2.8919637485 0.0608015843 0.8819657126 0.5894591551 0.0000000000 0.6048178642 6.3683207172 0.0579186092 0.0234900657 0.3770898883 0.5918697183 1.8101468862 0.5866069299 0.2043698220
1.8646708176 2.1672781620 0.4889681566 0.9201413676 0.9825482318 0.0145835760 0.2764422169 0.4848556448 0.4469587827 0.6048178642 0.0000000000 6.7312782406 2.8049308156 0.2428935573 2.3210586400 0.2306344455 0.1323484462 4.0782053121 0.9994955828
0.2942124339 0.8411721391 1.1510436363 1.5634282479 0.5527113875 0.9818925398 0.0838144239 2.9887684358 0.6886711019 6.3683207172 6.7312782406 0.0000000000 0.4449566552 1.8920763761 1.9693950337 0.0888728719 0.9929219694 0.3772057932 0.3742623459
0.2456891857 0.2803668364 0.2199120474 1.9200246960 4.4055773738 0.8138568621 1.9010919091 1.6357488878 0.2548741717 0.0579186092 2.8049308156 0.4449566552 0.0000000000 0.4961493509 0.0542009224 2.0269209092 0.1131029759 0.8342681873 1.5596496665
1.7390123445 2.7007045367 2.3342810579 1.5750237508 0.1363619303 0.1875021689 1.3523721817 1.1853062380 0.4124380293 0.0234900657 0.2428935573 1.8920763761 0.4961493509 0.0000000000 1.6138546702 1.1829753692 1.8853663717 0.5677300191 0.4983240588
0.4177893742 0.1874989572 0.1845788673 2.4047475077 1.1110279672 0.2217357221 1.0463472778 2.1851045172 0.6162954489 0.3770898883 2.3210586400 1.9693950337 0.0542009224 1.6138546702 0.0000000000 1.7375917371 1.8142489155 5.9349634242 1.4481974395
1.1391976121 0.1683078382 0.9747843774 1.2833930955 0.6778313934 1.5133141327 1.4232425255 0.9608938593 1.2276363117 0.5918697183 0.2306344455 0.0888728719 2.0269209092 1.1829753692 1.7375917371 0.0000000000 1.4075953917 0.3185213089 0.9925201902
0.8144019692 0.6196765723 1.7449303679 0.2760144399 1.4442996158 0.9482517296 0.3465526421 1.1041142506 2.4978171746 1.8101468862 0.1323484462 0.9929219694 0.1131029759 1.8853663717 1.8142489155 1.4075953917 0.0000000000 0.7156705930 2.3606348946
0.0344468244 0.6062798469 1.1142030569 0.4465991898 0.0431342896 0.7904973340 0.7120111813 0.2187428374 3.3484180039 0.5866069299 4.0782053121 0.3772057932 0.8342681873 0.5677300191 5.9349634242 0.3185213089 0.7156705930 0.0000000000 0.7322162177
0.1226868866 0.4694747171 0.7128440834 0.9978717928 1.0229430199 0.3994952185 4.4534934326 2.2121755881 0.0764408922 0.2043698220 0.9994955828 0.3742623459 1.5596496665 0.4983240588 1.4481974395 0.9925201902 2.3606348946 0.7322162177 0.0000000000
