# MCW Instance
# Type: EXPONENTIAL
# N: 19
# Optimal cost: 2.1230206627877064
# Optimal tour (permutation): [0, 9, 3, 10, 12, 14, 6, 16, 18, 13, 8, 7, 5, 4, 17, 2, 11, 15, 1, 0]
# Optimal walk (full path): [0, 9, 0, 3, 10, 12, 14, 6, 14, 16, 18, 13, 8, 13, 7, 5, 4, 17, 2, 11, 15, 0, 1, 0]
# Walk size: 24
# Is walk (has repeats): true

# Distance Matrix
0.0000000000 0.0039512007 1.0773421821 0.2505892881 0.3628355904 0.6401238209 1.3627634542 1.1655250093 1.7765848928 0.0052784890 1.3183251499 1.8413588824 0.5540270529 0.5678563617 3.2178122939 0.0082852068 1.4891769042 0.7677063540 0.5189632657
0.0039512007 0.0000000000 0.9027913998 0.3271082497 0.2771507576 0.8549585080 2.0265668591 1.1614879136 0.0655048244 2.2630083600 0.3814581819 1.2464859230 0.4713525682 1.8454759739 2.0794235740 0.1454905143 0.2399987482 0.8196910815 2.0503654186
1.0773421821 0.9027913998 0.0000000000 0.7771633470 0.8411083950 1.6476838136 2.3798476162 0.7974100047 1.6358077976 0.9531424287 4.2604894018 0.1427818705 1.1230564384 0.1861121423 0.1365226685 0.4104023466 0.9473458883 0.1316041951 0.5114515042
0.2505892881 0.3271082497 0.7771633470 0.0000000000 0.8187182970 0.5586608337 1.0248492016 1.3904180868 0.4032117530 0.2967315748 0.3310022798 0.3363288145 0.5217437971 1.0157866541 5.8747654362 1.1185389969 1.8181009620 2.3035606468 0.4146549837
0.3628355904 0.2771507576 0.8411083950 0.8187182970 0.0000000000 0.1783871233 1.0991448481 0.9201044932 0.2993900883 0.3576791159 1.4149363308 1.0154078910 1.2562930580 1.5986408218 0.3650570305 1.4757776101 1.1907603630 0.2025757713 0.8522800422
0.6401238209 0.8549585080 1.6476838136 0.5586608337 0.1783871233 0.0000000000 1.4263952705 0.1348986953 1.5198194422 0.5168941677 3.2564601272 0.9096025634 0.3522068920 0.2017258720 0.3382977568 1.5776961282 1.5461460034 4.7208818209 0.9883162223
1.3627634542 2.0265668591 2.3798476162 1.0248492016 1.0991448481 1.4263952705 0.0000000000 4.9889975766 0.0743529033 1.7619764073 0.5835028540 0.0463430715 1.2438412541 3.2737004948 0.0085358670 1.5035853706 0.7280336804 1.0439961832 3.4127897199
1.1655250093 1.1614879136 0.7974100047 1.3904180868 0.9201044932 0.1348986953 4.9889975766 0.0000000000 2.1142100494 0.1996064970 1.1730299461 0.1724602811 2.5009356752 0.0388529684 0.8701045642 0.5917575069 0.3633010659 0.1488907805 0.2621384019
1.7765848928 0.0655048244 1.6358077976 0.4032117530 0.2993900883 1.5198194422 0.0743529033 2.1142100494 0.0000000000 0.1783949046 1.1845441587 1.5668512776 1.0327188786 0.0484971384 0.7493210881 0.6805758608 0.2609523356 0.0721363682 0.1737614155
0.0052784890 2.2630083600 0.9531424287 0.2967315748 0.3576791159 0.5168941677 1.7619764073 0.1996064970 0.1783949046 0.0000000000 1.1386767885 1.7444637454 0.4049374266 0.3516639809 0.0520708592 2.7014065398 0.3751250039 0.3073087618 0.4043172514
1.3183251499 0.3814581819 4.2604894018 0.3310022798 1.4149363308 3.2564601272 0.5835028540 1.1730299461 1.1845441587 1.1386767885 0.0000000000 0.1124006120 0.0690048578 3.8110830406 0.2085638734 2.3796196866 1.1485175163 0.4067956175 1.1016182473
1.8413588824 1.2464859230 0.1427818705 0.3363288145 1.0154078910 0.9096025634 0.0463430715 0.1724602811 1.5668512776 1.7444637454 0.1124006120 0.0000000000 0.4458820076 0.1734532944 0.1872589451 0.0166111456 0.4562531616 0.1152252662 1.8373438058
0.5540270529 0.4713525682 1.1230564384 0.5217437971 1.2562930580 0.3522068920 1.2438412541 2.5009356752 1.0327188786 0.4049374266 0.0690048578 0.4458820076 0.0000000000 2.1661977899 0.1398498734 0.1915856401 2.7312278836 4.0233217536 0.2491012749
0.5678563617 1.8454759739 0.1861121423 1.0157866541 1.5986408218 0.2017258720 3.2737004948 0.0388529684 0.0484971384 0.3516639809 3.8110830406 0.1734532944 2.1661977899 0.0000000000 1.6046888583 1.0901316781 4.6432513807 0.8058404529 0.0518614332
3.2178122939 2.0794235740 0.1365226685 5.8747654362 0.3650570305 0.3382977568 0.0085358670 0.8701045642 0.7493210881 0.0520708592 0.2085638734 0.1872589451 0.1398498734 1.6046888583 0.0000000000 2.8725553498 0.1556499267 0.2708097163 0.7393214196
0.0082852068 0.1454905143 0.4104023466 1.1185389969 1.4757776101 1.5776961282 1.5035853706 0.5917575069 0.6805758608 2.7014065398 2.3796196866 0.0166111456 0.1915856401 1.0901316781 2.8725553498 0.0000000000 0.3264184093 0.2101562778 2.4075754260
1.4891769042 0.2399987482 0.9473458883 1.8181009620 1.1907603630 1.5461460034 0.7280336804 0.3633010659 0.2609523356 0.3751250039 1.1485175163 0.4562531616 2.7312278836 4.6432513807 0.1556499267 0.3264184093 0.0000000000 3.0005011283 0.1385406373
0.7677063540 0.8196910815 0.1316041951 2.3035606468 0.2025757713 4.7208818209 1.0439961832 0.1488907805 0.0721363682 0.3073087618 0.4067956175 0.1152252662 4.0233217536 0.8058404529 0.2708097163 0.2101562778 3.0005011283 0.0000000000 0.8997703007
0.5189632657 2.0503654186 0.5114515042 0.4146549837 0.8522800422 0.9883162223 3.4127897199 0.2621384019 0.1737614155 0.4043172514 1.1016182473 1.8373438058 0.2491012749 0.0518614332 0.7393214196 2.4075754260 0.1385406373 0.8997703007 0.0000000000
