# MCW Instance
# Type: EXPONENTIAL
# N: 19
# Optimal cost: 1.5444517808457117
# Optimal tour (permutation): [0, 12, 1, 5, 17, 16, 7, 14, 18, 6, 8, 3, 4, 11, 10, 15, 13, 9, 2, 0]
# Optimal walk (full path): [0, 12, 5, 1, 5, 7, 17, 7, 16, 7, 8, 14, 18, 6, 8, 3, 8, 7, 4, 11, 10, 15, 13, 9, 2, 9, 13, 0]
# Walk size: 28
# Is walk (has repeats): true

# Distance Matrix
0.0000000000 0.3712033582 1.4789098676 0.9493955846 0.7066392478 0.1396746557 2.1186258022 1.7040797721 2.4086436385 0.9115757543 2.3702407848 3.2436166120 0.1369700834 0.1309759670 0.2375643786 0.9379920024 1.1962959752 0.2287952821 0.2080901142
0.3712033582 0.0000000000 2.7385948978 1.2373251135 2.1499914323 0.0310128476 0.8619727676 0.4096816575 0.5589699973 1.2760086973 0.4547974977 1.2869035161 1.6318351555 0.0724126420 0.2171908187 0.3256615665 0.4446218515 1.5013065275 0.2459283759
1.4789098676 2.7385948978 0.0000000000 0.1154275958 0.3904761445 0.1201438826 0.2248636243 0.2441911441 0.2213468209 0.0130099666 0.5055841886 1.5986082552 1.6972991618 0.0843819852 0.6809237826 2.5648776918 2.2164017767 0.2894150182 0.3195010899
0.9493955846 1.2373251135 0.1154275958 0.0000000000 1.2287721103 0.1791440548 0.9670418423 0.4933482375 0.0167546466 1.8705606679 0.3166741811 0.3531513170 1.1982687985 2.1989602559 1.4436814669 1.3171232512 0.3577797103 1.5686990880 0.3499297876
0.7066392478 2.1499914323 0.3904761445 1.2287721103 0.0000000000 0.3333462692 0.2961749674 0.0461454672 0.6594957469 0.8456205942 0.7795862740 0.0426490202 0.1204963322 0.2512625695 2.3003695283 0.2849221162 0.2025188030 0.4757368874 1.6978490939
0.1396746557 0.0310128476 0.1201438826 0.1791440548 0.3333462692 0.0000000000 1.2421322984 0.0432846411 1.2530448192 0.8368855315 0.7356351471 0.6558423863 0.0385555194 1.7104593691 1.1002679937 0.1649244370 0.4683470169 0.6690296872 1.9634810315
2.1186258022 0.8619727676 0.2248636243 0.9670418423 0.2961749674 1.2421322984 0.0000000000 1.6554055663 0.0630828941 1.3250829030 0.2863256694 0.6143805310 1.6038904873 0.3470896595 1.1372041329 1.1363053969 1.4849002997 0.8699628277 0.0438146581
1.7040797721 0.4096816575 0.2441911441 0.4933482375 0.0461454672 0.0432846411 1.6554055663 0.0000000000 0.0231970913 3.1443080565 0.4562499373 0.8005028941 1.0842925901 0.5560180826 0.1491102446 0.2838179729 0.1505357628 0.0880222062 1.1677712282
2.4086436385 0.5589699973 0.2213468209 0.0167546466 0.6594957469 1.2530448192 0.0630828941 0.0231970913 0.0000000000 2.2112218794 0.5171229687 0.6318080926 1.8219427634 0.5303790271 0.0755014162 0.5882976702 1.1652880848 0.7105922559 0.2805474791
0.9115757543 1.2760086973 0.0130099666 1.8705606679 0.8456205942 0.8368855315 1.3250829030 3.1443080565 2.2112218794 0.0000000000 0.5822810143 0.2915187104 0.8872193064 0.0123071868 0.7912375936 1.8092302192 0.2015903460 0.2942915919 0.2619529051
2.3702407848 0.4547974977 0.5055841886 0.3166741811 0.7795862740 0.7356351471 0.2863256694 0.4562499373 0.5171229687 0.5822810143 0.0000000000 0.0599671907 0.1934355479 0.2309860527 1.0969183462 0.0076213914 1.0750340185 1.4170110876 1.0073194365
3.2436166120 1.2869035161 1.5986082552 0.3531513170 0.0426490202 0.6558423863 0.6143805310 0.8005028941 0.6318080926 0.2915187104 0.0599671907 0.0000000000 0.9140454177 5.7853563074 0.6025580854 1.4803764158 1.8812032357 1.3788086366 1.0522559680
0.1369700834 1.6318351555 1.6972991618 1.1982687985 0.1204963322 0.0385555194 1.6038904873 1.0842925901 1.8219427634 0.8872193064 0.1934355479 0.9140454177 0.0000000000 0.6647096866 0.5740532193 0.4919220988 0.5016744952 0.2310027240 1.0672866378
0.1309759670 0.0724126420 0.0843819852 2.1989602559 0.2512625695 1.7104593691 0.3470896595 0.5560180826 0.5303790271 0.0123071868 0.2309860527 5.7853563074 0.6647096866 0.0000000000 0.5506767846 0.1048190909 1.5238674376 0.7076091649 0.4236810031
0.2375643786 0.2171908187 0.6809237826 1.4436814669 2.3003695283 1.1002679937 1.1372041329 0.1491102446 0.0755014162 0.7912375936 1.0969183462 0.6025580854 0.5740532193 0.5506767846 0.0000000000 0.3722629612 1.2205872943 0.7769060573 0.0813850254
0.9379920024 0.3256615665 2.5648776918 1.3171232512 0.2849221162 0.1649244370 1.1363053969 0.2838179729 0.5882976702 1.8092302192 0.0076213914 1.4803764158 0.4919220988 0.1048190909 0.3722629612 0.0000000000 0.5269651160 0.8429922930 1.4668145951
1.1962959752 0.4446218515 2.2164017767 0.3577797103 0.2025188030 0.4683470169 1.4849002997 0.1505357628 1.1652880848 0.2015903460 1.0750340185 1.8812032357 0.5016744952 1.5238674376 1.2205872943 0.5269651160 0.0000000000 6.1845304851 0.4193603160
0.2287952821 1.5013065275 0.2894150182 1.5686990880 0.4757368874 0.6690296872 0.8699628277 0.0880222062 0.7105922559 0.2942915919 1.4170110876 1.3788086366 0.2310027240 0.7076091649 0.7769060573 0.8429922930 6.1845304851 0.0000000000 0.9810324322
0.2080901142 0.2459283759 0.3195010899 0.3499297876 1.6978490939 1.9634810315 0.0438146581 1.1677712282 0.2805474791 0.2619529051 1.0073194365 1.0522559680 1.0672866378 0.4236810031 0.0813850254 1.4668145951 0.4193603160 0.9810324322 0.0000000000
