# MCW Instance
# Type: EXPONENTIAL
# N: 19
# Optimal cost: 2.087652846026979
# Optimal tour (permutation): [0, 11, 8, 4, 14, 16, 5, 1, 18, 13, 12, 6, 15, 17, 3, 9, 7, 10, 2, 0]
# Optimal walk (full path): [0, 11, 8, 4, 14, 16, 5, 1, 5, 18, 13, 12, 6, 15, 17, 3, 9, 7, 16, 10, 2, 0]
# Walk size: 22
# Is walk (has repeats): true

# Distance Matrix
0.0000000000 0.6546740444 0.0352719875 0.2208902123 1.2206084473 1.0879197935 0.4730969367 0.1179172234 0.5166489348 0.4041347347 0.9072106531 0.0244670700 0.7221628949 0.2840389170 0.9470569150 0.4241185543 1.1492247251 1.9808452504 0.4583850255
0.6546740444 0.0000000000 2.5208164707 0.9135732362 0.7164950871 0.2303563138 0.5603160021 0.9941708901 1.2387384417 1.9467751032 0.8566132843 0.4830682505 1.0411142067 2.1519385179 1.1949769891 0.5789294117 0.3771729475 1.3793144758 0.4533270180
0.0352719875 2.5208164707 0.0000000000 6.2373726254 0.4385549395 0.8195615860 0.1570613762 1.0970721760 0.9969078163 2.6794769026 0.1985300859 0.1956283143 1.2755596223 0.4076487332 0.5347881000 0.4929174915 0.0440938057 1.4825191944 0.4263753536
0.2208902123 0.9135732362 6.2373726254 0.0000000000 0.7091262402 0.0678385373 0.9528126890 2.6926305863 0.1504269583 0.1121460845 2.7140732033 1.7718627166 0.5237486183 0.8367126241 1.4753575981 0.8153810083 0.0976247176 0.0487043422 0.3657170920
1.2206084473 0.7164950871 0.4385549395 0.7091262402 0.0000000000 0.2336339167 0.6366996732 1.1311518960 0.0609722980 0.3828399389 0.3287704648 0.1973070713 2.1703073191 0.1563500596 0.0496956524 0.9973883405 1.2346265035 0.1048368055 1.7272557717
1.0879197935 0.2303563138 0.8195615860 0.0678385373 0.2336339167 0.0000000000 0.9942806507 1.0271776800 0.3794927550 0.2211058369 0.8460075199 0.5188810225 0.4716439887 0.5825568189 0.0660417353 1.2283385952 0.0306102793 0.4848625860 0.0841913418
0.4730969367 0.5603160021 0.1570613762 0.9528126890 0.6366996732 0.9942806507 0.0000000000 0.8596620721 0.4050827366 1.4026559073 0.3389522415 0.5960781472 0.0056153841 0.7979816854 0.1761608639 0.2301950837 3.8972863229 0.1011448370 2.4360964770
0.1179172234 0.9941708901 1.0970721760 2.6926305863 1.1311518960 1.0271776800 0.8596620721 0.0000000000 0.2764495945 0.0285351979 0.5959653784 2.6859791821 0.0823547141 0.1026043991 2.2100690313 0.6549403044 0.0033837711 0.6264225830 0.4470228164
0.5166489348 1.2387384417 0.9969078163 0.1504269583 0.0609722980 0.3794927550 0.4050827366 0.2764495945 0.0000000000 0.8952066505 1.1712304205 0.1329331782 1.6233604592 1.2407902658 1.7053325899 1.9521541490 0.8329700883 0.5645334896 0.2492707670
0.4041347347 1.9467751032 2.6794769026 0.1121460845 0.3828399389 0.2211058369 1.4026559073 0.0285351979 0.8952066505 0.0000000000 0.3870001353 0.2212652757 1.5213239163 0.2287527873 0.0611279560 0.2439067220 2.6028551937 0.3590145553 1.6899569986
0.9072106531 0.8566132843 0.1985300859 2.7140732033 0.3287704648 0.8460075199 0.3389522415 0.5959653784 1.1712304205 0.3870001353 0.0000000000 1.0379872507 1.6310568521 1.8939875377 1.0477836009 0.6544356903 0.2137723752 0.6717792217 0.4759858385
0.0244670700 0.4830682505 0.1956283143 1.7718627166 0.1973070713 0.5188810225 0.5960781472 2.6859791821 0.1329331782 0.2212652757 1.0379872507 0.0000000000 0.6455965900 2.3234850996 2.0962271199 0.8983949966 0.0799469156 0.4354644241 1.0513367708
0.7221628949 1.0411142067 1.2755596223 0.5237486183 2.1703073191 0.4716439887 0.0056153841 0.0823547141 1.6233604592 1.5213239163 1.6310568521 0.6455965900 0.0000000000 0.0222064921 1.0459890430 0.8019119902 3.2613835868 0.4549772795 0.9160119322
0.2840389170 2.1519385179 0.4076487332 0.8367126241 0.1563500596 0.5825568189 0.7979816854 0.1026043991 1.2407902658 0.2287527873 1.8939875377 2.3234850996 0.0222064921 0.0000000000 0.8768740403 1.2026561334 1.4650144911 0.5705061276 0.1036567162
0.9470569150 1.1949769891 0.5347881000 1.4753575981 0.0496956524 0.0660417353 0.1761608639 2.2100690313 1.7053325899 0.0611279560 1.0477836009 2.0962271199 1.0459890430 0.8768740403 0.0000000000 1.9533750734 0.0212330292 0.2800905432 2.1869780181
0.4241185543 0.5789294117 0.4929174915 0.8153810083 0.9973883405 1.2283385952 0.2301950837 0.6549403044 1.9521541490 0.2439067220 0.6544356903 0.8983949966 0.8019119902 1.2026561334 1.9533750734 0.0000000000 0.4692090617 0.2208198490 1.0741905032
1.1492247251 0.3771729475 0.0440938057 0.0976247176 1.2346265035 0.0306102793 3.8972863229 0.0033837711 0.8329700883 2.6028551937 0.2137723752 0.0799469156 3.2613835868 1.4650144911 0.0212330292 0.4692090617 0.0000000000 0.9357871677 0.1773501083
1.9808452504 1.3793144758 1.4825191944 0.0487043422 0.1048368055 0.4848625860 0.1011448370 0.6264225830 0.5645334896 0.3590145553 0.6717792217 0.4354644241 0.4549772795 0.5705061276 0.2800905432 0.2208198490 0.9357871677 0.0000000000 2.5275692302
0.4583850255 0.4533270180 0.4263753536 0.3657170920 1.7272557717 0.0841913418 2.4360964770 0.4470228164 0.2492707670 1.6899569986 0.4759858385 1.0513367708 0.9160119322 0.1036567162 2.1869780181 1.0741905032 0.1773501083 2.5275692302 0.0000000000
