# MCW Instance
# Type: EXPONENTIAL
# N: 19
# Optimal cost: 1.8357977247796535
# Optimal tour (permutation): [0, 17, 11, 3, 5, 8, 18, 14, 7, 12, 10, 15, 4, 6, 2, 16, 13, 9, 1, 0]
# Optimal walk (full path): [0, 7, 8, 17, 11, 3, 17, 5, 17, 8, 7, 18, 7, 14, 7, 12, 10, 15, 4, 6, 4, 2, 4, 16, 9, 13, 9, 0, 1, 0]
# Walk size: 30
# Is walk (has repeats): true

# Distance Matrix
0.0000000000 0.1178944816 0.7518324418 0.5329936598 0.0586869019 0.6584814441 0.9587770621 0.0315557525 0.1160839155 0.0569000561 0.1218061552 1.6836958557 0.6170962509 0.2106458795 0.9830478068 1.7901465681 0.1283021852 1.5820255153 1.3040887432
0.1178944816 0.0000000000 0.4514887255 0.6934476898 1.7858240015 1.9515987262 0.9763056957 0.7207204639 0.1765069338 1.5350532785 0.9464845983 1.4726526460 2.0565870719 3.0200425409 0.5208151144 0.7316432579 0.9445260889 4.0500198043 0.9619545571
0.7518324418 0.4514887255 0.0000000000 1.1658290820 0.0082693264 0.3151776674 1.8367083293 0.1313834381 0.2086146162 1.0617506443 1.6915661489 1.8325424439 0.7890940155 2.0297050235 1.3700830550 2.9194874891 0.5131318739 0.9334923806 1.0398874447
0.5329936598 0.6934476898 1.1658290820 0.0000000000 1.1020294866 2.3038036511 1.4386781087 2.1130513237 1.5956032606 0.7434395440 1.0750067132 0.0442129577 1.3594791642 2.2702494495 1.8159295508 0.2428568655 0.3469173804 0.1283137225 0.3629767723
0.0586869019 1.7858240015 0.0082693264 1.1020294866 0.0000000000 0.1297708875 0.1442028209 1.4928255534 2.9006888829 0.2223305199 0.1783218531 1.6977836187 0.2278128642 1.1150333169 0.9685699758 0.0616094485 0.0194781156 1.1652489265 0.1328173000
0.6584814441 1.9515987262 0.3151776674 2.3038036511 0.1297708875 0.0000000000 0.9745056139 0.5704117829 0.3576358327 1.4177613316 1.2163008875 0.3085532258 0.8345331662 0.5993217126 0.3811550215 1.2111021332 0.3831870241 0.0517075382 0.1874877236
0.9587770621 0.9763056957 1.8367083293 1.4386781087 0.1442028209 0.9745056139 0.0000000000 1.3751663424 0.2804276461 0.9722119821 1.2017558051 2.8680321546 1.2871606111 1.3083908543 0.4503623683 2.7185377060 0.7511665017 1.1151618017 1.3221725235
0.0315557525 0.7207204639 0.1313834381 2.1130513237 1.4928255534 0.5704117829 1.3751663424 0.0000000000 0.0217700856 2.1234808260 2.2751107817 0.7968599895 0.0276611491 0.8270196963 0.1364911341 2.0455400212 0.6000035726 1.3104206847 0.0341050620
0.1160839155 0.1765069338 0.2086146162 1.5956032606 2.9006888829 0.3576358327 0.2804276461 0.0217700856 0.0000000000 1.2725944813 0.1392210721 1.8472900079 1.0546525945 0.0931634701 0.4181091936 1.0494912448 0.1377999379 0.0067138366 0.8614654152
0.0569000561 1.5350532785 1.0617506443 0.7434395440 0.2223305199 1.4177613316 0.9722119821 2.1234808260 1.2725944813 0.0000000000 0.6883337975 1.5355286920 0.5643525179 0.0060150002 0.3397379686 2.7600179311 0.1012585801 5.3654828299 0.4079821404
0.1218061552 0.9464845983 1.6915661489 1.0750067132 0.1783218531 1.2163008875 1.2017558051 2.2751107817 0.1392210721 0.6883337975 0.0000000000 0.5146489907 0.0830769080 2.5535024141 4.4668295327 0.1146168687 1.5496972016 2.3088992498 0.4360891164
1.6836958557 1.4726526460 1.8325424439 0.0442129577 1.6977836187 0.3085532258 2.8680321546 0.7968599895 1.8472900079 1.5355286920 0.5146489907 0.0000000000 1.4874948000 0.2872980340 4.7130368131 1.0295265263 0.2314653336 0.1127755946 2.4439047390
0.6170962509 2.0565870719 0.7890940155 1.3594791642 0.2278128642 0.8345331662 1.2871606111 0.0276611491 1.0546525945 0.5643525179 0.0830769080 1.4874948000 0.0000000000 1.2317659020 0.4297967500 0.5794671964 0.3285651866 0.0742450841 1.9585273110
0.2106458795 3.0200425409 2.0297050235 2.2702494495 1.1150333169 0.5993217126 1.3083908543 0.8270196963 0.0931634701 0.0060150002 2.5535024141 0.2872980340 1.2317659020 0.0000000000 1.0138947084 2.2358482292 0.4253205209 1.0517374626 1.7270191706
0.9830478068 0.5208151144 1.3700830550 1.8159295508 0.9685699758 0.3811550215 0.4503623683 0.1364911341 0.4181091936 0.3397379686 4.4668295327 4.7130368131 0.4297967500 1.0138947084 0.0000000000 1.1912208111 0.3308738276 0.7949399774 3.9099426422
1.7901465681 0.7316432579 2.9194874891 0.2428568655 0.0616094485 1.2111021332 2.7185377060 2.0455400212 1.0494912448 2.7600179311 0.1146168687 1.0295265263 0.5794671964 2.2358482292 1.1912208111 0.0000000000 0.8466329320 1.5406360854 2.3299343541
0.1283021852 0.9445260889 0.5131318739 0.3469173804 0.0194781156 0.3831870241 0.7511665017 0.6000035726 0.1377999379 0.1012585801 1.5496972016 0.2314653336 0.3285651866 0.4253205209 0.3308738276 0.8466329320 0.0000000000 1.6556423760 0.3254277100
1.5820255153 4.0500198043 0.9334923806 0.1283137225 1.1652489265 0.0517075382 1.1151618017 1.3104206847 0.0067138366 5.3654828299 2.3088992498 0.1127755946 0.0742450841 1.0517374626 0.7949399774 1.5406360854 1.6556423760 0.0000000000 0.2202603331
1.3040887432 0.9619545571 1.0398874447 0.3629767723 0.1328173000 0.1874877236 1.3221725235 0.0341050620 0.8614654152 0.4079821404 0.4360891164 2.4439047390 1.9585273110 1.7270191706 3.9099426422 2.3299343541 0.3254277100 0.2202603331 0.0000000000
