# MCW Instance
# Type: EXPONENTIAL
# N: 19
# Optimal cost: 1.8131516168568345
# Optimal tour (permutation): [0, 18, 17, 4, 3, 9, 8, 5, 11, 2, 10, 1, 7, 13, 6, 15, 14, 12, 16, 0]
# Optimal walk (full path): [0, 18, 17, 4, 3, 8, 9, 8, 18, 5, 11, 2, 11, 1, 10, 1, 11, 7, 6, 13, 6, 15, 6, 14, 12, 16, 18, 0]
# Walk size: 28
# Is walk (has repeats): true

# Distance Matrix
0.0000000000 0.7819236662 1.3630435860 0.7756805165 0.4439421927 2.9989872596 1.6237890527 0.2196712025 0.0823083588 1.6996209558 2.1499913811 0.5330577244 1.0740020444 0.5783592879 0.0761967595 2.7040012977 4.6399066209 1.2838549897 0.0366635907
0.7819236662 0.0000000000 1.2046554407 0.6039904497 1.1694332022 0.6580995871 1.3939199287 0.9127866724 0.5355448140 0.1365441238 0.1209942227 0.0181726500 1.8219625440 0.8606175862 0.9585971242 0.2520564234 1.1302669575 0.6698096675 0.1427681639
1.3630435860 1.2046554407 0.0000000000 1.1014334563 0.3255839350 0.3796160054 0.9254773196 2.2387890645 0.9713157587 2.4663939957 0.4279687658 0.1391770435 1.8496047967 0.3403233094 0.9005060932 0.9105522832 0.8571030048 1.6362869986 1.8848543593
0.7756805165 0.6039904497 1.1014334563 0.0000000000 0.1995773144 0.1580297913 0.3433398337 1.3335693839 0.1095409328 0.1528540715 0.6613878668 0.1986595691 1.3323562173 0.1800183924 0.6979997610 0.4351033620 1.1382942107 1.0311555323 0.1148911195
0.4439421927 1.1694332022 0.3255839350 0.1995773144 0.0000000000 1.1070906643 1.8274051669 0.5387369912 1.4957190169 0.1996387504 0.3201369855 0.5713970571 1.5084391530 0.1434934076 0.2724360861 0.4041198956 1.5387047756 0.1391076552 3.6638809503
2.9989872596 0.6580995871 0.3796160054 0.1580297913 1.1070906643 0.0000000000 1.5980680306 1.3029555594 0.3239727332 0.6815669829 1.1013083493 0.0453798626 2.9545166660 1.6628537929 0.4929404985 1.3106624655 0.3537624419 1.6397386454 0.0513816995
1.6237890527 1.3939199287 0.9254773196 0.3433398337 1.8274051669 1.5980680306 0.0000000000 0.0448373763 0.6315150816 0.2445315799 0.6514962964 0.0989092292 0.6951389291 0.0037990074 0.0158640739 0.0143253315 0.4159606570 1.2901960015 0.5652820387
0.2196712025 0.9127866724 2.2387890645 1.3335693839 0.5387369912 1.3029555594 0.0448373763 0.0000000000 2.1335037540 2.7810213606 0.4984131330 0.1339120595 0.0686683216 0.5243621924 1.1871270442 0.1879664680 0.2523714079 0.4690029810 0.4976952640
0.0823083588 0.5355448140 0.9713157587 0.1095409328 1.4957190169 0.3239727332 0.6315150816 2.1335037540 0.0000000000 0.0130421706 1.2545995703 0.1563808120 0.1771933559 0.8856887028 1.9782471046 0.1149994574 0.1798229600 0.6210092230 0.0380206934
1.6996209558 0.1365441238 2.4663939957 0.1528540715 0.1996387504 0.6815669829 0.2445315799 2.7810213606 0.0130421706 0.0000000000 1.6327996984 0.1130048049 0.1259250973 0.3628193150 0.5682162480 1.1074863805 1.9717075683 3.6703510781 0.2250873473
2.1499913811 0.1209942227 0.4279687658 0.6613878668 0.3201369855 1.1013083493 0.6514962964 0.4984131330 1.2545995703 1.6327996984 0.0000000000 1.2574350331 3.6255426342 0.2334390720 1.4795305702 1.8277059572 0.9752744872 0.7421911861 0.3217075265
0.5330577244 0.0181726500 0.1391770435 0.1986595691 0.5713970571 0.0453798626 0.0989092292 0.1339120595 0.1563808120 0.1130048049 1.2574350331 0.0000000000 0.6086319439 1.2901841909 2.1461079970 1.4995292503 1.6823600370 0.5815379060 1.7811422452
1.0740020444 1.8219625440 1.8496047967 1.3323562173 1.5084391530 2.9545166660 0.6951389291 0.0686683216 0.1771933559 0.1259250973 3.6255426342 0.6086319439 0.0000000000 1.9209860393 0.0229579971 0.2695872542 0.0369595093 2.5374273855 0.5657059518
0.5783592879 0.8606175862 0.3403233094 0.1800183924 0.1434934076 1.6628537929 0.0037990074 0.5243621924 0.8856887028 0.3628193150 0.2334390720 1.2901841909 1.9209860393 0.0000000000 0.5981483335 0.5723961673 0.3211571075 0.6510262241 0.1675910378
0.0761967595 0.9585971242 0.9005060932 0.6979997610 0.2724360861 0.4929404985 0.0158640739 1.1871270442 1.9782471046 0.5682162480 1.4795305702 2.1461079970 0.0229579971 0.5981483335 0.0000000000 0.1520530811 0.4715777012 0.5289587065 1.0858888694
2.7040012977 0.2520564234 0.9105522832 0.4351033620 0.4041198956 1.3106624655 0.0143253315 0.1879664680 0.1149994574 1.1074863805 1.8277059572 1.4995292503 0.2695872542 0.5723961673 0.1520530811 0.0000000000 0.1828749402 1.4879131996 0.1642099967
4.6399066209 1.1302669575 0.8571030048 1.1382942107 1.5387047756 0.3537624419 0.4159606570 0.2523714079 0.1798229600 1.9717075683 0.9752744872 1.6823600370 0.0369595093 0.3211571075 0.4715777012 0.1828749402 0.0000000000 0.5672644979 0.0575816542
1.2838549897 0.6698096675 1.6362869986 1.0311555323 0.1391076552 1.6397386454 1.2901960015 0.4690029810 0.6210092230 3.6703510781 0.7421911861 0.5815379060 2.5374273855 0.6510262241 0.5289587065 1.4879131996 0.5672644979 0.0000000000 0.2256827561
0.0366635907 0.1427681639 1.8848543593 0.1148911195 3.6638809503 0.0513816995 0.5652820387 0.4976952640 0.0380206934 0.2250873473 0.3217075265 1.7811422452 0.5657059518 0.1675910378 1.0858888694 0.1642099967 0.0575816542 0.2256827561 0.0000000000
