# MCW Instance
# Type: EXPONENTIAL
# N: 19
# Optimal cost: 1.8413727762679906
# Optimal tour (permutation): [0, 16, 15, 17, 8, 5, 10, 14, 13, 4, 9, 1, 6, 2, 7, 3, 11, 18, 12, 0]
# Optimal walk (full path): [0, 16, 15, 17, 5, 8, 5, 10, 14, 4, 13, 4, 9, 1, 6, 2, 7, 3, 7, 11, 18, 12, 0]
# Walk size: 23
# Is walk (has repeats): true

# Distance Matrix
0.0000000000 0.5878640223 0.1673307540 0.8270484051 1.2559361224 3.2390427415 0.7925909947 0.6598613516 0.0615610124 0.3243045424 0.2834413566 0.6142470262 0.1243055378 0.4444963695 1.6575969922 0.5296916343 0.0614789847 1.9904999226 1.9281912645
0.5878640223 0.0000000000 1.7909030068 3.0804015958 0.7920680277 0.8490368969 0.0100906425 0.2481806115 1.9457438094 0.1928130526 1.1441923367 0.9279593734 3.2435287136 0.2202836863 0.8332583785 1.1721269192 0.2726722699 0.7455250342 2.8269289276
0.1673307540 1.7909030068 0.0000000000 0.8638011973 0.3681330360 0.8717830896 0.0566561818 0.0755348327 4.0925927457 0.1432390681 0.6177109949 0.4583231965 0.1964257060 1.5156494557 0.7294240543 4.0695661558 1.0639845557 0.3608603097 0.2232896962
0.8270484051 3.0804015958 0.8638011973 0.0000000000 0.5824339125 1.1808448429 1.1871095540 0.0386632817 3.8260256449 0.2364873816 2.1839321822 0.6796963151 0.4921030474 0.9131397543 2.1526119742 0.3847653697 3.8599864965 0.8018658673 0.3106014871
1.2559361224 0.7920680277 0.3681330360 0.5824339125 0.0000000000 0.6673276681 0.6202870477 0.6369141045 1.6887514276 0.0739351848 0.8258570128 0.9288816632 0.3136739091 0.0976896039 0.0300402551 2.7252249677 0.1376205859 1.1314308321 1.4145542537
3.2390427415 0.8490368969 0.8717830896 1.1808448429 0.6673276681 0.0000000000 3.6226190057 1.2918998218 0.0574856696 1.1485723271 0.0624392024 1.2750312452 2.0648220003 0.2490210740 0.5684796978 0.9226333155 3.9634521666 0.0126865771 0.4371773489
0.7925909947 0.0100906425 0.0566561818 1.1871095540 0.6202870477 3.6226190057 0.0000000000 1.2831505860 0.5130522946 2.5588563882 1.7448164472 2.3640195826 0.5525102551 0.3548761680 4.3954614137 1.1603509465 2.0463405742 1.2727526168 0.1151697297
0.6598613516 0.2481806115 0.0755348327 0.0386632817 0.6369141045 1.2918998218 1.2831505860 0.0000000000 1.5526090429 0.4922976051 0.9773757126 0.2149472459 0.7805459942 0.3418975938 0.5903012189 0.9981816573 0.8247589237 1.7358515140 0.1747004035
0.0615610124 1.9457438094 4.0925927457 3.8260256449 1.6887514276 0.0574856696 0.5130522946 1.5526090429 0.0000000000 3.6715500022 0.1582400702 5.4505858382 0.5062281258 2.1728216621 0.8012433307 3.9331775373 1.0189831778 0.7866100109 0.6774311591
0.3243045424 0.1928130526 0.1432390681 0.2364873816 0.0739351848 1.1485723271 2.5588563882 0.4922976051 3.6715500022 0.0000000000 3.1724902789 0.4248571945 0.3520567978 4.0677373650 1.2546043330 0.2859630477 0.1691520770 2.1570166465 1.1098103922
0.2834413566 1.1441923367 0.6177109949 2.1839321822 0.8258570128 0.0624392024 1.7448164472 0.9773757126 0.1582400702 3.1724902789 0.0000000000 0.6070722292 1.6956801705 0.4244265367 0.0940730557 0.6422219725 0.2552440939 1.0809916205 0.1166591395
0.6142470262 0.9279593734 0.4583231965 0.6796963151 0.9288816632 1.2750312452 2.3640195826 0.2149472459 5.4505858382 0.4248571945 0.6070722292 0.0000000000 1.2917201099 0.4683697613 2.5511212912 2.0588990948 0.9767601617 2.5646529561 0.3095483539
0.1243055378 3.2435287136 0.1964257060 0.4921030474 0.3136739091 2.0648220003 0.5525102551 0.7805459942 0.5062281258 0.3520567978 1.6956801705 1.2917201099 0.0000000000 0.6660059732 1.9404697861 0.6011396640 0.5500301531 1.4897463217 0.0557326161
0.4444963695 0.2202836863 1.5156494557 0.9131397543 0.0976896039 0.2490210740 0.3548761680 0.3418975938 2.1728216621 4.0677373650 0.4244265367 0.4683697613 0.6660059732 0.0000000000 0.9823723899 1.3876282118 1.3755822291 1.0423454034 0.4061186487
1.6575969922 0.8332583785 0.7294240543 2.1526119742 0.0300402551 0.5684796978 4.3954614137 0.5903012189 0.8012433307 1.2546043330 0.0940730557 2.5511212912 1.9404697861 0.9823723899 0.0000000000 2.6208257850 0.7646091663 0.4198066025 2.3156377652
0.5296916343 1.1721269192 4.0695661558 0.3847653697 2.7252249677 0.9226333155 1.1603509465 0.9981816573 3.9331775373 0.2859630477 0.6422219725 2.0588990948 0.6011396640 1.3876282118 2.6208257850 0.0000000000 0.0035010245 0.0759129185 0.3799051578
0.0614789847 0.2726722699 1.0639845557 3.8599864965 0.1376205859 3.9634521666 2.0463405742 0.8247589237 1.0189831778 0.1691520770 0.2552440939 0.9767601617 0.5500301531 1.3755822291 0.7646091663 0.0035010245 0.0000000000 1.6331575780 0.8134548153
1.9904999226 0.7455250342 0.3608603097 0.8018658673 1.1314308321 0.0126865771 1.2727526168 1.7358515140 0.7866100109 2.1570166465 1.0809916205 2.5646529561 1.4897463217 1.0423454034 0.4198066025 0.0759129185 1.6331575780 0.0000000000 0.2066509215
1.9281912645 2.8269289276 0.2232896962 0.3106014871 1.4145542537 0.4371773489 0.1151697297 0.1747004035 0.6774311591 1.1098103922 0.1166591395 0.3095483539 0.0557326161 0.4061186487 2.3156377652 0.3799051578 0.8134548153 0.2066509215 0.0000000000
