# MCW Instance
# Type: EXPONENTIAL
# N: 19
# Optimal cost: 1.814244822750793
# Optimal tour (permutation): [0, 17, 11, 18, 10, 2, 7, 8, 6, 14, 5, 1, 15, 13, 9, 4, 3, 12, 16, 0]
# Optimal walk (full path): [0, 17, 11, 18, 10, 18, 2, 7, 8, 6, 14, 5, 14, 1, 14, 15, 13, 9, 4, 3, 4, 16, 12, 16, 0]
# Walk size: 25
# Is walk (has repeats): true

# Distance Matrix
0.0000000000 1.5101449977 0.2280667663 0.4407285170 0.0754332600 1.9386539576 0.1048417515 1.0397697938 0.3003250698 0.8037607046 6.0693660386 0.1126568857 0.1625183972 1.0369447864 0.1816719899 0.3615231845 0.0845536964 0.1003859565 1.2636222248
1.5101449977 0.0000000000 1.2980242560 1.6605427757 1.2329370513 0.5291804462 1.4183472949 1.3259760896 0.3292960287 2.0133464130 0.2295683724 1.1933530633 0.3952569993 0.4975007772 0.1319226511 0.5993782451 0.3308193171 0.3061666635 1.1128422534
0.2280667663 1.2980242560 0.0000000000 0.5042134451 0.9830067521 3.2540928961 0.0982266218 0.2707442982 1.2909381782 0.8117477859 0.7569071350 1.6965947914 0.3746982920 0.1957048588 0.2783061318 0.6591899241 0.5751685959 0.2868501809 0.0082211260
0.4407285170 1.6605427757 0.5042134451 0.0000000000 0.0078589721 0.5060523269 3.1719580760 2.4966746495 0.2900668219 1.0253904103 0.3076991317 0.7213151335 0.6450009246 2.1541172920 0.9132129740 0.2799435976 0.6051340217 1.1838350607 0.3135829096
0.0754332600 1.2329370513 0.9830067521 0.0078589721 0.0000000000 0.6809410373 0.3797286570 1.0408315902 0.7852190345 0.0468207627 0.4057139235 1.2633809830 0.3391435209 1.1119835155 1.3261177198 3.3185021499 0.0311293292 1.2035311118 3.4544227542
1.9386539576 0.5291804462 3.2540928961 0.5060523269 0.6809410373 0.0000000000 1.2692530088 0.4326528005 1.8346981337 1.4309309460 0.5695568119 0.6711436450 0.2518088461 1.2800221224 0.0495294000 0.2015428771 0.9826660610 0.2659385672 0.2878676162
0.1048417515 1.4183472949 0.0982266218 3.1719580760 0.3797286570 1.2692530088 0.0000000000 1.7525818368 0.1216588247 1.8140976192 0.3403354434 0.1912503957 1.9753593979 0.4537223417 0.0458308081 3.8149678518 1.4014454539 0.9537297019 2.6580625107
1.0397697938 1.3259760896 0.2707442982 2.4966746495 1.0408315902 0.4326528005 1.7525818368 0.0000000000 0.1780549435 0.7037988208 0.6087528396 1.5662844651 0.4196170067 0.4633080439 2.0353300109 0.5523705165 1.4139511128 0.2840501833 0.8620061197
0.3003250698 0.3292960287 1.2909381782 0.2900668219 0.7852190345 1.8346981337 0.1216588247 0.1780549435 0.0000000000 0.6405567907 6.2654262430 2.2166120714 0.9179860697 0.6279756075 0.2380063341 0.2473395472 0.3305189276 0.6948905931 1.6594862950
0.8037607046 2.0133464130 0.8117477859 1.0253904103 0.0468207627 1.4309309460 1.8140976192 0.7037988208 0.6405567907 0.0000000000 0.1975166142 0.0774700236 0.9144459321 0.1296766282 0.6345506134 1.0790681810 0.1012755485 1.7244984941 0.6385729155
6.0693660386 0.2295683724 0.7569071350 0.3076991317 0.4057139235 0.5695568119 0.3403354434 0.6087528396 6.2654262430 0.1975166142 0.0000000000 1.4030747293 0.6844202596 0.5387303606 0.1210182102 0.3893249524 0.1236125443 0.8081237071 0.0329110276
0.1126568857 1.1933530633 1.6965947914 0.7213151335 1.2633809830 0.6711436450 0.1912503957 1.5662844651 2.2166120714 0.0774700236 1.4030747293 0.0000000000 1.4812025306 0.7066700483 0.5604361319 0.3775532884 0.1046893357 0.0416165659 0.0926470430
0.1625183972 0.3952569993 0.3746982920 0.6450009246 0.3391435209 0.2518088461 1.9753593979 0.4196170067 0.9179860697 0.9144459321 0.6844202596 1.4812025306 0.0000000000 0.3756993757 2.1946617114 0.4021718621 0.0300928786 0.7117944397 0.7911435934
1.0369447864 0.4975007772 0.1957048588 2.1541172920 1.1119835155 1.2800221224 0.4537223417 0.4633080439 0.6279756075 0.1296766282 0.5387303606 0.7066700483 0.3756993757 0.0000000000 0.1012499163 0.0683803024 0.1772954799 0.1235101177 2.2919740056
0.1816719899 0.1319226511 0.2783061318 0.9132129740 1.3261177198 0.0495294000 0.0458308081 2.0353300109 0.2380063341 0.6345506134 0.1210182102 0.5604361319 2.1946617114 0.1012499163 0.0000000000 0.0898946791 0.7821007642 0.8263305015 1.3387243063
0.3615231845 0.5993782451 0.6591899241 0.2799435976 3.3185021499 0.2015428771 3.8149678518 0.5523705165 0.2473395472 1.0790681810 0.3893249524 0.3775532884 0.4021718621 0.0683803024 0.0898946791 0.0000000000 4.1564935742 1.9497584759 0.6363166386
0.0845536964 0.3308193171 0.5751685959 0.6051340217 0.0311293292 0.9826660610 1.4014454539 1.4139511128 0.3305189276 0.1012755485 0.1236125443 0.1046893357 0.0300928786 0.1772954799 0.7821007642 4.1564935742 0.0000000000 1.7115805628 1.3859524590
0.1003859565 0.3061666635 0.2868501809 1.1838350607 1.2035311118 0.2659385672 0.9537297019 0.2840501833 0.6948905931 1.7244984941 0.8081237071 0.0416165659 0.7117944397 0.1235101177 0.8263305015 1.9497584759 1.7115805628 0.0000000000 0.9432989889
1.2636222248 1.1128422534 0.0082211260 0.3135829096 3.4544227542 0.2878676162 2.6580625107 0.8620061197 1.6594862950 0.6385729155 0.0329110276 0.0926470430 0.7911435934 2.2919740056 1.3387243063 0.6363166386 1.3859524590 0.9432989889 0.0000000000
