# MCW Instance
# Type: EXPONENTIAL
# N: 19
# Optimal cost: 1.4127028092165028
# Optimal tour (permutation): [0, 9, 11, 10, 16, 18, 2, 4, 8, 7, 5, 3, 15, 17, 14, 1, 13, 12, 6, 0]
# Optimal walk (full path): [0, 9, 11, 10, 16, 18, 2, 18, 4, 8, 7, 5, 3, 15, 17, 14, 1, 14, 13, 12, 6, 12, 0]
# Walk size: 23
# Is walk (has repeats): true

# Distance Matrix
0.0000000000 1.5613660680 0.4974351212 1.4135690802 1.4972822049 1.0592040692 1.3131315714 0.5767658881 0.7160213740 0.1149360487 1.6417635851 0.6824112900 0.0738090912 2.1313658774 1.1652050390 3.5713198826 0.6742884696 0.3686086077 0.4144480441
1.5613660680 0.0000000000 1.3854389714 1.1554689339 3.0983045974 1.1319161634 0.2937887221 0.9984035629 0.8908034531 1.9722078752 1.7992066671 1.6234035223 0.4664136907 0.4332142479 0.0258022067 1.1460850903 1.1280898091 4.0181714024 0.3033185784
0.4974351212 1.3854389714 0.0000000000 0.2657995318 0.3599194252 2.7698524743 0.2236352795 1.5716032288 4.2516894296 0.3593751361 1.2644949365 3.2624159421 4.0792760437 0.8497137757 1.6390289191 1.3623869750 0.2591948225 0.4038656592 0.0620505147
1.4135690802 1.1554689339 0.2657995318 0.0000000000 0.3893136784 0.0150434363 0.1064402895 0.1897920546 0.9635037321 0.5244382794 0.2593259400 2.0687656674 4.6291800244 0.9858382740 0.8760400727 0.0523695997 0.2465734166 0.5933903962 1.2209364060
1.4972822049 3.0983045974 0.3599194252 0.3893136784 0.0000000000 0.4600463174 0.2551330070 0.3225150714 0.0267446359 0.8034870255 1.6671664464 2.3960158495 1.4529447451 1.0812614025 0.0694007777 0.1875699111 0.0854260205 0.0890168602 0.0079890949
1.0592040692 1.1319161634 2.7698524743 0.0150434363 0.4600463174 0.0000000000 0.7662074266 0.1367883105 1.2472492764 0.5414488825 0.8562503496 1.2941206838 1.1710057942 1.8863814934 0.8749548329 0.6223583378 0.6470905192 0.2317161001 3.6923949872
1.3131315714 0.2937887221 0.2236352795 0.1064402895 0.2551330070 0.7662074266 0.0000000000 0.1798724341 0.5682533006 0.5178783465 0.1869571413 1.8839076284 0.0198942596 0.0765212263 0.6412259201 0.6461719653 1.4944868538 0.6342232990 0.1183754043
0.5767658881 0.9984035629 1.5716032288 0.1897920546 0.3225150714 0.1367883105 0.1798724341 0.0000000000 0.0354198272 1.1139138659 0.3148363550 6.1937132900 1.3395135631 0.0684845942 0.1679416555 3.2695329720 0.5757717340 0.6424080910 1.2470008386
0.7160213740 0.8908034531 4.2516894296 0.9635037321 0.0267446359 1.2472492764 0.5682533006 0.0354198272 0.0000000000 0.1936720556 1.0500287904 0.8746957698 0.5928327240 0.2824202976 3.0586897868 0.6361888850 0.4830721790 3.5417720908 2.2894309523
0.1149360487 1.9722078752 0.3593751361 0.5244382794 0.8034870255 0.5414488825 0.5178783465 1.1139138659 0.1936720556 0.0000000000 1.4755862063 0.0643540935 0.0947321538 5.7292286435 0.9797204491 0.7267795707 0.5615773797 1.4858067029 0.9029379785
1.6417635851 1.7992066671 1.2644949365 0.2593259400 1.6671664464 0.8562503496 0.1869571413 0.3148363550 1.0500287904 1.4755862063 0.0000000000 0.1526021686 1.3265226754 0.4898948652 0.4986533754 0.3120474190 0.1482121453 1.5490655712 0.1703450921
0.6824112900 1.6234035223 3.2624159421 2.0687656674 2.3960158495 1.2941206838 1.8839076284 6.1937132900 0.8746957698 0.0643540935 0.1526021686 0.0000000000 0.9737786278 1.0301208160 3.0502662579 0.2842812851 1.6114382059 0.2625891840 0.3597438300
0.0738090912 0.4664136907 4.0792760437 4.6291800244 1.4529447451 1.1710057942 0.0198942596 1.3395135631 0.5928327240 0.0947321538 1.3265226754 0.9737786278 0.0000000000 0.0055848249 0.4184453334 0.2103950966 4.6247549061 1.1357320374 4.0866362746
2.1313658774 0.4332142479 0.8497137757 0.9858382740 1.0812614025 1.8863814934 0.0765212263 0.0684845942 0.2824202976 5.7292286435 0.4898948652 1.0301208160 0.0055848249 0.0000000000 0.0613279732 0.5391081103 1.5136082115 0.2134823604 0.1501182087
1.1652050390 0.0258022067 1.6390289191 0.8760400727 0.0694007777 0.8749548329 0.6412259201 0.1679416555 3.0586897868 0.9797204491 0.4986533754 3.0502662579 0.4184453334 0.0613279732 0.0000000000 3.1906841052 0.6187054329 0.1573371310 1.9216875330
3.5713198826 1.1460850903 1.3623869750 0.0523695997 0.1875699111 0.6223583378 0.6461719653 3.2695329720 0.6361888850 0.7267795707 0.3120474190 0.2842812851 0.2103950966 0.5391081103 3.1906841052 0.0000000000 0.9709182092 0.1121495478 2.2339715133
0.6742884696 1.1280898091 0.2591948225 0.2465734166 0.0854260205 0.6470905192 1.4944868538 0.5757717340 0.4830721790 0.5615773797 0.1482121453 1.6114382059 4.6247549061 1.5136082115 0.6187054329 0.9709182092 0.0000000000 0.5056688139 0.0325409183
0.3686086077 4.0181714024 0.4038656592 0.5933903962 0.0890168602 0.2317161001 0.6342232990 0.6424080910 3.5417720908 1.4858067029 1.5490655712 0.2625891840 1.1357320374 0.2134823604 0.1573371310 0.1121495478 0.5056688139 0.0000000000 0.2519659151
0.4144480441 0.3033185784 0.0620505147 1.2209364060 0.0079890949 3.6923949872 0.1183754043 1.2470008386 2.2894309523 0.9029379785 0.1703450921 0.3597438300 4.0866362746 0.1501182087 1.9216875330 2.2339715133 0.0325409183 0.2519659151 0.0000000000
