# MCW Instance
# Type: EXPONENTIAL
# N: 19
# Optimal cost: 1.5616710826734514
# Optimal tour (permutation): [0, 18, 15, 7, 8, 14, 17, 16, 12, 11, 2, 9, 5, 1, 10, 13, 4, 3, 6, 0]
# Optimal walk (full path): [0, 18, 15, 7, 8, 7, 14, 17, 12, 16, 12, 2, 11, 2, 9, 5, 1, 13, 10, 13, 4, 3, 6, 0]
# Walk size: 24
# Is walk (has repeats): true

# Distance Matrix
0.0000000000 1.3763805458 0.1432975100 1.4997254856 0.1898559806 1.5740877560 0.0566381613 0.7719436606 0.1644676390 0.6445712282 1.0770686385 0.3579523536 2.2378213977 2.1224570818 1.8640482714 0.4933302611 1.1958208297 0.3387388466 0.0262366799
1.3763805458 0.0000000000 1.3881667923 0.6232991034 2.5683325667 0.0790925532 0.8260210504 1.6192638536 1.1757048065 0.8196416891 1.7817269902 1.2485601835 0.3461012223 0.0738207209 0.3645882989 1.2460868083 0.3388902780 0.2749101967 2.3952747005
0.1432975100 1.3881667923 0.0000000000 0.4821891588 0.8010249682 1.2190840515 0.1040767494 5.8760068308 0.3054407159 0.1696160981 3.7069210599 0.0332579969 0.0454240297 0.4814812513 1.2937331777 0.1064472795 0.1083782298 0.0748369699 5.4367241686
1.4997254856 0.6232991034 0.4821891588 0.0000000000 0.0794695714 0.3332214439 0.0507122996 0.0834875802 3.3999799319 1.3149750638 0.6973229026 0.5152534264 0.4803292979 0.6346408176 1.3071086141 0.9541945984 0.3438241693 0.8467056799 2.3314528802
0.1898559806 2.5683325667 0.8010249682 0.0794695714 0.0000000000 1.5524992915 0.1430281770 1.4310405742 0.4238661109 0.9012382477 0.2613284955 0.2556848786 2.0869625467 0.0717476694 2.2984570251 0.1282708394 1.7921033098 0.8131856730 0.9687964561
1.5740877560 0.0790925532 1.2190840515 0.3332214439 1.5524992915 0.0000000000 1.4787946787 0.6993150834 1.0939519486 0.0918798151 1.9297244983 1.5852733441 1.0648677151 0.0345615664 2.1144839718 0.2168137200 0.6412851359 0.2707648390 0.2008873873
0.0566381613 0.8260210504 0.1040767494 0.0507122996 0.1430281770 1.4787946787 0.0000000000 0.2226220962 1.4988031931 0.2612749050 0.2554580716 1.1457033761 1.1284743001 1.8151476822 0.5607065981 2.1512048350 0.9312595375 1.7377893204 2.7913140667
0.7719436606 1.6192638536 5.8760068308 0.0834875802 1.4310405742 0.6993150834 0.2226220962 0.0000000000 0.0270471215 1.0967217427 0.9480704741 1.2346478426 1.9469639319 0.0461438090 0.2728409961 0.0333924262 1.5377322566 0.9667760328 0.6303314888
0.1644676390 1.1757048065 0.3054407159 3.3999799319 0.4238661109 1.0939519486 1.4988031931 0.0270471215 0.0000000000 0.1873164386 1.0995267625 1.0334528247 0.2895440614 0.0630491629 1.1976576088 0.7242290518 0.7566668038 0.1915538998 0.3873418418
0.6445712282 0.8196416891 0.1696160981 1.3149750638 0.9012382477 0.0918798151 0.2612749050 1.0967217427 0.1873164386 0.0000000000 3.1564073188 1.2290079323 0.6158958263 0.7755080873 0.9622033670 4.6372025199 4.1824254323 0.7585771411 4.0383616398
1.0770686385 1.7817269902 3.7069210599 0.6973229026 0.2613284955 1.9297244983 0.2554580716 0.9480704741 1.0995267625 3.1564073188 0.0000000000 0.2415167389 0.3651695794 0.0018273488 1.2903268133 1.0882871300 1.8041531533 0.3218006384 0.0989549279
0.3579523536 1.2485601835 0.0332579969 0.5152534264 0.2556848786 1.5852733441 1.1457033761 1.2346478426 1.0334528247 1.2290079323 0.2415167389 0.0000000000 2.1565630240 0.6155152227 1.3731904939 1.2143065370 0.6703090146 0.6097616684 2.6321180111
2.2378213977 0.3461012223 0.0454240297 0.4803292979 2.0869625467 1.0648677151 1.1284743001 1.9469639319 0.2895440614 0.6158958263 0.3651695794 2.1565630240 0.0000000000 0.1435912668 0.5746117233 0.3800607382 0.0005462807 0.1120418988 0.4879121376
2.1224570818 0.0738207209 0.4814812513 0.6346408176 0.0717476694 0.0345615664 1.8151476822 0.0461438090 0.0630491629 0.7755080873 0.0018273488 0.6155152227 0.1435912668 0.0000000000 0.5406144895 0.6530717705 0.8214648055 0.2719942692 1.0166097943
1.8640482714 0.3645882989 1.2937331777 1.3071086141 2.2984570251 2.1144839718 0.5607065981 0.2728409961 1.1976576088 0.9622033670 1.2903268133 1.3731904939 0.5746117233 0.5406144895 0.0000000000 0.3903277574 2.3257837875 0.1905166586 2.1272391574
0.4933302611 1.2460868083 0.1064472795 0.9541945984 0.1282708394 0.2168137200 2.1512048350 0.0333924262 0.7242290518 4.6372025199 1.0882871300 1.2143065370 0.3800607382 0.6530717705 0.3903277574 0.0000000000 0.8576245664 1.7637812980 0.0828840087
1.1958208297 0.3388902780 0.1083782298 0.3438241693 1.7921033098 0.6412851359 0.9312595375 1.5377322566 0.7566668038 4.1824254323 1.8041531533 0.6703090146 0.0005462807 0.8214648055 2.3257837875 0.8576245664 0.0000000000 0.2132496982 0.5601056927
0.3387388466 0.2749101967 0.0748369699 0.8467056799 0.8131856730 0.2707648390 1.7377893204 0.9667760328 0.1915538998 0.7585771411 0.3218006384 0.6097616684 0.1120418988 0.2719942692 0.1905166586 1.7637812980 0.2132496982 0.0000000000 0.9267260808
0.0262366799 2.3952747005 5.4367241686 2.3314528802 0.9687964561 0.2008873873 2.7913140667 0.6303314888 0.3873418418 4.0383616398 0.0989549279 2.6321180111 0.4879121376 1.0166097943 2.1272391574 0.0828840087 0.5601056927 0.9267260808 0.0000000000
