# MCW Instance
# Type: EXPONENTIAL
# N: 19
# Optimal cost: 2.647928567195825
# Optimal tour (permutation): [0, 18, 8, 17, 5, 1, 7, 16, 13, 9, 2, 10, 15, 3, 14, 11, 6, 12, 4, 0]
# Optimal walk (full path): [0, 4, 18, 8, 17, 5, 17, 1, 7, 13, 16, 13, 9, 2, 10, 15, 3, 11, 14, 11, 6, 12, 4, 0]
# Walk size: 24
# Is walk (has repeats): true

# Distance Matrix
0.0000000000 0.2893498672 0.4628214870 0.2691601983 0.1308869103 0.6324924933 0.3940758649 0.9623998015 0.3949812398 0.2607457214 1.3342758713 0.3139166975 4.6830281842 0.4354918304 1.3308069048 1.8156719461 0.1892979942 1.6942767548 1.3745828350
0.2893498672 0.0000000000 1.6640816907 0.4389149545 1.5242354976 0.4866698771 0.3047672672 0.0666179030 0.4115468162 0.1625943747 3.7849057143 0.9759714353 0.7577985509 1.1692862265 1.9268357240 1.2343551663 0.9413005825 0.2016503976 0.3612204979
0.4628214870 1.6640816907 0.0000000000 0.3328308409 2.4391758206 1.1892855036 2.5943811194 0.5307059266 1.4517249811 0.2241424699 0.1835619265 0.6465336135 1.8390285706 0.3882731981 1.5178327248 0.3226050829 2.1118116313 1.4277051672 1.9467561754
0.2691601983 0.4389149545 0.3328308409 0.0000000000 0.8485759452 0.4679917901 1.5893250312 2.9022788494 1.1622403256 1.6315816776 0.2384404613 0.2629131272 2.1158732496 0.3076510429 0.6703130315 0.0750250625 0.4238815611 2.2176288451 0.1431109781
0.1308869103 1.5242354976 2.4391758206 0.8485759452 0.0000000000 0.2419118059 2.0434361772 0.3775268133 0.8660047736 2.2048650395 0.4129056024 0.6508250497 0.1664912239 0.8984029472 0.7884460242 0.8008321224 0.2896704841 1.4759892244 0.0177725768
0.6324924933 0.4866698771 1.1892855036 0.4679917901 0.2419118059 0.0000000000 0.4075719481 6.4516890918 1.7371635224 1.7205623896 0.7564817706 0.4319733299 1.5554439992 1.1400505394 0.6000920200 1.6955996910 1.9163778264 0.0687182860 0.3407246999
0.3940758649 0.3047672672 2.5943811194 1.5893250312 2.0434361772 0.4075719481 0.0000000000 1.2226267282 0.4113792212 0.3648424795 1.8846513372 0.1063909636 0.1481067105 0.1856044669 1.3063717755 0.7892722631 1.1534098218 1.9465786091 0.3644038905
0.9623998015 0.0666179030 0.5307059266 2.9022788494 0.3775268133 6.4516890918 1.2226267282 0.0000000000 1.5065015668 0.4612575497 1.4270737444 0.6667196262 1.2526175892 0.0416049814 2.2814229894 0.1954293272 0.3254115855 0.9278711680 0.6360485483
0.3949812398 0.4115468162 1.4517249811 1.1622403256 0.8660047736 1.7371635224 0.4113792212 1.5065015668 0.0000000000 0.7896496197 0.9413991535 5.7418194320 0.7482771201 1.2116093174 1.0422673885 1.5241712136 0.4494519708 0.1692791430 0.0583774690
0.2607457214 0.1625943747 0.2241424699 1.6315816776 2.2048650395 1.7205623896 0.3648424795 0.4612575497 0.7896496197 0.0000000000 0.5572023566 2.2046414411 0.6235998910 0.0350176909 1.9040406456 2.2404023459 1.7070772258 0.7705684416 0.2330791106
1.3342758713 3.7849057143 0.1835619265 0.2384404613 0.4129056024 0.7564817706 1.8846513372 1.4270737444 0.9413991535 0.5572023566 0.0000000000 1.4536774175 2.5409792498 0.1011824276 3.7684870243 0.0694575673 0.5046627437 0.6620472764 0.4226947807
0.3139166975 0.9759714353 0.6465336135 0.2629131272 0.6508250497 0.4319733299 0.1063909636 0.6667196262 5.7418194320 2.2046414411 1.4536774175 0.0000000000 4.5947106377 0.1733906787 0.1710191203 0.8074769203 0.9750669517 0.9473340081 0.8441304360
4.6830281842 0.7577985509 1.8390285706 2.1158732496 0.1664912239 1.5554439992 0.1481067105 1.2526175892 0.7482771201 0.6235998910 2.5409792498 4.5947106377 0.0000000000 0.4471568425 1.2118785183 0.3244448012 0.1973397500 4.9167534288 0.5392039864
0.4354918304 1.1692862265 0.3882731981 0.3076510429 0.8984029472 1.1400505394 0.1856044669 0.0416049814 1.2116093174 0.0350176909 0.1011824276 0.1733906787 0.4471568425 0.0000000000 0.6698451192 0.2070293510 0.0401353604 1.1986074217 0.0726871413
1.3308069048 1.9268357240 1.5178327248 0.6703130315 0.7884460242 0.6000920200 1.3063717755 2.2814229894 1.0422673885 1.9040406456 3.7684870243 0.1710191203 1.2118785183 0.6698451192 0.0000000000 1.9720930193 0.7056331159 0.4433339050 0.6927382058
1.8156719461 1.2343551663 0.3226050829 0.0750250625 0.8008321224 1.6955996910 0.7892722631 0.1954293272 1.5241712136 2.2404023459 0.0694575673 0.8074769203 0.3244448012 0.2070293510 1.9720930193 0.0000000000 0.8166317371 2.0715135273 0.4512686019
0.1892979942 0.9413005825 2.1118116313 0.4238815611 0.2896704841 1.9163778264 1.1534098218 0.3254115855 0.4494519708 1.7070772258 0.5046627437 0.9750669517 0.1973397500 0.0401353604 0.7056331159 0.8166317371 0.0000000000 2.4892101808 0.5693068971
1.6942767548 0.2016503976 1.4277051672 2.2176288451 1.4759892244 0.0687182860 1.9465786091 0.9278711680 0.1692791430 0.7705684416 0.6620472764 0.9473340081 4.9167534288 1.1986074217 0.4433339050 2.0715135273 2.4892101808 0.0000000000 0.4612165233
1.3745828350 0.3612204979 1.9467561754 0.1431109781 0.0177725768 0.3407246999 0.3644038905 0.6360485483 0.0583774690 0.2330791106 0.4226947807 0.8441304360 0.5392039864 0.0726871413 0.6927382058 0.4512686019 0.5693068971 0.4612165233 0.0000000000
