# MCW Instance
# Type: EXPONENTIAL
# N: 19
# Optimal cost: 2.0860451866231244
# Optimal tour (permutation): [0, 17, 15, 16, 5, 4, 1, 11, 9, 3, 8, 18, 7, 14, 12, 2, 6, 13, 10, 0]
# Optimal walk (full path): [0, 17, 15, 5, 16, 5, 1, 4, 1, 11, 9, 11, 3, 8, 18, 7, 18, 14, 2, 12, 2, 6, 13, 10, 13, 0]
# Walk size: 26
# Is walk (has repeats): true

# Distance Matrix
0.0000000000 1.1220802010 0.1676573398 2.2540312526 0.6230648359 0.7023184127 0.5255579679 0.2714383783 0.1550030497 0.2390204497 0.4366859875 0.7256177579 2.1865353923 0.0257002103 0.4168842782 0.4259814465 2.2404955785 0.0480926411 0.7424443444
1.1220802010 0.0000000000 0.3726000161 0.5358089028 0.2535296631 0.1077308306 0.7087917026 0.7360706225 0.7093486831 0.3235381924 1.3336995321 0.0843783166 0.4775850274 0.8695902308 2.2601016228 1.0033350247 0.5884081969 0.3103761470 0.2896876952
0.1676573398 0.3726000161 0.0000000000 3.7761037009 1.0341280861 3.8762929127 0.0789619059 0.7062035605 1.3104135597 0.0504302785 1.5018755766 0.7921032475 0.0476941438 0.4218071183 0.0574431949 0.2291240317 0.4093624402 1.4661470432 1.6277550802
2.2540312526 0.5358089028 3.7761037009 0.0000000000 0.7574085939 0.2713782778 0.2111055406 0.5779756219 0.1396831547 0.4847499614 1.4483652318 0.1228278967 1.1526455493 0.7268527866 0.5237574894 1.5140538928 0.2954429482 1.8324118893 0.4964019704
0.6230648359 0.2535296631 1.0341280861 0.7574085939 0.0000000000 0.4510535305 1.0464387679 2.4749129879 2.2403087739 0.6677238820 0.7842715140 1.3917222031 1.0002719380 2.9148447794 0.9417241024 0.4877558588 0.9194657506 2.0435160946 0.3662026112
0.7023184127 0.1077308306 3.8762929127 0.2713782778 0.4510535305 0.0000000000 0.2214086112 0.3878117103 2.7595545825 0.9480501379 0.4506025535 2.9382211131 0.2022405901 0.7217443475 0.4510793803 0.0343735821 0.0157896048 1.1021041225 0.2904564266
0.5255579679 0.7087917026 0.0789619059 0.2111055406 1.0464387679 0.2214086112 0.0000000000 1.4531915417 1.4016330356 0.3498641791 0.4699920096 3.3791371370 1.0139850702 0.0321889745 0.9638385327 0.3010139290 0.8152099098 0.1584235578 1.9050231843
0.2714383783 0.7360706225 0.7062035605 0.5779756219 2.4749129879 0.3878117103 1.4531915417 0.0000000000 0.4659715592 2.3431154292 0.3272839220 0.1189909167 0.9798905855 1.7272109139 0.9045525043 0.3313453964 0.4677297167 2.0322053193 0.0590628718
0.1550030497 0.7093486831 1.3104135597 0.1396831547 2.2403087739 2.7595545825 1.4016330356 0.4659715592 0.0000000000 0.5419128175 0.3630804845 0.7347886644 0.3910545234 1.1352001182 0.2238294417 0.2737414795 1.0344929318 1.4564415076 0.0608851525
0.2390204497 0.3235381924 0.0504302785 0.4847499614 0.6677238820 0.9480501379 0.3498641791 2.3431154292 0.5419128175 0.0000000000 1.8371656620 0.0071584460 0.1504345623 0.2181762437 1.2204926091 1.1846053192 1.5358576173 0.3393528837 4.6042697947
0.4366859875 1.3336995321 1.5018755766 1.4483652318 0.7842715140 0.4506025535 0.4699920096 0.3272839220 0.3630804845 1.8371656620 0.0000000000 0.4641557098 0.2857423422 0.1449120541 0.4484301521 1.5720859913 1.2990728121 0.3588051408 2.5416237667
0.7256177579 0.0843783166 0.7921032475 0.1228278967 1.3917222031 2.9382211131 3.3791371370 0.1189909167 0.7347886644 0.0071584460 0.4641557098 0.0000000000 0.2498404993 0.6177830897 1.1478207983 3.1147643516 1.2375167357 0.4688010751 0.6614740580
2.1865353923 0.4775850274 0.0476941438 1.1526455493 1.0002719380 0.2022405901 1.0139850702 0.9798905855 0.3910545234 0.1504345623 0.2857423422 0.2498404993 0.0000000000 1.8126961228 0.5897382827 2.2277337101 0.0589759213 2.5402541459 0.6427307609
0.0257002103 0.8695902308 0.4218071183 0.7268527866 2.9148447794 0.7217443475 0.0321889745 1.7272109139 1.1352001182 0.2181762437 0.1449120541 0.6177830897 1.8126961228 0.0000000000 0.1336307653 0.7619855378 0.8276128348 0.2922779371 0.1824157957
0.4168842782 2.2601016228 0.0574431949 0.5237574894 0.9417241024 0.4510793803 0.9638385327 0.9045525043 0.2238294417 1.2204926091 0.4484301521 1.1478207983 0.5897382827 0.1336307653 0.0000000000 0.2371402553 0.5603892381 1.0304453111 0.0810596155
0.4259814465 1.0033350247 0.2291240317 1.5140538928 0.4877558588 0.0343735821 0.3010139290 0.3313453964 0.2737414795 1.1846053192 1.5720859913 3.1147643516 2.2277337101 0.7619855378 0.2371402553 0.0000000000 0.2563791812 0.1564261441 0.1534925000
2.2404955785 0.5884081969 0.4093624402 0.2954429482 0.9194657506 0.0157896048 0.8152099098 0.4677297167 1.0344929318 1.5358576173 1.2990728121 1.2375167357 0.0589759213 0.8276128348 0.5603892381 0.2563791812 0.0000000000 0.2695165603 0.1049369766
0.0480926411 0.3103761470 1.4661470432 1.8324118893 2.0435160946 1.1021041225 0.1584235578 2.0322053193 1.4564415076 0.3393528837 0.3588051408 0.4688010751 2.5402541459 0.2922779371 1.0304453111 0.1564261441 0.2695165603 0.0000000000 2.6013937598
0.7424443444 0.2896876952 1.6277550802 0.4964019704 0.3662026112 0.2904564266 1.9050231843 0.0590628718 0.0608851525 4.6042697947 2.5416237667 0.6614740580 0.6427307609 0.1824157957 0.0810596155 0.1534925000 0.1049369766 2.6013937598 0.0000000000
