# MCW Instance
# Type: EXPONENTIAL
# N: 19
# Optimal cost: 1.641287909983972
# Optimal tour (permutation): [0, 2, 11, 5, 9, 3, 10, 13, 8, 4, 6, 14, 7, 17, 18, 16, 12, 15, 1, 0]
# Optimal walk (full path): [0, 1, 2, 11, 5, 9, 3, 10, 11, 13, 8, 4, 6, 14, 7, 17, 18, 17, 16, 12, 1, 15, 1, 0]
# Walk size: 24
# Is walk (has repeats): true

# Distance Matrix
0.0000000000 0.0079579237 1.9487860344 1.9208882381 0.9599684448 0.7882001695 0.4048584320 1.7099712518 0.8562452285 3.7982815000 0.2528675827 0.5265827869 0.6309752009 0.2678242136 1.9120737775 1.0478668611 0.1258213335 1.1617807236 1.4169078292
0.0079579237 0.0000000000 0.0929179909 1.3761206760 1.2009551748 0.8352417008 0.1584011090 0.2628450682 0.2445962506 0.5404284894 0.5083158568 0.2533106194 0.0944533719 0.7121448281 0.3282009804 0.0064428650 0.5699187561 0.3387510619 0.7586220532
1.9487860344 0.0929179909 0.0000000000 1.3824107428 1.2540720547 1.4741074163 2.0127243939 0.2833913430 0.4820946493 0.7453908610 1.3630960281 0.0938941961 1.8634317258 1.7219463759 1.9862816784 1.0631569696 0.2967182060 0.9193696166 2.8831785895
1.9208882381 1.3761206760 1.3824107428 0.0000000000 0.3185153051 0.1443678387 3.5731597984 1.1023800499 0.5357962570 0.0684502804 0.0771281105 0.1681578799 1.4506345588 1.9785310816 0.4307366189 0.2522624215 0.9455818580 0.3954945211 0.5443274685
0.9599684448 1.2009551748 1.2540720547 0.3185153051 0.0000000000 1.4306006474 0.0545442772 0.6401355939 0.0136796248 2.8737046252 0.1884507938 0.4850169022 1.0639093843 1.1948577536 0.5651639499 0.1587733072 0.0933758483 1.4647872909 0.3220292792
0.7882001695 0.8352417008 1.4741074163 0.1443678387 1.4306006474 0.0000000000 0.2437637899 1.4636581942 4.9092096110 0.0884314108 0.4415387436 0.0598969852 1.9933196811 0.5522189551 1.6458367026 0.2360450943 0.3942242396 1.4065653609 1.0463750371
0.4048584320 0.1584011090 2.0127243939 3.5731597984 0.0545442772 0.2437637899 0.0000000000 0.8508860641 1.4170284562 0.9478059107 0.5934457402 2.8128618760 0.7062710868 0.8778130778 0.1158455439 0.5630808034 3.1323345577 0.3363801199 0.8083745142
1.7099712518 0.2628450682 0.2833913430 1.1023800499 0.6401355939 1.4636581942 0.8508860641 0.0000000000 1.5853907040 0.0408957485 2.6769853624 0.2869730150 0.8737116147 0.3751924437 0.0371414986 1.9543006188 0.1944388322 0.2059678793 0.2722102661
0.8562452285 0.2445962506 0.4820946493 0.5357962570 0.0136796248 4.9092096110 1.4170284562 1.5853907040 0.0000000000 0.3166396612 0.3732021645 1.1680299444 0.2508304188 0.0593617615 0.3700783648 0.1887934810 0.3041088683 2.9125933405 3.0061447217
3.7982815000 0.5404284894 0.7453908610 0.0684502804 2.8737046252 0.0884314108 0.9478059107 0.0408957485 0.3166396612 0.0000000000 1.1957511586 2.9456675888 0.3362191345 0.8654122198 0.6357242938 0.2670857881 0.8401482440 1.5043255728 0.8117204083
0.2528675827 0.5083158568 1.3630960281 0.0771281105 0.1884507938 0.4415387436 0.5934457402 2.6769853624 0.3732021645 1.1957511586 0.0000000000 0.1150828266 4.4799751833 1.2146008670 0.3592395832 1.4619445993 1.2821466924 3.2789334093 0.4149128420
0.5265827869 0.2533106194 0.0938941961 0.1681578799 0.4850169022 0.0598969852 2.8128618760 0.2869730150 1.1680299444 2.9456675888 0.1150828266 0.0000000000 0.5635913986 0.0665802480 1.3256898743 1.4762438169 0.8658831824 1.6933994678 1.1744563140
0.6309752009 0.0944533719 1.8634317258 1.4506345588 1.0639093843 1.9933196811 0.7062710868 0.8737116147 0.2508304188 0.3362191345 4.4799751833 0.5635913986 0.0000000000 0.1845164930 1.1990107258 0.4381051279 0.1694330560 0.3598555071 0.4084479179
0.2678242136 0.7121448281 1.7219463759 1.9785310816 1.1948577536 0.5522189551 0.8778130778 0.3751924437 0.0593617615 0.8654122198 1.2146008670 0.0665802480 0.1845164930 0.0000000000 0.9633878286 1.9404262931 0.1191286971 0.9601021926 1.8593435255
1.9120737775 0.3282009804 1.9862816784 0.4307366189 0.5651639499 1.6458367026 0.1158455439 0.0371414986 0.3700783648 0.6357242938 0.3592395832 1.3256898743 1.1990107258 0.9633878286 0.0000000000 0.8406599146 0.3162757665 0.2248857756 0.3133622426
1.0478668611 0.0064428650 1.0631569696 0.2522624215 0.1587733072 0.2360450943 0.5630808034 1.9543006188 0.1887934810 0.2670857881 1.4619445993 1.4762438169 0.4381051279 1.9404262931 0.8406599146 0.0000000000 2.6992617398 1.8968712347 5.8053257886
0.1258213335 0.5699187561 0.2967182060 0.9455818580 0.0933758483 0.3942242396 3.1323345577 0.1944388322 0.3041088683 0.8401482440 1.2821466924 0.8658831824 0.1694330560 0.1191286971 0.3162757665 2.6992617398 0.0000000000 0.1741799117 1.2956111486
1.1617807236 0.3387510619 0.9193696166 0.3954945211 1.4647872909 1.4065653609 0.3363801199 0.2059678793 2.9125933405 1.5043255728 3.2789334093 1.6933994678 0.3598555071 0.9601021926 0.2248857756 1.8968712347 0.1741799117 0.0000000000 0.0127486797
1.4169078292 0.7586220532 2.8831785895 0.5443274685 0.3220292792 1.0463750371 0.8083745142 0.2722102661 3.0061447217 0.8117204083 0.4149128420 1.1744563140 0.4084479179 1.8593435255 0.3133622426 5.8053257886 1.2956111486 0.0127486797 0.0000000000
