# MCW Instance
# Type: UNIFORM
# N: 15
# Optimal cost: 1.7068378769211974
# Optimal tour (permutation): [0, 1, 7, 12, 3, 14, 4, 8, 11, 5, 2, 10, 13, 9, 6, 0]
# Optimal walk (full path): [0, 6, 1, 6, 7, 12, 3, 14, 4, 8, 11, 5, 11, 2, 10, 13, 9, 13, 6, 0]
# Walk size: 20
# Is walk (has repeats): true

# Distance Matrix
0.0000000000 0.2963110140 0.6199576880 0.1941396263 0.1933117281 0.9418196943 0.0478542288 0.1224522918 0.7556108276 0.6752590524 0.6670710868 0.3854725798 0.3500366988 0.9050394247 0.2375770088
0.2963110140 0.0000000000 0.3880133471 0.5194338648 0.7622035982 0.2468600482 0.1452190612 0.3461298122 0.7151159072 0.7439896055 0.2456402506 0.7329122776 0.5614106889 0.5695917619 0.9227835902
0.6199576880 0.3880133471 0.0000000000 0.7717073357 0.1426893445 0.7112603082 0.4131468567 0.5940318791 0.9878073612 0.3508404844 0.1547241131 0.0748329648 0.2321937763 0.5381859943 0.5371933634
0.1941396263 0.5194338648 0.7717073357 0.0000000000 0.7701156020 0.5834971666 0.3254045254 0.8534753783 0.5087997794 0.8079541115 0.6262704036 0.8220791135 0.1305362850 0.1972273849 0.0273975871
0.1933117281 0.7622035982 0.1426893445 0.7701156020 0.0000000000 0.5506252477 0.9637503738 0.7420626566 0.2709300159 0.0931666922 0.7719708253 0.2869642010 0.1529205026 0.8174005848 0.0615416828
0.9418196943 0.2468600482 0.7112603082 0.5834971666 0.5506252477 0.0000000000 0.7691917573 0.1372333990 0.6425936555 0.8401022732 0.7557318579 0.0717200534 0.8350188586 0.1427608376 0.8834988595
0.0478542288 0.1452190612 0.4131468567 0.3254045254 0.9637503738 0.7691917573 0.0000000000 0.0115808009 0.4549280561 0.9016757945 0.4808724615 0.3042405635 0.7375617696 0.0247978357 0.6027798243
0.1224522918 0.3461298122 0.5940318791 0.8534753783 0.7420626566 0.1372333990 0.0115808009 0.0000000000 0.7707295921 0.6604241239 0.8708149498 0.9468822051 0.0304750161 0.7000269536 0.6598819311
0.7556108276 0.7151159072 0.9878073612 0.5087997794 0.2709300159 0.6425936555 0.4549280561 0.7707295921 0.0000000000 0.6350273635 0.7595724604 0.3135342435 0.7435044617 0.6419807404 0.9470217103
0.6752590524 0.7439896055 0.3508404844 0.8079541115 0.0931666922 0.8401022732 0.9016757945 0.6604241239 0.6350273635 0.0000000000 0.9942142868 0.0719874051 0.7325501519 0.0190740142 0.8443335499
0.6670710868 0.2456402506 0.1547241131 0.6262704036 0.7719708253 0.7557318579 0.4808724615 0.8708149498 0.7595724604 0.9942142868 0.0000000000 0.6441456899 0.1285694706 0.0387526170 0.4851029292
0.3854725798 0.7329122776 0.0748329648 0.8220791135 0.2869642010 0.0717200534 0.3042405635 0.9468822051 0.3135342435 0.0719874051 0.6441456899 0.0000000000 0.2015153303 0.7688096262 0.0557726308
0.3500366988 0.5614106889 0.2321937763 0.1305362850 0.1529205026 0.8350188586 0.7375617696 0.0304750161 0.7435044617 0.7325501519 0.1285694706 0.2015153303 0.0000000000 0.7805134411 0.9380912293
0.9050394247 0.5695917619 0.5381859943 0.1972273849 0.8174005848 0.1427608376 0.0247978357 0.7000269536 0.6419807404 0.0190740142 0.0387526170 0.7688096262 0.7805134411 0.0000000000 0.9477354851
0.2375770088 0.9227835902 0.5371933634 0.0273975871 0.0615416828 0.8834988595 0.6027798243 0.6598819311 0.9470217103 0.8443335499 0.4851029292 0.0557726308 0.9380912293 0.9477354851 0.0000000000
