# MCW Instance
# Type: UNIFORM
# N: 15
# Optimal cost: 2.1618467340273617
# Optimal tour (permutation): [0, 14, 12, 13, 2, 3, 9, 7, 1, 11, 6, 8, 5, 4, 10, 0]
# Optimal walk (full path): [0, 14, 12, 13, 2, 3, 9, 7, 1, 11, 6, 8, 5, 4, 5, 10, 5, 14, 0]
# Walk size: 19
# Is walk (has repeats): true

# Distance Matrix
0.0000000000 0.1509413238 0.3395458598 0.6687985766 0.4060842699 0.1819843375 0.9548079205 0.6262036207 0.9482491776 0.9389925539 0.6941397110 0.7983009155 0.5174821444 0.4029243796 0.0556308543
0.1509413238 0.0000000000 0.4153041962 0.8567692741 0.8000093319 0.0655993964 0.9265344745 0.1045440800 0.0576146010 0.8505942820 0.5744244845 0.2040239651 0.8737752583 0.6230874255 0.4513425944
0.3395458598 0.4153041962 0.0000000000 0.0266667774 0.9162879835 0.9534445687 0.4892181696 0.4109496342 0.3557441133 0.9908027349 0.2860512665 0.4983364998 0.4066052813 0.1167722896 0.4087416143
0.6687985766 0.8567692741 0.0266667774 0.0000000000 0.4602149298 0.8014004358 0.3684190153 0.8282735303 0.9527469502 0.1553507033 0.8507722616 0.4411440939 0.4109921013 0.9922042060 0.2741431250
0.4060842699 0.8000093319 0.9162879835 0.4602149298 0.0000000000 0.2100248503 0.5993259150 0.7967900004 0.6978264228 0.3169973742 0.6720903159 0.8357766066 0.5392989988 0.8643058537 0.3665767197
0.1819843375 0.0655993964 0.9534445687 0.8014004358 0.2100248503 0.0000000000 0.6453475556 0.9168157082 0.0804206050 0.8498570270 0.0229823926 0.4333440438 0.6933084272 0.1716409947 0.0802585357
0.9548079205 0.9265344745 0.4892181696 0.3684190153 0.5993259150 0.6453475556 0.0000000000 0.5810671195 0.1181568958 0.2372536172 0.4145658504 0.0482235591 0.3734018297 0.7079888499 0.7398523675
0.6262036207 0.1045440800 0.4109496342 0.8282735303 0.7967900004 0.9168157082 0.5810671195 0.0000000000 0.3438424265 0.1867578373 0.2605116488 0.3799959599 0.3209700429 0.5820546481 0.1926426803
0.9482491776 0.0576146010 0.3557441133 0.9527469502 0.6978264228 0.0804206050 0.1181568958 0.3438424265 0.0000000000 0.8731237845 0.3752744956 0.3480320715 0.4497758328 0.5611773298 0.3234532890
0.9389925539 0.8505942820 0.9908027349 0.1553507033 0.3169973742 0.8498570270 0.2372536172 0.1867578373 0.8731237845 0.0000000000 0.1818492004 0.7643410211 0.4462478165 0.2246576939 0.9729144089
0.6941397110 0.5744244845 0.2860512665 0.8507722616 0.6720903159 0.0229823926 0.4145658504 0.2605116488 0.3752744956 0.1818492004 0.0000000000 0.7501402653 0.7836832424 0.6981875940 0.6467442957
0.7983009155 0.2040239651 0.4983364998 0.4411440939 0.8357766066 0.4333440438 0.0482235591 0.3799959599 0.3480320715 0.7643410211 0.7501402653 0.0000000000 0.4740484451 0.8516947845 0.6119985030
0.5174821444 0.8737752583 0.4066052813 0.4109921013 0.5392989988 0.6933084272 0.3734018297 0.3209700429 0.4497758328 0.4462478165 0.7836832424 0.4740484451 0.0000000000 0.2239115404 0.2394837511
0.4029243796 0.6230874255 0.1167722896 0.9922042060 0.8643058537 0.1716409947 0.7079888499 0.5820546481 0.5611773298 0.2246576939 0.6981875940 0.8516947845 0.2239115404 0.0000000000 0.0881667895
0.0556308543 0.4513425944 0.4087416143 0.2741431250 0.3665767197 0.0802585357 0.7398523675 0.1926426803 0.3234532890 0.9729144089 0.6467442957 0.6119985030 0.2394837511 0.0881667895 0.0000000000
