# Graph size: 15
# Optimal cost: 2.2215546852344916

# Distance Matrix
0.0 0.0745940712627221 0.47842937568967725 0.5305474374240409 0.8500917488206247 0.6865807155054837 0.6763156721573159 0.5560026335713114 0.6061714133321926 0.06847357693592626 0.416934555720637 0.1286969523903686 0.15150993522096567 0.9352460461560627 0.609883370962852
0.0745940712627221 0.0 0.6274466025397141 0.7038620075640551 0.93932466118021 0.7333474674735088 0.5833935691152767 0.27883550429732873 0.22072647190131545 0.6375346128175795 0.02018632086220762 0.9588642760973588 0.4073468150491538 0.9991647691181423 0.8566309358779634
0.47842937568967725 0.6274466025397141 0.0 0.6458933877189521 0.7082504354735591 0.6296823375207872 0.4799972920855897 0.6103067907798339 0.9937950774176904 0.6923974161960923 0.6147672660259785 0.39179254653926643 0.7886437834784714 0.7675511709086603 0.9094621193052016
0.5305474374240409 0.7038620075640551 0.6458933877189521 0.0 0.3822537611141964 0.9171981228235371 0.6193398855777742 0.24328917980826947 0.72653839412847 0.13571137599838878 0.465221213164259 0.6146985973682834 0.013674266102794874 0.461317467046649 0.5253650465766163
0.8500917488206247 0.93932466118021 0.7082504354735591 0.3822537611141964 0.0 0.6155428131281961 0.5994604217383316 0.06543757353503143 0.6389007668352433 0.9173830276421114 0.30067955519515743 0.5375033515390254 0.7736514030887749 0.9005883997353968 0.631860645087893
0.6865807155054837 0.7333474674735088 0.6296823375207872 0.9171981228235371 0.6155428131281961 0.0 0.04466182736830948 0.32733449932255976 0.5422251946964394 0.7174345973833033 0.4141040338330647 0.2207485998872425 0.9453348351238938 0.5052899692989896 0.4468855882319882
0.6763156721573159 0.5833935691152767 0.4799972920855897 0.6193398855777742 0.5994604217383316 0.04466182736830948 0.0 0.917252942282147 0.44005134366692455 0.9321503145347086 0.8355844101192522 0.6678875816627912 0.016110018873383813 0.24685772549181362 0.9028668115369309
0.5560026335713114 0.27883550429732873 0.6103067907798339 0.24328917980826947 0.06543757353503143 0.32733449932255976 0.917252942282147 0.0 0.47776978544996973 0.95665118786713 0.7845624917432744 0.004010466153377301 0.5169416630190315 0.9348237295702655 0.10298157322698465
0.6061714133321926 0.22072647190131545 0.9937950774176904 0.72653839412847 0.6389007668352433 0.5422251946964394 0.44005134366692455 0.47776978544996973 0.0 0.8436583858014055 0.9576333218178562 0.5075455163837808 0.5413038976457345 0.1455556838497396 0.5099446372437045
0.06847357693592626 0.6375346128175795 0.6923974161960923 0.13571137599838878 0.9173830276421114 0.7174345973833033 0.9321503145347086 0.95665118786713 0.8436583858014055 0.0 0.8948788066936043 0.9429833573804797 0.08374650174885268 0.24923783856877613 0.16883027476067214
0.416934555720637 0.02018632086220762 0.6147672660259785 0.465221213164259 0.30067955519515743 0.4141040338330647 0.8355844101192522 0.7845624917432744 0.9576333218178562 0.8948788066936043 0.0 0.4955755702309499 0.6346856091478972 0.6810723385256824 0.49198734144852463
0.1286969523903686 0.9588642760973588 0.39179254653926643 0.6146985973682834 0.5375033515390254 0.2207485998872425 0.6678875816627912 0.004010466153377301 0.5075455163837808 0.9429833573804797 0.4955755702309499 0.0 0.38393746543737595 0.5419455644040839 0.3733018545914153
0.15150993522096567 0.4073468150491538 0.7886437834784714 0.013674266102794874 0.7736514030887749 0.9453348351238938 0.016110018873383813 0.5169416630190315 0.5413038976457345 0.08374650174885268 0.6346856091478972 0.38393746543737595 0.0 0.8442535767472016 0.22752380854010656
0.9352460461560627 0.9991647691181423 0.7675511709086603 0.461317467046649 0.9005883997353968 0.5052899692989896 0.24685772549181362 0.9348237295702655 0.1455556838497396 0.24923783856877613 0.6810723385256824 0.5419455644040839 0.8442535767472016 0.0 0.8986769394774158
0.609883370962852 0.8566309358779634 0.9094621193052016 0.5253650465766163 0.631860645087893 0.4468855882319882 0.9028668115369309 0.10298157322698465 0.5099446372437045 0.16883027476067214 0.49198734144852463 0.3733018545914153 0.22752380854010656 0.8986769394774158 0.0

# Optimal Walk
0 10 1 8 13 6 5 12 3 9 14 4 7 11 2 0
