# MCW Instance
# Type: UNIFORM
# N: 15
# Optimal cost: 1.125503575156778
# Optimal tour (permutation): [0, 5, 9, 12, 8, 7, 10, 11, 6, 14, 13, 4, 2, 1, 3, 0]
# Optimal walk (full path): [0, 5, 9, 12, 7, 8, 7, 10, 6, 11, 6, 14, 13, 4, 2, 1, 3, 0]
# Walk size: 18
# Is walk (has repeats): true

# Distance Matrix
0.0000000000 0.2627948557 0.0853528920 0.0473517994 0.4608397841 0.0537773194 0.2832605123 0.6038209560 0.9958440514 0.5635809946 0.9171992632 0.1448318385 0.1594789823 0.8028566964 0.3272345002
0.2627948557 0.0000000000 0.0171171399 0.0701811696 0.5899107190 0.6676849464 0.8240015550 0.1701025478 0.5596584556 0.4553342671 0.5968275364 0.7618631308 0.7971511867 0.6065733366 0.9667021508
0.0853528920 0.0171171399 0.0000000000 0.4018034032 0.0427290891 0.8570584866 0.7411370964 0.3328723829 0.5262031254 0.5443849090 0.9161296007 0.3678263625 0.8790716160 0.3524384624 0.5614589944
0.0473517994 0.0701811696 0.4018034032 0.0000000000 0.8922025606 0.2466277101 0.7655036081 0.2054503695 0.9465706505 0.6759163156 0.6608683939 0.3151825156 0.6688545462 0.0908501359 0.6805826390
0.4608397841 0.5899107190 0.0427290891 0.8922025606 0.0000000000 0.2190954075 0.7300557830 0.6823962011 0.7661882163 0.3511771565 0.7804987339 0.3395959994 0.5146557539 0.0093886644 0.3387571540
0.0537773194 0.6676849464 0.8570584866 0.2466277101 0.2190954075 0.0000000000 0.8262834147 0.8194249067 0.9157095301 0.0017104480 0.7687169091 0.5973603399 0.7411661541 0.3317174675 0.1609431224
0.2832605123 0.8240015550 0.7411370964 0.7655036081 0.7300557830 0.8262834147 0.0000000000 0.2705989900 0.4164288801 0.2856840067 0.0175615476 0.0716786767 0.4870421915 0.5908402621 0.0076607109
0.6038209560 0.1701025478 0.3328723829 0.2054503695 0.6823962011 0.8194249067 0.2705989900 0.0000000000 0.1710019817 0.9920779532 0.0433322540 0.3890482715 0.0876033499 0.3459787672 0.3082718665
0.9958440514 0.5596584556 0.5262031254 0.9465706505 0.7661882163 0.9157095301 0.4164288801 0.1710019817 0.0000000000 0.3284989587 0.8373515076 0.4855849063 0.4336774925 0.7415957184 0.7971334200
0.5635809946 0.4553342671 0.5443849090 0.6759163156 0.3511771565 0.0017104480 0.2856840067 0.9920779532 0.3284989587 0.0000000000 0.1078143439 0.9557779538 0.1148411286 0.3192299045 0.1681931390
0.9171992632 0.5968275364 0.9161296007 0.6608683939 0.7804987339 0.7687169091 0.0175615476 0.0433322540 0.8373515076 0.1078143439 0.0000000000 0.1694402007 0.3830675572 0.7170072200 0.9364084673
0.1448318385 0.7618631308 0.3678263625 0.3151825156 0.3395959994 0.5973603399 0.0716786767 0.3890482715 0.4855849063 0.9557779538 0.1694402007 0.0000000000 0.8650210100 0.8267763764 0.3612129300
0.1594789823 0.7971511867 0.8790716160 0.6688545462 0.5146557539 0.7411661541 0.4870421915 0.0876033499 0.4336774925 0.1148411286 0.3830675572 0.8650210100 0.0000000000 0.8122847214 0.5917318447
0.8028566964 0.6065733366 0.3524384624 0.0908501359 0.0093886644 0.3317174675 0.5908402621 0.3459787672 0.7415957184 0.3192299045 0.7170072200 0.8267763764 0.8122847214 0.0000000000 0.1268876377
0.3272345002 0.9667021508 0.5614589944 0.6805826390 0.3387571540 0.1609431224 0.0076607109 0.3082718665 0.7971334200 0.1681931390 0.9364084673 0.3612129300 0.5917318447 0.1268876377 0.0000000000
