# Graph size: 15
# Optimal cost: 2.041187747065429

# Distance Matrix
0.0 0.7951743908794524 0.6453688488264024 0.8844643842726356 0.0972975314072223 0.5846461099729979 0.9886485435501754 0.9182061052805399 0.48022032857349994 0.4327016196785156 0.4118470305538273 0.6314775210938304 0.41880430464839813 0.06018141085127793 0.34419914521501527
0.7951743908794524 0.0 0.5348254545158762 0.9671748824246208 0.8608558140438057 0.8600705841710601 0.559198304357892 0.93075010162695 0.4136532422975281 0.45482503526012075 0.9290414839537635 0.35272520161198373 0.15150573921207633 0.20543482503343602 0.3773278410660358
0.6453688488264024 0.5348254545158762 0.0 0.2577526984475723 0.4561290983019075 0.04731113784754215 0.08561042493515358 0.5800944502793155 0.37090714346249765 0.29824367026405363 0.17066130958675185 0.7435615261390763 0.32815067834947165 0.491003646126035 0.7589866921155825
0.8844643842726356 0.9671748824246208 0.2577526984475723 0.0 0.9318466481226488 0.7723534641060368 0.03807819282560254 0.6914852499164997 0.6903926992708992 0.3276691482617571 0.24516822753183265 0.6827430017735853 0.13473071004238613 0.20568455138528996 0.7144959254880884
0.0972975314072223 0.8608558140438057 0.4561290983019075 0.9318466481226488 0.0 0.3229346727257809 0.705258621413657 0.8786663457226309 0.23463189854137712 0.6550282901606704 0.10472229372287223 0.6538095888639701 0.8404667286588661 0.18596570849040317 0.7821986342672808
0.5846461099729979 0.8600705841710601 0.04731113784754215 0.7723534641060368 0.3229346727257809 0.0 0.6756183866017318 0.8451146454753853 0.09771926681402177 0.08616975246230008 0.05640028830240995 0.294952053045645 0.11260023698878263 0.9993167637730465 0.2889576699781242
0.9886485435501754 0.559198304357892 0.08561042493515358 0.03807819282560254 0.705258621413657 0.6756183866017318 0.0 0.4796574975276888 0.9369222312399331 0.18895004726623543 0.8309108877755679 0.8410331503485587 0.45809882196212615 0.959532620251106 0.7666897454280716
0.9182061052805399 0.93075010162695 0.5800944502793155 0.6914852499164997 0.8786663457226309 0.8451146454753853 0.4796574975276888 0.0 0.8675528678479061 0.9024811294501757 0.5775415488269389 0.7510809490735153 0.33599514490834714 0.9747180857445339 0.3539523328942761
0.48022032857349994 0.4136532422975281 0.37090714346249765 0.6903926992708992 0.23463189854137712 0.09771926681402177 0.9369222312399331 0.8675528678479061 0.0 0.017321286348711662 0.5671837123891911 0.5941482477913053 0.8159192779279619 0.0930774309868252 0.1997727802770649
0.4327016196785156 0.45482503526012075 0.29824367026405363 0.3276691482617571 0.6550282901606704 0.08616975246230008 0.18895004726623543 0.9024811294501757 0.017321286348711662 0.0 0.21970875180231753 0.27676489765685863 0.009255163494961471 0.35417743410882563 0.9120737515171066
0.4118470305538273 0.9290414839537635 0.17066130958675185 0.24516822753183265 0.10472229372287223 0.05640028830240995 0.8309108877755679 0.5775415488269389 0.5671837123891911 0.21970875180231753 0.0 0.12217931373052293 0.20943202706626052 0.9581642693506269 0.22021073585873496
0.6314775210938304 0.35272520161198373 0.7435615261390763 0.6827430017735853 0.6538095888639701 0.294952053045645 0.8410331503485587 0.7510809490735153 0.5941482477913053 0.27676489765685863 0.12217931373052293 0.0 0.17057106473840766 0.07180924248104426 0.43628122379393375
0.41880430464839813 0.15150573921207633 0.32815067834947165 0.13473071004238613 0.8404667286588661 0.11260023698878263 0.45809882196212615 0.33599514490834714 0.8159192779279619 0.009255163494961471 0.20943202706626052 0.17057106473840766 0.0 0.6992703537854735 0.5367984027688768
0.06018141085127793 0.20543482503343602 0.491003646126035 0.20568455138528996 0.18596570849040317 0.9993167637730465 0.959532620251106 0.9747180857445339 0.0930774309868252 0.35417743410882563 0.9581642693506269 0.07180924248104426 0.6992703537854735 0.0 0.9409302668109252
0.34419914521501527 0.3773278410660358 0.7589866921155825 0.7144959254880884 0.7821986342672808 0.2889576699781242 0.7666897454280716 0.3539523328942761 0.1997727802770649 0.9120737515171066 0.22021073585873496 0.43628122379393375 0.5367984027688768 0.9409302668109252 0.0

# Optimal Walk
0 4 10 5 2 6 3 12 9 8 14 7 1 13 11 0
