# Graph size: 15
# Optimal cost: 1.9559142913037624

# Distance Matrix
0.0 0.6909859599012517 0.12070731612780428 0.8932388111012878 0.9417689136960603 0.5545148042419004 0.3984729971040739 0.3895529343780335 0.030180396225572004 0.28198632029336124 0.6339001906389284 0.9251178311947158 0.811943051510097 0.8084265619570895 0.48653260736250625
0.6909859599012517 0.0 0.49073903134335883 0.4690614878068431 0.3453255935161538 0.30458671726968745 0.16165041095942345 0.19092883016777018 0.40970952222296597 0.2895345410234391 0.8980673109747345 0.3358734192691797 0.5336945562932316 0.14497842171214803 0.9840004838087086
0.12070731612780428 0.49073903134335883 0.0 0.5578477979454838 0.07813733091728603 0.1424655410802368 0.6104649065746265 0.7454584477869147 0.9343478554396627 0.8738039802814209 0.9851940762023632 0.09807376417927827 0.5394324375892137 0.8276060108254385 0.008197011134297383
0.8932388111012878 0.4690614878068431 0.5578477979454838 0.0 0.17253698395089534 0.553685996233753 0.3271987667588546 0.9909714233056988 0.2740496987081318 0.7525543454340548 0.2977059892213386 0.11691370427693615 0.136080556614247 0.17103891400636428 0.7920188927864908
0.9417689136960603 0.3453255935161538 0.07813733091728603 0.17253698395089534 0.0 0.34144225546817086 0.43669322283153955 0.30501764506818463 0.19853858966930793 0.2125778027540529 0.332476203592462 0.22180754222026722 0.5779856265597093 0.6562005542414152 0.8562965588331717
0.5545148042419004 0.30458671726968745 0.1424655410802368 0.553685996233753 0.34144225546817086 0.0 0.761396031172465 0.6322372432728462 0.11493062367346452 0.7213886116176719 0.6201193917059549 0.39506673394137237 0.5555551399864428 0.8018273899929849 1.6869851283485282E-4
0.3984729971040739 0.16165041095942345 0.6104649065746265 0.3271987667588546 0.43669322283153955 0.761396031172465 0.0 0.852822629478648 0.7671513463684275 0.3182263177710942 0.6811547554920838 0.3525009024158794 0.060532114118324376 0.5475368930203571 0.8240652791534657
0.3895529343780335 0.19092883016777018 0.7454584477869147 0.9909714233056988 0.30501764506818463 0.6322372432728462 0.852822629478648 0.0 0.8353260151702807 0.9493666162170841 0.6971180648255156 0.553299367632453 0.6458715014337986 0.64430551058753 0.43578111915914053
0.030180396225572004 0.40970952222296597 0.9343478554396627 0.2740496987081318 0.19853858966930793 0.11493062367346452 0.7671513463684275 0.8353260151702807 0.0 0.37906536719388007 0.9099149670551465 0.22366645630139026 0.4583058089863151 0.8202801379182668 0.24863566820213123
0.28198632029336124 0.2895345410234391 0.8738039802814209 0.7525543454340548 0.2125778027540529 0.7213886116176719 0.3182263177710942 0.9493666162170841 0.37906536719388007 0.0 0.1577125447247042 0.37496200824894477 0.1672093814412895 0.9024277337362306 0.45828272043275653
0.6339001906389284 0.8980673109747345 0.9851940762023632 0.2977059892213386 0.332476203592462 0.6201193917059549 0.6811547554920838 0.6971180648255156 0.9099149670551465 0.1577125447247042 0.0 0.16386033090185836 0.1834398877351422 0.1745156057702283 0.1015094787719153
0.9251178311947158 0.3358734192691797 0.09807376417927827 0.11691370427693615 0.22180754222026722 0.39506673394137237 0.3525009024158794 0.553299367632453 0.22366645630139026 0.37496200824894477 0.16386033090185836 0.0 0.40149433865341255 0.6883764621722618 0.4727226273877575
0.811943051510097 0.5336945562932316 0.5394324375892137 0.136080556614247 0.5779856265597093 0.5555551399864428 0.060532114118324376 0.6458715014337986 0.4583058089863151 0.1672093814412895 0.1834398877351422 0.40149433865341255 0.0 0.5285865036108588 0.49562594098118673
0.8084265619570895 0.14497842171214803 0.8276060108254385 0.17103891400636428 0.6562005542414152 0.8018273899929849 0.5475368930203571 0.64430551058753 0.8202801379182668 0.9024277337362306 0.1745156057702283 0.6883764621722618 0.5285865036108588 0.0 0.3843076418983792
0.48653260736250625 0.9840004838087086 0.008197011134297383 0.7920188927864908 0.8562965588331717 1.6869851283485282E-4 0.8240652791534657 0.43578111915914053 0.24863566820213123 0.45828272043275653 0.1015094787719153 0.4727226273877575 0.49562594098118673 0.3843076418983792 0.0

# Optimal Walk
0 8 5 14 11 3 13 10 9 12 6 1 7 4 2 0
