# MCW Instance
# Type: UNIFORM
# N: 15
# Optimal cost: 1.4737141212956533
# Optimal tour (permutation): [0, 11, 9, 7, 3, 4, 2, 13, 14, 8, 5, 12, 10, 1, 6, 0]
# Optimal walk (full path): [0, 11, 9, 11, 7, 3, 4, 2, 13, 8, 14, 8, 5, 8, 6, 12, 6, 10, 1, 6, 0]
# Walk size: 21
# Is walk (has repeats): true

# Distance Matrix
0.0000000000 0.6720557905 0.6479073088 0.9432216737 0.5110660442 0.9813071764 0.0941182997 0.4346085277 0.8989583907 0.5475577952 0.5203510860 0.0559386909 0.5583739084 0.8671538212 0.7864858217
0.6720557905 0.0000000000 0.8284267611 0.2594475620 0.5434186785 0.5402262581 0.1259052346 0.7859035726 0.5413698061 0.7245107676 0.1127271216 0.6333008828 0.1996230203 0.9905258271 0.6122116284
0.6479073088 0.8284267611 0.0000000000 0.1042294682 0.1159705985 0.4504345685 0.3155753614 0.7975581787 0.1803447628 0.2127218030 0.6641434115 0.3882489788 0.9673555237 0.1830964497 0.4417357919
0.9432216737 0.2594475620 0.1042294682 0.0000000000 0.0249166310 0.4203181587 0.6851809917 0.0994768497 0.6342267854 0.2596621593 0.5577566420 0.1018762110 0.9143896374 0.8308399481 0.5191223665
0.5110660442 0.5434186785 0.1159705985 0.0249166310 0.0000000000 0.1308820908 0.8244199948 0.1703304808 0.7541644159 0.8137085355 0.9314995078 0.9130592383 0.8760223759 0.7505905742 0.0656897437
0.9813071764 0.5402262581 0.4504345685 0.4203181587 0.1308820908 0.0000000000 0.2905325525 0.6417770068 0.0102219971 0.3494098942 0.8762111583 0.0603737857 0.9334828483 0.8185061858 0.9231241162
0.0941182997 0.1259052346 0.3155753614 0.6851809917 0.8244199948 0.2905325525 0.0000000000 0.8210354226 0.0401646455 0.5324046444 0.1084506629 0.2917053548 0.0687530403 0.2827526376 0.2507746845
0.4346085277 0.7859035726 0.7975581787 0.0994768497 0.1703304808 0.6417770068 0.8210354226 0.0000000000 0.6896039817 0.6959297879 0.7531188825 0.0979425839 0.4097674862 0.2803062281 0.2567353191
0.8989583907 0.5413698061 0.1803447628 0.6342267854 0.7541644159 0.0102219971 0.0401646455 0.6896039817 0.0000000000 0.5969318267 0.9124791352 0.0540034577 0.9849289086 0.1518644726 0.0167910413
0.5475577952 0.7245107676 0.2127218030 0.2596621593 0.8137085355 0.3494098942 0.5324046444 0.6959297879 0.5969318267 0.0000000000 0.5460449233 0.0358048617 0.2522762628 0.9248744723 0.6631290273
0.5203510860 0.1127271216 0.6641434115 0.5577566420 0.9314995078 0.8762111583 0.1084506629 0.7531188825 0.9124791352 0.5460449233 0.0000000000 0.3609070848 0.5109781002 0.8107248857 0.7762011149
0.0559386909 0.6333008828 0.3882489788 0.1018762110 0.9130592383 0.0603737857 0.2917053548 0.0979425839 0.0540034577 0.0358048617 0.3609070848 0.0000000000 0.1669960405 0.5893240573 0.3467876338
0.5583739084 0.1996230203 0.9673555237 0.9143896374 0.8760223759 0.9334828483 0.0687530403 0.4097674862 0.9849289086 0.2522762628 0.5109781002 0.1669960405 0.0000000000 0.3653455285 0.2407476987
0.8671538212 0.9905258271 0.1830964497 0.8308399481 0.7505905742 0.8185061858 0.2827526376 0.2803062281 0.1518644726 0.9248744723 0.8107248857 0.5893240573 0.3653455285 0.0000000000 0.7074260789
0.7864858217 0.6122116284 0.4417357919 0.5191223665 0.0656897437 0.9231241162 0.2507746845 0.2567353191 0.0167910413 0.6631290273 0.7762011149 0.3467876338 0.2407476987 0.7074260789 0.0000000000
