# Graph size: 15
# Optimal cost: 1.630294429342444

# Distance Matrix
0.0 0.3828771494590152 0.09251532725280154 0.2934911433915113 0.637113998317678 0.02229256929436796 0.8620121964528819 0.5152636478422381 0.8168687139175086 0.04245675905440671 0.056251636188718535 0.46254923571988216 0.8088002906648469 0.7794467799251157 0.04994282682406159
0.3828771494590152 0.0 0.018752522283354 0.11050358473126753 0.09419574973352329 0.12111015006211223 0.42371715008601907 0.38543479860215857 0.7334396926292516 0.06214426976858134 0.9124403507048168 0.32477184930577374 0.37493055250869933 0.35998417308806996 0.08762945243953435
0.09251532725280154 0.018752522283354 0.0 0.19792757542911998 0.9328735506291476 0.8741714858133341 0.12207805211874789 0.8725083642588009 0.9348987071505308 0.15343277521286713 0.6378161071580626 0.43704918614244936 0.2984778613015112 0.2746091318072541 0.6412151764874011
0.2934911433915113 0.11050358473126753 0.19792757542911998 0.0 0.9436454333552904 0.6325502433193677 0.3621670309610384 0.2067058514729223 0.202641347196565 0.2692209325101397 0.7521878867351238 0.6964917080112616 0.007822898232137998 0.5907483780942419 0.10164817860847286
0.637113998317678 0.09419574973352329 0.9328735506291476 0.9436454333552904 0.0 0.17962039007523578 0.6481033070189879 0.8586386390714031 0.6119659620028184 0.3709986568152669 0.07047732203329193 0.6745154290816581 0.9352037557918151 0.849415596863608 0.599060348422519
0.02229256929436796 0.12111015006211223 0.8741714858133341 0.6325502433193677 0.17962039007523578 0.0 0.40653674508062576 0.2619815486931095 0.5333638290225767 0.6863165968056016 0.4004805463665416 0.5520681886222569 0.39442585491511606 0.7751208126825023 0.5612230072446913
0.8620121964528819 0.42371715008601907 0.12207805211874789 0.3621670309610384 0.6481033070189879 0.40653674508062576 0.0 0.8617829414930807 0.17021887090737964 0.9840857429870259 0.9381852742464805 0.2467537786552919 0.4023678930040644 0.9936276613425844 0.27742524338801133
0.5152636478422381 0.38543479860215857 0.8725083642588009 0.2067058514729223 0.8586386390714031 0.2619815486931095 0.8617829414930807 0.0 0.7742421141440168 0.4697039994679042 0.20653079063118418 0.11340327034007236 0.7661586318397455 0.4128603913112867 0.9843108041539288
0.8168687139175086 0.7334396926292516 0.9348987071505308 0.202641347196565 0.6119659620028184 0.5333638290225767 0.17021887090737964 0.7742421141440168 0.0 0.8650517775416967 0.5120584190595956 0.2536664331547396 0.5194663393365034 0.5736304984843191 0.34081763025984246
0.04245675905440671 0.06214426976858134 0.15343277521286713 0.2692209325101397 0.3709986568152669 0.6863165968056016 0.9840857429870259 0.4697039994679042 0.8650517775416967 0.0 0.20121545387813033 0.6937467978071625 0.3739504979371354 0.12035846163472474 0.6062091809647905
0.056251636188718535 0.9124403507048168 0.6378161071580626 0.7521878867351238 0.07047732203329193 0.4004805463665416 0.9381852742464805 0.20653079063118418 0.5120584190595956 0.20121545387813033 0.0 0.09385369397452814 0.5259020218462034 0.9667026406163364 0.7761584663170624
0.46254923571988216 0.32477184930577374 0.43704918614244936 0.6964917080112616 0.6745154290816581 0.5520681886222569 0.2467537786552919 0.11340327034007236 0.2536664331547396 0.6937467978071625 0.09385369397452814 0.0 0.20853174898124094 0.8498223805202719 0.18679826309730785
0.8088002906648469 0.37493055250869933 0.2984778613015112 0.007822898232137998 0.9352037557918151 0.39442585491511606 0.4023678930040644 0.7661586318397455 0.5194663393365034 0.3739504979371354 0.5259020218462034 0.20853174898124094 0.0 0.7962457789528771 0.7147952551420307
0.7794467799251157 0.35998417308806996 0.2746091318072541 0.5907483780942419 0.849415596863608 0.7751208126825023 0.9936276613425844 0.4128603913112867 0.5736304984843191 0.12035846163472474 0.9667026406163364 0.8498223805202719 0.7962457789528771 0.0 0.707091705212809
0.04994282682406159 0.08762945243953435 0.6412151764874011 0.10164817860847286 0.599060348422519 0.5612230072446913 0.27742524338801133 0.9843108041539288 0.34081763025984246 0.6062091809647905 0.7761584663170624 0.18679826309730785 0.7147952551420307 0.707091705212809 0.0

# Optimal Walk
0 10 4 11 7 12 3 8 6 2 1 9 13 14 5 0
