# Graph size: 15
# Optimal cost: 2.2508428425241407

# Distance Matrix
0.0 0.7487054085277962 0.07349016674734843 0.6232063499371504 0.91081678204285 0.7317090652682773 0.2400354936703012 0.34515530802915584 0.6393484140609926 0.0561337426457047 0.009236501600242586 0.2515841437621301 0.366071020694438 0.9838235907403544 0.25792557942165517
0.7487054085277962 0.0 0.8499834111056758 0.18867274832187375 0.2932940446697675 0.360311269988161 0.8331033624388298 0.08409329992525783 0.9900397374773473 0.8459421098398247 0.7399344224071248 0.10903741227308106 0.862225939193924 0.005081910860020633 0.4684343018029009
0.07349016674734843 0.8499834111056758 0.0 0.5050683007585562 0.7423899883485289 0.010374785173404177 0.7003348543835507 0.49639770878839606 0.80550529320235 0.9449671432816619 0.033713500789225304 0.2804032029829474 0.4847373830674153 0.9797929344905856 0.635615804549578
0.6232063499371504 0.18867274832187375 0.5050683007585562 0.0 0.9540668666782397 0.6184477845398232 0.8265174437924722 0.5248668554214898 0.8939445590705991 0.2554783009133993 0.5076741297412013 0.1743111490052851 0.4129380134489573 0.14047476587964358 0.4318181195808011
0.91081678204285 0.2932940446697675 0.7423899883485289 0.9540668666782397 0.0 0.9820719798156642 0.3540567917952029 0.2769857036776654 0.7390585345200871 0.3030229563109229 0.6495209465003334 0.12329819788343177 0.8911216473300237 0.15451589219374406 0.7729689230029742
0.7317090652682773 0.360311269988161 0.010374785173404177 0.6184477845398232 0.9820719798156642 0.0 0.9144496218409401 0.5201354133771046 0.4145106113564174 0.4432002599231639 0.32358057960623465 0.6216149380334399 0.3156044056526367 0.8997954592618034 0.17677074684392047
0.2400354936703012 0.8331033624388298 0.7003348543835507 0.8265174437924722 0.3540567917952029 0.9144496218409401 0.0 0.27966805243052495 0.30505953164427624 0.5641207321329098 0.21772626986165156 0.24622838389438229 0.8887795177513865 0.923638049292384 0.9821634430713582
0.34515530802915584 0.08409329992525783 0.49639770878839606 0.5248668554214898 0.2769857036776654 0.5201354133771046 0.27966805243052495 0.0 0.8611633308646023 0.9062861220890317 0.033106538951839015 0.6864603287660856 0.9963925040719136 0.79410069437388 0.11317372714772977
0.6393484140609926 0.9900397374773473 0.80550529320235 0.8939445590705991 0.7390585345200871 0.4145106113564174 0.30505953164427624 0.8611633308646023 0.0 0.6611245117972216 0.9346920823093269 0.786534798597779 0.345020398541358 0.2668512955285768 0.35264868031003627
0.0561337426457047 0.8459421098398247 0.9449671432816619 0.2554783009133993 0.3030229563109229 0.4432002599231639 0.5641207321329098 0.9062861220890317 0.6611245117972216 0.0 0.6757469454272558 0.10913640819897141 0.4194240430636528 0.8672666123430574 0.7070237488866808
0.009236501600242586 0.7399344224071248 0.033713500789225304 0.5076741297412013 0.6495209465003334 0.32358057960623465 0.21772626986165156 0.033106538951839015 0.9346920823093269 0.6757469454272558 0.0 0.5969687583115231 0.8194340242547383 0.9270200152776316 0.42059516315006507
0.2515841437621301 0.10903741227308106 0.2804032029829474 0.1743111490052851 0.12329819788343177 0.6216149380334399 0.24622838389438229 0.6864603287660856 0.786534798597779 0.10913640819897141 0.5969687583115231 0.0 0.9360975934548768 0.7337743524650144 0.18068171228169883
0.366071020694438 0.862225939193924 0.4847373830674153 0.4129380134489573 0.8911216473300237 0.3156044056526367 0.8887795177513865 0.9963925040719136 0.345020398541358 0.4194240430636528 0.8194340242547383 0.9360975934548768 0.0 0.7678952980509025 0.712759629398332
0.9838235907403544 0.005081910860020633 0.9797929344905856 0.14047476587964358 0.15451589219374406 0.8997954592618034 0.923638049292384 0.79410069437388 0.2668512955285768 0.8672666123430574 0.9270200152776316 0.7337743524650144 0.7678952980509025 0.0 0.7080888969737079
0.25792557942165517 0.4684343018029009 0.635615804549578 0.4318181195808011 0.7729689230029742 0.17677074684392047 0.9821634430713582 0.11317372714772977 0.35264868031003627 0.7070237488866808 0.42059516315006507 0.18068171228169883 0.712759629398332 0.7080888969737079 0.0

# Optimal Walk
0 10 7 14 5 2 6 8 12 3 1 13 4 11 9 0
