# Graph size: 15
# Optimal cost: 2.208902983004731

# Distance Matrix
0.0 0.6419125428849866 0.6231053850098643 0.48766635797197677 0.47885561010457633 0.33271610695869014 0.9059283615309399 0.8372259113010058 0.2696291617501293 0.7737989416285679 0.46256776835652136 0.23691566892887916 0.5009946594844307 0.4321819855614153 0.9083214740290224
0.6419125428849866 0.0 0.6550449422871563 0.12313256301007214 0.3816863332502991 0.4555886913930026 0.16885704834100468 0.9638146821246665 0.1548155151322873 0.8675638038712317 0.746263619613863 0.7377015126928609 0.7078283802666444 0.06501504453470652 0.498450765268988
0.6231053850098643 0.6550449422871563 0.0 0.9293208544613132 0.7458593727904336 0.2592252560703596 0.15460843147899317 0.6342303742950358 0.6090443248568128 0.1648364050965352 0.47976063637905153 0.7641568917509671 0.15596172176686662 0.058252925144381185 0.10765098662365569
0.48766635797197677 0.12313256301007214 0.9293208544613132 0.0 0.3744432865400811 0.5973007162496083 0.19042409062908738 0.7928644229042607 0.2559236654438024 0.030518917099990217 0.33723854537184683 0.3998425801427493 0.3483859931268146 0.5053542287793592 0.0764288321138823
0.47885561010457633 0.3816863332502991 0.7458593727904336 0.3744432865400811 0.0 0.04117685698247553 0.9790707986832894 0.8104073377387355 0.7167979694067169 0.6535397471140294 0.4071935361672726 0.8126116243928997 0.6737433671344097 0.9568416091293284 0.6642670306159684
0.33271610695869014 0.4555886913930026 0.2592252560703596 0.5973007162496083 0.04117685698247553 0.0 0.10426064656710776 0.48446852274666397 0.1806766184777714 0.22003997093853012 0.9163632300392556 0.5869361972604472 0.16184816960313608 0.5751559038791363 0.7424487388857286
0.9059283615309399 0.16885704834100468 0.15460843147899317 0.19042409062908738 0.9790707986832894 0.10426064656710776 0.0 0.4485308452333788 0.4177405231731598 0.4841766656295424 0.8835464829129089 0.6235630109281185 0.5825302012892374 0.1464031247433416 0.17291453930312484
0.8372259113010058 0.9638146821246665 0.6342303742950358 0.7928644229042607 0.8104073377387355 0.48446852274666397 0.4485308452333788 0.0 0.8431611341341297 0.1567071054488971 0.36696506803596773 0.46819511677016723 0.2967615019630715 0.8651015678286632 0.38694136796657974
0.2696291617501293 0.1548155151322873 0.6090443248568128 0.2559236654438024 0.7167979694067169 0.1806766184777714 0.4177405231731598 0.8431611341341297 0.0 0.10902495972641235 0.8513203031255641 0.044591155485003364 0.8088103315207014 0.42973090736796216 0.0725362712937645
0.7737989416285679 0.8675638038712317 0.1648364050965352 0.030518917099990217 0.6535397471140294 0.22003997093853012 0.4841766656295424 0.1567071054488971 0.10902495972641235 0.0 0.38988596131927755 0.8023193601248246 0.5895923944709621 0.5617862026970001 0.0742693849903947
0.46256776835652136 0.746263619613863 0.47976063637905153 0.33723854537184683 0.4071935361672726 0.9163632300392556 0.8835464829129089 0.36696506803596773 0.8513203031255641 0.38988596131927755 0.0 0.565902240986627 0.4372539153230547 0.3031399368830112 0.7318968325031993
0.23691566892887916 0.7377015126928609 0.7641568917509671 0.3998425801427493 0.8126116243928997 0.5869361972604472 0.6235630109281185 0.46819511677016723 0.044591155485003364 0.8023193601248246 0.565902240986627 0.0 0.8400610805310142 0.8612226702979272 0.4267351406227158
0.5009946594844307 0.7078283802666444 0.15596172176686662 0.3483859931268146 0.6737433671344097 0.16184816960313608 0.5825302012892374 0.2967615019630715 0.8088103315207014 0.5895923944709621 0.4372539153230547 0.8400610805310142 0.0 0.03923147257308546 0.12166937669389932
0.4321819855614153 0.06501504453470652 0.058252925144381185 0.5053542287793592 0.9568416091293284 0.5751559038791363 0.1464031247433416 0.8651015678286632 0.42973090736796216 0.5617862026970001 0.3031399368830112 0.8612226702979272 0.03923147257308546 0.0 0.09498736213000547
0.9083214740290224 0.498450765268988 0.10765098662365569 0.0764288321138823 0.6642670306159684 0.7424487388857286 0.17291453930312484 0.38694136796657974 0.0725362712937645 0.0742693849903947 0.7318968325031993 0.4267351406227158 0.12166937669389932 0.09498736213000547 0.0

# Optimal Walk
0 11 8 14 2 6 5 4 12 13 1 3 9 7 10 0
