# MCW Instance
# Type: UNIFORM
# N: 15
# Optimal cost: 1.2043856125398138
# Optimal tour (permutation): [0, 10, 13, 11, 12, 1, 14, 8, 9, 7, 4, 3, 6, 2, 5, 0]
# Optimal walk (full path): [0, 10, 13, 11, 12, 1, 12, 14, 8, 9, 7, 3, 4, 3, 6, 2, 5, 0]
# Walk size: 18
# Is walk (has repeats): true

# Distance Matrix
0.0000000000 0.7057710385 0.9242821384 0.1385397599 0.6748049267 0.0841906078 0.3689827312 0.4675275305 0.6988078380 0.9666899129 0.0776738308 0.3833434563 0.4235864150 0.4838635887 0.2313503410
0.7057710385 0.0000000000 0.8049084743 0.3367302119 0.9136086162 0.3274978037 0.4639830651 0.4925310043 0.5043557837 0.7795091462 0.5383393350 0.6036715855 0.0128559128 0.8046080617 0.1547769817
0.9242821384 0.8049084743 0.0000000000 0.2657964179 0.3728112174 0.0138833752 0.0186048019 0.2134325697 0.9116186575 0.7205787194 0.1928119298 0.4988929358 0.3147183665 0.6165699469 0.0980042711
0.1385397599 0.3367302119 0.2657964179 0.0000000000 0.0102076187 0.1005176729 0.1320024259 0.1332829409 0.7997940422 0.7135866657 0.4893491196 0.9285934347 0.2824898321 0.4697989837 0.1906896185
0.6748049267 0.9136086162 0.3728112174 0.0102076187 0.0000000000 0.1306756573 0.4797368290 0.4943169278 0.4357990177 0.7975963340 0.1361187458 0.4817974458 0.7586750650 0.9309472238 0.7151187299
0.0841906078 0.3274978037 0.0138833752 0.1005176729 0.1306756573 0.0000000000 0.5779218598 0.9914205762 0.4101439886 0.9928775443 0.9323282434 0.5169376303 0.6098618135 0.2118967565 0.5052529336
0.3689827312 0.4639830651 0.0186048019 0.1320024259 0.4797368290 0.5779218598 0.0000000000 0.6556788045 0.2794960602 0.5310457421 0.5236630625 0.9467397599 0.8426372870 0.8138951913 0.5773897425
0.4675275305 0.4925310043 0.2134325697 0.1332829409 0.4943169278 0.9914205762 0.6556788045 0.0000000000 0.0298669473 0.1349015938 0.6343137015 0.7217468671 0.8124927470 0.7400591704 0.7464284984
0.6988078380 0.5043557837 0.9116186575 0.7997940422 0.4357990177 0.4101439886 0.2794960602 0.0298669473 0.0000000000 0.1103483462 0.6146996456 0.5072550950 0.1654651888 0.6203118261 0.0250543109
0.9666899129 0.7795091462 0.7205787194 0.7135866657 0.7975963340 0.9928775443 0.5310457421 0.1349015938 0.1103483462 0.0000000000 0.5362180712 0.4366452060 0.6517647142 0.2715412055 0.9027045007
0.0776738308 0.5383393350 0.1928119298 0.4893491196 0.1361187458 0.9323282434 0.5236630625 0.6343137015 0.6146996456 0.5362180712 0.0000000000 0.6312343753 0.7845441769 0.0143643517 0.6630269054
0.3833434563 0.6036715855 0.4988929358 0.9285934347 0.4817974458 0.5169376303 0.9467397599 0.7217468671 0.5072550950 0.4366452060 0.6312343753 0.0000000000 0.1019993652 0.2572093306 0.6011755321
0.4235864150 0.0128559128 0.3147183665 0.2824898321 0.7586750650 0.6098618135 0.8426372870 0.8124927470 0.1654651888 0.6517647142 0.7845441769 0.1019993652 0.0000000000 0.2243668014 0.0547432687
0.4838635887 0.8046080617 0.6165699469 0.4697989837 0.9309472238 0.2118967565 0.8138951913 0.7400591704 0.6203118261 0.2715412055 0.0143643517 0.2572093306 0.2243668014 0.0000000000 0.2969608766
0.2313503410 0.1547769817 0.0980042711 0.1906896185 0.7151187299 0.5052529336 0.5773897425 0.7464284984 0.0250543109 0.9027045007 0.6630269054 0.6011755321 0.0547432687 0.2969608766 0.0000000000
