# Graph size: 15
# Optimal cost: 2.2865217136161156

# Distance Matrix
0.0 0.3960867972496753 0.384367839647067 0.21041335439560327 0.33361660001098703 0.8058298794417798 0.7411189608116708 0.3514007642297793 0.22235776461222645 0.6474943726376444 0.2828472177519692 0.21278461723721664 0.5273447658577087 0.5424968611002885 0.3284973618728043
0.3960867972496753 0.0 0.6037285536999083 0.8931226850456289 0.37147147880335907 0.8927535287803414 0.969282134128123 0.0745580974703981 0.8561131271921666 0.9855808921933797 0.8559866351059064 0.46433991899225224 0.5359342964990922 0.3567066822410352 0.14155081135012093
0.384367839647067 0.6037285536999083 0.0 0.865849878826302 0.6558352740598234 0.5576300096710632 0.4785775679292569 0.7126053796041079 0.16886382546139223 0.9837886664195392 0.8564253007421271 0.11614122840088215 0.5282672755076097 0.38079997188542924 0.920638535237216
0.21041335439560327 0.8931226850456289 0.865849878826302 0.0 0.8361104138621344 0.19391623792978707 0.15123210113599628 0.7059842541815033 0.5095490314036825 0.8104059842737373 0.6821511677631895 0.7369817629701416 0.2506633573441591 0.8276177838941154 0.8287285044845147
0.33361660001098703 0.37147147880335907 0.6558352740598234 0.8361104138621344 0.0 0.028915810761154792 0.03816248861359939 0.9292494272573321 0.635481820613471 0.3826739096399203 0.14407268195899814 0.010800356800494959 0.3542623231447969 0.5083502959385673 0.22613467133731668
0.8058298794417798 0.8927535287803414 0.5576300096710632 0.19391623792978707 0.028915810761154792 0.0 0.6057237443229471 0.8268900006059048 0.9354111153834637 0.6052984782103922 0.596934055688641 0.3403771521114278 0.3713163093733399 0.6804951777167331 0.7705854437940269
0.7411189608116708 0.969282134128123 0.4785775679292569 0.15123210113599628 0.03816248861359939 0.6057237443229471 0.0 0.1339705622862266 0.15584547916854252 0.39477801890196396 0.27001293444693 0.8397803498940428 0.7249768736333766 0.16009043637134146 0.28995471269894313
0.3514007642297793 0.0745580974703981 0.7126053796041079 0.7059842541815033 0.9292494272573321 0.8268900006059048 0.1339705622862266 0.0 0.27255398245505513 0.5460196158430256 0.6723319893847031 0.41465034121314837 0.1491921844610704 0.8148014107043597 0.6040573726217755
0.22235776461222645 0.8561131271921666 0.16886382546139223 0.5095490314036825 0.635481820613471 0.9354111153834637 0.15584547916854252 0.27255398245505513 0.0 0.8481367156514096 0.514892557542356 0.3160652331881446 0.2490576453482236 0.41103976293583655 0.880346081058719
0.6474943726376444 0.9855808921933797 0.9837886664195392 0.8104059842737373 0.3826739096399203 0.6052984782103922 0.39477801890196396 0.5460196158430256 0.8481367156514096 0.0 0.23983000241583174 0.8112373781612542 0.5853863447574175 0.3332008538468697 0.4193222242046599
0.2828472177519692 0.8559866351059064 0.8564253007421271 0.6821511677631895 0.14407268195899814 0.596934055688641 0.27001293444693 0.6723319893847031 0.514892557542356 0.23983000241583174 0.0 0.17961473074866052 0.07743789849913774 0.17704569739597364 0.4101863797213423
0.21278461723721664 0.46433991899225224 0.11614122840088215 0.7369817629701416 0.010800356800494959 0.3403771521114278 0.8397803498940428 0.41465034121314837 0.3160652331881446 0.8112373781612542 0.17961473074866052 0.0 0.7119361727612707 0.33827333207875776 0.9724563838630751
0.5273447658577087 0.5359342964990922 0.5282672755076097 0.2506633573441591 0.3542623231447969 0.3713163093733399 0.7249768736333766 0.1491921844610704 0.2490576453482236 0.5853863447574175 0.07743789849913774 0.7119361727612707 0.0 0.06603443085938665 0.7613110948772849
0.5424968611002885 0.3567066822410352 0.38079997188542924 0.8276177838941154 0.5083502959385673 0.6804951777167331 0.16009043637134146 0.8148014107043597 0.41103976293583655 0.3332008538468697 0.17704569739597364 0.33827333207875776 0.06603443085938665 0.0 0.2328257487661889
0.3284973618728043 0.14155081135012093 0.920638535237216 0.8287285044845147 0.22613467133731668 0.7705854437940269 0.28995471269894313 0.6040573726217755 0.880346081058719 0.4193222242046599 0.4101863797213423 0.9724563838630751 0.7613110948772849 0.2328257487661889 0.0

# Optimal Walk
0 3 6 7 1 14 13 12 10 9 5 4 11 2 8 0
