# MCW Instance
# Type: UNIFORM
# N: 15
# Optimal cost: 1.5511353667465548
# Optimal tour (permutation): [0, 13, 5, 4, 8, 10, 7, 9, 1, 14, 6, 2, 11, 3, 12, 0]
# Optimal walk (full path): [0, 5, 13, 5, 4, 8, 10, 7, 9, 1, 14, 6, 2, 6, 11, 3, 12, 0]
# Walk size: 18
# Is walk (has repeats): true

# Distance Matrix
0.0000000000 0.9634344261 0.9744999670 0.3828939288 0.2765558249 0.0678850028 0.5722043855 0.6728598554 0.6018468838 0.7038143733 0.9682219494 0.0667120216 0.0668450421 0.6787750064 0.1518665372
0.9634344261 0.0000000000 0.3145946644 0.2881826328 0.1590036566 0.4182667231 0.4344093171 0.9613109852 0.4784083631 0.0060397412 0.3002171819 0.6407680225 0.7396095240 0.5593452375 0.2031311865
0.9744999670 0.3145946644 0.0000000000 0.2045825250 0.6384621292 0.1672792004 0.0236436135 0.7953255548 0.5538379468 0.3204823483 0.7803129961 0.7578594558 0.8360472120 0.2430011002 0.2269594377
0.3828939288 0.2881826328 0.2045825250 0.0000000000 0.8526233218 0.4001322441 0.7068537376 0.8589950232 0.8133331219 0.1843656568 0.6174182682 0.1592416075 0.1392639151 0.7696382446 0.3696720734
0.2765558249 0.1590036566 0.6384621292 0.8526233218 0.0000000000 0.1645658138 0.8648202073 0.4720229164 0.2184785281 0.4668868281 0.9328898900 0.5186524863 0.6805287697 0.5755896520 0.7135163148
0.0678850028 0.4182667231 0.1672792004 0.4001322441 0.1645658138 0.0000000000 0.4961510188 0.2912114916 0.1631026374 0.1557118561 0.1212095444 0.8765976094 0.0913751166 0.0377753689 0.5244990592
0.5722043855 0.4344093171 0.0236436135 0.7068537376 0.8648202073 0.4961510188 0.0000000000 0.8688904473 0.2742172277 0.7902656983 0.6619647283 0.0931064194 0.3689404330 0.4058211046 0.1716472238
0.6728598554 0.9613109852 0.7953255548 0.8589950232 0.4720229164 0.2912114916 0.8688904473 0.0000000000 0.8834153520 0.0104644432 0.0213050831 0.9795284992 0.3494830066 0.8020319768 0.8602969385
0.6018468838 0.4784083631 0.5538379468 0.8133331219 0.2184785281 0.1631026374 0.2742172277 0.8834153520 0.0000000000 0.2245006442 0.1063233955 0.5589000050 0.3577352385 0.6204087365 0.8055817019
0.7038143733 0.0060397412 0.3204823483 0.1843656568 0.4668868281 0.1557118561 0.7902656983 0.0104644432 0.2245006442 0.0000000000 0.3648524044 0.4535606386 0.2022191473 0.3618330625 0.8461054641
0.9682219494 0.3002171819 0.7803129961 0.6174182682 0.9328898900 0.1212095444 0.6619647283 0.0213050831 0.1063233955 0.3648524044 0.0000000000 0.2384947961 0.5137172572 0.8543966990 0.6931544629
0.0667120216 0.6407680225 0.7578594558 0.1592416075 0.5186524863 0.8765976094 0.0931064194 0.9795284992 0.5589000050 0.4535606386 0.2384947961 0.0000000000 0.3626295765 0.6857395064 0.7033283213
0.0668450421 0.7396095240 0.8360472120 0.1392639151 0.6805287697 0.0913751166 0.3689404330 0.3494830066 0.3577352385 0.2022191473 0.5137172572 0.3626295765 0.0000000000 0.8683359282 0.8762913797
0.6787750064 0.5593452375 0.2430011002 0.7696382446 0.5755896520 0.0377753689 0.4058211046 0.8020319768 0.6204087365 0.3618330625 0.8543966990 0.6857395064 0.8683359282 0.0000000000 0.5267966191
0.1518665372 0.2031311865 0.2269594377 0.3696720734 0.7135163148 0.5244990592 0.1716472238 0.8602969385 0.8055817019 0.8461054641 0.6931544629 0.7033283213 0.8762913797 0.5267966191 0.0000000000
