# Graph size: 15
# Optimal cost: 1.8063157599357242

# Distance Matrix
0.0 0.29502678847778396 0.9764051323655344 0.9488556778477556 0.8418452099976235 0.4424528016679138 0.6686842491661293 0.2151922704904119 0.5161262468351155 0.08738927405067354 0.6810685465047042 0.3843262696268803 0.10865217647841652 0.5430493496181636 0.9791969858370608
0.29502678847778396 0.0 0.12846395320197168 0.17175718910518567 0.8866179931698803 0.425722000714304 0.43205830843810566 0.40143727714613653 0.6693848451340215 0.9719001983713779 0.3688333366386476 0.09397157801697842 0.9997418393380972 0.533670612376912 0.03757657010288207
0.9764051323655344 0.12846395320197168 0.0 0.7210059774855978 0.328909986993156 0.641117883399141 0.569084558876057 0.12654806979924915 0.6296115277712292 0.28713224310872254 0.9926215594966722 0.32686046422662096 0.29950489000565583 0.26924225557584913 0.40747865458868393
0.9488556778477556 0.17175718910518567 0.7210059774855978 0.0 0.403029428317066 0.04405186822862506 0.7180099312261136 0.3436969947182973 0.5160244194676682 0.1975875677588207 0.4360425308109579 0.4157455572538953 0.645353130370281 0.4267156368933387 0.1335886473314456
0.8418452099976235 0.8866179931698803 0.328909986993156 0.403029428317066 0.0 0.3739202543939498 0.2549561413759195 0.5267523789074017 0.6398511812770441 0.4404574834684153 0.7237736585479675 0.06979549037723076 0.693562645195209 0.3808326679809694 0.0434565490678438
0.4424528016679138 0.425722000714304 0.641117883399141 0.04405186822862506 0.3739202543939498 0.0 0.9920943082520428 0.9720338840853139 0.1054397540905535 0.981982507015462 0.8187499216161774 0.604799549726479 0.7228251915572648 0.6394776146218071 0.11537570263202346
0.6686842491661293 0.43205830843810566 0.569084558876057 0.7180099312261136 0.2549561413759195 0.9920943082520428 0.0 0.5361494339419282 0.872875691792062 0.08133204854522724 0.9291995889714868 0.7502475808686672 0.8568362968074159 0.5237384229284436 0.43619142973260083
0.2151922704904119 0.40143727714613653 0.12654806979924915 0.3436969947182973 0.5267523789074017 0.9720338840853139 0.5361494339419282 0.0 0.553205789516783 0.5507613889625981 0.3680698767640387 0.746150472788208 0.818392092465431 0.3399779211651426 0.23305421606581844
0.5161262468351155 0.6693848451340215 0.6296115277712292 0.5160244194676682 0.6398511812770441 0.1054397540905535 0.872875691792062 0.553205789516783 0.0 0.8342888786673752 0.3444186206967642 0.3443669930012474 0.017489451552746726 0.8656998107468207 0.2496676535703768
0.08738927405067354 0.9719001983713779 0.28713224310872254 0.1975875677588207 0.4404574834684153 0.981982507015462 0.08133204854522724 0.5507613889625981 0.8342888786673752 0.0 0.01774598644820813 0.9412852727278178 0.7581989567004924 0.6328784892022097 0.7993604743014395
0.6810685465047042 0.3688333366386476 0.9926215594966722 0.4360425308109579 0.7237736585479675 0.8187499216161774 0.9291995889714868 0.3680698767640387 0.3444186206967642 0.01774598644820813 0.0 0.4589036988240198 0.6893811992037662 0.5662319183006413 0.8714715649134427
0.3843262696268803 0.09397157801697842 0.32686046422662096 0.4157455572538953 0.06979549037723076 0.604799549726479 0.7502475808686672 0.746150472788208 0.3443669930012474 0.9412852727278178 0.4589036988240198 0.0 0.9168116722967921 0.3953344488150432 0.8555330520903424
0.10865217647841652 0.9997418393380972 0.29950489000565583 0.645353130370281 0.693562645195209 0.7228251915572648 0.8568362968074159 0.818392092465431 0.017489451552746726 0.7581989567004924 0.6893811992037662 0.9168116722967921 0.0 0.2342503675015154 0.835347310657934
0.5430493496181636 0.533670612376912 0.26924225557584913 0.4267156368933387 0.3808326679809694 0.6394776146218071 0.5237384229284436 0.3399779211651426 0.8656998107468207 0.6328784892022097 0.5662319183006413 0.3953344488150432 0.2342503675015154 0.0 0.5313052365404031
0.9791969858370608 0.03757657010288207 0.40747865458868393 0.1335886473314456 0.0434565490678438 0.11537570263202346 0.43619142973260083 0.23305421606581844 0.2496676535703768 0.7993604743014395 0.8714715649134427 0.8555330520903424 0.835347310657934 0.5313052365404031 0.0

# Optimal Walk
0 10 9 6 4 11 1 14 3 5 8 12 13 2 7 0
