# MCW Instance
# Type: UNIFORM
# N: 15
# Optimal cost: 1.9646691299606314
# Optimal tour (permutation): [0, 9, 7, 13, 4, 1, 5, 10, 12, 14, 2, 3, 8, 11, 6, 0]
# Optimal walk (full path): [0, 9, 7, 13, 4, 1, 5, 10, 12, 14, 2, 5, 3, 5, 8, 6, 11, 6, 0]
# Walk size: 19
# Is walk (has repeats): true

# Distance Matrix
0.0000000000 0.5391276464 0.5941704502 0.6233569733 0.4534164653 0.2314439911 0.1266867721 0.5216236328 0.5976051218 0.0345924877 0.6730093017 0.2149350907 0.4959280282 0.2659888888 0.7669448384
0.5391276464 0.0000000000 0.6999001906 0.2424822276 0.2238009069 0.0895598680 0.9730969874 0.8863927975 0.2522765280 0.2568384772 0.3265232102 0.4948387550 0.8934839966 0.8939238707 0.3891414172
0.5941704502 0.6999001906 0.0000000000 0.5584643848 0.4958548859 0.0902128399 0.1408678378 0.9589328634 0.9321490829 0.4633606390 0.6732050797 0.7427934044 0.1429363574 0.2252934528 0.2998209870
0.6233569733 0.2424822276 0.5584643848 0.0000000000 0.5014971356 0.0664162619 0.8396141929 0.7307269578 0.2443110286 0.1413742629 0.0873269784 0.4153111733 0.2690430055 0.9772990309 0.6165941484
0.4534164653 0.2238009069 0.4958548859 0.5014971356 0.0000000000 0.8323329777 0.6849058719 0.9741616168 0.3422790454 0.4590871252 0.9225113934 0.6440849998 0.3823170150 0.3872973432 0.7778999652
0.2314439911 0.0895598680 0.0902128399 0.0664162619 0.8323329777 0.0000000000 0.1381077065 0.5704955002 0.0699008883 0.2806756918 0.0134728101 0.9690140113 0.4807367918 0.9507303008 0.5903495246
0.1266867721 0.9730969874 0.1408678378 0.8396141929 0.6849058719 0.1381077065 0.0000000000 0.2192332177 0.0482523234 0.8137036208 0.3416217170 0.0153115271 0.0846940275 0.8822424475 0.6353536279
0.5216236328 0.8863927975 0.9589328634 0.7307269578 0.9741616168 0.5704955002 0.2192332177 0.0000000000 0.4629669508 0.0738505001 0.6782837930 0.8067701181 0.5943906656 0.1032665106 0.7710019046
0.5976051218 0.2522765280 0.9321490829 0.2443110286 0.3422790454 0.0699008883 0.0482523234 0.4629669508 0.0000000000 0.9750652351 0.8503780944 0.9309489379 0.2357236625 0.2400790896 0.9120320155
0.0345924877 0.2568384772 0.4633606390 0.1413742629 0.4590871252 0.2806756918 0.8137036208 0.0738505001 0.9750652351 0.0000000000 0.6619369862 0.4010299258 0.8948603224 0.8669319423 0.7767104874
0.6730093017 0.3265232102 0.6732050797 0.0873269784 0.9225113934 0.0134728101 0.3416217170 0.6782837930 0.8503780944 0.6619369862 0.0000000000 0.2444248693 0.0723571601 0.3284519451 0.3012618055
0.2149350907 0.4948387550 0.7427934044 0.4153111733 0.6440849998 0.9690140113 0.0153115271 0.8067701181 0.9309489379 0.4010299258 0.2444248693 0.0000000000 0.3213699650 0.8079572834 0.7919496022
0.4959280282 0.8934839966 0.1429363574 0.2690430055 0.3823170150 0.4807367918 0.0846940275 0.5943906656 0.2357236625 0.8948603224 0.0723571601 0.3213699650 0.0000000000 0.2377582448 0.1681421544
0.2659888888 0.8939238707 0.2252934528 0.9772990309 0.3872973432 0.9507303008 0.8822424475 0.1032665106 0.2400790896 0.8669319423 0.3284519451 0.8079572834 0.2377582448 0.0000000000 0.8443229435
0.7669448384 0.3891414172 0.2998209870 0.6165941484 0.7778999652 0.5903495246 0.6353536279 0.7710019046 0.9120320155 0.7767104874 0.3012618055 0.7919496022 0.1681421544 0.8443229435 0.0000000000
