# MCW Instance
# Type: UNIFORM
# N: 15
# Optimal cost: 2.275725177511787
# Optimal tour (permutation): [0, 3, 9, 4, 10, 2, 8, 12, 13, 6, 5, 14, 7, 11, 1, 0]
# Optimal walk (full path): [0, 3, 9, 4, 10, 2, 8, 13, 12, 13, 6, 5, 14, 7, 11, 7, 1, 7, 0]
# Walk size: 19
# Is walk (has repeats): true

# Distance Matrix
0.0000000000 0.6107727151 0.8654693241 0.0741480958 0.3090892801 0.9288927480 0.4707244789 0.0921945790 0.2865660114 0.8384719284 0.9507730862 0.9228621342 0.7367011402 0.2378018832 0.6021579479
0.6107727151 0.0000000000 0.7484770737 0.5753752134 0.3784604419 0.4849452437 0.4063241216 0.0322487726 0.9446389808 0.5176780554 0.6274018761 0.6216547880 0.6690460815 0.5480923639 0.6818870799
0.8654693241 0.7484770737 0.0000000000 0.9922228686 0.7688652110 0.8678874410 0.4301173313 0.4833906329 0.2362208240 0.9923824886 0.2945037405 0.9601220372 0.5498338352 0.9096791763 0.4656364434
0.0741480958 0.5753752134 0.9922228686 0.0000000000 0.7715660807 0.6880236913 0.4189901124 0.7349474312 0.4850536861 0.4179414682 0.6240813962 0.7066468496 0.3837444859 0.7118942385 0.1253168869
0.3090892801 0.3784604419 0.7688652110 0.7715660807 0.0000000000 0.7832502526 0.5843996088 0.7988480084 0.9625808558 0.2418661705 0.0311697264 0.7976730639 0.9013945926 0.9225146435 0.5519531169
0.9288927480 0.4849452437 0.8678874410 0.6880236913 0.7832502526 0.0000000000 0.0984217433 0.2258318210 0.5350990154 0.6257910972 0.6589056767 0.8043765272 0.3582549644 0.5029332820 0.1660658475
0.4707244789 0.4063241216 0.4301173313 0.4189901124 0.5843996088 0.0984217433 0.0000000000 0.8286563726 0.1511520670 0.8436187644 0.5751055486 0.2900232946 0.4284250140 0.0972831033 0.8840824304
0.0921945790 0.0322487726 0.4833906329 0.7349474312 0.7988480084 0.2258318210 0.8286563726 0.0000000000 0.9552425063 0.8587630394 0.4308160246 0.1276331992 0.3300897767 0.4392876826 0.1326574403
0.2865660114 0.9446389808 0.2362208240 0.4850536861 0.9625808558 0.5350990154 0.1511520670 0.9552425063 0.0000000000 0.4807303575 0.8584462535 0.2707003765 0.0689346801 0.0518470880 0.3945189513
0.8384719284 0.5176780554 0.9923824886 0.4179414682 0.2418661705 0.6257910972 0.8436187644 0.8587630394 0.4807303575 0.0000000000 0.2122834398 0.9485072669 0.4146333976 0.8071040177 0.4311892201
0.9507730862 0.6274018761 0.2945037405 0.6240813962 0.0311697264 0.6589056767 0.5751055486 0.4308160246 0.8584462535 0.2122834398 0.0000000000 0.8656995892 0.1781826505 0.4273493012 0.8770533303
0.9228621342 0.6216547880 0.9601220372 0.7066468496 0.7976730639 0.8043765272 0.2900232946 0.1276331992 0.2707003765 0.9485072669 0.8656995892 0.0000000000 0.8326663022 0.9281943902 0.9352614172
0.7367011402 0.6690460815 0.5498338352 0.3837444859 0.9013945926 0.3582549644 0.4284250140 0.3300897767 0.0689346801 0.4146333976 0.1781826505 0.8326663022 0.0000000000 0.0108207034 0.7877489326
0.2378018832 0.5480923639 0.9096791763 0.7118942385 0.9225146435 0.5029332820 0.0972831033 0.4392876826 0.0518470880 0.8071040177 0.4273493012 0.9281943902 0.0108207034 0.0000000000 0.6848160465
0.6021579479 0.6818870799 0.4656364434 0.1253168869 0.5519531169 0.1660658475 0.8840824304 0.1326574403 0.3945189513 0.4311892201 0.8770533303 0.9352614172 0.7877489326 0.6848160465 0.0000000000
