# MCW Instance
# Type: UNIFORM
# N: 15
# Optimal cost: 1.5127979877466573
# Optimal tour (permutation): [0, 10, 14, 11, 3, 9, 2, 7, 4, 13, 6, 5, 1, 12, 8, 0]
# Optimal walk (full path): [0, 10, 14, 11, 14, 3, 9, 2, 9, 7, 4, 13, 6, 13, 12, 5, 12, 1, 12, 8, 0]
# Walk size: 21
# Is walk (has repeats): true

# Distance Matrix
0.0000000000 0.2903810361 0.3441086711 0.6254032005 0.7840684661 0.4154106950 0.1771745469 0.2382592327 0.1606221487 0.1496862297 0.0673923081 0.2163383808 0.6067702640 0.1184269611 0.1966386186
0.2903810361 0.0000000000 0.5765545053 0.3060874210 0.6164153481 0.8258525151 0.8398007736 0.8340428070 0.4841125402 0.8305836795 0.4545090865 0.6314533454 0.0476024717 0.3394086844 0.3636431032
0.3441086711 0.5765545053 0.0000000000 0.7284030601 0.5513499355 0.7218280502 0.9375674839 0.5282297351 0.6699849759 0.1810453366 0.9180874860 0.3605935127 0.6238021677 0.2470692950 0.7230547314
0.6254032005 0.3060874210 0.7284030601 0.0000000000 0.9433066744 0.1423900646 0.5368686263 0.4462863926 0.8545172626 0.0217829277 0.2508481519 0.1541467467 0.6100040139 0.3027526243 0.0087043755
0.7840684661 0.6164153481 0.5513499355 0.9433066744 0.0000000000 0.6279915259 0.9647534808 0.1613362729 0.7927571557 0.5307768287 0.6136546132 0.4474206628 0.9631437755 0.0864867901 0.5530600265
0.4154106950 0.8258525151 0.7218280502 0.1423900646 0.6279915259 0.0000000000 0.4331818863 0.5368000919 0.7526342566 0.9831275133 0.7404046441 0.1809432077 0.0389418484 0.7802687598 0.6041824876
0.1771745469 0.8398007736 0.9375674839 0.5368686263 0.9647534808 0.4331818863 0.0000000000 0.6618086347 0.5794115137 0.2496972818 0.6002268858 0.8106842124 0.8003420673 0.0799804333 0.7139892895
0.2382592327 0.8340428070 0.5282297351 0.4462863926 0.1613362729 0.5368000919 0.6618086347 0.0000000000 0.4218222395 0.0434564464 0.1646658390 0.1620272941 0.8805999583 0.8011515883 0.2304650459
0.1606221487 0.4841125402 0.6699849759 0.8545172626 0.7927571557 0.7526342566 0.5794115137 0.4218222395 0.0000000000 0.6895221106 0.7353378876 0.7999851286 0.0171429429 0.1625817140 0.8724746374
0.1496862297 0.8305836795 0.1810453366 0.0217829277 0.5307768287 0.9831275133 0.2496972818 0.0434564464 0.6895221106 0.0000000000 0.0288654817 0.0911739954 0.1499400146 0.4323354801 0.4500123334
0.0673923081 0.4545090865 0.9180874860 0.2508481519 0.6136546132 0.7404046441 0.6002268858 0.1646658390 0.7353378876 0.0288654817 0.0000000000 0.2433916309 0.8458891912 0.1115216087 0.0536073452
0.2163383808 0.6314533454 0.3605935127 0.1541467467 0.4474206628 0.1809432077 0.8106842124 0.1620272941 0.7999851286 0.0911739954 0.2433916309 0.0000000000 0.8202703530 0.1247591253 0.0379854548
0.6067702640 0.0476024717 0.6238021677 0.6100040139 0.9631437755 0.0389418484 0.8003420673 0.8805999583 0.0171429429 0.1499400146 0.8458891912 0.8202703530 0.0000000000 0.1211553410 0.2691448054
0.1184269611 0.3394086844 0.2470692950 0.3027526243 0.0864867901 0.7802687598 0.0799804333 0.8011515883 0.1625817140 0.4323354801 0.1115216087 0.1247591253 0.1211553410 0.0000000000 0.7369841202
0.1966386186 0.3636431032 0.7230547314 0.0087043755 0.5530600265 0.6041824876 0.7139892895 0.2304650459 0.8724746374 0.4500123334 0.0536073452 0.0379854548 0.2691448054 0.7369841202 0.0000000000
