# Graph size: 15
# Optimal cost: 2.221787660385582

# Distance Matrix
0.0 0.8671194614312282 0.6527387207634178 0.416955616875363 0.11559268248955945 0.02723650988467985 0.04036398492690074 0.3161821472879399 0.31917327701326625 0.11973833721605909 0.015681624602746247 0.22729819174008536 0.380849367858066 0.8067733271064187 0.5799408760055514
0.8671194614312282 0.0 0.6437635201669829 0.08544351442928 0.8858000644088595 0.6854154233361847 0.24814527497106842 0.6322504721072574 0.27526802296350217 0.7623642519898223 0.4503619763302329 0.7429004913242919 0.6582279025953774 0.6278980720449354 0.7042335981179442
0.6527387207634178 0.6437635201669829 0.0 0.9547326825042824 0.5092436017359123 0.8939694424673639 0.9883544371697263 0.8345714060172841 0.9965798970369986 0.984868219066964 0.6195323407163831 0.48158937151748693 0.29949102747834677 0.3990192434911739 0.1305140008640302
0.416955616875363 0.08544351442928 0.9547326825042824 0.0 0.35297885226857495 0.2095374998560754 0.9055416521691015 0.288443199569105 0.14244211430271891 0.4952093249102343 0.9529446394854043 0.45647476805191556 0.16905120490425352 0.4007362111079139 0.6854978325658683
0.11559268248955945 0.8858000644088595 0.5092436017359123 0.35297885226857495 0.0 0.4081941740146826 0.49281622110168055 0.822815991113347 0.6122284869191436 0.3929687736006142 0.7633399226792513 0.16309489329313254 0.15416243319691225 0.7200835614816898 0.6292265259957981
0.02723650988467985 0.6854154233361847 0.8939694424673639 0.2095374998560754 0.4081941740146826 0.0 0.5895841722876909 0.007338621915097265 0.380490946934152 0.3884502724554939 0.4567997758394654 0.5022925464583095 0.25723013981039755 0.4436797069866988 0.9322626761114557
0.04036398492690074 0.24814527497106842 0.9883544371697263 0.9055416521691015 0.49281622110168055 0.5895841722876909 0.0 0.9151165745633205 0.2890488317752449 0.041591803682925366 0.45609958703988496 0.9908703809420721 0.5464861722005999 0.7214993415938636 0.5208351323946762
0.3161821472879399 0.6322504721072574 0.8345714060172841 0.288443199569105 0.822815991113347 0.007338621915097265 0.9151165745633205 0.0 0.7770279274238301 0.5556526822924461 0.8761545333674644 0.4000678523278588 0.23281198571924144 0.3621690399044192 0.8363798909841568
0.31917327701326625 0.27526802296350217 0.9965798970369986 0.14244211430271891 0.6122284869191436 0.380490946934152 0.2890488317752449 0.7770279274238301 0.0 0.8775746333427052 0.9796809554736658 0.7662028080670613 0.931217475987491 0.7324888485306794 0.9888971867993598
0.11973833721605909 0.7623642519898223 0.984868219066964 0.4952093249102343 0.3929687736006142 0.3884502724554939 0.041591803682925366 0.5556526822924461 0.8775746333427052 0.0 0.8792680863686092 0.046576077594123744 0.7215499947557986 0.9640194136188773 0.6544300456418415
0.015681624602746247 0.4503619763302329 0.6195323407163831 0.9529446394854043 0.7633399226792513 0.4567997758394654 0.45609958703988496 0.8761545333674644 0.9796809554736658 0.8792680863686092 0.0 0.3078952326737612 0.0660232604322627 0.6693268943220888 0.3237828132213326
0.22729819174008536 0.7429004913242919 0.48158937151748693 0.45647476805191556 0.16309489329313254 0.5022925464583095 0.9908703809420721 0.4000678523278588 0.7662028080670613 0.046576077594123744 0.3078952326737612 0.0 0.6461336927975649 0.9987399024256846 0.47959592276248886
0.380849367858066 0.6582279025953774 0.29949102747834677 0.16905120490425352 0.15416243319691225 0.25723013981039755 0.5464861722005999 0.23281198571924144 0.931217475987491 0.7215499947557986 0.0660232604322627 0.6461336927975649 0.0 0.7405456106677812 0.17142962429163622
0.8067733271064187 0.6278980720449354 0.3990192434911739 0.4007362111079139 0.7200835614816898 0.4436797069866988 0.7214993415938636 0.3621690399044192 0.7324888485306794 0.9640194136188773 0.6693268943220888 0.9987399024256846 0.7405456106677812 0.0 0.7558099771322903
0.5799408760055514 0.7042335981179442 0.1305140008640302 0.6854978325658683 0.6292265259957981 0.9322626761114557 0.5208351323946762 0.8363798909841568 0.9888971867993598 0.6544300456418415 0.3237828132213326 0.47959592276248886 0.17142962429163622 0.7558099771322903 0.0

# Optimal Walk
0 10 12 14 2 13 3 1 8 6 9 11 4 5 7 0
