# MCW Instance
# Type: UNIFORM
# N: 15
# Optimal cost: 1.7165013800510147
# Optimal tour (permutation): [0, 12, 8, 14, 7, 2, 10, 11, 3, 13, 5, 9, 1, 6, 4, 0]
# Optimal walk (full path): [0, 6, 12, 8, 14, 7, 2, 10, 11, 3, 13, 5, 9, 1, 6, 4, 6, 0]
# Walk size: 18
# Is walk (has repeats): true

# Distance Matrix
0.0000000000 0.4081494238 0.8144618398 0.4259708909 0.7772033478 0.3417382864 0.0539066834 0.6169332032 0.5838063207 0.4085878143 0.7087345621 0.5482723828 0.7427342798 0.2377283377 0.9969341306
0.4081494238 0.0000000000 0.3629653091 0.1034843474 0.6482839045 0.3360839536 0.0702993070 0.9261784773 0.5774712787 0.1476839879 0.2763730357 0.3541388122 0.6810543589 0.7561609436 0.2211018078
0.8144618398 0.3629653091 0.0000000000 0.7202879046 0.0777207391 0.8396095694 0.1913375661 0.1996117559 0.3504476202 0.7574957925 0.0369409787 0.8287120514 0.8407763459 0.4799612901 0.9551192670
0.4259708909 0.1034843474 0.7202879046 0.0000000000 0.4535133970 0.4760165205 0.7740335769 0.9280698851 0.7374801496 0.8547516322 0.7639599773 0.1999473415 0.9652368593 0.0826206287 0.9760468535
0.7772033478 0.6482839045 0.0777207391 0.4535133970 0.0000000000 0.9613959522 0.0102749499 0.8982000744 0.5028008409 0.9733690689 0.5004676692 0.9579148030 0.9768321860 0.2066809800 0.9114043188
0.3417382864 0.3360839536 0.8396095694 0.4760165205 0.9613959522 0.0000000000 0.7592549759 0.6318940676 0.6997146212 0.0450938641 0.5731798223 0.8465967585 0.7439349491 0.1103767170 0.9294400475
0.0539066834 0.0702993070 0.1913375661 0.7740335769 0.0102749499 0.7592549759 0.0000000000 0.2157486435 0.1953339109 0.4114234646 0.6526516620 0.3749408005 0.1796600071 0.4719870241 0.1823065009
0.6169332032 0.9261784773 0.1996117559 0.9280698851 0.8982000744 0.6318940676 0.2157486435 0.0000000000 0.5159054233 0.7102617064 0.2756152490 0.9265055783 0.7733428451 0.7696006861 0.1858188186
0.5838063207 0.5774712787 0.3504476202 0.7374801496 0.5028008409 0.6997146212 0.1953339109 0.5159054233 0.0000000000 0.6970531257 0.4383257750 0.2189671928 0.0252290844 0.8526511714 0.2590533862
0.4085878143 0.1476839879 0.7574957925 0.8547516322 0.9733690689 0.0450938641 0.4114234646 0.7102617064 0.6970531257 0.0000000000 0.4956568241 0.7390694104 0.6372853373 0.9266420637 0.4328441634
0.7087345621 0.2763730357 0.0369409787 0.7639599773 0.5004676692 0.5731798223 0.6526516620 0.2756152490 0.4383257750 0.4956568241 0.0000000000 0.0458022362 0.3424947340 0.2118036832 0.6946153072
0.5482723828 0.3541388122 0.8287120514 0.1999473415 0.9579148030 0.8465967585 0.3749408005 0.9265055783 0.2189671928 0.7390694104 0.0458022362 0.0000000000 0.4866039486 0.3450699709 0.1176761779
0.7427342798 0.6810543589 0.8407763459 0.9652368593 0.9768321860 0.7439349491 0.1796600071 0.7733428451 0.0252290844 0.6372853373 0.3424947340 0.4866039486 0.0000000000 0.2570983701 0.3253577701
0.2377283377 0.7561609436 0.4799612901 0.0826206287 0.2066809800 0.1103767170 0.4719870241 0.7696006861 0.8526511714 0.9266420637 0.2118036832 0.3450699709 0.2570983701 0.0000000000 0.7758251811
0.9969341306 0.2211018078 0.9551192670 0.9760468535 0.9114043188 0.9294400475 0.1823065009 0.1858188186 0.2590533862 0.4328441634 0.6946153072 0.1176761779 0.3253577701 0.7758251811 0.0000000000
