# Graph size: 15
# Optimal cost: 1.3761026980856284

# Distance Matrix
0.0 0.2201047325137171 0.012310539987117064 0.6882089911739897 0.4601253190601894 0.33529629476130307 0.2675710783101959 0.012824732060805144 0.03245674029547285 0.9434376213420369 0.25871987553206044 0.37163741663588445 0.970959942794032 0.9724035853878746 0.8431711012268548
0.2201047325137171 0.0 0.945572931291283 0.9780750452530382 0.8032114091853471 0.10257814072487814 0.47183432123396596 0.9280655808940346 0.5290286173568083 0.2859129572165994 0.7382729325227649 0.0537813469142403 0.865640202730547 0.8926299318297468 0.4023301927681533
0.012310539987117064 0.945572931291283 0.0 0.11421900711566568 0.8879669925141106 0.1811006643806662 0.15728594135834562 0.13324299499629566 0.908827124782479 0.7556706023115111 0.4257747042928556 0.3086184531217371 0.23898517457908364 0.7851025103196324 0.6990094923607647
0.6882089911739897 0.9780750452530382 0.11421900711566568 0.0 0.73054651333469 0.27163463277794475 0.8358355791554962 0.35987784754849517 0.6201823021694448 0.31981104661804705 0.26540329308022526 0.3290521717060929 0.9011536830104473 0.9018345824500295 0.614517092760304
0.4601253190601894 0.8032114091853471 0.8879669925141106 0.73054651333469 0.0 0.15548268459575953 0.05088928548584715 0.7177326200733039 0.4607370693884981 0.23611807620074787 0.34360235459268496 0.38869429531567223 0.7523146316962593 0.6944252955287231 0.7930664451269948
0.33529629476130307 0.10257814072487814 0.1811006643806662 0.27163463277794475 0.15548268459575953 0.0 0.14196056728706863 0.727706820182231 0.07325667035701022 0.330858158296768 0.01515493708820137 0.14442519892888606 0.40483885987393464 0.014530996730768075 0.8269114899817472
0.2675710783101959 0.47183432123396596 0.15728594135834562 0.8358355791554962 0.05088928548584715 0.14196056728706863 0.0 0.6902970597505168 0.40913497354620354 0.350223254781342 0.11475850294067658 0.13088000117504295 0.5415577401242567 0.13549261672895851 0.47656758818570744
0.012824732060805144 0.9280655808940346 0.13324299499629566 0.35987784754849517 0.7177326200733039 0.727706820182231 0.6902970597505168 0.0 0.958685865548618 0.3619877165729659 0.5807084369455914 0.2684794261491117 0.05303328291265119 0.22927794622100695 0.8511221011641346
0.03245674029547285 0.5290286173568083 0.908827124782479 0.6201823021694448 0.4607370693884981 0.07325667035701022 0.40913497354620354 0.958685865548618 0.0 0.4100694259990906 0.1337624369524376 0.638902034611329 0.5867750756272898 0.12661741151522588 0.59771013787732
0.9434376213420369 0.2859129572165994 0.7556706023115111 0.31981104661804705 0.23611807620074787 0.330858158296768 0.350223254781342 0.3619877165729659 0.4100694259990906 0.0 0.6161301102035075 0.40369283872044137 0.8186977641626099 0.6637564439538556 0.45309289463957714
0.25871987553206044 0.7382729325227649 0.4257747042928556 0.26540329308022526 0.34360235459268496 0.01515493708820137 0.11475850294067658 0.5807084369455914 0.1337624369524376 0.6161301102035075 0.0 0.8573526458682823 0.8909073536356034 0.6204190915231872 0.7353213870924977
0.37163741663588445 0.0537813469142403 0.3086184531217371 0.3290521717060929 0.38869429531567223 0.14442519892888606 0.13088000117504295 0.2684794261491117 0.638902034611329 0.40369283872044137 0.8573526458682823 0.0 0.8582012611807122 0.2944007460419513 0.3693854454246269
0.970959942794032 0.865640202730547 0.23898517457908364 0.9011536830104473 0.7523146316962593 0.40483885987393464 0.5415577401242567 0.05303328291265119 0.5867750756272898 0.8186977641626099 0.8909073536356034 0.8582012611807122 0.0 0.04182553374195719 0.0690386768252561
0.9724035853878746 0.8926299318297468 0.7851025103196324 0.9018345824500295 0.6944252955287231 0.014530996730768075 0.13549261672895851 0.22927794622100695 0.12661741151522588 0.6637564439538556 0.6204190915231872 0.2944007460419513 0.04182553374195719 0.0 0.7420030084721357
0.8431711012268548 0.4023301927681533 0.6990094923607647 0.614517092760304 0.7930664451269948 0.8269114899817472 0.47656758818570744 0.8511221011641346 0.59771013787732 0.45309289463957714 0.7353213870924977 0.3693854454246269 0.0690386768252561 0.7420030084721357 0.0

# Optimal Walk
0 8 7 14 12 13 10 5 1 11 6 4 9 3 2 0
