# MCW Instance
# Type: UNIFORM
# N: 15
# Optimal cost: 2.1467029270308386
# Optimal tour (permutation): [0, 9, 12, 10, 8, 5, 7, 4, 1, 13, 14, 11, 2, 6, 3, 0]
# Optimal walk (full path): [0, 9, 10, 12, 10, 8, 5, 7, 4, 1, 13, 14, 11, 2, 11, 6, 3, 0]
# Walk size: 18
# Is walk (has repeats): true

# Distance Matrix
0.0000000000 0.7007851223 0.4008222301 0.2587072296 0.3764366162 0.4957357051 0.9944364940 0.3829759517 0.7998995889 0.2163840541 0.8154123836 0.5788368329 0.3697404466 0.5178504984 0.7239436281
0.7007851223 0.0000000000 0.7578530525 0.3770679874 0.3282974670 0.6808952549 0.6734153243 0.6206203330 0.3045320283 0.6157989538 0.3156950518 0.6441225688 0.5776330067 0.2108267456 0.3891177518
0.4008222301 0.7578530525 0.0000000000 0.8907367382 0.5496197731 0.7106369394 0.7393310264 0.2599862008 0.2844061354 0.5017751822 0.6444922041 0.0769505390 0.5997590082 0.8703525415 0.2148028000
0.2587072296 0.3770679874 0.8907367382 0.0000000000 0.5391912694 0.3117088309 0.0430115836 0.7545684515 0.2937824610 0.2088344387 0.3437304134 0.8326642712 0.9149848786 0.2410722213 0.0578040150
0.3764366162 0.3282974670 0.5496197731 0.5391912694 0.0000000000 0.9801373249 0.7025156043 0.0961758448 0.3843808340 0.3877796639 0.4010302001 0.8066792030 0.6802220300 0.7118564698 0.1533472417
0.4957357051 0.6808952549 0.7106369394 0.3117088309 0.9801373249 0.0000000000 0.2811919011 0.0498894261 0.1127760622 0.2431103982 0.6860835099 0.2213578342 0.9493391699 0.9569962483 0.4170884534
0.9944364940 0.6734153243 0.7393310264 0.0430115836 0.7025156043 0.2811919011 0.0000000000 0.5610860853 0.1303074861 0.2022410112 0.9950913482 0.0288699724 0.9853823002 0.3521723215 0.5963275706
0.3829759517 0.6206203330 0.2599862008 0.7545684515 0.0961758448 0.0498894261 0.5610860853 0.0000000000 0.8503401965 0.6592858313 0.1605975648 0.0844618783 0.6937562377 0.4554896377 0.4853132103
0.7998995889 0.3045320283 0.2844061354 0.2937824610 0.3843808340 0.1127760622 0.1303074861 0.8503401965 0.0000000000 0.3504834692 0.1777876405 0.2602355960 0.9916641704 0.4860827564 0.6082616285
0.2163840541 0.6157989538 0.5017751822 0.2088344387 0.3877796639 0.2431103982 0.2022410112 0.6592858313 0.3504834692 0.0000000000 0.1628469669 0.9689964012 0.8171518588 0.9443964223 0.6549283209
0.8154123836 0.3156950518 0.6444922041 0.3437304134 0.4010302001 0.6860835099 0.9950913482 0.1605975648 0.1777876405 0.1628469669 0.0000000000 0.8860095800 0.1062770827 0.1288279696 0.3389048594
0.5788368329 0.6441225688 0.0769505390 0.8326642712 0.8066792030 0.2213578342 0.0288699724 0.0844618783 0.2602355960 0.9689964012 0.8860095800 0.0000000000 0.3354311904 0.2965685001 0.0807767583
0.3697404466 0.5776330067 0.5997590082 0.9149848786 0.6802220300 0.9493391699 0.9853823002 0.6937562377 0.9916641704 0.8171518588 0.1062770827 0.3354311904 0.0000000000 0.9054530162 0.5740970683
0.5178504984 0.2108267456 0.8703525415 0.2410722213 0.7118564698 0.9569962483 0.3521723215 0.4554896377 0.4860827564 0.9443964223 0.1288279696 0.2965685001 0.9054530162 0.0000000000 0.0138979322
0.7239436281 0.3891177518 0.2148028000 0.0578040150 0.1533472417 0.4170884534 0.5963275706 0.4853132103 0.6082616285 0.6549283209 0.3389048594 0.0807767583 0.5740970683 0.0138979322 0.0000000000
