# Graph size: 15
# Optimal cost: 1.8682102006609667

# Distance Matrix
0.0 0.5789723627049496 0.47873525101021897 0.9253836424232698 0.7098534564285778 0.43612334651006734 0.48016111031630426 0.43891557724885033 0.25924402878873576 0.5366801064382942 0.10891030597380902 0.08815351896729573 0.575412877229497 0.8781759745845463 0.13480429803879268
0.5789723627049496 0.0 0.727747188591792 0.7165447211825022 0.9937875366661038 0.3852075930422806 0.24222342089637472 0.5253583763221282 0.22152609252471267 0.8279639644770986 0.7587701428279725 0.3861844610780464 0.503871503601126 0.28289679418491576 0.982763231552823
0.47873525101021897 0.727747188591792 0.0 0.09121311646780839 0.12534939609924178 0.7526262098634322 0.013244092186148637 0.7759030592626146 0.7652795669645256 0.68474562843717 0.23090800078856044 0.09545764304181448 0.9939001566244638 0.8299390188160622 0.36776462415993727
0.9253836424232698 0.7165447211825022 0.09121311646780839 0.0 0.55743738859296 0.8722981116309423 0.7444088179934012 0.6654834887865398 0.19999267765336826 0.630053762969405 0.40002452122947185 0.10853888462771466 0.6108643563173553 0.48923330964840495 0.8118899141483373
0.7098534564285778 0.9937875366661038 0.12534939609924178 0.55743738859296 0.0 0.07862074036358047 0.6192138665505996 0.579339931935707 0.07056683466326685 0.4183782345961845 0.8605089463163673 0.5450607188507889 0.6749819823868897 0.815416274390449 0.81410452501959
0.43612334651006734 0.3852075930422806 0.7526262098634322 0.8722981116309423 0.07862074036358047 0.0 0.8871229229851391 0.6020822866042127 0.6215647878364193 0.8438231731684819 0.29630014647082037 0.12059377549597627 0.7077937465334235 0.23375261642700074 0.24158497780341914
0.48016111031630426 0.24222342089637472 0.013244092186148637 0.7444088179934012 0.6192138665505996 0.8871229229851391 0.0 0.9587778054221008 0.7217474436100989 0.20464280695091852 0.8557717691369896 0.0698671332276376 0.1627236028979555 0.4206985063043094 0.7251692834201555
0.43891557724885033 0.5253583763221282 0.7759030592626146 0.6654834887865398 0.579339931935707 0.6020822866042127 0.9587778054221008 0.0 0.9039041666351102 0.018024209600686958 0.5522275840218568 0.5348898917932171 0.7909922746400135 0.3149568882524699 0.04651936504470655
0.25924402878873576 0.22152609252471267 0.7652795669645256 0.19999267765336826 0.07056683466326685 0.6215647878364193 0.7217474436100989 0.9039041666351102 0.0 0.6471384931091112 0.7685099205582684 0.8343665410059777 0.3774913529124799 0.5971504784856676 0.9436271910320433
0.5366801064382942 0.8279639644770986 0.68474562843717 0.630053762969405 0.4183782345961845 0.8438231731684819 0.20464280695091852 0.018024209600686958 0.6471384931091112 0.0 0.40442940603795563 0.6940566180496469 0.17990543906472845 0.2725025165873245 0.6475424089503677
0.10891030597380902 0.7587701428279725 0.23090800078856044 0.40002452122947185 0.8605089463163673 0.29630014647082037 0.8557717691369896 0.5522275840218568 0.7685099205582684 0.40442940603795563 0.0 0.9678285336767293 0.2704689046107789 0.4588270679909756 0.7884927440186711
0.08815351896729573 0.3861844610780464 0.09545764304181448 0.10853888462771466 0.5450607188507889 0.12059377549597627 0.0698671332276376 0.5348898917932171 0.8343665410059777 0.6940566180496469 0.9678285336767293 0.0 0.452692935294297 0.7717918997157626 0.5269229046770537
0.575412877229497 0.503871503601126 0.9939001566244638 0.6108643563173553 0.6749819823868897 0.7077937465334235 0.1627236028979555 0.7909922746400135 0.3774913529124799 0.17990543906472845 0.2704689046107789 0.452692935294297 0.0 0.14869415944941045 0.5119429449464055
0.8781759745845463 0.28289679418491576 0.8299390188160622 0.48923330964840495 0.815416274390449 0.23375261642700074 0.4206985063043094 0.3149568882524699 0.5971504784856676 0.2725025165873245 0.4588270679909756 0.7717918997157626 0.14869415944941045 0.0 0.11602392200787126
0.13480429803879268 0.982763231552823 0.36776462415993727 0.8118899141483373 0.81410452501959 0.24158497780341914 0.7251692834201555 0.04651936504470655 0.9436271910320433 0.6475424089503677 0.7884927440186711 0.5269229046770537 0.5119429449464055 0.11602392200787126 0.0

# Optimal Walk
0 14 7 9 12 13 1 8 4 5 11 3 2 6 10 0
