# Graph size: 15
# Optimal cost: 1.802754623256111

# Distance Matrix
0.0 0.7820963409383228 0.6448485505199302 0.23536010455908674 0.05535418972470896 0.4676857304665494 0.950957415720694 0.7555791872262174 0.9131053826936965 0.543550319825938 0.4922515877723864 0.6733981093532807 0.9775930280319587 0.8178525755148647 0.8711236939636688
0.7820963409383228 0.0 0.7608350814202047 0.19355087420781114 0.9358898090961011 0.9099334836198483 0.8675580432317478 0.2919276242078094 0.014841259664415851 0.9400531985906674 0.4142788111781245 0.3728400034177698 0.40102941995925956 0.5901128415484509 0.2537936042618558
0.6448485505199302 0.7608350814202047 0.0 0.2656948790551146 0.5831723882798576 0.29173745684211816 0.6484792647830742 0.24463636321878224 0.046082607828243694 0.0736078682820781 0.6296572562319492 0.42063703737892977 0.38149207750153247 0.598465251582776 0.8020877343724918
0.23536010455908674 0.19355087420781114 0.2656948790551146 0.0 0.4059672349119121 0.2861619721226578 0.8127187244845593 0.7359585949022693 0.6524400278875258 0.1721606186510426 0.02460479829121398 0.44908540892631565 0.2017436003455717 0.9901702775335376 0.7043858900256161
0.05535418972470896 0.9358898090961011 0.5831723882798576 0.4059672349119121 0.0 0.1236399201742171 0.4543367994376778 0.52391005583217 0.8088647821289826 0.12457623743455382 0.9627981509824205 0.8522385774244695 0.9725305524233926 0.5910255038189006 0.1861816445419352
0.4676857304665494 0.9099334836198483 0.29173745684211816 0.2861619721226578 0.1236399201742171 0.0 0.8952267239898599 0.4789407051491672 0.35728146748333445 0.603847815663234 0.9614673469335054 0.5284834331330369 0.7266005394917133 0.5804021157284689 0.9961152156477917
0.950957415720694 0.8675580432317478 0.6484792647830742 0.8127187244845593 0.4543367994376778 0.8952267239898599 0.0 0.9524527143073006 0.6688921384214745 0.8977864980995757 0.7926273119258731 0.1884082465586847 0.34247609331053297 0.926234637429909 0.7758999353459592
0.7555791872262174 0.2919276242078094 0.24463636321878224 0.7359585949022693 0.52391005583217 0.4789407051491672 0.9524527143073006 0.0 0.028081233674493555 0.4504356629832843 0.992715015253419 0.09047578450426863 0.3766259903914755 0.833696466407382 0.6236500092098397
0.9131053826936965 0.014841259664415851 0.046082607828243694 0.6524400278875258 0.8088647821289826 0.35728146748333445 0.6688921384214745 0.028081233674493555 0.0 0.6347205237342701 0.0208065491639966 0.8758128286837086 0.9881137860745205 0.37034521357847283 0.19374638881082018
0.543550319825938 0.9400531985906674 0.0736078682820781 0.1721606186510426 0.12457623743455382 0.603847815663234 0.8977864980995757 0.4504356629832843 0.6347205237342701 0.0 0.7485449673561724 0.04837501476207018 0.7063773177941683 0.5451586319181536 0.2626615838295209
0.4922515877723864 0.4142788111781245 0.6296572562319492 0.02460479829121398 0.9627981509824205 0.9614673469335054 0.7926273119258731 0.992715015253419 0.0208065491639966 0.7485449673561724 0.0 0.6365651201926574 0.007659679244690576 0.9785127542067783 0.10500457294160159
0.6733981093532807 0.3728400034177698 0.42063703737892977 0.44908540892631565 0.8522385774244695 0.5284834331330369 0.1884082465586847 0.09047578450426863 0.8758128286837086 0.04837501476207018 0.6365651201926574 0.0 0.9194167422732826 0.3101832260018338 0.7003835498326372
0.9775930280319587 0.40102941995925956 0.38149207750153247 0.2017436003455717 0.9725305524233926 0.7266005394917133 0.34247609331053297 0.3766259903914755 0.9881137860745205 0.7063773177941683 0.007659679244690576 0.9194167422732826 0.0 0.5407034998784171 0.48743084230004796
0.8178525755148647 0.5901128415484509 0.598465251582776 0.9901702775335376 0.5910255038189006 0.5804021157284689 0.926234637429909 0.833696466407382 0.37034521357847283 0.5451586319181536 0.9785127542067783 0.3101832260018338 0.5407034998784171 0.0 0.13903609163042085
0.8711236939636688 0.2537936042618558 0.8020877343724918 0.7043858900256161 0.1861816445419352 0.9961152156477917 0.7758999353459592 0.6236500092098397 0.19374638881082018 0.2626615838295209 0.10500457294160159 0.7003835498326372 0.48743084230004796 0.13903609163042085 0.0

# Optimal Walk
0 14 13 12 10 3 8 2 1 7 11 6 9 5 4 0
