# Graph size: 15
# Optimal cost: 1.8980818386338696

# Distance Matrix
0.0 0.10690518396349269 0.16116385897735752 0.406729776055613 0.6249831805763989 0.44382117204983595 0.2365156252825481 0.10884607044635142 0.9254873009021274 0.29535501544823806 0.17826088308619648 0.7740456249911798 0.7995429999657797 0.35209714189140207 0.4818196635341415
0.10690518396349269 0.0 0.4712356956514363 0.1865767605105223 0.5568858709461307 0.26412670684053174 0.5963560612474272 0.5420580883080126 0.4412206142160565 0.49224254407469703 0.30825313071164895 0.12988514053925315 0.5204070232924571 0.7328318103464615 0.07603593956053367
0.16116385897735752 0.4712356956514363 0.0 0.4134116827975972 0.5680214614497958 0.28728562881792885 0.9675829054946123 0.6135054647528791 0.02875828002675307 0.11730358546744557 0.5129702188028747 0.432691659517601 0.04845033707214064 0.5370399630187155 0.46194411804195656
0.406729776055613 0.1865767605105223 0.4134116827975972 0.0 0.4063497276516508 0.6010295140520903 0.2504583401109628 0.5211610436623799 0.3350955146418907 0.9744207241927244 0.9463270624212834 0.2047709671997302 0.7768949249805949 0.44083936301658233 0.328327795540183
0.6249831805763989 0.5568858709461307 0.5680214614497958 0.4063497276516508 0.0 0.2610209405068622 0.6331191398865444 0.28168862584460386 0.15403782684721756 0.7479075320298839 0.44966596661322966 0.46322995120517796 0.5840865733365108 0.7225081365118118 0.17243536450169716
0.44382117204983595 0.26412670684053174 0.28728562881792885 0.6010295140520903 0.2610209405068622 0.0 0.166426119345651 0.9015751026857459 0.6814729058015125 0.7458616471294792 0.06283331426336292 0.45188678493395995 0.34426059600072345 0.12386886566912803 0.698144911397711
0.2365156252825481 0.5963560612474272 0.9675829054946123 0.2504583401109628 0.6331191398865444 0.166426119345651 0.0 0.47430674667738026 0.10605303450440651 0.9745298233303283 0.5959662240786462 0.34940587017393043 0.5038847011200612 0.6028733823439372 0.726626362144047
0.10884607044635142 0.5420580883080126 0.6135054647528791 0.5211610436623799 0.28168862584460386 0.9015751026857459 0.47430674667738026 0.0 0.6699351083341306 0.337375345331859 0.39069841359304125 0.7993093996152564 0.45801434169372945 0.6645550441380595 0.35791772264691235
0.9254873009021274 0.4412206142160565 0.02875828002675307 0.3350955146418907 0.15403782684721756 0.6814729058015125 0.10605303450440651 0.6699351083341306 0.0 0.4305140627006926 0.7976893140008 0.7536227907467604 0.286867898922909 0.6178274657517957 0.12946914201315296
0.29535501544823806 0.49224254407469703 0.11730358546744557 0.9744207241927244 0.7479075320298839 0.7458616471294792 0.9745298233303283 0.337375345331859 0.4305140627006926 0.0 0.21308147455630233 0.21918665630812662 0.10522517361190964 0.46224632205464045 0.9455429837959941
0.17826088308619648 0.30825313071164895 0.5129702188028747 0.9463270624212834 0.44966596661322966 0.06283331426336292 0.5959662240786462 0.39069841359304125 0.7976893140008 0.21308147455630233 0.0 0.03427209706754053 0.1645859364899226 0.798039217978405 0.2745996969599248
0.7740456249911798 0.12988514053925315 0.432691659517601 0.2047709671997302 0.46322995120517796 0.45188678493395995 0.34940587017393043 0.7993093996152564 0.7536227907467604 0.21918665630812662 0.03427209706754053 0.0 0.24900299600385056 0.0378370185273067 0.136287646337936
0.7995429999657797 0.5204070232924571 0.04845033707214064 0.7768949249805949 0.5840865733365108 0.34426059600072345 0.5038847011200612 0.45801434169372945 0.286867898922909 0.10522517361190964 0.1645859364899226 0.24900299600385056 0.0 0.5795092216505198 0.14031322482578956
0.35209714189140207 0.7328318103464615 0.5370399630187155 0.44083936301658233 0.7225081365118118 0.12386886566912803 0.6028733823439372 0.6645550441380595 0.6178274657517957 0.46224632205464045 0.798039217978405 0.0378370185273067 0.5795092216505198 0.0 0.7851212940111664
0.4818196635341415 0.07603593956053367 0.46194411804195656 0.328327795540183 0.17243536450169716 0.698144911397711 0.726626362144047 0.35791772264691235 0.12946914201315296 0.9455429837959941 0.2745996969599248 0.136287646337936 0.14031322482578956 0.7851212940111664 0.0

# Optimal Walk
0 1 3 13 11 10 5 6 8 2 9 12 14 4 7 0
