# MCW Instance
# Type: UNIFORM
# N: 15
# Optimal cost: 1.301449503005815
# Optimal tour (permutation): [0, 11, 8, 13, 12, 10, 5, 1, 7, 3, 4, 6, 9, 14, 2, 0]
# Optimal walk (full path): [0, 8, 11, 8, 13, 12, 1, 10, 5, 10, 1, 7, 3, 4, 6, 9, 6, 14, 2, 14, 0]
# Walk size: 21
# Is walk (has repeats): true

# Distance Matrix
0.0000000000 0.0694678024 0.1456340453 0.8475031921 0.0919269824 0.7000331010 0.7654633242 0.9236510621 0.0916280937 0.9899733933 0.1098042839 0.3132812452 0.9949829156 0.7064848107 0.0521073671
0.0694678024 0.0000000000 0.5178722880 0.0954391326 0.6934901040 0.2290870078 0.2839307813 0.0672150822 0.5388808074 0.9290001567 0.0527316919 0.2104359680 0.0502322097 0.5594926996 0.9585365513
0.1456340453 0.5178722880 0.0000000000 0.3904774635 0.7926836441 0.7858646003 0.4927522109 0.7081678707 0.3655280843 0.3300187181 0.8899683744 0.9775400131 0.7981569945 0.8510222121 0.0115394686
0.8475031921 0.0954391326 0.3904774635 0.0000000000 0.1591120803 0.4313577869 0.2901234237 0.0033527870 0.9992166827 0.9165625326 0.5562317016 0.2866510157 0.2596857535 0.5134985524 0.4522807740
0.0919269824 0.6934901040 0.7926836441 0.1591120803 0.0000000000 0.5042543592 0.0872380935 0.6957928961 0.2985613371 0.8892535928 0.2682059081 0.1844341707 0.7960218706 0.1492224745 0.3417750067
0.7000331010 0.2290870078 0.7858646003 0.4313577869 0.5042543592 0.0000000000 0.9205969218 0.2907011165 0.3662237571 0.8037031085 0.1621851971 0.7498695154 0.6013603107 0.9225190933 0.8425535682
0.7654633242 0.2839307813 0.4927522109 0.2901234237 0.0872380935 0.9205969218 0.0000000000 0.4411212127 0.8623490383 0.0114956852 0.5652154934 0.5175720145 0.8435719306 0.3522268821 0.1249503171
0.9236510621 0.0672150822 0.7081678707 0.0033527870 0.6957928961 0.2907011165 0.4411212127 0.0000000000 0.4554828525 0.3802851538 0.3494301830 0.2435718280 0.5650426202 0.8721437801 0.9116334973
0.0916280937 0.5388808074 0.3655280843 0.9992166827 0.2985613371 0.3662237571 0.8623490383 0.4554828525 0.0000000000 0.2877229260 0.6007078057 0.0259259173 0.4986947632 0.0964125471 0.8344108587
0.9899733933 0.9290001567 0.3300187181 0.9165625326 0.8892535928 0.8037031085 0.0114956852 0.3802851538 0.2877229260 0.0000000000 0.1433171049 0.7546421909 0.6876122254 0.8231130241 0.8368420510
0.1098042839 0.0527316919 0.8899683744 0.5562317016 0.2682059081 0.1621851971 0.5652154934 0.3494301830 0.6007078057 0.1433171049 0.0000000000 0.1531115283 0.5360817996 0.5015917091 0.4955072207
0.3132812452 0.2104359680 0.9775400131 0.2866510157 0.1844341707 0.7498695154 0.5175720145 0.2435718280 0.0259259173 0.7546421909 0.1531115283 0.0000000000 0.6226960213 0.3186946603 0.1620161361
0.9949829156 0.0502322097 0.7981569945 0.2596857535 0.7960218706 0.6013603107 0.8435719306 0.5650426202 0.4986947632 0.6876122254 0.5360817996 0.6226960213 0.0000000000 0.0414450052 0.6908140572
0.7064848107 0.5594926996 0.8510222121 0.5134985524 0.1492224745 0.9225190933 0.3522268821 0.8721437801 0.0964125471 0.8231130241 0.5015917091 0.3186946603 0.0414450052 0.0000000000 0.5088852619
0.0521073671 0.9585365513 0.0115394686 0.4522807740 0.3417750067 0.8425535682 0.1249503171 0.9116334973 0.8344108587 0.8368420510 0.4955072207 0.1620161361 0.6908140572 0.5088852619 0.0000000000
