# Graph size: 15
# Optimal cost: 1.9131803491077828

# Distance Matrix
0.0 0.5345072602932289 0.4931291420593603 0.04092144654085195 0.08939733341642886 0.23716347457828357 0.287381555867006 0.9795732807098343 0.99900382872397 0.9680200110799508 0.8606509118345163 0.04532213658407602 0.5999409980091506 0.9025819669620402 0.2579077596656991
0.5345072602932289 0.0 0.3143321209494483 0.9542137285963235 0.8915316880477357 0.8149254115066542 0.904844845081434 0.7974673677121887 0.4337644272784813 0.9856639409832155 0.14310562000706883 0.4199381357403448 0.596919382616631 0.2450564816113191 0.6763122784142072
0.4931291420593603 0.3143321209494483 0.0 0.36220107253962186 0.37298553188913874 0.4661540791983386 0.7511225120340669 0.32515982624461115 0.9887883192645366 0.05437445756853598 0.17410821839497403 0.46813722138670344 0.5046393064334612 0.036639137912157005 0.04964601364396559
0.04092144654085195 0.9542137285963235 0.36220107253962186 0.0 0.5745890218074577 0.6291581990656636 0.24947229006606564 0.25108500730923355 0.4018778390550859 0.05425275195338253 0.7476741745375751 0.7226346752153513 0.8997080449280513 0.7714683451312933 0.5639704030534086
0.08939733341642886 0.8915316880477357 0.37298553188913874 0.5745890218074577 0.0 0.13226668672416375 0.8812363192955578 0.7693966555764 0.990077857235967 0.10002674940579559 0.16153717416665236 0.23155792073296977 0.6209171119353188 0.21150361846642562 0.14001617722128745
0.23716347457828357 0.8149254115066542 0.4661540791983386 0.6291581990656636 0.13226668672416375 0.0 0.855149374112207 0.506239999207743 0.29280418281282594 0.29652797723911817 0.1932776138228447 0.8877302212848205 0.9712351202507931 0.09537046267565596 0.986770336317524
0.287381555867006 0.904844845081434 0.7511225120340669 0.24947229006606564 0.8812363192955578 0.855149374112207 0.0 0.16467397576642584 0.3749929662920455 0.3469901650174121 0.2963887830598222 0.9275865725104235 0.9355163094399677 0.16414790184083428 0.8722390000301081
0.9795732807098343 0.7974673677121887 0.32515982624461115 0.25108500730923355 0.7693966555764 0.506239999207743 0.16467397576642584 0.0 0.1267199694791329 0.6477553612725737 0.2674586241807849 0.6044065559137705 0.701165600381789 0.8164651733272972 0.544632121220608
0.99900382872397 0.4337644272784813 0.9887883192645366 0.4018778390550859 0.990077857235967 0.29280418281282594 0.3749929662920455 0.1267199694791329 0.0 0.08731604717949148 0.2843053053060346 0.27073113246068004 0.44840654492952303 0.30004298571515986 0.9226530355491879
0.9680200110799508 0.9856639409832155 0.05437445756853598 0.05425275195338253 0.10002674940579559 0.29652797723911817 0.3469901650174121 0.6477553612725737 0.08731604717949148 0.0 0.2642864692046919 0.030080177745795966 0.15578260502948815 0.09766817119897186 0.7957830584026211
0.8606509118345163 0.14310562000706883 0.17410821839497403 0.7476741745375751 0.16153717416665236 0.1932776138228447 0.2963887830598222 0.2674586241807849 0.2843053053060346 0.2642864692046919 0.0 0.14871083211934966 0.20590646764974785 0.7239112217429359 0.8810284800580351
0.04532213658407602 0.4199381357403448 0.46813722138670344 0.7226346752153513 0.23155792073296977 0.8877302212848205 0.9275865725104235 0.6044065559137705 0.27073113246068004 0.030080177745795966 0.14871083211934966 0.0 0.6704667565863484 0.09751407549434665 0.21195099354238478
0.5999409980091506 0.596919382616631 0.5046393064334612 0.8997080449280513 0.6209171119353188 0.9712351202507931 0.9355163094399677 0.701165600381789 0.44840654492952303 0.15578260502948815 0.20590646764974785 0.6704667565863484 0.0 0.3883039322539419 0.2782765283416613
0.9025819669620402 0.2450564816113191 0.036639137912157005 0.7714683451312933 0.21150361846642562 0.09537046267565596 0.16414790184083428 0.8164651733272972 0.30004298571515986 0.09766817119897186 0.7239112217429359 0.09751407549434665 0.3883039322539419 0.0 0.4781139899522484
0.2579077596656991 0.6763122784142072 0.04964601364396559 0.5639704030534086 0.14001617722128745 0.986770336317524 0.8722390000301081 0.544632121220608 0.9226530355491879 0.7957830584026211 0.8810284800580351 0.21195099354238478 0.2782765283416613 0.4781139899522484 0.0

# Optimal Walk
0 3 8 7 6 13 2 14 4 5 1 10 12 9 11 0
