# Graph size: 15
# Optimal cost: 2.795766177382969

# Distance Matrix
0.0 0.410580968073765 0.8193391359533526 0.8990595559131459 0.049996293568177586 0.03781137886218211 0.5296543994162181 0.5251295019827915 0.2453842581018475 0.9343795601415527 0.16699662709093321 0.7933939484987381 0.3699524198702815 0.5366261182840734 0.15698030343464708
0.410580968073765 0.0 0.8563517117556375 0.23410230375923113 0.394857601211819 0.712622551770813 0.4721874453875984 0.4631242696266864 0.25959265144380195 0.3681842669195522 0.8789708412959859 0.9255169623829568 0.7404869111768682 0.7013895967678379 0.6971160287049618
0.8193391359533526 0.8563517117556375 0.0 0.47482249563246637 0.4845001892121992 0.8363394929395587 0.38137197158341685 0.19153124395487175 0.03959611775923111 0.8907238862884049 0.2289661586760846 0.7735241493452388 0.5712412774994763 0.1334765700064079 0.717125473576615
0.8990595559131459 0.23410230375923113 0.47482249563246637 0.0 0.7166849234129992 0.3811971494426839 0.25280528867737184 0.9910497203430995 0.45172800324460605 0.7415748730046118 0.7995693539035811 0.6525145948810794 0.6589526070219837 0.901849308652695 0.5672654900742793
0.049996293568177586 0.394857601211819 0.4845001892121992 0.7166849234129992 0.0 0.609633140694493 0.5695469921221604 0.25250543961237837 0.3974219267101181 0.6399051827188128 0.18023168263061595 0.5362171177353434 0.6579902217486832 0.4915369479186624 0.9574433823774983
0.03781137886218211 0.712622551770813 0.8363394929395587 0.3811971494426839 0.609633140694493 0.0 0.6859337457596361 0.4323624330162035 0.8021139881374493 0.7879266364724521 0.33897838732877517 0.27793146532555546 0.8490619141078479 0.6445134891150353 0.3272360600967613
0.5296543994162181 0.4721874453875984 0.38137197158341685 0.25280528867737184 0.5695469921221604 0.6859337457596361 0.0 0.26565038681392716 0.162931851109953 0.6790356417455564 0.4757385134117226 0.8958363877090003 0.3323981201791254 0.22872793009667902 0.8554277461408054
0.5251295019827915 0.4631242696266864 0.19153124395487175 0.9910497203430995 0.25250543961237837 0.4323624330162035 0.26565038681392716 0.0 0.40050371844637234 0.9089578165815739 0.5281458494733217 0.2306074302714134 0.8887989714762747 0.17967333020791432 0.755533558342319
0.2453842581018475 0.25959265144380195 0.03959611775923111 0.45172800324460605 0.3974219267101181 0.8021139881374493 0.162931851109953 0.40050371844637234 0.0 0.8175676477724465 0.7696515516014065 0.7179005183680974 0.4107437413678082 0.6280953970387478 0.8945405784602996
0.9343795601415527 0.3681842669195522 0.8907238862884049 0.7415748730046118 0.6399051827188128 0.7879266364724521 0.6790356417455564 0.9089578165815739 0.8175676477724465 0.0 0.04479652965294589 0.9212236212267312 0.6100593035262314 0.9033191958001666 0.4385032162382
0.16699662709093321 0.8789708412959859 0.2289661586760846 0.7995693539035811 0.18023168263061595 0.33897838732877517 0.4757385134117226 0.5281458494733217 0.7696515516014065 0.04479652965294589 0.0 0.8032465952179485 0.5169839034720387 0.3273258518769072 0.9132533201419528
0.7933939484987381 0.9255169623829568 0.7735241493452388 0.6525145948810794 0.5362171177353434 0.27793146532555546 0.8958363877090003 0.2306074302714134 0.7179005183680974 0.9212236212267312 0.8032465952179485 0.0 0.6674821463038293 0.9395055230872045 0.10655144122416371
0.3699524198702815 0.7404869111768682 0.5712412774994763 0.6589526070219837 0.6579902217486832 0.8490619141078479 0.3323981201791254 0.8887989714762747 0.4107437413678082 0.6100593035262314 0.5169839034720387 0.6674821463038293 0.0 0.6572484580054996 0.8511613554688318
0.5366261182840734 0.7013895967678379 0.1334765700064079 0.901849308652695 0.4915369479186624 0.6445134891150353 0.22872793009667902 0.17967333020791432 0.6280953970387478 0.9033191958001666 0.3273258518769072 0.9395055230872045 0.6572484580054996 0.0 0.21382785028545226
0.15698030343464708 0.6971160287049618 0.717125473576615 0.5672654900742793 0.9574433823774983 0.3272360600967613 0.8554277461408054 0.755533558342319 0.8945405784602996 0.4385032162382 0.9132533201419528 0.10655144122416371 0.8511613554688318 0.21382785028545226 0.0

# Optimal Walk
0 4 10 9 1 3 6 12 8 2 13 7 11 14 5 0
