# Graph size: 15
# Optimal cost: 1.32769607301202

# Distance Matrix
0.0 0.3913892785441323 0.7527465112107745 0.29358458240546803 0.21280093088945518 0.9689819266719424 0.21773204604414698 0.7816790611580071 0.02015458263516401 0.45974249505342724 0.6664985527782178 0.9474986443520431 0.3270641925306146 0.3363097768882498 0.8824241009617428
0.3913892785441323 0.0 0.8034197642256038 0.6095081755654916 0.5502257419479103 0.43147018313532803 0.06171898785163965 0.677096554168087 0.640067543266472 0.5218713558175675 0.3952364544730024 0.028267389821505562 0.5176354894548159 0.8824340686763634 0.2911490951871375
0.7527465112107745 0.8034197642256038 0.0 0.8438585397267504 0.5242682879681059 0.5300805034990589 0.7427578493680794 0.2870540598660525 0.9753336019683037 0.524812475484331 0.41579330145798143 0.3958683832101806 0.8181687328663609 0.06905950752776868 0.5985971076964399
0.29358458240546803 0.6095081755654916 0.8438585397267504 0.0 0.00374586345795358 0.21722255046381056 0.59841431198028 0.19963685586177693 0.8045168706763234 0.8498764624047497 0.8320478207018669 0.2911647132725036 0.8898664118854618 0.4473987377571732 0.10363529346746603
0.21280093088945518 0.5502257419479103 0.5242682879681059 0.00374586345795358 0.0 0.21443076468060396 0.8306343063776599 0.6477133528044359 0.6774133124822034 0.05971434559457134 0.6476809827606871 0.5401403247352976 0.16902795988953478 0.41353761504034425 0.8237163762945295
0.9689819266719424 0.43147018313532803 0.5300805034990589 0.21722255046381056 0.21443076468060396 0.0 0.37699199758937285 0.6371217516846276 0.6257777074068115 0.8444039030565009 0.8028858003988357 0.389147462283296 0.4909947610505454 0.6252149260563434 0.609860427908601
0.21773204604414698 0.06171898785163965 0.7427578493680794 0.59841431198028 0.8306343063776599 0.37699199758937285 0.0 0.05368542492345785 0.1611451471237515 0.5799242345426466 0.4648594677768111 0.01157948416678889 0.3109509447332459 0.017299837883486435 0.27587241171479804
0.7816790611580071 0.677096554168087 0.2870540598660525 0.19963685586177693 0.6477133528044359 0.6371217516846276 0.05368542492345785 0.0 0.8494970577437677 0.06254744258318856 0.01445561284037089 0.8640002897193247 0.10205650391585341 0.9426328749093159 0.9084984780300561
0.02015458263516401 0.640067543266472 0.9753336019683037 0.8045168706763234 0.6774133124822034 0.6257777074068115 0.1611451471237515 0.8494970577437677 0.0 0.390938876147612 0.18245506009383583 0.1931959342603906 0.07251664638314848 0.5548499760556436 0.06656884632629323
0.45974249505342724 0.5218713558175675 0.524812475484331 0.8498764624047497 0.05971434559457134 0.8444039030565009 0.5799242345426466 0.06254744258318856 0.390938876147612 0.0 0.0859976352850631 0.6976186981945592 0.9123168356606185 0.9917866132527159 0.5013365904763403
0.6664985527782178 0.3952364544730024 0.41579330145798143 0.8320478207018669 0.6476809827606871 0.8028858003988357 0.4648594677768111 0.01445561284037089 0.18245506009383583 0.0859976352850631 0.0 0.8896482405928727 0.8100570466964464 0.159376364336398 0.9232274821605592
0.9474986443520431 0.028267389821505562 0.3958683832101806 0.2911647132725036 0.5401403247352976 0.389147462283296 0.01157948416678889 0.8640002897193247 0.1931959342603906 0.6976186981945592 0.8896482405928727 0.0 0.5073619294339428 0.31729251017925975 0.18797486573343136
0.3270641925306146 0.5176354894548159 0.8181687328663609 0.8898664118854618 0.16902795988953478 0.4909947610505454 0.3109509447332459 0.10205650391585341 0.07251664638314848 0.9123168356606185 0.8100570466964464 0.5073619294339428 0.0 0.17597452963121896 0.8182738735794736
0.3363097768882498 0.8824340686763634 0.06905950752776868 0.4473987377571732 0.41353761504034425 0.6252149260563434 0.017299837883486435 0.9426328749093159 0.5548499760556436 0.9917866132527159 0.159376364336398 0.31729251017925975 0.17597452963121896 0.0 0.2381526851123006
0.8824241009617428 0.2911490951871375 0.5985971076964399 0.10363529346746603 0.8237163762945295 0.609860427908601 0.27587241171479804 0.9084984780300561 0.06656884632629323 0.5013365904763403 0.9232274821605592 0.18797486573343136 0.8182738735794736 0.2381526851123006 0.0

# Optimal Walk
0 14 3 5 4 9 10 7 11 1 13 2 6 12 8 0
