# Graph size: 15
# Optimal cost: 1.2846944892071956

# Distance Matrix
0.0 0.9010363245927049 0.44015119702745675 0.029014703338445025 0.8493610174989461 0.5659868875235958 0.611416522970315 0.47858127687302454 0.16703794383898818 0.9754505256386128 0.21602539477991745 0.3745637058076132 0.6810276265133831 0.7872621807994369 0.9414704480206505
0.9010363245927049 0.0 0.1214451471073077 0.6413044336544844 0.15692521417968375 0.4236433293668511 0.12837138447619068 0.47970081065469805 0.2569369403971198 0.9368575280311846 0.9078797897653754 0.6099923506089938 0.6910735445521724 0.15080512367255094 0.5527572928217455
0.44015119702745675 0.1214451471073077 0.0 0.941782401988841 0.1842802818300715 0.3753758869753606 0.36669250468866044 0.25616587800241963 0.9141642117670646 0.6761821010544089 0.9253641799932197 0.6936909450757895 0.11668821561358944 0.7367960613004659 0.12683402571107638
0.029014703338445025 0.6413044336544844 0.941782401988841 0.0 0.738926853167258 0.14651693876880623 0.36812133578741046 0.8535891623994675 0.25098422713873125 0.0015665926336914104 0.12098320008672192 0.71330556371724 0.2856245255541283 0.43166203119551017 0.5449372009015978
0.8493610174989461 0.15692521417968375 0.1842802818300715 0.738926853167258 0.0 0.951380656572097 0.6821329054518752 0.14280647033699367 0.2544594298872064 0.03550967605021005 0.6469194587175259 0.2814203607590643 0.1130958801158134 0.6010572006590766 0.8558511511527571
0.5659868875235958 0.4236433293668511 0.3753758869753606 0.14651693876880623 0.951380656572097 0.0 0.33700779333610786 0.526812166550053 0.4157012181477182 0.918607519622047 0.8370600675830514 0.04969930603465034 0.7728046383575591 0.40089069434618674 0.7246080606107224
0.611416522970315 0.12837138447619068 0.36669250468866044 0.36812133578741046 0.6821329054518752 0.33700779333610786 0.0 0.24835502431701317 0.25519462210999366 0.9841105729668792 0.10668605204426085 0.04567443915785718 0.12450765108135275 0.7572044802783451 0.1410718505471178
0.47858127687302454 0.47970081065469805 0.25616587800241963 0.8535891623994675 0.14280647033699367 0.526812166550053 0.24835502431701317 0.0 0.5704473652701437 0.6859839145403483 0.08153965258545459 0.1890187774237001 0.8760746702440892 0.8545721047209143 0.9473862543929555
0.16703794383898818 0.2569369403971198 0.9141642117670646 0.25098422713873125 0.2544594298872064 0.4157012181477182 0.25519462210999366 0.5704473652701437 0.0 0.003297808941056357 0.7598788041445801 0.8054313532831765 0.2492374436848952 0.6437183570553402 0.3138990594125779
0.9754505256386128 0.9368575280311846 0.6761821010544089 0.0015665926336914104 0.03550967605021005 0.918607519622047 0.9841105729668792 0.6859839145403483 0.003297808941056357 0.0 0.03039429364883861 0.9472922040916504 0.016399038262020493 0.7687249276459948 0.34168138597317776
0.21602539477991745 0.9078797897653754 0.9253641799932197 0.12098320008672192 0.6469194587175259 0.8370600675830514 0.10668605204426085 0.08153965258545459 0.7598788041445801 0.03039429364883861 0.0 0.6537057511246022 0.4184103355197929 0.6538359933589349 0.36513343657001196
0.3745637058076132 0.6099923506089938 0.6936909450757895 0.71330556371724 0.2814203607590643 0.04969930603465034 0.04567443915785718 0.1890187774237001 0.8054313532831765 0.9472922040916504 0.6537057511246022 0.0 0.7847510718680021 0.23601330703922563 0.29108031232270315
0.6810276265133831 0.6910735445521724 0.11668821561358944 0.2856245255541283 0.1130958801158134 0.7728046383575591 0.12450765108135275 0.8760746702440892 0.2492374436848952 0.016399038262020493 0.4184103355197929 0.7847510718680021 0.0 0.8474557429652323 0.05382473534455223
0.7872621807994369 0.15080512367255094 0.7367960613004659 0.43166203119551017 0.6010572006590766 0.40089069434618674 0.7572044802783451 0.8545721047209143 0.6437183570553402 0.7687249276459948 0.6538359933589349 0.23601330703922563 0.8474557429652323 0.0 0.9925694579461193
0.9414704480206505 0.5527572928217455 0.12683402571107638 0.5449372009015978 0.8558511511527571 0.7246080606107224 0.1410718505471178 0.9473862543929555 0.3138990594125779 0.34168138597317776 0.36513343657001196 0.29108031232270315 0.05382473534455223 0.9925694579461193 0.0

# Optimal Walk
0 9 12 14 2 1 13 11 5 6 10 7 4 8 3 0
