# Graph size: 15
# Optimal cost: 2.0916807730071016

# Distance Matrix
0.0 0.03629773311751605 0.7829780151340558 0.1432724892051731 0.30199317713253093 0.3751418351039346 0.765383352971097 0.47615673815713233 0.894653466334069 0.4289363625107476 0.965724518884888 0.49822450561657583 0.6755898204475866 0.7345594487940659 0.2722173982696473
0.03629773311751605 0.0 0.3734350760129148 0.26208554234132786 0.4702585739557955 0.10968692275315595 0.4751838138282338 0.7993035458392252 0.6038195155136937 0.9970043971593691 0.1446055016583475 0.526437112263134 0.8716686869060788 0.5424914257391658 0.6291919255292244
0.7829780151340558 0.3734350760129148 0.0 0.8798412267733198 0.8113517684610053 0.6868907841058165 0.7879355388745409 0.3885460892302255 0.49268264542762685 0.9029194882657807 0.08768813245147644 0.6575936484929223 0.29695863608045403 0.4910829192914645 0.135149731008812
0.1432724892051731 0.26208554234132786 0.8798412267733198 0.0 0.8059267179726608 0.07898894301896953 0.07334282556947613 0.4898795612121979 0.8280994965595124 0.3132856660883322 0.8793966272977664 0.7859474719435992 0.48286756159093747 0.3736174614990153 0.44473893166082556
0.30199317713253093 0.4702585739557955 0.8113517684610053 0.8059267179726608 0.0 0.25332086114282737 0.47675391897866093 0.9242279244505917 0.8953404243312814 0.5748085109127267 0.9069773078961492 0.5113725217514047 0.08069363327424384 0.6403595742298706 0.15566796482087308
0.3751418351039346 0.10968692275315595 0.6868907841058165 0.07898894301896953 0.25332086114282737 0.0 0.8354286913157892 0.4351386894071855 0.16774221940592815 0.6860844542234323 0.856686328629831 0.5967965362021724 0.34710334432640455 0.4815853102817943 0.8420266306197116
0.765383352971097 0.4751838138282338 0.7879355388745409 0.07334282556947613 0.47675391897866093 0.8354286913157892 0.0 0.4941010535299286 0.6366369803487341 0.18939735058075258 0.6950490258564305 0.821835736773667 0.5875656331577985 0.3837621355082862 0.4288079118267498
0.47615673815713233 0.7993035458392252 0.3885460892302255 0.4898795612121979 0.9242279244505917 0.4351386894071855 0.4941010535299286 0.0 0.5717441505256415 0.10886597406314424 0.7468307568948296 0.4381716996799253 0.5571982941719194 0.8956456010915355 0.38071671959674747
0.894653466334069 0.6038195155136937 0.49268264542762685 0.8280994965595124 0.8953404243312814 0.16774221940592815 0.6366369803487341 0.5717441505256415 0.0 0.3079191550507717 0.6770721302259273 0.8398055498328378 0.9104049844343209 0.253038584378525 8.823669640978249E-4
0.4289363625107476 0.9970043971593691 0.9029194882657807 0.3132856660883322 0.5748085109127267 0.6860844542234323 0.18939735058075258 0.10886597406314424 0.3079191550507717 0.0 0.11759887234874766 0.5147550268721227 0.9292978791862399 0.6254221149105434 0.30592233091847343
0.965724518884888 0.1446055016583475 0.08768813245147644 0.8793966272977664 0.9069773078961492 0.856686328629831 0.6950490258564305 0.7468307568948296 0.6770721302259273 0.11759887234874766 0.0 0.5316243508667663 0.2750045625051102 0.6525274722851353 0.31765529711276463
0.49822450561657583 0.526437112263134 0.6575936484929223 0.7859474719435992 0.5113725217514047 0.5967965362021724 0.821835736773667 0.4381716996799253 0.8398055498328378 0.5147550268721227 0.5316243508667663 0.0 0.8231782632581051 0.24897627213825935 0.5682808432464167
0.6755898204475866 0.8716686869060788 0.29695863608045403 0.48286756159093747 0.08069363327424384 0.34710334432640455 0.5875656331577985 0.5571982941719194 0.9104049844343209 0.9292978791862399 0.2750045625051102 0.8231782632581051 0.0 0.1660856218264385 0.6587405496428359
0.7345594487940659 0.5424914257391658 0.4910829192914645 0.3736174614990153 0.6403595742298706 0.4815853102817943 0.3837621355082862 0.8956456010915355 0.253038584378525 0.6254221149105434 0.6525274722851353 0.24897627213825935 0.1660856218264385 0.0 0.8150944588288627
0.2722173982696473 0.6291919255292244 0.135149731008812 0.44473893166082556 0.15566796482087308 0.8420266306197116 0.4288079118267498 0.38071671959674747 8.823669640978249E-4 0.30592233091847343 0.31765529711276463 0.5682808432464167 0.6587405496428359 0.8150944588288627 0.0

# Optimal Walk
0 1 10 2 14 8 4 12 13 11 7 9 6 3 5 0
