# Graph size: 15
# Optimal cost: 2.152886278076704

# Distance Matrix
0.0 0.7017749557586159 0.9897424190215964 0.5293740996077548 0.6887943571567965 0.7375701644888972 0.32995857773661263 0.4097232250086812 0.4141752646205179 0.5378222833459236 0.38018459070344723 0.6744349434809245 0.025218025168019742 0.40909869468872995 0.15589829983811754
0.7017749557586159 0.0 0.19419723956969215 0.21087732476095578 0.19698094577430392 0.6510980430845538 0.712120944146681 0.7663213782100219 0.26526007949768593 0.08150688046650567 0.1702902747491717 0.5381858961769291 0.7850237396603224 0.9891591233978452 0.6206347594962416
0.9897424190215964 0.19419723956969215 0.0 0.5853517016112197 0.39445649160378826 0.29775549317606964 0.9337755608231948 0.9419952177894358 0.9161515363581559 0.6357117204350693 0.9111015553859974 0.9878254237586487 0.22595816985062067 0.5026148429123868 0.07818175879000111
0.5293740996077548 0.21087732476095578 0.5853517016112197 0.0 0.5798345299681363 0.5558668853514727 0.14484022506555239 0.39172252192506385 0.7805536549868204 0.4831589883933981 0.3273716168456593 0.32762910304363413 0.22971934736271782 0.6090258599439178 0.5414057048507651
0.6887943571567965 0.19698094577430392 0.39445649160378826 0.5798345299681363 0.0 0.3343330923051294 0.9494202855587153 0.46208844126227555 0.571111095398614 0.4333987200500412 0.6472079002520386 0.47572425025292475 0.7579517558529401 0.828522271857156 0.3873186262060335
0.7375701644888972 0.6510980430845538 0.29775549317606964 0.5558668853514727 0.3343330923051294 0.0 0.9828363652670947 0.7472727386071432 0.7443910631862556 0.8370695865575857 0.047674584765885486 0.979386319647344 0.35846922052387453 0.16365327877568736 0.6115462361647398
0.32995857773661263 0.712120944146681 0.9337755608231948 0.14484022506555239 0.9494202855587153 0.9828363652670947 0.0 0.6961847322121256 0.6116297354541178 0.0559715949396562 0.8677301078151407 0.7743454592498749 0.8876533846739191 0.27681281066772734 6.33875113359994E-4
0.4097232250086812 0.7663213782100219 0.9419952177894358 0.39172252192506385 0.46208844126227555 0.7472727386071432 0.6961847322121256 0.0 0.2674836902224236 0.036966930801800135 0.6125896098002229 0.42521196326282706 0.14214567254222688 0.9865943885017671 0.08102024098665084
0.4141752646205179 0.26526007949768593 0.9161515363581559 0.7805536549868204 0.571111095398614 0.7443910631862556 0.6116297354541178 0.2674836902224236 0.0 0.44488713956431036 0.3263260124375552 0.22614686262214 0.7815491683928248 0.8096958235107492 0.8542306996533926
0.5378222833459236 0.08150688046650567 0.6357117204350693 0.4831589883933981 0.4333987200500412 0.8370695865575857 0.0559715949396562 0.036966930801800135 0.44488713956431036 0.0 0.7887779734887509 0.8289669195418646 0.0011036069794242431 0.5872968627020375 0.9563832984023382
0.38018459070344723 0.1702902747491717 0.9111015553859974 0.3273716168456593 0.6472079002520386 0.047674584765885486 0.8677301078151407 0.6125896098002229 0.3263260124375552 0.7887779734887509 0.0 0.39760397574421713 0.19591429608270106 0.7190193805280042 0.8099242036198865
0.6744349434809245 0.5381858961769291 0.9878254237586487 0.32762910304363413 0.47572425025292475 0.979386319647344 0.7743454592498749 0.42521196326282706 0.22614686262214 0.8289669195418646 0.39760397574421713 0.0 0.021636575651253875 0.7689217882715628 0.02992328873164396
0.025218025168019742 0.7850237396603224 0.22595816985062067 0.22971934736271782 0.7579517558529401 0.35846922052387453 0.8876533846739191 0.14214567254222688 0.7815491683928248 0.0011036069794242431 0.19591429608270106 0.021636575651253875 0.0 0.9186075318411225 0.9464571291899302
0.40909869468872995 0.9891591233978452 0.5026148429123868 0.6090258599439178 0.828522271857156 0.16365327877568736 0.27681281066772734 0.9865943885017671 0.8096958235107492 0.5872968627020375 0.7190193805280042 0.7689217882715628 0.9186075318411225 0.0 0.8824313096415014
0.15589829983811754 0.6206347594962416 0.07818175879000111 0.5414057048507651 0.3873186262060335 0.6115462361647398 6.33875113359994E-4 0.08102024098665084 0.8542306996533926 0.9563832984023382 0.8099242036198865 0.02992328873164396 0.9464571291899302 0.8824313096415014 0.0

# Optimal Walk
0 12 9 7 8 10 13 5 4 1 3 6 2 14 11 0
