# Graph size: 15
# Optimal cost: 1.35836024653875

# Distance Matrix
0.0 0.6288282868061346 0.12604094076925543 0.6449355561035163 0.3675310167788005 0.8868525378500008 0.9048286308628714 0.3822753017747631 0.045273549299694626 0.595725777614399 0.43872847147629823 0.9143382240465122 0.32921871165108774 0.5078209168047365 0.5775631038409635
0.6288282868061346 0.0 0.22377201685498171 0.9965707441559933 0.3149693093529259 0.4901810290370753 0.01864588188748495 0.8289002819154132 0.7107094014944715 0.24420439397022853 0.947588879192793 0.643018654870481 0.8577484221609044 0.2793703412916506 0.2423735155381781
0.12604094076925543 0.22377201685498171 0.0 0.4638742684886509 0.3444084709257975 0.023520376691012146 0.516735041620143 0.06557594582845039 0.1991788404677649 0.3622052390550592 0.4511933964644511 0.7091868490456675 0.29909865935493074 0.6660378758152373 0.8758709684894107
0.6449355561035163 0.9965707441559933 0.4638742684886509 0.0 0.5397219229110763 0.5555454545172641 0.6043402146824857 0.326776351033394 0.7698209397555374 0.5901061600675221 0.02929407506732884 0.49575058044832754 0.4738577274077145 0.22355972003599656 0.8017208555584908
0.3675310167788005 0.3149693093529259 0.3444084709257975 0.5397219229110763 0.0 0.12024883630389127 0.5437861451075986 0.9926008131922529 0.5477775099010546 0.7663573750416873 0.11681149920543876 0.08178710700785885 0.985272253324052 0.6469219645182553 0.5750158028587596
0.8868525378500008 0.4901810290370753 0.023520376691012146 0.5555454545172641 0.12024883630389127 0.0 0.5122924456485131 0.6389654351726896 0.0863904511932746 0.03835398911787169 0.16440160314811303 0.4761368212060184 0.49494887559757883 0.12497747916688362 0.22728225030949079
0.9048286308628714 0.01864588188748495 0.516735041620143 0.6043402146824857 0.5437861451075986 0.5122924456485131 0.0 0.23686360801697848 0.7467570697013056 0.6366304184872341 0.9674227912798665 0.007867612812166858 0.6705662795234602 0.7419029895783074 0.28622491171064723
0.3822753017747631 0.8289002819154132 0.06557594582845039 0.326776351033394 0.9926008131922529 0.6389654351726896 0.23686360801697848 0.0 0.8944547823174026 0.9557276256467443 0.17641528198850687 0.39759231994209954 0.4819834331954276 0.1525771416034587 0.9565443977918692
0.045273549299694626 0.7107094014944715 0.1991788404677649 0.7698209397555374 0.5477775099010546 0.0863904511932746 0.7467570697013056 0.8944547823174026 0.0 0.09795824734129133 0.14646208077709466 0.6034096275948849 0.1120960929353072 0.5240456515105066 0.17329208141962338
0.595725777614399 0.24420439397022853 0.3622052390550592 0.5901061600675221 0.7663573750416873 0.03835398911787169 0.6366304184872341 0.9557276256467443 0.09795824734129133 0.0 0.07872989291867871 0.9833620753180825 0.9977562730149071 0.07383354843249035 0.6131966861494349
0.43872847147629823 0.947588879192793 0.4511933964644511 0.02929407506732884 0.11681149920543876 0.16440160314811303 0.9674227912798665 0.17641528198850687 0.14646208077709466 0.07872989291867871 0.0 0.6992923125309537 0.5429355122795126 0.45138794837506946 0.536651295413029
0.9143382240465122 0.643018654870481 0.7091868490456675 0.49575058044832754 0.08178710700785885 0.4761368212060184 0.007867612812166858 0.39759231994209954 0.6034096275948849 0.9833620753180825 0.6992923125309537 0.0 0.5560512367029282 0.9253621111786573 0.26135426968289754
0.32921871165108774 0.8577484221609044 0.29909865935493074 0.4738577274077145 0.985272253324052 0.49494887559757883 0.6705662795234602 0.4819834331954276 0.1120960929353072 0.9977562730149071 0.5429355122795126 0.5560512367029282 0.0 0.9778489204749728 0.14901593175090344
0.5078209168047365 0.2793703412916506 0.6660378758152373 0.22355972003599656 0.6469219645182553 0.12497747916688362 0.7419029895783074 0.1525771416034587 0.5240456515105066 0.07383354843249035 0.45138794837506946 0.9253621111786573 0.9778489204749728 0.0 0.6151632789640166
0.5775631038409635 0.2423735155381781 0.8758709684894107 0.8017208555584908 0.5750158028587596 0.22728225030949079 0.28622491171064723 0.9565443977918692 0.17329208141962338 0.6131966861494349 0.536651295413029 0.26135426968289754 0.14901593175090344 0.6151632789640166 0.0

# Optimal Walk
0 8 12 14 1 6 11 4 10 3 9 13 7 2 5 0
