# Graph size: 21
# Optimal cost: 1.2460779813012386

# Distance Matrix
0.0 0.6639694259146325 0.8225360848911325 0.6789643636143513 0.5149424776997675 0.3222519641379732 0.26657910424226217 0.7960590874643759 0.3823983392283118 0.8725481316417155 0.7158270170686949 0.3257448546329953 0.8874538217890237 0.4742330790985906 0.2906269302286949 0.18262320358878525 0.8237907181281174 0.466376111943158 0.1581381029182113 0.057213597330106 0.06220288354675563
0.6639694259146325 0.0 0.5566751687028079 0.7305259714594824 0.7906146665726931 0.7102927002040804 0.6004192559997849 0.2872676991392227 0.005956531997554859 0.6204887088768755 0.6548119301004011 0.43468527890709396 0.9519970976201774 0.2615513718142821 0.7293405765298053 0.527737234389222 0.7651914845808424 0.8212733121095614 0.6694781044068518 0.4222630288664806 0.38879073967639277
0.8225360848911325 0.5566751687028079 0.0 0.2918694648248421 0.9088546679001751 0.7002891875080657 0.20100204113410147 0.20459144745491364 0.40413912051678547 0.8166695869820679 0.9989696832124076 0.6263897678535247 0.9272213255701848 0.45224690178371496 0.3613122289513815 0.00898625299366873 0.030887664973317297 0.7268857022638168 0.5691780457179197 0.48950856849070434 0.4270344048636371
0.6789643636143513 0.7305259714594824 0.2918694648248421 0.0 0.8251425595904924 0.20425814663183095 0.28187705893986514 0.22056402516211848 0.01800168789960077 0.2619211372634084 0.8694243381388419 0.4274625670353911 0.026019362334263385 0.11861277846865803 0.8117655364263545 0.47215619255694774 0.16238420935566367 0.9748879313406301 0.11272794934272101 0.9070978192652803 0.7188143219921103
0.5149424776997675 0.7906146665726931 0.9088546679001751 0.8251425595904924 0.0 0.45892030678284046 0.26118641149282495 0.4266358654803044 0.6128766781334373 0.9200613278284318 0.2529405701963684 0.357568161269056 0.40222785074194445 0.5679962097455273 0.129309226001035 0.20038692670181713 0.3894396258053222 0.020272087708532727 0.8269056225564558 0.4680707592494262 0.6904865326178815
0.3222519641379732 0.7102927002040804 0.7002891875080657 0.20425814663183095 0.45892030678284046 0.0 0.009449182638623599 0.42309706468312214 0.023382349073506226 0.820637228061068 0.970852933828832 0.1829409859010105 0.35098165440303497 0.5634049284106956 0.9828814308678194 0.16592875239942362 0.717265813951893 0.6313763459367726 0.06404898791153324 0.5346577218045228 0.9686985980698071
0.26657910424226217 0.6004192559997849 0.20100204113410147 0.28187705893986514 0.26118641149282495 0.009449182638623599 0.0 0.9021533267404027 0.1444233652269754 0.12259065687851256 0.7984944947949941 0.8183041421994292 0.1238407773333231 0.264351463615375 0.6718727152666973 0.8771369721453236 0.30525903166128776 0.36954431044324376 0.24169919382662375 0.0042707220154268866 0.14883619794173553
0.7960590874643759 0.2872676991392227 0.20459144745491364 0.22056402516211848 0.4266358654803044 0.42309706468312214 0.9021533267404027 0.0 0.2298729772746786 0.009185894166075959 0.004393586257126159 0.7307984922926605 0.5893762616669925 0.18841769556017818 0.2132629974369652 0.5108874205657735 0.07888377709212335 0.21882967031601286 0.9369151077869708 0.013153467602965874 0.2183363034086585
0.3823983392283118 0.005956531997554859 0.40413912051678547 0.01800168789960077 0.6128766781334373 0.023382349073506226 0.1444233652269754 0.2298729772746786 0.0 0.13635826268180262 0.25721587465749995 0.8070892690459565 0.8244033992754713 0.06184206357843691 0.3072999384010382 0.7395724788903622 0.8258701975979716 0.3943489667217601 0.17610726904398544 0.7128150350901201 0.18555437349149462
0.8725481316417155 0.6204887088768755 0.8166695869820679 0.2619211372634084 0.9200613278284318 0.820637228061068 0.12259065687851256 0.009185894166075959 0.13635826268180262 0.0 0.9074585314632072 0.18814220880642574 0.42949152522286904 0.35505343810044576 0.8381293543308118 0.4227429202371603 0.4334464887481364 0.447411189781184 0.23063342977884416 0.9865638827391189 0.46285706299558926
0.7158270170686949 0.6548119301004011 0.9989696832124076 0.8694243381388419 0.2529405701963684 0.970852933828832 0.7984944947949941 0.004393586257126159 0.25721587465749995 0.9074585314632072 0.0 0.1028320006701624 0.25214062587816355 0.733637564481706 0.6024534612160144 0.8438595022727027 0.9318880027169265 0.8392963100325689 0.9723768678303643 0.5689766138691499 0.7924706260221138
0.3257448546329953 0.43468527890709396 0.6263897678535247 0.4274625670353911 0.357568161269056 0.1829409859010105 0.8183041421994292 0.7307984922926605 0.8070892690459565 0.18814220880642574 0.1028320006701624 0.0 0.877398354521139 0.7234803026549307 0.717371889366656 0.13964141995077395 0.8247172923277428 0.9223555841771527 0.5526566117202497 0.3561099496298279 0.7220171512744904
0.8874538217890237 0.9519970976201774 0.9272213255701848 0.026019362334263385 0.40222785074194445 0.35098165440303497 0.1238407773333231 0.5893762616669925 0.8244033992754713 0.42949152522286904 0.25214062587816355 0.877398354521139 0.0 0.5040945693839104 0.9596063894854071 0.4051808903160017 0.558250071437503 0.8467709968413357 0.12553950709146255 0.8916751125200857 0.31247762978369953
0.4742330790985906 0.2615513718142821 0.45224690178371496 0.11861277846865803 0.5679962097455273 0.5634049284106956 0.264351463615375 0.18841769556017818 0.06184206357843691 0.35505343810044576 0.733637564481706 0.7234803026549307 0.5040945693839104 0.0 0.6788546992393242 0.4867338563895298 0.45042716848788744 0.987530162365149 0.969247062386439 0.36032296497685656 0.9367554405827148
0.2906269302286949 0.7293405765298053 0.3613122289513815 0.8117655364263545 0.129309226001035 0.9828814308678194 0.6718727152666973 0.2132629974369652 0.3072999384010382 0.8381293543308118 0.6024534612160144 0.717371889366656 0.9596063894854071 0.6788546992393242 0.0 0.9000836671865806 0.16935284157320574 0.7534008970455105 0.8786517747957853 0.4537467464637842 0.677580457342791
0.18262320358878525 0.527737234389222 0.00898625299366873 0.47215619255694774 0.20038692670181713 0.16592875239942362 0.8771369721453236 0.5108874205657735 0.7395724788903622 0.4227429202371603 0.8438595022727027 0.13964141995077395 0.4051808903160017 0.4867338563895298 0.9000836671865806 0.0 0.9436049495935803 0.9170397534084272 0.11491511166648416 0.6788888928783984 0.5592339070565683
0.8237907181281174 0.7651914845808424 0.030887664973317297 0.16238420935566367 0.3894396258053222 0.717265813951893 0.30525903166128776 0.07888377709212335 0.8258701975979716 0.4334464887481364 0.9318880027169265 0.8247172923277428 0.558250071437503 0.45042716848788744 0.16935284157320574 0.9436049495935803 0.0 0.5083021179296531 0.33556447968111347 0.5754763905989647 0.05199862760251617
0.466376111943158 0.8212733121095614 0.7268857022638168 0.9748879313406301 0.020272087708532727 0.6313763459367726 0.36954431044324376 0.21882967031601286 0.3943489667217601 0.447411189781184 0.8392963100325689 0.9223555841771527 0.8467709968413357 0.987530162365149 0.7534008970455105 0.9170397534084272 0.5083021179296531 0.0 0.9923789669915496 0.7228172436713172 0.0694322695909868
0.1581381029182113 0.6694781044068518 0.5691780457179197 0.11272794934272101 0.8269056225564558 0.06404898791153324 0.24169919382662375 0.9369151077869708 0.17610726904398544 0.23063342977884416 0.9723768678303643 0.5526566117202497 0.12553950709146255 0.969247062386439 0.8786517747957853 0.11491511166648416 0.33556447968111347 0.9923789669915496 0.0 0.6517912721145109 0.24009077362370368
0.057213597330106 0.4222630288664806 0.48950856849070434 0.9070978192652803 0.4680707592494262 0.5346577218045228 0.0042707220154268866 0.013153467602965874 0.7128150350901201 0.9865638827391189 0.5689766138691499 0.3561099496298279 0.8916751125200857 0.36032296497685656 0.4537467464637842 0.6788888928783984 0.5754763905989647 0.7228172436713172 0.6517912721145109 0.0 0.8420321557048549
0.06220288354675563 0.38879073967639277 0.4270344048636371 0.7188143219921103 0.6904865326178815 0.9686985980698071 0.14883619794173553 0.2183363034086585 0.18555437349149462 0.46285706299558926 0.7924706260221138 0.7220171512744904 0.31247762978369953 0.9367554405827148 0.677580457342791 0.5592339070565683 0.05199862760251617 0.0694322695909868 0.24009077362370368 0.8420321557048549 0.0

# Optimal Walk
0 20 17 4 14 16 2 15 11 10 9 7 19 5 18 12 3 13 1 8 6 0
