# Graph size: 21
# Optimal cost: 1.0648335267945839

# Distance Matrix
0.0 0.20558014930049462 0.9915657098589798 0.581631755968143 0.9071292019274521 0.9302288284687084 0.11699961610697662 0.3177282370927176 0.6843888169721435 0.017104738297684996 0.5750079749804908 0.3283958394500096 0.30498811772924217 0.3089082138186121 0.19679861076703886 0.6606490904704645 0.23329637923793445 0.9808236397134391 0.5769784512128219 0.6226868189703895 0.2769277032924016
0.20558014930049462 0.0 0.10202934533557007 0.18487678827974963 0.6482170423427391 0.6999341464262917 0.4827156494528335 0.35510402945111685 0.3227699373991526 0.03470727585875466 0.5793466191242318 0.49770812551702936 0.6381918889343593 0.9959390767929582 0.38812778343250576 0.8770804814384933 0.9643645853415297 0.7994072794528071 0.19511848301480406 0.34880194914545803 0.9312948010969117
0.9915657098589798 0.10202934533557007 0.0 0.6190137068938074 0.7711540086846328 0.5149086868642805 0.4000725736309332 0.8774189679701403 0.10071975316390147 0.8605966229452573 0.9677960396622385 0.5587804689055459 0.016145257387510714 0.5691723706012762 0.9994141326939283 0.7565147371132039 0.17196351055653492 0.8770977481777215 0.00853844365117562 0.2246696210533572 0.6390070467569378
0.581631755968143 0.18487678827974963 0.6190137068938074 0.0 0.02726344996446106 0.31962821969790567 0.7884052022629789 0.023788522226469655 0.10616743323160094 0.3355534454740896 0.08724709126228491 0.42594103145788675 0.3094615873372266 0.4073929283557547 0.2741893764200196 0.7349688211908936 0.4703704623473338 0.2574252981014523 0.9743885378744378 0.7372865954038323 0.006773742573752628
0.9071292019274521 0.6482170423427391 0.7711540086846328 0.02726344996446106 0.0 0.1416229920800225 0.019104142160893955 0.2555014420706929 0.7952841059141446 0.4545604993090008 0.21370574128430186 0.07411869784450942 0.8644405812939071 0.2774998400847317 0.6729793940952729 0.7193286260173092 0.21417727547903698 0.4495178223042361 0.06263196561036921 0.2552585499960469 0.5150152429066647
0.9302288284687084 0.6999341464262917 0.5149086868642805 0.31962821969790567 0.1416229920800225 0.0 0.10189099596166584 0.42280474029588255 0.13505069308315076 0.9179657883144393 0.23755601979519847 0.11757194976995111 0.802352882628836 0.714921346830157 0.8603147924193548 0.8538146085731493 0.17728602231640356 0.12934969055268963 0.36255473746814126 0.6435232192294509 0.380678447922302
0.11699961610697662 0.4827156494528335 0.4000725736309332 0.7884052022629789 0.019104142160893955 0.10189099596166584 0.0 0.08839631443905727 0.36560687133660597 0.04549745980223452 0.05133412165037732 0.43003883003941545 0.9734654282635581 0.015574966392829626 0.39332792578387343 0.6327259687859988 0.44844445026939284 0.2189354996888737 0.6537982800222946 0.819973335719149 0.6464482728037644
0.3177282370927176 0.35510402945111685 0.8774189679701403 0.023788522226469655 0.2555014420706929 0.42280474029588255 0.08839631443905727 0.0 0.7136903191826112 0.07643325954312574 0.4886770186189524 0.15988480221120482 0.5018814628996484 0.5018237912422405 0.13744465081285007 0.007851219358653738 0.562178893976671 0.6930829711980059 0.7300335899069378 0.8860742203183141 0.6279782276437508
0.6843888169721435 0.3227699373991526 0.10071975316390147 0.10616743323160094 0.7952841059141446 0.13505069308315076 0.36560687133660597 0.7136903191826112 0.0 0.15360833890472914 0.7190239330628708 0.44318781180450195 0.15526526619064163 0.673589518377016 0.17614392710825666 0.7852835493216124 0.636527901687098 0.09284050951186029 0.4282038045811618 0.42726958368631374 0.6601600684046631
0.017104738297684996 0.03470727585875466 0.8605966229452573 0.3355534454740896 0.4545604993090008 0.9179657883144393 0.04549745980223452 0.07643325954312574 0.15360833890472914 0.0 0.7997630420285884 0.48138362855929795 0.2074265925893789 0.8892163092492095 0.29972270272555934 0.43165952696877197 0.2606496644868429 0.43903962499579285 0.7808476638590761 0.005441620174487571 0.00621784164108008
0.5750079749804908 0.5793466191242318 0.9677960396622385 0.08724709126228491 0.21370574128430186 0.23755601979519847 0.05133412165037732 0.4886770186189524 0.7190239330628708 0.7997630420285884 0.0 0.9701994825107997 0.9812348902056117 0.35203639635572914 0.24753342836684344 0.18134070651493472 0.8187766303765283 0.21833514987905034 0.9041254719981118 0.28595813933656555 0.1832953056864688
0.3283958394500096 0.49770812551702936 0.5587804689055459 0.42594103145788675 0.07411869784450942 0.11757194976995111 0.43003883003941545 0.15988480221120482 0.44318781180450195 0.48138362855929795 0.9701994825107997 0.0 0.6761689348404546 0.6003130773488451 0.48777624571437583 0.010402633925027827 0.6440600740203789 0.3202760447210071 0.4313263411591869 0.25747434638618494 0.5476387102306975
0.30498811772924217 0.6381918889343593 0.016145257387510714 0.3094615873372266 0.8644405812939071 0.802352882628836 0.9734654282635581 0.5018814628996484 0.15526526619064163 0.2074265925893789 0.9812348902056117 0.6761689348404546 0.0 0.60588150492127 0.09747876982814363 0.6843593318952779 0.5967825468163239 0.32146710338817863 0.6381010353353374 0.404917909961493 0.32257656173082316
0.3089082138186121 0.9959390767929582 0.5691723706012762 0.4073929283557547 0.2774998400847317 0.714921346830157 0.015574966392829626 0.5018237912422405 0.673589518377016 0.8892163092492095 0.35203639635572914 0.6003130773488451 0.60588150492127 0.0 0.8388826673113101 0.19967726435140265 0.020210699970020785 0.2134785703507167 0.606443994107008 0.8726380575215357 0.7701365886634078
0.19679861076703886 0.38812778343250576 0.9994141326939283 0.2741893764200196 0.6729793940952729 0.8603147924193548 0.39332792578387343 0.13744465081285007 0.17614392710825666 0.29972270272555934 0.24753342836684344 0.48777624571437583 0.09747876982814363 0.8388826673113101 0.0 0.5176159666198904 0.45705387545861 0.5213141558658778 0.5475439202150086 0.5369274789215346 0.6835969716524838
0.6606490904704645 0.8770804814384933 0.7565147371132039 0.7349688211908936 0.7193286260173092 0.8538146085731493 0.6327259687859988 0.007851219358653738 0.7852835493216124 0.43165952696877197 0.18134070651493472 0.010402633925027827 0.6843593318952779 0.19967726435140265 0.5176159666198904 0.0 0.3988414548428254 0.8073166245324024 0.028903318114772203 0.8638168996620454 0.13200840482900622
0.23329637923793445 0.9643645853415297 0.17196351055653492 0.4703704623473338 0.21417727547903698 0.17728602231640356 0.44844445026939284 0.562178893976671 0.636527901687098 0.2606496644868429 0.8187766303765283 0.6440600740203789 0.5967825468163239 0.020210699970020785 0.45705387545861 0.3988414548428254 0.0 0.37266264103978597 0.6529657183944719 0.6522351502921971 0.8729520108759189
0.9808236397134391 0.7994072794528071 0.8770977481777215 0.2574252981014523 0.4495178223042361 0.12934969055268963 0.2189354996888737 0.6930829711980059 0.09284050951186029 0.43903962499579285 0.21833514987905034 0.3202760447210071 0.32146710338817863 0.2134785703507167 0.5213141558658778 0.8073166245324024 0.37266264103978597 0.0 0.8918092931567034 0.7510715886924346 0.2732736054054484
0.5769784512128219 0.19511848301480406 0.00853844365117562 0.9743885378744378 0.06263196561036921 0.36255473746814126 0.6537982800222946 0.7300335899069378 0.4282038045811618 0.7808476638590761 0.9041254719981118 0.4313263411591869 0.6381010353353374 0.606443994107008 0.5475439202150086 0.028903318114772203 0.6529657183944719 0.8918092931567034 0.0 0.15777107549883695 0.230536436498874
0.6226868189703895 0.34880194914545803 0.2246696210533572 0.7372865954038323 0.2552585499960469 0.6435232192294509 0.819973335719149 0.8860742203183141 0.42726958368631374 0.005441620174487571 0.28595813933656555 0.25747434638618494 0.404917909961493 0.8726380575215357 0.5369274789215346 0.8638168996620454 0.6522351502921971 0.7510715886924346 0.15777107549883695 0.0 0.1359070614225535
0.2769277032924016 0.9312948010969117 0.6390070467569378 0.006773742573752628 0.5150152429066647 0.380678447922302 0.6464482728037644 0.6279782276437508 0.6601600684046631 0.00621784164108008 0.1832953056864688 0.5476387102306975 0.32257656173082316 0.7701365886634078 0.6835969716524838 0.13200840482900622 0.8729520108759189 0.2732736054054484 0.230536436498874 0.1359070614225535 0.0

# Optimal Walk
0 19 9 1 20 4 16 13 10 6 5 17 8 14 12 2 18 15 11 7 3 0
