# Graph size: 21
# Optimal cost: 1.146150090891375

# Distance Matrix
0.0 0.009498390782790689 0.7095916507908058 0.9098277251136725 0.9575251872523012 0.3534789284452612 0.9831681618299686 0.013527034820289607 0.8170998208561152 0.36190066012274025 0.46634092667373883 0.3445151159686898 0.555923387581684 0.43576163347110297 0.04901379550142293 0.8826524424462691 0.9928468536892601 0.07673180271159186 0.8551913754088053 0.5386817612219672 0.28545355833347563
0.009498390782790689 0.0 0.9048511864395997 0.09586022856794585 0.27082290530990316 0.34212250343198214 0.9943288236486649 0.6608470143789793 0.573682630029064 0.45465041073271495 0.9993970392977003 0.20798410263619405 0.29239146476942224 0.6602529272176497 0.0744019965811068 0.8917034293846118 0.5127302180441252 0.6161777149737345 0.9057877577039336 0.28821799362424805 0.3571106210484529
0.7095916507908058 0.9048511864395997 0.0 0.5758280170304001 0.26835806699313436 0.520739263972376 0.8766264670673405 0.39220770246654424 0.3941764982890259 0.06571820764497982 0.8709923534849997 0.34266412512399413 0.09969197939778629 0.22988667128936213 0.39103994870103886 0.9683184929482943 0.05515342227756215 0.8279144342905835 0.8825416407619692 0.05223774503768386 0.8001039207519646
0.9098277251136725 0.09586022856794585 0.5758280170304001 0.0 0.16178705931276505 0.4154848109685868 0.3223158596151303 0.10972120635476446 0.005548029615610517 0.20951982547385484 0.4579968730089794 0.09899767147812555 0.9328382405134757 0.7141576627499983 0.5043855150445907 0.015230292224904907 0.9897047362656632 0.8313940220978788 0.8529558842388282 0.014016482718693823 0.4114394881673735
0.9575251872523012 0.27082290530990316 0.26835806699313436 0.16178705931276505 0.0 0.4787884703053287 0.5349822683167634 0.3399295514576881 0.8097485161915411 0.5826287562620184 0.6919805072480604 0.2402728660873309 0.01534043900927684 0.7636620058182129 0.7368622584560938 0.6287892678394407 0.5510622810442509 0.43197611633459687 0.9001687978358393 0.9859284921913894 0.5320003667950902
0.3534789284452612 0.34212250343198214 0.520739263972376 0.4154848109685868 0.4787884703053287 0.0 0.7429659296811971 0.5676644432387051 0.23325194246208913 0.6415020541296446 0.8829208659981899 0.05873473313187516 0.351780412826332 0.7158639378304607 0.4506217260802611 0.26944763044351394 0.32756789082199067 0.3854709078116392 0.28043631454478746 0.9098004688141692 0.602509795665864
0.9831681618299686 0.9943288236486649 0.8766264670673405 0.3223158596151303 0.5349822683167634 0.7429659296811971 0.0 0.16645959305186941 0.9127548194693391 0.9015895360658018 0.5843715171412052 0.3745185769434347 0.05920772883108871 0.8715033062893439 0.9272496918223647 0.24122718180853353 0.8329602181521077 0.5734535977779837 0.23215434856418582 0.6533733827883249 0.21847912088377475
0.013527034820289607 0.6608470143789793 0.39220770246654424 0.10972120635476446 0.3399295514576881 0.5676644432387051 0.16645959305186941 0.0 0.5048242846252534 0.5371277494298832 0.006980626852594485 0.2405195133729472 0.9432303038277163 0.4672915265557597 0.770312360558937 0.558679889619829 0.1235438107335809 0.19744037127254266 0.48391213392725896 0.7617262581371784 0.29935911583537356
0.8170998208561152 0.573682630029064 0.3941764982890259 0.005548029615610517 0.8097485161915411 0.23325194246208913 0.9127548194693391 0.5048242846252534 0.0 0.4432777114935046 0.09077615798127159 0.4649874710467189 0.9887311606357303 0.5421143264681663 0.6860443140562363 0.42447496556661835 0.7909370378758769 0.30982858369033506 0.0031347544745679023 0.2729822891429926 0.7791738986090686
0.36190066012274025 0.45465041073271495 0.06571820764497982 0.20951982547385484 0.5826287562620184 0.6415020541296446 0.9015895360658018 0.5371277494298832 0.4432777114935046 0.0 0.768112381285194 0.21203608372362626 0.156271011780873 0.6235204392981294 0.024504530139751957 0.89551032248421 0.501551273542813 0.27915359256141137 0.5574389516521231 0.3902489718179214 0.38581686937492765
0.46634092667373883 0.9993970392977003 0.8709923534849997 0.4579968730089794 0.6919805072480604 0.8829208659981899 0.5843715171412052 0.006980626852594485 0.09077615798127159 0.768112381285194 0.0 0.2867260123036883 0.9095123649434429 0.03256340721856621 0.4881960499604674 0.47497367126513 0.3244020667660593 0.23197989969495447 0.4083313231841028 0.1300374791885044 0.17634162055962466
0.3445151159686898 0.20798410263619405 0.34266412512399413 0.09899767147812555 0.2402728660873309 0.05873473313187516 0.3745185769434347 0.2405195133729472 0.4649874710467189 0.21203608372362626 0.2867260123036883 0.0 0.7111488580856868 0.21190230044637448 0.5016463605923196 0.13578801143806118 0.6967666534515227 0.42475802572950894 0.853223967522267 0.8908915335032942 0.32374751671740065
0.555923387581684 0.29239146476942224 0.09969197939778629 0.9328382405134757 0.01534043900927684 0.351780412826332 0.05920772883108871 0.9432303038277163 0.9887311606357303 0.156271011780873 0.9095123649434429 0.7111488580856868 0.0 0.338726317454242 0.13114426871092288 0.9016047503173491 0.023672435139484804 0.41501915741597906 0.7277765564104736 0.10174503066878393 0.20858014703079653
0.43576163347110297 0.6602529272176497 0.22988667128936213 0.7141576627499983 0.7636620058182129 0.7158639378304607 0.8715033062893439 0.4672915265557597 0.5421143264681663 0.6235204392981294 0.03256340721856621 0.21190230044637448 0.338726317454242 0.0 0.7752551519533447 0.7436232668106056 0.6840504196756748 0.13245567475915887 0.25547103316334996 0.6157690238724715 0.10424587715868905
0.04901379550142293 0.0744019965811068 0.39103994870103886 0.5043855150445907 0.7368622584560938 0.4506217260802611 0.9272496918223647 0.770312360558937 0.6860443140562363 0.024504530139751957 0.4881960499604674 0.5016463605923196 0.13114426871092288 0.7752551519533447 0.0 0.4153095749617297 0.2650964913242887 0.9730228090129871 0.22236332517005097 0.3485312140903357 0.740717383290168
0.8826524424462691 0.8917034293846118 0.9683184929482943 0.015230292224904907 0.6287892678394407 0.26944763044351394 0.24122718180853353 0.558679889619829 0.42447496556661835 0.89551032248421 0.47497367126513 0.13578801143806118 0.9016047503173491 0.7436232668106056 0.4153095749617297 0.0 0.10254933573349356 0.06303538864711045 0.7652376648813708 0.8135546151181664 0.46845001766005157
0.9928468536892601 0.5127302180441252 0.05515342227756215 0.9897047362656632 0.5510622810442509 0.32756789082199067 0.8329602181521077 0.1235438107335809 0.7909370378758769 0.501551273542813 0.3244020667660593 0.6967666534515227 0.023672435139484804 0.6840504196756748 0.2650964913242887 0.10254933573349356 0.0 0.021209381087846646 0.9556294390805071 0.4199370385719824 0.3096677197994223
0.07673180271159186 0.6161777149737345 0.8279144342905835 0.8313940220978788 0.43197611633459687 0.3854709078116392 0.5734535977779837 0.19744037127254266 0.30982858369033506 0.27915359256141137 0.23197989969495447 0.42475802572950894 0.41501915741597906 0.13245567475915887 0.9730228090129871 0.06303538864711045 0.021209381087846646 0.0 0.4657047425014119 0.8349030332752087 0.9756486612750155
0.8551913754088053 0.9057877577039336 0.8825416407619692 0.8529558842388282 0.9001687978358393 0.28043631454478746 0.23215434856418582 0.48391213392725896 0.0031347544745679023 0.5574389516521231 0.4083313231841028 0.853223967522267 0.7277765564104736 0.25547103316334996 0.22236332517005097 0.7652376648813708 0.9556294390805071 0.4657047425014119 0.0 0.4627535211731548 0.6002634071407082
0.5386817612219672 0.28821799362424805 0.05223774503768386 0.014016482718693823 0.9859284921913894 0.9098004688141692 0.6533733827883249 0.7617262581371784 0.2729822891429926 0.3902489718179214 0.1300374791885044 0.8908915335032942 0.10174503066878393 0.6157690238724715 0.3485312140903357 0.8135546151181664 0.4199370385719824 0.8349030332752087 0.4627535211731548 0.0 0.33005931538643096
0.28545355833347563 0.3571106210484529 0.8001039207519646 0.4114394881673735 0.5320003667950902 0.602509795665864 0.21847912088377475 0.29935911583537356 0.7791738986090686 0.38581686937492765 0.17634162055962466 0.32374751671740065 0.20858014703079653 0.10424587715868905 0.740717383290168 0.46845001766005157 0.3096677197994223 0.9756486612750155 0.6002634071407082 0.33005931538643096 0.0

# Optimal Walk
0 1 14 9 2 19 18 8 11 5 3 15 17 16 12 4 6 20 13 10 7 0
