# MCW Instance
# Type: UNIFORM
# N: 21
# Optimal cost: 1.586381206737709
# Optimal tour (permutation): [0, 9, 6, 16, 17, 13, 19, 15, 18, 14, 12, 10, 7, 3, 8, 4, 2, 11, 1, 20, 5, 0]
# Optimal walk (full path): [0, 9, 6, 9, 16, 17, 13, 19, 15, 19, 18, 14, 18, 19, 12, 10, 12, 7, 12, 19, 3, 8, 4, 11, 2, 11, 1, 20, 5, 20, 9, 0]
# Walk size: 32
# Is walk (has repeats): true

# Distance Matrix
0.0000000000 0.5689850165 0.0239027425 0.7626015554 0.2557590409 0.9167595656 0.4096956335 0.0820902315 0.2935394434 0.0051872561 0.8365416614 0.9945611155 0.3631572872 0.6582937513 0.5425142075 0.6982085379 0.0447249791 0.2832035634 0.2612169751 0.3759627279 0.8704861133
0.5689850165 0.0000000000 0.9566595829 0.4837769022 0.5942313916 0.6584488219 0.7456743458 0.6821189531 0.5175753819 0.3106121280 0.1683495831 0.0804671925 0.1466244511 0.5460307424 0.9987518876 0.3364308030 0.6000156633 0.9540023467 0.1988339097 0.7986980640 0.0558632629
0.0239027425 0.9566595829 0.0000000000 0.6989512562 0.6207424134 0.8452744146 0.3442458759 0.1861208198 0.2644555079 0.1743661519 0.3394228641 0.0059760301 0.2985434601 0.8194241771 0.2389690032 0.5152573836 0.7559488232 0.0905268709 0.5367423222 0.4839154128 0.8020329976
0.7626015554 0.4837769022 0.6989512562 0.0000000000 0.6061951985 0.9975771181 0.3396947239 0.7387383738 0.0728970652 0.2238207987 0.6759256667 0.4565663689 0.4939119908 0.4673090323 0.8531200976 0.8751732327 0.0448914607 0.1851011467 0.7212577739 0.0237374806 0.9403640442
0.2557590409 0.5942313916 0.6207424134 0.6061951985 0.0000000000 0.4632737863 0.7171879106 0.8038538167 0.2335988323 0.8402972803 0.8503603391 0.1505603227 0.6416543791 0.2499961666 0.3801394276 0.2612072912 0.1681046362 0.7738216906 0.3092427411 0.7972272121 0.5078475650
0.9167595656 0.6584488219 0.8452744146 0.9975771181 0.4632737863 0.0000000000 0.6431402925 0.1703860454 0.4804676845 0.9615658208 0.4644694266 0.9670047625 0.3035998749 0.8618231379 0.9540678234 0.5439617263 0.6532171171 0.3184444376 0.5630144484 0.1104389625 0.0045898140
0.4096956335 0.7456743458 0.3442458759 0.3396947239 0.7171879106 0.6431402925 0.0000000000 0.4277409289 0.2498867620 0.1147519249 0.4886441711 0.9583063546 0.3153750801 0.1796121038 0.5545839515 0.9255244209 0.6516473831 0.3464041359 0.1556759782 0.3975908234 0.9790042536
0.0820902315 0.6821189531 0.1861208198 0.7387383738 0.8038538167 0.1703860454 0.4277409289 0.0000000000 0.4483318168 0.3710719398 0.3377685060 0.6433411955 0.0348270602 0.1431399392 0.2807577746 0.3301614267 0.9034046554 0.8576315693 0.1654776910 0.6143595182 0.9601844187
0.2935394434 0.5175753819 0.2644555079 0.0728970652 0.2335988323 0.4804676845 0.2498867620 0.4483318168 0.0000000000 0.8231115411 0.7022187195 0.6097219043 0.8265921820 0.3164280505 0.2390411631 0.1080678101 0.3372894796 0.7526045212 0.2104574854 0.5051800082 0.8331707522
0.0051872561 0.3106121280 0.1743661519 0.2238207987 0.8402972803 0.9615658208 0.1147519249 0.3710719398 0.8231115411 0.0000000000 0.7103839466 0.9008509641 0.4991517324 0.9433068890 0.9987594332 0.4357473101 0.0165024392 0.3710016587 0.6851755720 0.6259694370 0.0723917870
0.8365416614 0.1683495831 0.3394228641 0.6759256667 0.8503603391 0.4644694266 0.4886441711 0.3377685060 0.7022187195 0.7103839466 0.0000000000 0.0516678009 0.0226870814 0.5328703066 0.3034878853 0.9340179382 0.5112125671 0.3972522191 0.7255220741 0.5511046664 0.9071230500
0.9945611155 0.0804671925 0.0059760301 0.4565663689 0.1505603227 0.9670047625 0.9583063546 0.6433411955 0.6097219043 0.9008509641 0.0516678009 0.0000000000 0.8802455337 0.8622893594 0.4940336596 0.8557562766 0.4013331593 0.7688301078 0.8787117917 0.9630493224 0.7268721969
0.3631572872 0.1466244511 0.2985434601 0.4939119908 0.6416543791 0.3035998749 0.3153750801 0.0348270602 0.8265921820 0.4991517324 0.0226870814 0.8802455337 0.0000000000 0.6287552097 0.9047824359 0.5453338740 0.8618771435 0.5441532687 0.6459381939 0.0004396744 0.7284938655
0.6582937513 0.5460307424 0.8194241771 0.4673090323 0.2499961666 0.8618231379 0.1796121038 0.1431399392 0.3164280505 0.9433068890 0.5328703066 0.8622893594 0.6287552097 0.0000000000 0.8562453526 0.2820910748 0.7286038967 0.0765073332 0.8359287537 0.0864187379 0.7982846626
0.5425142075 0.9987518876 0.2389690032 0.8531200976 0.3801394276 0.9540678234 0.5545839515 0.2807577746 0.2390411631 0.9987594332 0.3034878853 0.4940336596 0.9047824359 0.8562453526 0.0000000000 0.5643901783 0.8655788269 0.6140947769 0.0998298576 0.9738130310 0.2969528897
0.6982085379 0.3364308030 0.5152573836 0.8751732327 0.2612072912 0.5439617263 0.9255244209 0.3301614267 0.1080678101 0.4357473101 0.9340179382 0.8557562766 0.5453338740 0.2820910748 0.5643901783 0.0000000000 0.7045498981 0.5590527370 0.0762023039 0.0147689466 0.1054000702
0.0447249791 0.6000156633 0.7559488232 0.0448914607 0.1681046362 0.6532171171 0.6516473831 0.9034046554 0.3372894796 0.0165024392 0.5112125671 0.4013331593 0.8618771435 0.7286038967 0.8655788269 0.7045498981 0.0000000000 0.0931179937 0.7568441499 0.3615061127 0.7537164629
0.2832035634 0.9540023467 0.0905268709 0.1851011467 0.7738216906 0.3184444376 0.3464041359 0.8576315693 0.7526045212 0.3710016587 0.3972522191 0.7688301078 0.5441532687 0.0765073332 0.6140947769 0.5590527370 0.0931179937 0.0000000000 0.3827436631 0.6201983209 0.4862023182
0.2612169751 0.1988339097 0.5367423222 0.7212577739 0.3092427411 0.5630144484 0.1556759782 0.1654776910 0.2104574854 0.6851755720 0.7255220741 0.8787117917 0.6459381939 0.8359287537 0.0998298576 0.0762023039 0.7568441499 0.3827436631 0.0000000000 0.0091017343 0.2075752435
0.3759627279 0.7986980640 0.4839154128 0.0237374806 0.7972272121 0.1104389625 0.3975908234 0.6143595182 0.5051800082 0.6259694370 0.5511046664 0.9630493224 0.0004396744 0.0864187379 0.9738130310 0.0147689466 0.3615061127 0.6201983209 0.0091017343 0.0000000000 0.4494990446
0.8704861133 0.0558632629 0.8020329976 0.9403640442 0.5078475650 0.0045898140 0.9790042536 0.9601844187 0.8331707522 0.0723917870 0.9071230500 0.7268721969 0.7284938655 0.7982846626 0.2969528897 0.1054000702 0.7537164629 0.4862023182 0.2075752435 0.4494990446 0.0000000000
