# MCW Instance
# Type: UNIFORM
# N: 21
# Optimal cost: 1.7050708477365526
# Optimal tour (permutation): [0, 13, 15, 6, 11, 8, 14, 16, 9, 3, 18, 10, 12, 7, 5, 19, 17, 20, 1, 4, 2, 0]
# Optimal walk (full path): [0, 13, 0, 15, 6, 11, 8, 14, 16, 9, 16, 3, 18, 10, 12, 7, 19, 5, 19, 17, 20, 1, 4, 15, 0, 2, 0]
# Walk size: 27
# Is walk (has repeats): true

# Distance Matrix
0.0000000000 0.3429728985 0.0141426662 0.5686504106 0.6021794106 0.8553793090 0.6217510061 0.6692398604 0.7862217346 0.1715153713 0.8320565256 0.2598039507 0.3998837654 0.0282315771 0.4147831145 0.0061345610 0.1804765322 0.7922115812 0.9946029993 0.7205598235 0.8278875296
0.3429728985 0.0000000000 0.6490526564 0.6381869104 0.0376698911 0.5011464265 0.1387522494 0.6131985041 0.3224502643 0.6811648617 0.5442227162 0.4677018153 0.4780894079 0.6657934330 0.4060583235 0.5716130000 0.1029544583 0.5971292789 0.4846297780 0.7862433773 0.0097043507
0.0141426662 0.6490526564 0.0000000000 0.5860459409 0.8196834822 0.9836430989 0.4642376171 0.1952066204 0.1479738473 0.7243704938 0.6281474809 0.2693605987 0.8310589850 0.5204749532 0.5955839024 0.8605123290 0.6182414274 0.7598957658 0.1038991727 0.7855911074 0.0237369532
0.5686504106 0.6381869104 0.5860459409 0.0000000000 0.5491436450 0.4671793789 0.1755386056 0.8325066775 0.4430451300 0.5327414262 0.2272706637 0.2657884140 0.2734947130 0.4929013597 0.2537584721 0.6352155365 0.0635731039 0.1977965179 0.0425139183 0.8935126017 0.3190545008
0.6021794106 0.0376698911 0.8196834822 0.5491436450 0.0000000000 0.2097704220 0.4790522176 0.3501090079 0.8262397085 0.2158063076 0.3694447104 0.9616132304 0.4532155079 0.5717210931 0.4048631051 0.0299417425 0.3510557373 0.6903086573 0.2510561363 0.8449985528 0.3821427186
0.8553793090 0.5011464265 0.9836430989 0.4671793789 0.2097704220 0.0000000000 0.7053478340 0.8169882227 0.7941524476 0.5647019834 0.3443667652 0.8594088455 0.7273610592 0.8158076642 0.2252821788 0.2139108450 0.9146420600 0.2995293678 0.8555083698 0.1080739987 0.7616933437
0.6217510061 0.1387522494 0.4642376171 0.1755386056 0.4790522176 0.7053478340 0.0000000000 0.2425559786 0.4568576646 0.2085805665 0.5598162030 0.1665456197 0.3655303205 0.2817271296 0.9378960713 0.1046149097 0.1637184330 0.6055474462 0.3570479315 0.5187952041 0.8878253734
0.6692398604 0.6131985041 0.1952066204 0.8325066775 0.3501090079 0.8169882227 0.2425559786 0.0000000000 0.5617991137 0.9426346110 0.3159470486 0.6280280853 0.1573564046 0.1837172938 0.5715384684 0.5848870899 0.5770905692 0.5466004844 0.3138566106 0.1809347103 0.2541080426
0.7862217346 0.3224502643 0.1479738473 0.4430451300 0.8262397085 0.7941524476 0.4568576646 0.5617991137 0.0000000000 0.8469835426 0.9956364137 0.1386491961 0.3582557951 0.3043337407 0.0857541502 0.5309487029 0.0500924167 0.5624468437 0.5505472181 0.6863157502 0.3250626395
0.1715153713 0.6811648617 0.7243704938 0.5327414262 0.2158063076 0.5647019834 0.2085805665 0.9426346110 0.8469835426 0.0000000000 0.6017626836 0.8624864997 0.4878892859 0.7814015581 0.3918551433 0.5733408655 0.0443381557 0.1853345298 0.3366170976 0.4196377600 0.9300561822
0.8320565256 0.5442227162 0.6281474809 0.2272706637 0.3694447104 0.3443667652 0.5598162030 0.3159470486 0.9956364137 0.6017626836 0.0000000000 0.2784273973 0.0500127828 0.3901381345 0.1931955843 0.8744807808 0.7668713315 0.1782076203 0.1122826239 0.9271512629 0.7410470209
0.2598039507 0.4677018153 0.2693605987 0.2657884140 0.9616132304 0.8594088455 0.1665456197 0.6280280853 0.1386491961 0.8624864997 0.2784273973 0.0000000000 0.9663800541 0.2456346744 0.9145216756 0.3123732475 0.5460736611 0.6625260212 0.5831309661 0.9341886700 0.3623342229
0.3998837654 0.4780894079 0.8310589850 0.2734947130 0.4532155079 0.7273610592 0.3655303205 0.1573564046 0.3582557951 0.4878892859 0.0500127828 0.9663800541 0.0000000000 0.3710250166 0.8215142768 0.3448157560 0.1916433150 0.8646523629 0.1920919013 0.2392233153 0.8102442855
0.0282315771 0.6657934330 0.5204749532 0.4929013597 0.5717210931 0.8158076642 0.2817271296 0.1837172938 0.3043337407 0.7814015581 0.3901381345 0.2456346744 0.3710250166 0.0000000000 0.3984867615 0.4402854855 0.2512065062 0.1911022060 0.0750707707 0.1210286294 0.7917688519
0.4147831145 0.4060583235 0.5955839024 0.2537584721 0.4048631051 0.2252821788 0.9378960713 0.5715384684 0.0857541502 0.3918551433 0.1931955843 0.9145216756 0.8215142768 0.3984867615 0.0000000000 0.4795285216 0.0714461397 0.3353783891 0.3059927439 0.2406647726 0.3708744799
0.0061345610 0.5716130000 0.8605123290 0.6352155365 0.0299417425 0.2139108450 0.1046149097 0.5848870899 0.5309487029 0.5733408655 0.8744807808 0.3123732475 0.3448157560 0.4402854855 0.4795285216 0.0000000000 0.4537226658 0.8085363823 0.2464342078 0.1762758467 0.6171183016
0.1804765322 0.1029544583 0.6182414274 0.0635731039 0.3510557373 0.9146420600 0.1637184330 0.5770905692 0.0500924167 0.0443381557 0.7668713315 0.5460736611 0.1916433150 0.2512065062 0.0714461397 0.4537226658 0.0000000000 0.1369968377 0.3752337695 0.7771442570 0.7545831699
0.7922115812 0.5971292789 0.7598957658 0.1977965179 0.6903086573 0.2995293678 0.6055474462 0.5466004844 0.5624468437 0.1853345298 0.1782076203 0.6625260212 0.8646523629 0.1911022060 0.3353783891 0.8085363823 0.1369968377 0.0000000000 0.2227298462 0.0345536551 0.0176757315
0.9946029993 0.4846297780 0.1038991727 0.0425139183 0.2510561363 0.8555083698 0.3570479315 0.3138566106 0.5505472181 0.3366170976 0.1122826239 0.5831309661 0.1920919013 0.0750707707 0.3059927439 0.2464342078 0.3752337695 0.2227298462 0.0000000000 0.8317046953 0.8203194195
0.7205598235 0.7862433773 0.7855911074 0.8935126017 0.8449985528 0.1080739987 0.5187952041 0.1809347103 0.6863157502 0.4196377600 0.9271512629 0.9341886700 0.2392233153 0.1210286294 0.2406647726 0.1762758467 0.7771442570 0.0345536551 0.8317046953 0.0000000000 0.8848745748
0.8278875296 0.0097043507 0.0237369532 0.3190545008 0.3821427186 0.7616933437 0.8878253734 0.2541080426 0.3250626395 0.9300561822 0.7410470209 0.3623342229 0.8102442855 0.7917688519 0.3708744799 0.6171183016 0.7545831699 0.0176757315 0.8203194195 0.8848745748 0.0000000000
