# Graph size: 21
# Optimal cost: 2.033982426288899

# Distance Matrix
0.0 0.7682186395090989 0.04099669564305164 0.6224051412084575 0.6580567384725846 0.5213980438421669 0.02431794316764002 0.31850471273792025 0.1855322034164839 0.20592043104656033 0.2753601050375597 0.5015192106524435 0.9437626971391343 0.553136673909309 0.49525778034813805 0.7755274760132193 0.6990255508496588 0.009683567552533856 0.28421339672852086 0.2816543908569664 0.20132888904897783
0.7682186395090989 0.0 0.030017948994510046 0.4324874708474501 0.374940261050027 0.7282864236221185 0.6901798383547453 0.2866234571963394 0.8009207769335387 0.3589049398466655 0.5190552808697937 0.7524609242541569 0.9132087465043299 0.5158893560031937 0.9287612864080733 0.9584050510981769 0.4743437282851901 0.917609035186522 0.39237661794337253 0.5955847198895439 0.3644032632810126
0.04099669564305164 0.030017948994510046 0.0 0.7146582332145681 0.5650940069330197 0.475945045374766 0.08534586240137154 0.25098270337731987 0.8739706733700696 0.9049849240511628 0.29378167958904955 0.585833219336422 0.711805919026415 0.05276345053927378 0.7208447526508238 0.6403463436713103 0.2622755241570097 0.624963891726308 0.7450659060582646 0.5913414477372033 0.156305124682525
0.6224051412084575 0.4324874708474501 0.7146582332145681 0.0 0.7852174246654614 0.5726226064404843 0.9249619111417945 0.6137655493648784 0.46055313310007595 0.449068843040756 0.3840782817146263 0.459924787934599 0.8737547469455504 0.5776240697233398 0.8959090387082583 0.42269343918955804 0.3895687908439629 0.4513273144455151 0.4501048838771792 0.41455099209283097 0.5361227200705274
0.6580567384725846 0.374940261050027 0.5650940069330197 0.7852174246654614 0.0 0.11983872479593871 0.8125806719771226 0.08214301205644037 0.3685756967509619 0.5063978474822408 0.9066685070729711 0.7668897834602575 0.17893895614923094 0.26642404738886416 0.6707046986228109 0.1615494299511938 0.9241663972409202 0.8364711928401635 0.209951938299196 0.3705295093252764 0.6440303257939206
0.5213980438421669 0.7282864236221185 0.475945045374766 0.5726226064404843 0.11983872479593871 0.0 0.26072556135423375 0.1007976703289305 0.7858428545930902 0.5709614217759228 0.10196193058781977 0.7764581135182687 0.17595499388843439 0.5959459215916433 0.2448500389099123 0.025956882947426152 0.6513720229159587 0.2477368633344993 0.6817294810026882 0.7719361485493988 0.7186694438553328
0.02431794316764002 0.6901798383547453 0.08534586240137154 0.9249619111417945 0.8125806719771226 0.26072556135423375 0.0 0.36705093398728406 0.4344483282823126 0.45789705445653806 0.4637637174076473 0.21308577595241507 0.610586709154432 0.5717554223598477 0.015580605001556891 0.8266071939400719 0.21836375356501858 0.06013800793645363 0.8328746470259625 0.09201952553407189 0.7717523008896285
0.31850471273792025 0.2866234571963394 0.25098270337731987 0.6137655493648784 0.08214301205644037 0.1007976703289305 0.36705093398728406 0.0 0.6466331905148289 0.029807366915281075 0.09024669178355926 0.9058026611845242 0.35724930857084014 0.9099917216925477 0.01491515935802401 0.19190335981205264 0.8776229537061694 0.1140629721450096 0.13624457915948462 0.09368297583393592 0.7190584630588254
0.1855322034164839 0.8009207769335387 0.8739706733700696 0.46055313310007595 0.3685756967509619 0.7858428545930902 0.4344483282823126 0.6466331905148289 0.0 0.30243730313789785 0.04021542966953218 0.5364842166418786 0.5542689771623017 0.09277107911216576 0.6449975983770897 0.8768174371234801 0.4987285484892261 0.05073525863677475 0.30228736542031054 0.1529279527019326 0.5598337015719667
0.20592043104656033 0.3589049398466655 0.9049849240511628 0.449068843040756 0.5063978474822408 0.5709614217759228 0.45789705445653806 0.029807366915281075 0.30243730313789785 0.0 0.8930710808851501 0.6281145280246871 0.3735874170615676 0.953611946116817 0.7034945270670947 0.5758458710861951 0.25944668106842295 0.49750413422819373 0.8848688621193563 0.6635243731182112 0.28976375864725534
0.2753601050375597 0.5190552808697937 0.29378167958904955 0.3840782817146263 0.9066685070729711 0.10196193058781977 0.4637637174076473 0.09024669178355926 0.04021542966953218 0.8930710808851501 0.0 0.8277859800372148 0.7751660610844547 0.198348432887404 0.127047020079056 0.761483581045325 0.34008910568712103 0.8030091493838691 0.4931308709639862 0.7251770840461055 0.12182959407504623
0.5015192106524435 0.7524609242541569 0.585833219336422 0.459924787934599 0.7668897834602575 0.7764581135182687 0.21308577595241507 0.9058026611845242 0.5364842166418786 0.6281145280246871 0.8277859800372148 0.0 0.5417673591880537 0.35242681018654576 0.806874696396945 0.6712855026654492 0.46856717622414223 0.821570245383966 0.6521796021531936 0.020166505461057582 0.47514562794902127
0.9437626971391343 0.9132087465043299 0.711805919026415 0.8737547469455504 0.17893895614923094 0.17595499388843439 0.610586709154432 0.35724930857084014 0.5542689771623017 0.3735874170615676 0.7751660610844547 0.5417673591880537 0.0 0.5694094566963599 0.12226042749431576 0.3597652975804587 0.9040131095660613 0.5972596804271187 0.3586753170453809 0.9847749126463469 0.5093427158567528
0.553136673909309 0.5158893560031937 0.05276345053927378 0.5776240697233398 0.26642404738886416 0.5959459215916433 0.5717554223598477 0.9099917216925477 0.09277107911216576 0.953611946116817 0.198348432887404 0.35242681018654576 0.5694094566963599 0.0 0.1965722250481925 0.6588889569130522 0.7333840531898078 0.9982210687252642 0.5696445661484989 0.3563603111584511 0.608983255725908
0.49525778034813805 0.9287612864080733 0.7208447526508238 0.8959090387082583 0.6707046986228109 0.2448500389099123 0.015580605001556891 0.01491515935802401 0.6449975983770897 0.7034945270670947 0.127047020079056 0.806874696396945 0.12226042749431576 0.1965722250481925 0.0 0.5653766831677829 0.06872449120039725 0.7203688400080255 0.004167133757271957 0.5464170959353384 0.25983732933358383
0.7755274760132193 0.9584050510981769 0.6403463436713103 0.42269343918955804 0.1615494299511938 0.025956882947426152 0.8266071939400719 0.19190335981205264 0.8768174371234801 0.5758458710861951 0.761483581045325 0.6712855026654492 0.3597652975804587 0.6588889569130522 0.5653766831677829 0.0 0.7432849938814485 0.9643187640172302 0.5577684940107951 0.04989241533790034 0.5667806866933897
0.6990255508496588 0.4743437282851901 0.2622755241570097 0.3895687908439629 0.9241663972409202 0.6513720229159587 0.21836375356501858 0.8776229537061694 0.4987285484892261 0.25944668106842295 0.34008910568712103 0.46856717622414223 0.9040131095660613 0.7333840531898078 0.06872449120039725 0.7432849938814485 0.0 0.22591420088267133 0.2659272505218937 0.929101278616617 0.21351399641057422
0.009683567552533856 0.917609035186522 0.624963891726308 0.4513273144455151 0.8364711928401635 0.2477368633344993 0.06013800793645363 0.1140629721450096 0.05073525863677475 0.49750413422819373 0.8030091493838691 0.821570245383966 0.5972596804271187 0.9982210687252642 0.7203688400080255 0.9643187640172302 0.22591420088267133 0.0 0.34378691407488216 0.2342953602760497 0.9754661979250207
0.28421339672852086 0.39237661794337253 0.7450659060582646 0.4501048838771792 0.209951938299196 0.6817294810026882 0.8328746470259625 0.13624457915948462 0.30228736542031054 0.8848688621193563 0.4931308709639862 0.6521796021531936 0.3586753170453809 0.5696445661484989 0.004167133757271957 0.5577684940107951 0.2659272505218937 0.34378691407488216 0.0 0.2371116066794603 0.08194269185008818
0.2816543908569664 0.5955847198895439 0.5913414477372033 0.41455099209283097 0.3705295093252764 0.7719361485493988 0.09201952553407189 0.09368297583393592 0.1529279527019326 0.6635243731182112 0.7251770840461055 0.020166505461057582 0.9847749126463469 0.3563603111584511 0.5464170959353384 0.04989241533790034 0.929101278616617 0.2342953602760497 0.2371116066794603 0.0 0.13278733050170732
0.20132888904897783 0.3644032632810126 0.156305124682525 0.5361227200705274 0.6440303257939206 0.7186694438553328 0.7717523008896285 0.7190584630588254 0.5598337015719667 0.28976375864725534 0.12182959407504623 0.47514562794902127 0.5093427158567528 0.608983255725908 0.25983732933358383 0.5667806866933897 0.21351399641057422 0.9754661979250207 0.08194269185008818 0.13278733050170732 0.0

# Optimal Walk
0 17 2 1 13 8 10 3 16 18 20 19 11 15 5 4 12 9 7 14 6 0
