# Graph size: 21
# Optimal cost: 1.7531576834987055

# Distance Matrix
0.0 0.7313002019875231 0.9153493043053096 0.6780000353328666 0.6554106700018214 0.45516936271649233 0.6898437001097736 0.1774738264088761 0.45131458661658164 0.5677347412359434 0.9923793587225758 0.23152011292303454 0.33909600109769655 0.7112937322150849 0.9603454232613301 0.24806280247426227 0.8145788627491792 0.2285783132614888 0.9886615507187528 0.9127236856373893 0.1317490688300984
0.7313002019875231 0.0 0.7666264750955076 0.7351284415683252 0.6357234969493787 0.981720066067641 0.9076019306302421 0.9421323556955936 0.5816545135988473 0.524078255260815 0.8917777655322141 0.8755150407784538 0.4454851009323507 0.1265956785053367 0.1395016194413733 0.049585070314648316 0.7953835509717462 0.6780867986654084 0.201811953213744 0.306660606829649 0.24142467998224215
0.9153493043053096 0.7666264750955076 0.0 0.8792247718088047 0.9734756818160448 0.2501972502070122 0.9089697567809751 0.4874222088437843 0.4875700044881984 0.4924692128683984 0.6964864281755369 0.09441999599192552 0.377331813898348 0.17093583925584555 0.5798020456996952 0.649017247052147 0.13885033953613224 0.711839604124023 0.7882605528208373 0.6024141204197553 0.6572802486342464
0.6780000353328666 0.7351284415683252 0.8792247718088047 0.0 0.8752457802036905 0.022979104071196188 0.24992867474691594 0.0696033202780727 0.7026481396633922 0.013377928364110003 0.5703875496420686 0.9285691559244336 0.10642874942808944 0.6153828315802573 0.6232799343529757 0.8052965547977918 0.489874717334032 0.3431765425328066 0.35380274808363754 0.9221185960769508 0.9671178577915932
0.6554106700018214 0.6357234969493787 0.9734756818160448 0.8752457802036905 0.0 0.6961019475750466 0.47721418231367263 0.14260665296814956 0.46427806955674644 0.8932962383296406 0.9664523160862657 0.6623092368037329 0.2262550125637266 0.6608620514461468 0.5507637258762232 0.041593995563608765 0.028026538232096554 0.5298580952993149 0.5481265843543738 0.8010821520386665 0.6949768642773886
0.45516936271649233 0.981720066067641 0.2501972502070122 0.022979104071196188 0.6961019475750466 0.0 0.6981181172701977 0.3005422317158801 0.6605165464270095 0.37369084308172607 0.8848842011703393 0.4588069254067759 0.643505860667267 0.3628157131422878 0.7644659132904185 0.3721661080298113 0.6934392178206402 0.21300467601739626 0.5036147458910978 0.8782914910020487 0.14996693089613733
0.6898437001097736 0.9076019306302421 0.9089697567809751 0.24992867474691594 0.47721418231367263 0.6981181172701977 0.0 0.23562160435169366 0.6470285425083396 0.8603108396081706 0.42079473657280575 0.5217998072220729 0.09637809230476169 0.04015913455587761 0.45014030090173585 0.06661184534407583 0.21047427458404 0.6113090872952472 0.13305257330399511 0.61752167709696 0.11767043510723985
0.1774738264088761 0.9421323556955936 0.4874222088437843 0.0696033202780727 0.14260665296814956 0.3005422317158801 0.23562160435169366 0.0 0.47897793694513957 0.653895783047647 0.42195425631229533 0.176322021781411 0.07219638350223767 0.837651949399074 0.13573182448269538 0.14510111211469445 0.919664802522262 0.9942966713418827 0.7722903199666967 0.032190666408648205 0.4401109148095612
0.45131458661658164 0.5816545135988473 0.4875700044881984 0.7026481396633922 0.46427806955674644 0.6605165464270095 0.6470285425083396 0.47897793694513957 0.0 0.4093552381404447 0.7220033115731169 0.7808599485168167 0.6879019551387523 0.5878470162809584 0.5516046238011515 0.9186484062259772 0.11595357349755064 0.5941781248458871 0.5056156225896873 0.04836285460458256 0.7705169723647886
0.5677347412359434 0.524078255260815 0.4924692128683984 0.013377928364110003 0.8932962383296406 0.37369084308172607 0.8603108396081706 0.653895783047647 0.4093552381404447 0.0 0.3471436432144607 0.37484648519691766 0.5913185562388101 0.716214374162668 0.5270524922487344 0.6714549656669853 0.5067317670760402 0.9047324186717669 0.8310891729030497 0.8557106667034301 0.8058978615896337
0.9923793587225758 0.8917777655322141 0.6964864281755369 0.5703875496420686 0.9664523160862657 0.8848842011703393 0.42079473657280575 0.42195425631229533 0.7220033115731169 0.3471436432144607 0.0 0.146871827040009 0.6733787312402258 0.6965264177644485 0.5557654300803303 0.32519123147695594 0.06782239607509255 0.715982617345468 0.7237437227139208 0.49327114812241113 0.3546231824413679
0.23152011292303454 0.8755150407784538 0.09441999599192552 0.9285691559244336 0.6623092368037329 0.4588069254067759 0.5217998072220729 0.176322021781411 0.7808599485168167 0.37484648519691766 0.146871827040009 0.0 0.06748431144135547 0.6540570837517503 0.04766449451185961 0.6355221041926792 0.12785525905452266 0.18568648433091384 0.7298878008393773 0.2681174310758875 0.5455866700108779
0.33909600109769655 0.4454851009323507 0.377331813898348 0.10642874942808944 0.2262550125637266 0.643505860667267 0.09637809230476169 0.07219638350223767 0.6879019551387523 0.5913185562388101 0.6733787312402258 0.06748431144135547 0.0 0.4229154297341924 0.8183473128291853 0.5362407803862823 0.4806229403383292 0.951723092577025 0.5038825399587762 0.6612154809865761 0.29548039538399784
0.7112937322150849 0.1265956785053367 0.17093583925584555 0.6153828315802573 0.6608620514461468 0.3628157131422878 0.04015913455587761 0.837651949399074 0.5878470162809584 0.716214374162668 0.6965264177644485 0.6540570837517503 0.4229154297341924 0.0 0.8587450830087993 0.1076494611629184 0.6479242751205524 0.013159255911417311 0.25424823459979873 0.4963541619018881 0.06996495657190094
0.9603454232613301 0.1395016194413733 0.5798020456996952 0.6232799343529757 0.5507637258762232 0.7644659132904185 0.45014030090173585 0.13573182448269538 0.5516046238011515 0.5270524922487344 0.5557654300803303 0.04766449451185961 0.8183473128291853 0.8587450830087993 0.0 0.44422320138363547 0.12654252934787757 0.7773869446394974 0.7897738034952865 0.003584719479095444 0.26247961509746875
0.24806280247426227 0.049585070314648316 0.649017247052147 0.8052965547977918 0.041593995563608765 0.3721661080298113 0.06661184534407583 0.14510111211469445 0.9186484062259772 0.6714549656669853 0.32519123147695594 0.6355221041926792 0.5362407803862823 0.1076494611629184 0.44422320138363547 0.0 0.11519631839927003 0.7824489321798879 0.8869486764648152 0.6571644608095875 0.30028058476104524
0.8145788627491792 0.7953835509717462 0.13885033953613224 0.489874717334032 0.028026538232096554 0.6934392178206402 0.21047427458404 0.919664802522262 0.11595357349755064 0.5067317670760402 0.06782239607509255 0.12785525905452266 0.4806229403383292 0.6479242751205524 0.12654252934787757 0.11519631839927003 0.0 0.6861063961946402 0.4575306829239182 0.30573289552618743 0.5234646200297535
0.2285783132614888 0.6780867986654084 0.711839604124023 0.3431765425328066 0.5298580952993149 0.21300467601739626 0.6113090872952472 0.9942966713418827 0.5941781248458871 0.9047324186717669 0.715982617345468 0.18568648433091384 0.951723092577025 0.013159255911417311 0.7773869446394974 0.7824489321798879 0.6861063961946402 0.0 0.4369541875588665 0.4055805505776039 0.5210239498029029
0.9886615507187528 0.201811953213744 0.7882605528208373 0.35380274808363754 0.5481265843543738 0.5036147458910978 0.13305257330399511 0.7722903199666967 0.5056156225896873 0.8310891729030497 0.7237437227139208 0.7298878008393773 0.5038825399587762 0.25424823459979873 0.7897738034952865 0.8869486764648152 0.4575306829239182 0.4369541875588665 0.0 0.6606680155278076 0.36387026764849295
0.9127236856373893 0.306660606829649 0.6024141204197553 0.9221185960769508 0.8010821520386665 0.8782914910020487 0.61752167709696 0.032190666408648205 0.04836285460458256 0.8557106667034301 0.49327114812241113 0.2681174310758875 0.6612154809865761 0.4963541619018881 0.003584719479095444 0.6571644608095875 0.30573289552618743 0.4055805505776039 0.6606680155278076 0.0 0.48640564554924404
0.1317490688300984 0.24142467998224215 0.6572802486342464 0.9671178577915932 0.6949768642773886 0.14996693089613733 0.11767043510723985 0.4401109148095612 0.7705169723647886 0.8058978615896337 0.3546231824413679 0.5455866700108779 0.29548039538399784 0.06996495657190094 0.26247961509746875 0.30028058476104524 0.5234646200297535 0.5210239498029029 0.36387026764849295 0.48640564554924404 0.0

# Optimal Walk
0 20 17 13 6 18 1 15 4 16 10 2 11 12 3 9 5 8 19 14 7 0
