# MCW Instance
# Type: UNIFORM
# N: 21
# Optimal cost: 2.1551168359590385
# Optimal tour (permutation): [0, 16, 6, 4, 13, 9, 12, 18, 19, 2, 7, 10, 1, 17, 20, 11, 15, 14, 8, 5, 3, 0]
# Optimal walk (full path): [0, 16, 6, 4, 6, 13, 9, 12, 18, 19, 2, 7, 10, 1, 11, 20, 17, 20, 11, 15, 14, 8, 3, 5, 3, 0]
# Walk size: 26
# Is walk (has repeats): true

# Distance Matrix
0.0000000000 0.9391390338 0.9076615129 0.0651129814 0.8433307880 0.3830202584 0.5541536252 0.6342697423 0.1331117147 0.6956682833 0.8782880996 0.7747735165 0.2264216572 0.7603939445 0.7478433287 0.4991030314 0.0623695560 0.2665015261 0.3528403973 0.3053593747 0.2069793428
0.9391390338 0.0000000000 0.1845479447 0.4585323288 0.5813089739 0.3152556748 0.3590038192 0.5349278626 0.9727676992 0.5624507859 0.0218141213 0.0831928203 0.4304681357 0.2325511797 0.2969569552 0.9724357841 0.9317780585 0.7857920426 0.3139510908 0.6247997066 0.9371154561
0.9076615129 0.1845479447 0.0000000000 0.8920463845 0.3773642690 0.4424443934 0.4856313936 0.1132248713 0.7497256433 0.9569189793 0.4607089535 0.1453611860 0.9968477835 0.7995881308 0.9630527530 0.7898475154 0.5174146412 0.7411890672 0.9176205051 0.1133226435 0.8327938970
0.0651129814 0.4585323288 0.8920463845 0.0000000000 0.7292608343 0.0103741010 0.5770056228 0.4483835235 0.0641016464 0.8018048450 0.2688058000 0.6144037955 0.5970734862 0.3964135617 0.7553296979 0.1118977837 0.1094879164 0.3608030502 0.4859443599 0.2688049520 0.8359706661
0.8433307880 0.5813089739 0.3773642690 0.7292608343 0.0000000000 0.6777671409 0.1273453184 0.7713235556 0.4331167076 0.3997366237 0.6846170618 0.4773799451 0.5624119190 0.3221694145 0.7735623416 0.3618735784 0.6558107429 0.4359487334 0.9491162030 0.9274687138 0.3630243446
0.3830202584 0.3152556748 0.4424443934 0.0103741010 0.6777671409 0.0000000000 0.1375792611 0.5659493408 0.9000549514 0.6414869815 0.1769485744 0.2499046120 0.7946006691 0.4431325497 0.1046468692 0.6926996201 0.9849746280 0.4765278962 0.5443151832 0.1473672171 0.2404128286
0.5541536252 0.3590038192 0.4856313936 0.5770056228 0.1273453184 0.1375792611 0.0000000000 0.5785724248 0.9602184900 0.6981949099 0.3016592177 0.8168891863 0.7162170062 0.1064634420 0.9614102253 0.5621947021 0.1295349648 0.7920731277 0.2865451109 0.4193508612 0.9112035134
0.6342697423 0.5349278626 0.1132248713 0.4483835235 0.7713235556 0.5659493408 0.5785724248 0.0000000000 0.3011868370 0.0737248681 0.0864647779 0.8547802685 0.4313062536 0.3652952655 0.9233173963 0.8859248556 0.0377379899 0.8690294664 0.2535651358 0.6176365368 0.4291949507
0.1331117147 0.9727676992 0.7497256433 0.0641016464 0.4331167076 0.9000549514 0.9602184900 0.3011868370 0.0000000000 0.4230990203 0.1995736672 0.3694361745 0.1753171333 0.2267621628 0.1544061023 0.2035016760 0.0951857212 0.4176108332 0.8324025483 0.9067425574 0.1734425888
0.6956682833 0.5624507859 0.9569189793 0.8018048450 0.3997366237 0.6414869815 0.6981949099 0.0737248681 0.4230990203 0.0000000000 0.7178186830 0.2079519042 0.0050256604 0.1594171889 0.2946847064 0.5514706506 0.8342409264 0.6447013241 0.6848678144 0.2022676767 0.4126221582
0.8782880996 0.0218141213 0.4607089535 0.2688058000 0.6846170618 0.1769485744 0.3016592177 0.0864647779 0.1995736672 0.7178186830 0.0000000000 0.4859015599 0.6170600375 0.6798883040 0.3597152324 0.5418379926 0.8344468828 0.2286940869 0.3896113607 0.8282475938 0.5661555793
0.7747735165 0.0831928203 0.1453611860 0.6144037955 0.4773799451 0.2499046120 0.8168891863 0.8547802685 0.3694361745 0.2079519042 0.4859015599 0.0000000000 0.9148502770 0.9695411033 0.3580884728 0.1259930714 0.9505554521 0.5796503496 0.1318314984 0.2271273276 0.0072630814
0.2264216572 0.4304681357 0.9968477835 0.5970734862 0.5624119190 0.7946006691 0.7162170062 0.4313062536 0.1753171333 0.0050256604 0.6170600375 0.9148502770 0.0000000000 0.6357561438 0.9696643137 0.9929671692 0.8978080265 0.5441075556 0.1363214948 0.3173471012 0.1567655251
0.7603939445 0.2325511797 0.7995881308 0.3964135617 0.3221694145 0.4431325497 0.1064634420 0.3652952655 0.2267621628 0.1594171889 0.6798883040 0.9695411033 0.6357561438 0.0000000000 0.5456522692 0.9992944375 0.1812257946 0.7290342360 0.9770370554 0.2824629791 0.7684575534
0.7478433287 0.2969569552 0.9630527530 0.7553296979 0.7735623416 0.1046468692 0.9614102253 0.9233173963 0.1544061023 0.2946847064 0.3597152324 0.3580884728 0.9696643137 0.5456522692 0.0000000000 0.1885484716 0.3265462769 0.8297300384 0.7397984656 0.6521896192 0.9954093553
0.4991030314 0.9724357841 0.7898475154 0.1118977837 0.3618735784 0.6926996201 0.5621947021 0.8859248556 0.2035016760 0.5514706506 0.5418379926 0.1259930714 0.9929671692 0.9992944375 0.1885484716 0.0000000000 0.1770299300 0.8221601470 0.8283802115 0.9883848369 0.6461192286
0.0623695560 0.9317780585 0.5174146412 0.1094879164 0.6558107429 0.9849746280 0.1295349648 0.0377379899 0.0951857212 0.8342409264 0.8344468828 0.9505554521 0.8978080265 0.1812257946 0.3265462769 0.1770299300 0.0000000000 0.9492254794 0.4455082312 0.8522547599 0.1198493025
0.2665015261 0.7857920426 0.7411890672 0.3608030502 0.4359487334 0.4765278962 0.7920731277 0.8690294664 0.4176108332 0.6447013241 0.2286940869 0.5796503496 0.5441075556 0.7290342360 0.8297300384 0.8221601470 0.9492254794 0.0000000000 0.5498923759 0.6422437055 0.0568402611
0.3528403973 0.3139510908 0.9176205051 0.4859443599 0.9491162030 0.5443151832 0.2865451109 0.2535651358 0.8324025483 0.6848678144 0.3896113607 0.1318314984 0.1363214948 0.9770370554 0.7397984656 0.8283802115 0.4455082312 0.5498923759 0.0000000000 0.1361574981 0.2226134289
0.3053593747 0.6247997066 0.1133226435 0.2688049520 0.9274687138 0.1473672171 0.4193508612 0.6176365368 0.9067425574 0.2022676767 0.8282475938 0.2271273276 0.3173471012 0.2824629791 0.6521896192 0.9883848369 0.8522547599 0.6422437055 0.1361574981 0.0000000000 0.7699731109
0.2069793428 0.9371154561 0.8327938970 0.8359706661 0.3630243446 0.2404128286 0.9112035134 0.4291949507 0.1734425888 0.4126221582 0.5661555793 0.0072630814 0.1567655251 0.7684575534 0.9954093553 0.6461192286 0.1198493025 0.0568402611 0.2226134289 0.7699731109 0.0000000000
