# Graph size: 21
# Optimal cost: 1.266189068215159

# Distance Matrix
0.0 0.43160626991720197 0.6686839390281989 0.5500142721975644 0.23023933739084168 0.9321726931001854 0.4000801586310634 0.6552259256646434 0.6452469314023556 0.17391209056879897 0.7496609491932402 0.48233936207296246 0.8290752431969804 0.44847405755548464 0.21625794028545275 0.6619319339618843 0.3932062950722236 0.46202325120732346 0.8933785037109704 0.4070000187330408 0.10148146690313498
0.43160626991720197 0.0 0.5736925294001393 0.6344294408346963 0.021428251914073493 0.6284805081979544 0.0631508604181501 0.8086779196907113 0.7234776435519282 0.8426131428054976 0.7571504514669585 0.736847471056713 0.6966762774766891 0.1173717067479556 0.70526919259136 0.23216087381269135 0.1564732726329643 0.6517323005722951 0.23666599213807682 0.5408056455226582 0.878243265128815
0.6686839390281989 0.5736925294001393 0.0 0.28948126770861304 0.6525180990533747 0.3752119470189832 0.07070498321261198 0.8672825653272791 0.012911617379534723 0.6641972631486525 0.6985442950152061 0.6925905489588737 0.9623067649288787 0.10594526880625466 0.3590085463210976 0.35505244272823644 0.30430254122247147 0.6029515552200251 0.5994655794973275 0.7088329590729263 0.08427564223803508
0.5500142721975644 0.6344294408346963 0.28948126770861304 0.0 0.18248187602415855 0.12639749030913927 0.5283330709934814 0.26757102593367854 0.061753582378420546 0.7010254151464044 0.036064097683355834 0.7112724248838063 0.1039638981689962 0.6427389074881917 0.22897693650218798 0.019183092296972015 0.029454184996687727 0.7687289131228767 0.6883356676811505 0.0424984266478059 0.39571169978874376
0.23023933739084168 0.021428251914073493 0.6525180990533747 0.18248187602415855 0.0 0.2867012951534349 0.34826369569184334 0.24275369751264753 0.5405760523650635 0.627272957536329 0.5193796540157773 0.868981667433753 0.39493038256172064 0.45363056207125874 0.3164793689106833 0.917616680366152 0.31432218845370186 0.11825730866344975 0.5230091483745393 0.14153281281011432 0.8533719937318227
0.9321726931001854 0.6284805081979544 0.3752119470189832 0.12639749030913927 0.2867012951534349 0.0 0.6500104395464091 0.8401151458059379 0.9537058813505277 0.7124932047535066 0.9495585166849299 0.4143417706120458 0.9313403242450693 0.9233592697678962 0.24716383793247831 0.5155921945656199 0.7679033872164737 0.7077194422888393 0.034022555368273144 0.2457521928688814 0.9433610172394506
0.4000801586310634 0.0631508604181501 0.07070498321261198 0.5283330709934814 0.34826369569184334 0.6500104395464091 0.0 0.3435777164155921 0.6168508587096833 0.19841833461507197 0.08701128528283653 0.8034142713476723 0.16513259548826809 0.06145987371249528 0.9926622133874393 0.8910418614598544 0.6214203382697412 0.2566834493737439 0.5125034804784055 0.09685496590353104 0.127308043478933
0.6552259256646434 0.8086779196907113 0.8672825653272791 0.26757102593367854 0.24275369751264753 0.8401151458059379 0.3435777164155921 0.0 0.844658307073721 0.10387191453866573 0.41564210138677493 0.6811706111800465 0.08779910379264622 0.6322131930380229 0.9267971361963461 0.5884913917685515 0.2610920348729808 0.14389302862930398 0.02367835824257647 0.8915762573082461 0.5273895040482705
0.6452469314023556 0.7234776435519282 0.012911617379534723 0.061753582378420546 0.5405760523650635 0.9537058813505277 0.6168508587096833 0.844658307073721 0.0 0.7141130101988489 0.7970290940948165 0.37267859650967994 0.9529876163508744 0.14803803810290628 0.2267868412185875 0.913036498227677 0.029239167255875165 0.26734323647966285 0.5172726189951452 0.960049924036514 0.38724495945939874
0.17391209056879897 0.8426131428054976 0.6641972631486525 0.7010254151464044 0.627272957536329 0.7124932047535066 0.19841833461507197 0.10387191453866573 0.7141130101988489 0.0 0.7497404012588877 0.12266607710590616 0.6058021637469573 0.7452042672145744 0.005645319031492901 0.7528358357770737 0.31235676569465853 0.5117950508663076 0.3739987719756026 0.9240085712038415 0.6327368269289656
0.7496609491932402 0.7571504514669585 0.6985442950152061 0.036064097683355834 0.5193796540157773 0.9495585166849299 0.08701128528283653 0.41564210138677493 0.7970290940948165 0.7497404012588877 0.0 0.8839934040267386 0.9983560106860679 0.42442505255168694 0.37122136982626974 0.7240304377747921 0.1047103802999868 0.4020441659682831 0.5025688421779885 0.9777244581303389 0.0441190695421263
0.48233936207296246 0.736847471056713 0.6925905489588737 0.7112724248838063 0.868981667433753 0.4143417706120458 0.8034142713476723 0.6811706111800465 0.37267859650967994 0.12266607710590616 0.8839934040267386 0.0 0.6495214559864327 0.8270052662270946 0.9052148035847948 0.3860499350221891 0.06110160054511682 0.7762903839491688 0.9351633138396492 0.552470284375946 0.16672898295060135
0.8290752431969804 0.6966762774766891 0.9623067649288787 0.1039638981689962 0.39493038256172064 0.9313403242450693 0.16513259548826809 0.08779910379264622 0.9529876163508744 0.6058021637469573 0.9983560106860679 0.6495214559864327 0.0 0.005902698559026698 0.5247777298278195 0.9680499958463953 0.1105943459254195 0.4093594830515562 0.010551269395128848 0.4684524831550989 0.43449957174051623
0.44847405755548464 0.1173717067479556 0.10594526880625466 0.6427389074881917 0.45363056207125874 0.9233592697678962 0.06145987371249528 0.6322131930380229 0.14803803810290628 0.7452042672145744 0.42442505255168694 0.8270052662270946 0.005902698559026698 0.0 0.9729157117526334 0.06840096404980711 0.7565394668489112 0.5508368537891015 0.45236180629940526 0.06692676215570692 0.025416291590051876
0.21625794028545275 0.70526919259136 0.3590085463210976 0.22897693650218798 0.3164793689106833 0.24716383793247831 0.9926622133874393 0.9267971361963461 0.2267868412185875 0.005645319031492901 0.37122136982626974 0.9052148035847948 0.5247777298278195 0.9729157117526334 0.0 0.8456422233863894 0.198366457374631 0.29380244253613075 0.47759612158180376 0.9390979419742401 0.5827880051196664
0.6619319339618843 0.23216087381269135 0.35505244272823644 0.019183092296972015 0.917616680366152 0.5155921945656199 0.8910418614598544 0.5884913917685515 0.913036498227677 0.7528358357770737 0.7240304377747921 0.3860499350221891 0.9680499958463953 0.06840096404980711 0.8456422233863894 0.0 0.7628482333848737 0.36116361937758246 0.7490219943437058 0.38560362476508747 0.068124409905023
0.3932062950722236 0.1564732726329643 0.30430254122247147 0.029454184996687727 0.31432218845370186 0.7679033872164737 0.6214203382697412 0.2610920348729808 0.029239167255875165 0.31235676569465853 0.1047103802999868 0.06110160054511682 0.1105943459254195 0.7565394668489112 0.198366457374631 0.7628482333848737 0.0 0.31666950603936406 0.6522969852521967 0.1905830435941921 0.5414239475283136
0.46202325120732346 0.6517323005722951 0.6029515552200251 0.7687289131228767 0.11825730866344975 0.7077194422888393 0.2566834493737439 0.14389302862930398 0.26734323647966285 0.5117950508663076 0.4020441659682831 0.7762903839491688 0.4093594830515562 0.5508368537891015 0.29380244253613075 0.36116361937758246 0.31666950603936406 0.0 0.2825892163875393 0.21985509030077055 0.30755888129429254
0.8933785037109704 0.23666599213807682 0.5994655794973275 0.6883356676811505 0.5230091483745393 0.034022555368273144 0.5125034804784055 0.02367835824257647 0.5172726189951452 0.3739987719756026 0.5025688421779885 0.9351633138396492 0.010551269395128848 0.45236180629940526 0.47759612158180376 0.7490219943437058 0.6522969852521967 0.2825892163875393 0.0 0.7908315938908467 0.9425306588369131
0.4070000187330408 0.5408056455226582 0.7088329590729263 0.0424984266478059 0.14153281281011432 0.2457521928688814 0.09685496590353104 0.8915762573082461 0.960049924036514 0.9240085712038415 0.9777244581303389 0.552470284375946 0.4684524831550989 0.06692676215570692 0.9390979419742401 0.38560362476508747 0.1905830435941921 0.21985509030077055 0.7908315938908467 0.0 0.7127494331800848
0.10148146690313498 0.878243265128815 0.08427564223803508 0.39571169978874376 0.8533719937318227 0.9433610172394506 0.127308043478933 0.5273895040482705 0.38724495945939874 0.6327368269289656 0.0441190695421263 0.16672898295060135 0.43449957174051623 0.025416291590051876 0.5827880051196664 0.068124409905023 0.5414239475283136 0.30755888129429254 0.9425306588369131 0.7127494331800848 0.0

# Optimal Walk
0 20 10 15 3 19 13 12 18 5 7 17 4 1 6 2 8 16 11 14 9 0
