# MCW Instance
# Type: UNIFORM
# N: 21
# Optimal cost: 1.5793135583804732
# Optimal tour (permutation): [0, 14, 2, 5, 10, 19, 17, 3, 13, 1, 15, 8, 11, 20, 18, 16, 7, 12, 6, 9, 4, 0]
# Optimal walk (full path): [0, 14, 2, 14, 5, 10, 19, 17, 3, 1, 13, 1, 15, 8, 11, 20, 18, 16, 7, 12, 6, 4, 9, 4, 0]
# Walk size: 25
# Is walk (has repeats): true

# Distance Matrix
0.0000000000 0.7604029557 0.8263466534 0.4624587582 0.0450128734 0.2912197902 0.8580945960 0.2319907054 0.8368374174 0.8245807289 0.6142637797 0.4173518044 0.2417454355 0.8606318721 0.0474865950 0.1355796846 0.5670643234 0.8597206154 0.3961757731 0.8172862577 0.2388716263
0.7604029557 0.0000000000 0.3040345253 0.1402266649 0.3408794634 0.1906506886 0.6525216229 0.5505393099 0.6960677433 0.7899951916 0.1957136387 0.4808279051 0.3439138034 0.0695059639 0.5836766338 0.0433501707 0.2229312775 0.6618135137 0.8481641346 0.3346025198 0.9141941218
0.8263466534 0.3040345253 0.0000000000 0.5036976967 0.0691499579 0.4326912543 0.8231553287 0.0705657145 0.4462691114 0.4750041771 0.3618482774 0.6300885038 0.4272971402 0.7429706989 0.0223697419 0.7625846442 0.7186493245 0.3301132599 0.9210216254 0.1857798628 0.4569832316
0.4624587582 0.1402266649 0.5036976967 0.0000000000 0.1502559673 0.8622136157 0.7428593685 0.5563393094 0.7546715299 0.2222061411 0.2652695523 0.2618559250 0.6701105918 0.9849998568 0.9055139846 0.2389466515 0.7440724189 0.0761539139 0.4502285648 0.1059297117 0.2893394718
0.0450128734 0.3408794634 0.0691499579 0.1502559673 0.0000000000 0.7350419419 0.0701091315 0.1784500730 0.6567128637 0.0420316254 0.9408039423 0.3356373059 0.2330491292 0.8742997528 0.1776728065 0.3407931752 0.7611136364 0.5024717518 0.5673537089 0.6535046179 0.3084292705
0.2912197902 0.1906506886 0.4326912543 0.8622136157 0.7350419419 0.0000000000 0.7600005441 0.6503660732 0.7554297701 0.1742135879 0.2181771887 0.8115202548 0.2786054569 0.5166615154 0.0818910683 0.1686904725 0.7729770783 0.5072446589 0.5847351639 0.2155483362 0.7789523705
0.8580945960 0.6525216229 0.8231553287 0.7428593685 0.0701091315 0.7600005441 0.0000000000 0.3743622734 0.5067774752 0.3701431613 0.9811331528 0.7855937254 0.0642970239 0.8087538012 0.6109797047 0.6359650124 0.8280089432 0.2232261225 0.9390147244 0.4590574089 0.5147798884
0.2319907054 0.5505393099 0.0705657145 0.5563393094 0.1784500730 0.6503660732 0.3743622734 0.0000000000 0.4300496906 0.6512751661 0.3584492043 0.4675615492 0.0807153881 0.1400715507 0.5688962991 0.3892466302 0.0754355920 0.2557162742 0.4998213478 0.4283782806 0.6660971023
0.8368374174 0.6960677433 0.4462691114 0.7546715299 0.6567128637 0.7554297701 0.5067774752 0.4300496906 0.0000000000 0.8637339067 0.3880946376 0.0281202117 0.6493564864 0.6311677840 0.4927549749 0.0446218398 0.4970760035 0.8259490950 0.1012319019 0.5168888006 0.7488378081
0.8245807289 0.7899951916 0.4750041771 0.2222061411 0.0420316254 0.1742135879 0.3701431613 0.6512751661 0.8637339067 0.0000000000 0.5548962832 0.4847953609 0.1274961800 0.5000632027 0.7887633698 0.3403724517 0.8319579390 0.3593022939 0.7268586443 0.1865355385 0.3542931772
0.6142637797 0.1957136387 0.3618482774 0.2652695523 0.9408039423 0.2181771887 0.9811331528 0.3584492043 0.3880946376 0.5548962832 0.0000000000 0.8195490532 0.5391055321 0.6433794287 0.2473057350 0.5909754087 0.2900198299 0.5191698502 0.9983206695 0.0762674617 0.8969284927
0.4173518044 0.4808279051 0.6300885038 0.2618559250 0.3356373059 0.8115202548 0.7855937254 0.4675615492 0.0281202117 0.4847953609 0.8195490532 0.0000000000 0.1510593492 0.2245977476 0.8347853342 0.3038571566 0.5028309034 0.3473680500 0.5780581859 0.6628649347 0.1095433054
0.2417454355 0.3439138034 0.4272971402 0.6701105918 0.2330491292 0.2786054569 0.0642970239 0.0807153881 0.6493564864 0.1274961800 0.5391055321 0.1510593492 0.0000000000 0.2594174340 0.9666638980 0.2062065071 0.0771168077 0.4083657279 0.2373329565 0.6655533642 0.9943114429
0.8606318721 0.0695059639 0.7429706989 0.9849998568 0.8742997528 0.5166615154 0.8087538012 0.1400715507 0.6311677840 0.5000632027 0.6433794287 0.2245977476 0.2594174340 0.0000000000 0.4062686614 0.4791544957 0.5486072914 0.7952143447 0.7458946823 0.1990518116 0.3187909571
0.0474865950 0.5836766338 0.0223697419 0.9055139846 0.1776728065 0.0818910683 0.6109797047 0.5688962991 0.4927549749 0.7887633698 0.2473057350 0.8347853342 0.9666638980 0.4062686614 0.0000000000 0.3222666714 0.4550063970 0.6692335564 0.5403020699 0.5830247496 0.5522023972
0.1355796846 0.0433501707 0.7625846442 0.2389466515 0.3407931752 0.1686904725 0.6359650124 0.3892466302 0.0446218398 0.3403724517 0.5909754087 0.3038571566 0.2062065071 0.4791544957 0.3222666714 0.0000000000 0.4331161139 0.3486690348 0.4682639084 0.9813518921 0.2612515060
0.5670643234 0.2229312775 0.7186493245 0.7440724189 0.7611136364 0.7729770783 0.8280089432 0.0754355920 0.4970760035 0.8319579390 0.2900198299 0.5028309034 0.0771168077 0.5486072914 0.4550063970 0.4331161139 0.0000000000 0.1860473219 0.0046979979 0.2963813247 0.7950842009
0.8597206154 0.6618135137 0.3301132599 0.0761539139 0.5024717518 0.5072446589 0.2232261225 0.2557162742 0.8259490950 0.3593022939 0.5191698502 0.3473680500 0.4083657279 0.7952143447 0.6692335564 0.3486690348 0.1860473219 0.0000000000 0.6008481075 0.0525011037 0.7441485270
0.3961757731 0.8481641346 0.9210216254 0.4502285648 0.5673537089 0.5847351639 0.9390147244 0.4998213478 0.1012319019 0.7268586443 0.9983206695 0.5780581859 0.2373329565 0.7458946823 0.5403020699 0.4682639084 0.0046979979 0.6008481075 0.0000000000 0.0938996969 0.0528913656
0.8172862577 0.3346025198 0.1857798628 0.1059297117 0.6535046179 0.2155483362 0.4590574089 0.4283782806 0.5168888006 0.1865355385 0.0762674617 0.6628649347 0.6655533642 0.1990518116 0.5830247496 0.9813518921 0.2963813247 0.0525011037 0.0938996969 0.0000000000 0.7259823157
0.2388716263 0.9141941218 0.4569832316 0.2893394718 0.3084292705 0.7789523705 0.5147798884 0.6660971023 0.7488378081 0.3542931772 0.8969284927 0.1095433054 0.9943114429 0.3187909571 0.5522023972 0.2612515060 0.7950842009 0.7441485270 0.0528913656 0.7259823157 0.0000000000
