# Graph size: 21
# Optimal cost: 1.9550284134529634

# Distance Matrix
0.0 0.42634846938736126 0.9841142956872608 0.44428707785202093 0.3836333771737128 0.354875365863733 0.42529588057542067 0.09396774126180107 0.43518603964324365 0.07460466970384971 0.2257644426038663 0.32018102650685365 0.4640656052028327 0.5448318275121666 0.46822786848896036 0.5835818413764843 0.7178919652961354 0.6258338248483684 0.3568362494223999 0.6035415488844212 0.5230749944315931
0.42634846938736126 0.0 0.11214921145670131 0.5963189780350378 0.9459366679524422 0.4295999109345414 0.7732597769702682 0.4960296360907347 0.4904249069575777 0.18876819113791377 0.22030775238557354 0.45859732246583307 0.8736740944635131 0.6459554133091262 0.2934589003203183 0.9904219479765847 0.6466118258858344 0.4986121425983936 0.32174913687500084 0.8800397874679055 0.806615253397567
0.9841142956872608 0.11214921145670131 0.0 0.2691477333089165 0.04572788152004359 0.7304256458824971 0.5696612749556186 0.7730007331110831 0.21293880960943234 0.6025855192900695 0.7328098558095077 0.8241144238288203 0.857254627809825 0.13033430631570675 0.7439941980961414 0.9131988703784822 0.05530949873280522 0.09994095979753059 0.6439432112037299 0.11857639700727096 0.5167487212048614
0.44428707785202093 0.5963189780350378 0.2691477333089165 0.0 0.15336320139600157 0.3741631993240814 0.5650701398283349 0.7097426110905529 0.9700826922474947 0.5552576180635522 0.3333100051549829 0.3491874527831951 0.01009083581817194 0.7314645349222781 0.8399946846168849 0.9822431832719236 0.659364156690502 0.25014403911121474 0.3590618636595545 0.0943340711017413 0.4092075537899995
0.3836333771737128 0.9459366679524422 0.04572788152004359 0.15336320139600157 0.0 0.39904851456318724 0.5343829595055879 0.6284651658722227 0.5221326999583762 0.15956051554912143 0.4465133399688406 0.061683958589554555 0.48947761571409953 0.9506849686560989 0.0391921132134897 0.2147428982478934 0.46976317560523095 0.03643337592695084 0.4857004294872467 0.7844955263764658 0.8118207308747027
0.354875365863733 0.4295999109345414 0.7304256458824971 0.3741631993240814 0.39904851456318724 0.0 0.8483394892480989 0.38085101251471676 0.1832852010067617 0.7130142383874595 0.33519777584170063 0.48129539859548476 0.6455617276708385 0.040419721569172395 0.5937170049002257 0.08500019329671138 0.719188517201063 0.3516135411985686 0.4566334229496123 0.040156638334261974 0.19737854056032178
0.42529588057542067 0.7732597769702682 0.5696612749556186 0.5650701398283349 0.5343829595055879 0.8483394892480989 0.0 0.1917600292738617 0.41892901526699267 0.8044530722236216 0.26692477695693917 0.8149784335302004 0.26815226936620307 0.9375527438839907 0.1493666258231544 0.5805078351416536 0.051440501908344594 0.9027844732524821 0.7939609604004055 0.40797795959326855 0.5596937651630294
0.09396774126180107 0.4960296360907347 0.7730007331110831 0.7097426110905529 0.6284651658722227 0.38085101251471676 0.1917600292738617 0.0 0.07846712181996052 0.24480265218492792 0.8411327065864641 0.3384528485127992 0.43495298891110923 0.14916611556986337 0.4656426583130051 0.34538450719147284 0.4203895798593177 0.500116069925268 0.6541811175689587 0.7658792266450993 0.2163631039254762
0.43518603964324365 0.4904249069575777 0.21293880960943234 0.9700826922474947 0.5221326999583762 0.1832852010067617 0.41892901526699267 0.07846712181996052 0.0 0.11366209837000063 0.8707284029161007 0.1711182718229458 0.6740007912973569 0.5292081009408269 0.05610705981256647 0.15706820650241637 0.9217738171723309 0.9917747225797318 0.9380405066522506 0.838212602734134 0.8481561857070207
0.07460466970384971 0.18876819113791377 0.6025855192900695 0.5552576180635522 0.15956051554912143 0.7130142383874595 0.8044530722236216 0.24480265218492792 0.11366209837000063 0.0 0.9254487634219474 0.46156624902623344 0.08643251817901165 0.4054592797628872 0.8397408940650227 0.9194242355107441 0.20329845641673272 0.9555753890671091 0.9240085576883582 0.7770795696682954 0.7931385366588815
0.2257644426038663 0.22030775238557354 0.7328098558095077 0.3333100051549829 0.4465133399688406 0.33519777584170063 0.26692477695693917 0.8411327065864641 0.8707284029161007 0.9254487634219474 0.0 0.6840284907071584 0.6798286928807341 0.6333281705412448 0.9645988157699764 0.44564341471580726 0.8171806238906851 0.23497286582493782 0.6300132446729366 0.2733097542292777 0.2975260146652339
0.32018102650685365 0.45859732246583307 0.8241144238288203 0.3491874527831951 0.061683958589554555 0.48129539859548476 0.8149784335302004 0.3384528485127992 0.1711182718229458 0.46156624902623344 0.6840284907071584 0.0 0.9728465978923014 0.5947529160164474 0.18073006357115973 0.845350154585326 0.8264984460661436 0.33282465642217685 0.8207064409944735 0.46945441463694304 0.29614698919713023
0.4640656052028327 0.8736740944635131 0.857254627809825 0.01009083581817194 0.48947761571409953 0.6455617276708385 0.26815226936620307 0.43495298891110923 0.6740007912973569 0.08643251817901165 0.6798286928807341 0.9728465978923014 0.0 0.8303420156512045 0.022433504047100983 0.5362668356365723 0.4630451937857576 0.6450919869168324 0.22442994358256219 0.7196644137970812 0.9531891751032995
0.5448318275121666 0.6459554133091262 0.13033430631570675 0.7314645349222781 0.9506849686560989 0.040419721569172395 0.9375527438839907 0.14916611556986337 0.5292081009408269 0.4054592797628872 0.6333281705412448 0.5947529160164474 0.8303420156512045 0.0 0.37827311079556014 0.3441544528537689 0.7152768078808837 0.24434329908907948 0.08358197461602745 0.6810167037447499 0.9519682326449392
0.46822786848896036 0.2934589003203183 0.7439941980961414 0.8399946846168849 0.0391921132134897 0.5937170049002257 0.1493666258231544 0.4656426583130051 0.05610705981256647 0.8397408940650227 0.9645988157699764 0.18073006357115973 0.022433504047100983 0.37827311079556014 0.0 0.45264216281714786 0.7491767268312213 0.03640723258451306 0.6591703923937735 0.4625697810282985 0.8796474111499394
0.5835818413764843 0.9904219479765847 0.9131988703784822 0.9822431832719236 0.2147428982478934 0.08500019329671138 0.5805078351416536 0.34538450719147284 0.15706820650241637 0.9194242355107441 0.44564341471580726 0.845350154585326 0.5362668356365723 0.3441544528537689 0.45264216281714786 0.0 0.3525348516013199 0.5559664280767829 0.022904999293893336 0.3779753272471541 0.821273806903361
0.7178919652961354 0.6466118258858344 0.05530949873280522 0.659364156690502 0.46976317560523095 0.719188517201063 0.051440501908344594 0.4203895798593177 0.9217738171723309 0.20329845641673272 0.8171806238906851 0.8264984460661436 0.4630451937857576 0.7152768078808837 0.7491767268312213 0.3525348516013199 0.0 0.11630172161692476 0.22126121112995156 0.38156417405029897 0.5948872076571267
0.6258338248483684 0.4986121425983936 0.09994095979753059 0.25014403911121474 0.03643337592695084 0.3516135411985686 0.9027844732524821 0.500116069925268 0.9917747225797318 0.9555753890671091 0.23497286582493782 0.33282465642217685 0.6450919869168324 0.24434329908907948 0.03640723258451306 0.5559664280767829 0.11630172161692476 0.0 0.8344247042485209 0.5711378619122615 0.44177812339759936
0.3568362494223999 0.32174913687500084 0.6439432112037299 0.3590618636595545 0.4857004294872467 0.4566334229496123 0.7939609604004055 0.6541811175689587 0.9380405066522506 0.9240085576883582 0.6300132446729366 0.8207064409944735 0.22442994358256219 0.08358197461602745 0.6591703923937735 0.022904999293893336 0.22126121112995156 0.8344247042485209 0.0 0.9424071958952239 0.1656366756481873
0.6035415488844212 0.8800397874679055 0.11857639700727096 0.0943340711017413 0.7844955263764658 0.040156638334261974 0.40797795959326855 0.7658792266450993 0.838212602734134 0.7770795696682954 0.2733097542292777 0.46945441463694304 0.7196644137970812 0.6810167037447499 0.4625697810282985 0.3779753272471541 0.38156417405029897 0.5711378619122615 0.9424071958952239 0.0 0.7979397548606546
0.5230749944315931 0.806615253397567 0.5167487212048614 0.4092075537899995 0.8118207308747027 0.19737854056032178 0.5596937651630294 0.2163631039254762 0.8481561857070207 0.7931385366588815 0.2975260146652339 0.29614698919713023 0.9531891751032995 0.9519682326449392 0.8796474111499394 0.821273806903361 0.5948872076571267 0.44177812339759936 0.1656366756481873 0.7979397548606546 0.0

# Optimal Walk
0 9 12 3 19 5 13 18 15 20 10 1 16 6 2 4 11 17 14 8 7 0
