# Graph size: 21
# Optimal cost: 1.0789122328697887

# Distance Matrix
0.0 0.033142514066815676 0.12393557791014265 0.6997662070706714 0.26169889348023045 0.06361192597456522 0.5134516858673828 0.2252927466231871 0.34162090810642387 0.3680555302972581 0.11754460218348373 0.29161292842433717 0.22714988042648865 0.5970668216601768 0.9288346170602815 0.837536571805984 0.9087446378894877 0.07270582936569825 0.8726561103898977 0.31885001655316303 0.6875336989303847
0.033142514066815676 0.0 0.7293552398819577 0.8764588867090736 0.8502645721133095 0.15554457566632363 0.6125915751242625 0.04883704877184558 0.5052486429213848 0.9358448249375984 0.5423028775806297 0.5756382196880774 0.6343697278962472 0.751472627454212 3.8613930657827034E-4 0.12126928858751995 0.5324990650973327 0.21332442306792454 0.03870949266580148 0.23522915715738912 0.036208357199707386
0.12393557791014265 0.7293552398819577 0.0 0.5697057073105607 0.019625241166813523 0.5070631461835007 0.6649141589022168 0.5440406013858026 0.2991720114862858 0.9873478718077472 0.7328029217671256 0.3022742182158228 0.5422051493824565 0.6979789990574938 0.45329526095762784 0.5377917537279553 0.21904683861083507 0.8919487856191146 0.433785308170604 0.6392164911751466 0.9748481937179052
0.6997662070706714 0.8764588867090736 0.5697057073105607 0.0 0.09096429640574877 0.11561718473304505 0.9152386312598729 0.9857076853342387 0.8286711505513896 0.6527373074694026 0.8906652805585606 0.11969176316542218 0.45791155274150175 0.44218802522239375 0.7591717870359698 0.7062548049153387 0.3423600990376522 0.02058409665298211 0.18077268564568028 0.9841572243250395 0.2460438258669192
0.26169889348023045 0.8502645721133095 0.019625241166813523 0.09096429640574877 0.0 0.32294060790036494 0.7458205940286924 0.8458324501508033 0.7586681831373258 0.3636973931174414 0.5923796634499582 0.3252545865626818 0.15033382657843442 0.24451121943927956 0.8601098172997331 0.38671021032321884 0.13614364844933868 0.01936416738793878 0.8913364804367275 0.9634797723911859 0.6493631390362069
0.06361192597456522 0.15554457566632363 0.5070631461835007 0.11561718473304505 0.32294060790036494 0.0 0.3547624981889532 0.34877038036288477 0.868284931368629 0.871211931029244 0.11127751828071197 0.709380171352512 0.15146029726174215 0.44602740860495704 0.9424061591532469 0.9152103287634314 0.7181592711828564 0.022456377541223427 0.7577054988597405 0.3144755688466879 0.5325055839110876
0.5134516858673828 0.6125915751242625 0.6649141589022168 0.9152386312598729 0.7458205940286924 0.3547624981889532 0.0 0.0044941176579349484 0.4293822750035653 0.41005222114167683 0.5344530649205096 0.6706045502290606 0.43499472834966335 0.34752577093729586 0.4742186020710646 0.6248191116250813 0.22365100392982729 0.5212433903897624 0.22950399179026748 0.8806263479050116 0.9690644517001255
0.2252927466231871 0.04883704877184558 0.5440406013858026 0.9857076853342387 0.8458324501508033 0.34877038036288477 0.0044941176579349484 0.0 0.15435858765034693 0.8123245743981379 0.7466277879719833 0.03005324000000975 0.21764510400370074 0.19511359154047503 0.08235017788078547 0.8775477702044565 0.5918951244570635 0.28987328296729087 0.42326783309699967 0.4668963525002716 0.950007118393838
0.34162090810642387 0.5052486429213848 0.2991720114862858 0.8286711505513896 0.7586681831373258 0.868284931368629 0.4293822750035653 0.15435858765034693 0.0 0.8994948315659959 0.9360034770947887 0.035235935835854604 0.43740667875994965 0.2269711418709871 0.15783915906283785 0.0859212291564383 0.8632335146946423 0.5760778167227435 0.9990838099092662 0.8854823060441077 0.7797663082178091
0.3680555302972581 0.9358448249375984 0.9873478718077472 0.6527373074694026 0.3636973931174414 0.871211931029244 0.41005222114167683 0.8123245743981379 0.8994948315659959 0.0 0.20619941380542728 0.542507530269186 0.14330705047917425 0.523846541805029 0.9143294628012222 0.7609666992704602 0.6702218293242843 0.021601314215829004 0.8088745052167867 0.3925083887994508 0.7193696748574967
0.11754460218348373 0.5423028775806297 0.7328029217671256 0.8906652805585606 0.5923796634499582 0.11127751828071197 0.5344530649205096 0.7466277879719833 0.9360034770947887 0.20619941380542728 0.0 0.9165542722437336 0.9127436437891151 0.8616566049699366 0.40126259124520025 0.3712527832040118 0.6873070382646307 0.31624646702795245 0.034610367116763574 0.7138286251875895 0.3041580436561837
0.29161292842433717 0.5756382196880774 0.3022742182158228 0.11969176316542218 0.3252545865626818 0.709380171352512 0.6706045502290606 0.03005324000000975 0.035235935835854604 0.542507530269186 0.9165542722437336 0.0 0.5610871982496173 0.5455056414263808 0.9534485111664592 0.5082154628118404 0.9128982252118493 0.059770727814046576 0.07239979324521917 0.2135538130095812 0.7753772198287991
0.22714988042648865 0.6343697278962472 0.5422051493824565 0.45791155274150175 0.15033382657843442 0.15146029726174215 0.43499472834966335 0.21764510400370074 0.43740667875994965 0.14330705047917425 0.9127436437891151 0.5610871982496173 0.0 0.6467491319624269 0.9175956402093053 0.5524509290499846 0.038922725005884784 0.7675502505132163 0.46057354537761064 0.9584944923208443 0.24644807804627888
0.5970668216601768 0.751472627454212 0.6979789990574938 0.44218802522239375 0.24451121943927956 0.44602740860495704 0.34752577093729586 0.19511359154047503 0.2269711418709871 0.523846541805029 0.8616566049699366 0.5455056414263808 0.6467491319624269 0.0 0.35673338266427324 0.1725991015618057 0.006189295728182609 0.8348875519411378 0.6236427889957479 0.27027742016634493 0.15236030952324675
0.9288346170602815 3.8613930657827034E-4 0.45329526095762784 0.7591717870359698 0.8601098172997331 0.9424061591532469 0.4742186020710646 0.08235017788078547 0.15783915906283785 0.9143294628012222 0.40126259124520025 0.9534485111664592 0.9175956402093053 0.35673338266427324 0.0 0.661409615756895 0.5980827769563796 0.6271121418243137 0.22874668912058782 0.45401598640173335 0.16474799657112116
0.837536571805984 0.12126928858751995 0.5377917537279553 0.7062548049153387 0.38671021032321884 0.9152103287634314 0.6248191116250813 0.8775477702044565 0.0859212291564383 0.7609666992704602 0.3712527832040118 0.5082154628118404 0.5524509290499846 0.1725991015618057 0.661409615756895 0.0 0.21774225948920523 0.5205341572185848 0.7881201207192208 0.83180082812786 0.06412536203377839
0.9087446378894877 0.5324990650973327 0.21904683861083507 0.3423600990376522 0.13614364844933868 0.7181592711828564 0.22365100392982729 0.5918951244570635 0.8632335146946423 0.6702218293242843 0.6873070382646307 0.9128982252118493 0.038922725005884784 0.006189295728182609 0.5980827769563796 0.21774225948920523 0.0 0.5321749421859526 0.6838614177425056 0.7612142206085021 0.7867251787603199
0.07270582936569825 0.21332442306792454 0.8919487856191146 0.02058409665298211 0.01936416738793878 0.022456377541223427 0.5212433903897624 0.28987328296729087 0.5760778167227435 0.021601314215829004 0.31624646702795245 0.059770727814046576 0.7675502505132163 0.8348875519411378 0.6271121418243137 0.5205341572185848 0.5321749421859526 0.0 0.08969530513801538 0.943326941058492 0.6519749530759416
0.8726561103898977 0.03870949266580148 0.433785308170604 0.18077268564568028 0.8913364804367275 0.7577054988597405 0.22950399179026748 0.42326783309699967 0.9990838099092662 0.8088745052167867 0.034610367116763574 0.07239979324521917 0.46057354537761064 0.6236427889957479 0.22874668912058782 0.7881201207192208 0.6838614177425056 0.08969530513801538 0.0 0.028800330313657474 0.25779297887711794
0.31885001655316303 0.23522915715738912 0.6392164911751466 0.9841572243250395 0.9634797723911859 0.3144755688466879 0.8806263479050116 0.4668963525002716 0.8854823060441077 0.3925083887994508 0.7138286251875895 0.2135538130095812 0.9584944923208443 0.27027742016634493 0.45401598640173335 0.83180082812786 0.7612142206085021 0.943326941058492 0.028800330313657474 0.0 0.9025156108635051
0.6875336989303847 0.036208357199707386 0.9748481937179052 0.2460438258669192 0.6493631390362069 0.5325055839110876 0.9690644517001255 0.950007118393838 0.7797663082178091 0.7193696748574967 0.3041580436561837 0.7753772198287991 0.24644807804627888 0.15236030952324675 0.16474799657112116 0.06412536203377839 0.7867251787603199 0.6519749530759416 0.25779297887711794 0.9025156108635051 0.0

# Optimal Walk
0 5 17 3 4 2 9 12 16 13 20 15 8 11 7 6 19 18 10 14 1 0
