# Graph size: 21
# Optimal cost: 2.1247733995893254

# Distance Matrix
0.0 0.08512681871970829 0.9431152736174403 0.24542350634271592 0.6815946699847453 0.8293694156223663 0.25675072125356424 0.6466535113639246 0.8413987972274414 0.8760187364684763 0.26078646827657204 0.32379854328272883 0.37303651218547584 0.29486596379143293 0.12320150691058052 0.9820778574779911 0.48050390022061107 0.3888820702151208 0.8483138138784272 0.441604458258529 0.06538174868492652
0.08512681871970829 0.0 0.6396488896623699 0.5379589071694997 0.8656496187919457 0.7394947048637303 0.6313677884593393 0.5620091846437723 0.3822953341477716 0.21604275397096562 0.6036228532207312 0.35994433841007967 0.45717103443785145 0.3404658623266412 0.8934272541366783 0.18209726807898508 0.500947674503127 0.74984218213009 0.4186831937969716 0.19736335830251772 0.10248904878585674
0.9431152736174403 0.6396488896623699 0.0 0.9084085645866881 0.5280364655926014 0.04357605115457586 0.9670362588934037 0.05683182564758471 0.9962095194931122 0.07741487480748288 0.10852832603177243 0.43414788399739856 0.679247477053379 0.2926263774473499 0.09613829223168036 0.9838250044875004 0.3607136261570144 0.11850285047268827 0.1873305679675189 0.6391966637415474 0.6177223240815253
0.24542350634271592 0.5379589071694997 0.9084085645866881 0.0 0.08497716034771763 0.9932221021067765 0.1985484121088954 0.11479871983293843 0.6463565898012517 0.91675645786864 0.7464320888533627 0.5939064223565242 0.2926324090252722 0.9801763289352965 0.5553201087592956 0.9705858325575923 0.44546599921560803 0.8155064975537293 0.4105013394408349 0.3689971154458538 0.5353663765826553
0.6815946699847453 0.8656496187919457 0.5280364655926014 0.08497716034771763 0.0 0.5302363621394727 0.3411593279314945 0.632763787032157 0.08723815326138218 0.8801168146808089 0.8118624483423112 0.8338640642355709 0.6033929200356047 0.6819637958046918 0.5312349576880036 0.5684189502167795 0.5262811020895698 0.681586483006986 0.1683666828919459 0.376077474060432 0.5876154635055948
0.8293694156223663 0.7394947048637303 0.04357605115457586 0.9932221021067765 0.5302363621394727 0.0 0.1554354707574147 0.4325583850910161 0.44880103452047493 0.40622149973059274 0.3692922613130738 0.16828864008341493 0.9052005020255219 0.2838638554286369 0.6432981819911756 0.34482743878232336 0.29818113447886396 0.766462219166577 0.17984740547821265 0.07871044186169396 0.6965020268238824
0.25675072125356424 0.6313677884593393 0.9670362588934037 0.1985484121088954 0.3411593279314945 0.1554354707574147 0.0 0.6875241311870391 0.9993454023145377 0.11732730421556237 0.6349583395490723 0.09128597492187396 0.29856031784514503 0.5331660633701117 0.4632461160915323 0.6449678370461464 0.297272108599269 0.7307949603207193 0.1401711332659613 0.8927116630705566 0.1711497107129225
0.6466535113639246 0.5620091846437723 0.05683182564758471 0.11479871983293843 0.632763787032157 0.4325583850910161 0.6875241311870391 0.0 0.2524522330365432 0.31771448536307856 0.9781866213290505 0.9822643222729364 0.28315303445500917 0.63856983743263 0.26850901469781774 0.6133723833738256 0.20251210868931036 0.5311179334920225 0.6490388455688424 0.5880791151580568 0.008019810684569806
0.8413987972274414 0.3822953341477716 0.9962095194931122 0.6463565898012517 0.08723815326138218 0.44880103452047493 0.9993454023145377 0.2524522330365432 0.0 0.42740631903993775 0.12677859308896666 0.31621971583656805 0.9432978929151696 0.2525533391716056 0.7795142717486827 0.7422717593572263 0.20490110198657796 0.23809716643392442 0.018502723232372786 0.5943394033356609 0.1725187781144707
0.8760187364684763 0.21604275397096562 0.07741487480748288 0.91675645786864 0.8801168146808089 0.40622149973059274 0.11732730421556237 0.31771448536307856 0.42740631903993775 0.0 0.5971622555743604 0.5944229450699129 0.43222597345204394 0.2099707586691274 0.3659168429985187 0.7694739145234727 0.4753384528126211 0.7181802578059957 0.7636474269758915 0.6029146636346098 0.7546438021542193
0.26078646827657204 0.6036228532207312 0.10852832603177243 0.7464320888533627 0.8118624483423112 0.3692922613130738 0.6349583395490723 0.9781866213290505 0.12677859308896666 0.5971622555743604 0.0 0.786345501246734 0.7528766299916418 0.35300705816018574 0.47762374940206254 0.4838213958022386 0.09130351025021244 0.5852354301542868 0.6211510295226158 0.5627609767286796 0.05894606796777324
0.32379854328272883 0.35994433841007967 0.43414788399739856 0.5939064223565242 0.8338640642355709 0.16828864008341493 0.09128597492187396 0.9822643222729364 0.31621971583656805 0.5944229450699129 0.786345501246734 0.0 0.694841431125632 0.6744366238902878 0.1003559482466031 0.2167180494306803 0.20112665867295754 0.14267468523636195 0.3995545700958666 0.006772805282631689 0.35163901921649743
0.37303651218547584 0.45717103443785145 0.679247477053379 0.2926324090252722 0.6033929200356047 0.9052005020255219 0.29856031784514503 0.28315303445500917 0.9432978929151696 0.43222597345204394 0.7528766299916418 0.694841431125632 0.0 0.891737274694002 0.2884237587699249 0.7402994109069481 0.28627409020980643 0.6652488048081013 0.810862041286748 0.5350572874415573 0.25448521336467944
0.29486596379143293 0.3404658623266412 0.2926263774473499 0.9801763289352965 0.6819637958046918 0.2838638554286369 0.5331660633701117 0.63856983743263 0.2525533391716056 0.2099707586691274 0.35300705816018574 0.6744366238902878 0.891737274694002 0.0 0.13759579570173097 0.18515868683624637 0.06278722826307714 0.15321188483588133 0.6799045338409385 0.8219332735988458 0.545738411854086
0.12320150691058052 0.8934272541366783 0.09613829223168036 0.5553201087592956 0.5312349576880036 0.6432981819911756 0.4632461160915323 0.26850901469781774 0.7795142717486827 0.3659168429985187 0.47762374940206254 0.1003559482466031 0.2884237587699249 0.13759579570173097 0.0 0.9587981905448836 0.610745611371503 0.13927931817189498 0.30190235489987294 0.4630888515406304 0.07930104268695382
0.9820778574779911 0.18209726807898508 0.9838250044875004 0.9705858325575923 0.5684189502167795 0.34482743878232336 0.6449678370461464 0.6133723833738256 0.7422717593572263 0.7694739145234727 0.4838213958022386 0.2167180494306803 0.7402994109069481 0.18515868683624637 0.9587981905448836 0.0 0.890474404992099 0.2801466041080425 0.09205326448380335 0.8859558841628614 0.7284086055890846
0.48050390022061107 0.500947674503127 0.3607136261570144 0.44546599921560803 0.5262811020895698 0.29818113447886396 0.297272108599269 0.20251210868931036 0.20490110198657796 0.4753384528126211 0.09130351025021244 0.20112665867295754 0.28627409020980643 0.06278722826307714 0.610745611371503 0.890474404992099 0.0 0.4492920895134227 0.4847025143706981 0.48375340866607053 0.770921680354617
0.3888820702151208 0.74984218213009 0.11850285047268827 0.8155064975537293 0.681586483006986 0.766462219166577 0.7307949603207193 0.5311179334920225 0.23809716643392442 0.7181802578059957 0.5852354301542868 0.14267468523636195 0.6652488048081013 0.15321188483588133 0.13927931817189498 0.2801466041080425 0.4492920895134227 0.0 0.609280283863451 0.9407284504083252 0.12387885215895877
0.8483138138784272 0.4186831937969716 0.1873305679675189 0.4105013394408349 0.1683666828919459 0.17984740547821265 0.1401711332659613 0.6490388455688424 0.018502723232372786 0.7636474269758915 0.6211510295226158 0.3995545700958666 0.810862041286748 0.6799045338409385 0.30190235489987294 0.09205326448380335 0.4847025143706981 0.609280283863451 0.0 0.0025288604614465138 0.17792700947122675
0.441604458258529 0.19736335830251772 0.6391966637415474 0.3689971154458538 0.376077474060432 0.07871044186169396 0.8927116630705566 0.5880791151580568 0.5943394033356609 0.6029146636346098 0.5627609767286796 0.006772805282631689 0.5350572874415573 0.8219332735988458 0.4630888515406304 0.8859558841628614 0.48375340866607053 0.9407284504083252 0.0025288604614465138 0.0 0.8072076260195143
0.06538174868492652 0.10248904878585674 0.6177223240815253 0.5353663765826553 0.5876154635055948 0.6965020268238824 0.1711497107129225 0.008019810684569806 0.1725187781144707 0.7546438021542193 0.05894606796777324 0.35163901921649743 0.25448521336467944 0.545738411854086 0.07930104268695382 0.7284086055890846 0.770921680354617 0.12387885215895877 0.17792700947122675 0.8072076260195143 0.0

# Optimal Walk
0 20 7 10 16 13 17 14 5 2 9 6 12 3 4 8 18 19 11 15 1 0
