# Graph size: 21
# Optimal cost: 1.9101914182368878

# Distance Matrix
0.0 0.4689468549257303 0.8954440428635817 0.625157788599589 0.14711272983026225 0.2518514772842496 0.8151033002928113 0.6987329147991286 0.42001487363995715 0.8707390646087557 0.13867724197693376 0.6069778566121196 0.4953521510046748 0.6599480051307853 0.39431893856862654 0.8076855734839546 0.4965473874163997 0.8022031701515192 0.9096868501315314 0.6494611292601391 0.5046290414447092
0.4689468549257303 0.0 0.551990497536153 0.7928469879958774 0.6636507416090982 0.23661312137547852 0.31095289134305015 0.5497194809038551 0.24663735713478407 0.05075231440697392 0.8041170589537104 0.4162246355953715 0.01695707817391101 0.3494834375022251 0.12236280945867584 0.2264486056824745 0.6639176056333074 0.8346935503715416 0.19439775748414312 0.9125617635023219 0.4178756896328708
0.8954440428635817 0.551990497536153 0.0 0.4849644873015485 0.33060171744562694 0.5378879352457455 0.36705806348681846 0.5707438543549667 0.8414571837546954 0.10143596553162482 0.7217862729306648 0.5009303989487406 0.3748832505327927 0.22036960396869054 0.7841924515589864 0.8031501097447744 0.5396422905708457 0.19630554576737858 0.8199900924528349 0.08003883034327008 0.586090137893953
0.625157788599589 0.7928469879958774 0.4849644873015485 0.0 0.9019935946115973 0.248589660323709 0.35513621444780064 0.40089199739342873 0.3868469315412453 0.5688262945027632 0.8245346172819231 0.8389281067947209 0.09295465165306804 0.21979271171323933 0.6642159766548223 0.4634645109776969 0.09762262396516208 0.1397475451004243 0.2080483970820508 0.09476589161123172 0.8541528752508979
0.14711272983026225 0.6636507416090982 0.33060171744562694 0.9019935946115973 0.0 0.13079529376516208 0.5077036955981155 0.17767910699764822 0.48948594701964954 0.2630115021642656 0.013295765507627233 0.8703175505141683 0.8354941767382874 0.45891217982654864 0.8723287842294118 0.9288280334194664 0.020128874825417475 0.08764429413615438 0.13458381007597575 0.917323311238157 0.6252870485090886
0.2518514772842496 0.23661312137547852 0.5378879352457455 0.248589660323709 0.13079529376516208 0.0 0.8679997136884589 0.9718605560524414 0.007415287897980849 0.1301791757477735 0.6303320914276609 0.8740309277751547 0.6483850965760612 0.602141628033914 0.5196826351562142 0.6666496447962406 0.6868780864221884 0.37125316041211465 0.03589720351793635 0.1104062710809609 0.09411322668968958
0.8151033002928113 0.31095289134305015 0.36705806348681846 0.35513621444780064 0.5077036955981155 0.8679997136884589 0.0 0.730777635520678 0.901243583890802 0.7889921568116691 0.3189477978354823 0.5423701456201376 0.1220149743459692 0.9694950655796684 0.4267403669200581 0.9931470830050133 0.7678313250588394 0.1282226597988695 0.606805915587472 0.6511351224107251 0.9308275884525141
0.6987329147991286 0.5497194809038551 0.5707438543549667 0.40089199739342873 0.17767910699764822 0.9718605560524414 0.730777635520678 0.0 0.8748960909313965 0.3353589574184037 0.39627825242774584 0.04664414638516545 0.07944269634397638 0.46619204250871593 0.7660955837929496 0.260111023261574 0.1081575014250008 0.787938468952568 0.7482471906621583 0.8007446266076784 0.20979053099204015
0.42001487363995715 0.24663735713478407 0.8414571837546954 0.3868469315412453 0.48948594701964954 0.007415287897980849 0.901243583890802 0.8748960909313965 0.0 0.1346195568227988 0.07667908235153886 0.3966516548375002 0.257157374716926 0.9652786839570496 0.6436826304523576 0.6001619641581707 0.24615887148853566 0.43885548070165825 0.7271174509005046 0.5244884023303036 0.18163491913575736
0.8707390646087557 0.05075231440697392 0.10143596553162482 0.5688262945027632 0.2630115021642656 0.1301791757477735 0.7889921568116691 0.3353589574184037 0.1346195568227988 0.0 0.40205528012611524 0.3502112781294757 0.897938118222842 0.2382664889832561 0.3808208379767809 0.2407642340335343 0.5306769407969846 0.37477909322335823 0.6201139826734936 0.5372488480757913 0.2587741223695933
0.13867724197693376 0.8041170589537104 0.7217862729306648 0.8245346172819231 0.013295765507627233 0.6303320914276609 0.3189477978354823 0.39627825242774584 0.07667908235153886 0.40205528012611524 0.0 0.9009900233435496 0.45206764233256536 0.6012113159009133 0.18123220288759911 0.8497803369263301 0.7891692868865632 0.0385438071552473 0.5379326962359158 0.38986247206540214 0.33698867593459947
0.6069778566121196 0.4162246355953715 0.5009303989487406 0.8389281067947209 0.8703175505141683 0.8740309277751547 0.5423701456201376 0.04664414638516545 0.3966516548375002 0.3502112781294757 0.9009900233435496 0.0 0.3066111654017063 0.8899051551914877 0.9302522202627496 0.2000646056944213 0.08987981257748012 0.35805349311273404 0.013644298752036321 0.9149166245022446 0.9636109150889649
0.4953521510046748 0.01695707817391101 0.3748832505327927 0.09295465165306804 0.8354941767382874 0.6483850965760612 0.1220149743459692 0.07944269634397638 0.257157374716926 0.897938118222842 0.45206764233256536 0.3066111654017063 0.0 0.5524504795143161 0.5734285822180458 0.5857493446888469 0.7333429346959033 0.4815371461709208 0.6378735925933058 0.7212685127114359 0.23730443420636838
0.6599480051307853 0.3494834375022251 0.22036960396869054 0.21979271171323933 0.45891217982654864 0.602141628033914 0.9694950655796684 0.46619204250871593 0.9652786839570496 0.2382664889832561 0.6012113159009133 0.8899051551914877 0.5524504795143161 0.0 0.1690411672330966 0.10504325626761912 0.5751296624599985 0.3295601622970248 0.9261543990117781 0.7833014010800691 0.27789170046328726
0.39431893856862654 0.12236280945867584 0.7841924515589864 0.6642159766548223 0.8723287842294118 0.5196826351562142 0.4267403669200581 0.7660955837929496 0.6436826304523576 0.3808208379767809 0.18123220288759911 0.9302522202627496 0.5734285822180458 0.1690411672330966 0.0 0.2236089325290297 0.22748629192138903 0.494797798817869 0.8149490370840469 0.36931542344257096 0.9215367291573625
0.8076855734839546 0.2264486056824745 0.8031501097447744 0.4634645109776969 0.9288280334194664 0.6666496447962406 0.9931470830050133 0.260111023261574 0.6001619641581707 0.2407642340335343 0.8497803369263301 0.2000646056944213 0.5857493446888469 0.10504325626761912 0.2236089325290297 0.0 0.6731187493432077 0.9527680768084072 0.5604717264356534 0.0699083185691396 0.5513240263905901
0.4965473874163997 0.6639176056333074 0.5396422905708457 0.09762262396516208 0.020128874825417475 0.6868780864221884 0.7678313250588394 0.1081575014250008 0.24615887148853566 0.5306769407969846 0.7891692868865632 0.08987981257748012 0.7333429346959033 0.5751296624599985 0.22748629192138903 0.6731187493432077 0.0 0.5448548080287171 0.025949135133858436 0.05420438508349967 0.7328812075811543
0.8022031701515192 0.8346935503715416 0.19630554576737858 0.1397475451004243 0.08764429413615438 0.37125316041211465 0.1282226597988695 0.787938468952568 0.43885548070165825 0.37477909322335823 0.0385438071552473 0.35805349311273404 0.4815371461709208 0.3295601622970248 0.494797798817869 0.9527680768084072 0.5448548080287171 0.0 0.2592321085654832 0.8443142179748364 0.7155361177318075
0.9096868501315314 0.19439775748414312 0.8199900924528349 0.2080483970820508 0.13458381007597575 0.03589720351793635 0.606805915587472 0.7482471906621583 0.7271174509005046 0.6201139826734936 0.5379326962359158 0.013644298752036321 0.6378735925933058 0.9261543990117781 0.8149490370840469 0.5604717264356534 0.025949135133858436 0.2592321085654832 0.0 0.6655474111417559 0.6608070154796173
0.6494611292601391 0.9125617635023219 0.08003883034327008 0.09476589161123172 0.917323311238157 0.1104062710809609 0.6511351224107251 0.8007446266076784 0.5244884023303036 0.5372488480757913 0.38986247206540214 0.9149166245022446 0.7212685127114359 0.7833014010800691 0.36931542344257096 0.0699083185691396 0.05420438508349967 0.8443142179748364 0.6655474111417559 0.0 0.13994780543262886
0.5046290414447092 0.4178756896328708 0.586090137893953 0.8541528752508979 0.6252870485090886 0.09411322668968958 0.9308275884525141 0.20979053099204015 0.18163491913575736 0.2587741223695933 0.33698867593459947 0.9636109150889649 0.23730443420636838 0.27789170046328726 0.9215367291573625 0.5513240263905901 0.7328812075811543 0.7155361177318075 0.6608070154796173 0.13994780543262886 0.0

# Optimal Walk
0 4 16 3 19 15 13 14 1 9 2 20 5 8 18 11 7 12 6 17 10 0
