# Graph size: 21
# Optimal cost: 1.8375989133683182

# Distance Matrix
0.0 0.25173482753659027 0.23654580939995473 0.9671059963107196 0.8390621321823809 0.9678434202128491 0.3553953307621498 0.21278573920961308 0.3832400253102738 0.7301258284348812 0.6524580879970282 0.537021693809376 0.04395658869318786 0.8140427408581405 0.3386085694599069 0.9887791046468545 0.9793543140044536 0.7876694335244577 0.7295675063992038 0.1788762695142757 0.06673953813572897
0.25173482753659027 0.0 0.7809582055797837 0.5181831126094614 0.09688169288750748 0.6210768842556154 0.4609347593574896 0.3596786905218653 0.983325313383687 0.5254643329579455 0.9352702974687791 0.579467292895544 0.8434360091830093 0.028990533123931184 0.22952445408386635 0.712548467982845 0.12709396596508216 0.5074150524019632 0.6874540450368263 0.01416622983727922 0.8194133814936463
0.23654580939995473 0.7809582055797837 0.0 0.5534012443327694 0.6291355086497339 0.04332073297096417 0.6873471427382737 0.8655705711390821 0.8682494965333154 0.9138914187616617 0.7099319460570161 0.5394362104300714 0.23772828008724156 0.8325421248060659 0.7832690934218504 0.5283130673787308 0.10206805000527697 0.09824390401297478 0.6360620087806159 0.23858961491412223 0.9449593541317364
0.9671059963107196 0.5181831126094614 0.5534012443327694 0.0 0.8251644086627592 0.5175089116124004 0.45128755648421315 0.5124911846205856 0.26883747062539765 0.6265753773389461 0.02062233753609266 0.665035085121986 0.7849400168995079 0.44014763037466065 0.09031853321388084 0.04501772526748771 0.1306680092892757 0.06729477084249369 0.8897219732344398 0.9031416862888266 0.030616781026313378
0.8390621321823809 0.09688169288750748 0.6291355086497339 0.8251644086627592 0.0 0.5078439289340129 0.5242898392339848 0.9422158059711374 0.6722353174749465 0.22569958158401904 0.5588293651664445 0.8356081644954356 0.0703383500055288 0.7608141382435291 0.6068943233095757 0.1564359249105336 0.04582360330330537 0.1984442223893781 0.5860378858297817 0.8139585313281686 0.9006563472707947
0.9678434202128491 0.6210768842556154 0.04332073297096417 0.5175089116124004 0.5078439289340129 0.0 0.1903029074753151 0.7761593884679652 0.735241323631767 0.7393468581694562 0.879445296825403 0.3269716741899815 0.4530093536331614 0.786560650399925 0.519200971716994 0.40065455395686334 0.46471176286600346 0.9811655956766283 0.796193877946136 0.7070492043677095 0.7131690381447356
0.3553953307621498 0.4609347593574896 0.6873471427382737 0.45128755648421315 0.5242898392339848 0.1903029074753151 0.0 0.5889339128819585 0.868466107251595 0.7912874168643464 0.3057773224288858 0.5692808621163841 0.9119492594898115 0.06753825224069188 0.6370948760479042 0.9558367342659482 0.5320034390302113 0.25759438709193117 0.40873794743249037 0.5663119340959137 0.7414700405247846
0.21278573920961308 0.3596786905218653 0.8655705711390821 0.5124911846205856 0.9422158059711374 0.7761593884679652 0.5889339128819585 0.0 0.589308777075245 0.6508644283855303 0.944029605582281 0.33266176041039375 0.83743209626017 0.7411255396498759 0.5516641524408239 0.3779393321398963 0.04818961317888326 0.5898172259983725 0.8871379245653939 0.2820014113714573 0.5789760703048816
0.3832400253102738 0.983325313383687 0.8682494965333154 0.26883747062539765 0.6722353174749465 0.735241323631767 0.868466107251595 0.589308777075245 0.0 0.6140644280220703 0.3722927044771873 0.2787398950234111 0.9058355557441874 0.8592231339405704 0.5768663044262271 0.5164907850616001 0.5039327526079447 0.6422865924644356 0.5834690198880993 0.9077356463487263 0.9900109370410853
0.7301258284348812 0.5254643329579455 0.9138914187616617 0.6265753773389461 0.22569958158401904 0.7393468581694562 0.7912874168643464 0.6508644283855303 0.6140644280220703 0.0 0.38993358502680286 0.07366850795617952 0.7327870014374288 0.6308711023423219 0.922958123162773 0.02095577851302277 0.5817158589010512 0.2681958524446322 0.29917208460773603 0.7132791189522036 0.5947575719816334
0.6524580879970282 0.9352702974687791 0.7099319460570161 0.02062233753609266 0.5588293651664445 0.879445296825403 0.3057773224288858 0.944029605582281 0.3722927044771873 0.38993358502680286 0.0 0.6875802050525287 0.4684727605248834 0.19599683020671732 0.11865805127900042 0.4684215273362151 0.4166200943724474 0.12551337960234799 0.8348987656227573 0.3913587699729263 0.17836905013200888
0.537021693809376 0.579467292895544 0.5394362104300714 0.665035085121986 0.8356081644954356 0.3269716741899815 0.5692808621163841 0.33266176041039375 0.2787398950234111 0.07366850795617952 0.6875802050525287 0.0 0.4545284498091289 0.1354661826779433 0.551240872606559 0.08595446630644299 0.3317412685684844 0.022807343380613743 0.42614333108466373 0.885527322934322 0.09201786226458641
0.04395658869318786 0.8434360091830093 0.23772828008724156 0.7849400168995079 0.0703383500055288 0.4530093536331614 0.9119492594898115 0.83743209626017 0.9058355557441874 0.7327870014374288 0.4684727605248834 0.4545284498091289 0.0 0.09283990521989283 0.2867405037316204 0.9019928847812422 0.23744209194333465 0.22336179654438737 0.4953807805444892 0.261802610351793 0.8653355876015522
0.8140427408581405 0.028990533123931184 0.8325421248060659 0.44014763037466065 0.7608141382435291 0.786560650399925 0.06753825224069188 0.7411255396498759 0.8592231339405704 0.6308711023423219 0.19599683020671732 0.1354661826779433 0.09283990521989283 0.0 0.43493177790941906 0.4405005766235547 0.293603465552406 0.08624613120511027 0.017269271619235194 0.07955199933219093 0.6182499205914384
0.3386085694599069 0.22952445408386635 0.7832690934218504 0.09031853321388084 0.6068943233095757 0.519200971716994 0.6370948760479042 0.5516641524408239 0.5768663044262271 0.922958123162773 0.11865805127900042 0.551240872606559 0.2867405037316204 0.43493177790941906 0.0 0.5930676078664968 0.4214479642123742 0.3224086481726127 0.11253481317979108 0.691869001948693 0.6066343988048116
0.9887791046468545 0.712548467982845 0.5283130673787308 0.04501772526748771 0.1564359249105336 0.40065455395686334 0.9558367342659482 0.3779393321398963 0.5164907850616001 0.02095577851302277 0.4684215273362151 0.08595446630644299 0.9019928847812422 0.4405005766235547 0.5930676078664968 0.0 0.7772524149155635 0.8850980976009916 0.7856738386679211 0.49984933968865364 0.7022336837141566
0.9793543140044536 0.12709396596508216 0.10206805000527697 0.1306680092892757 0.04582360330330537 0.46471176286600346 0.5320034390302113 0.04818961317888326 0.5039327526079447 0.5817158589010512 0.4166200943724474 0.3317412685684844 0.23744209194333465 0.293603465552406 0.4214479642123742 0.7772524149155635 0.0 0.6383225440858727 0.5143456325951167 0.978206423308367 0.3587361539221132
0.7876694335244577 0.5074150524019632 0.09824390401297478 0.06729477084249369 0.1984442223893781 0.9811655956766283 0.25759438709193117 0.5898172259983725 0.6422865924644356 0.2681958524446322 0.12551337960234799 0.022807343380613743 0.22336179654438737 0.08624613120511027 0.3224086481726127 0.8850980976009916 0.6383225440858727 0.0 0.3066282791880661 0.4968989744793201 0.3153087030391344
0.7295675063992038 0.6874540450368263 0.6360620087806159 0.8897219732344398 0.5860378858297817 0.796193877946136 0.40873794743249037 0.8871379245653939 0.5834690198880993 0.29917208460773603 0.8348987656227573 0.42614333108466373 0.4953807805444892 0.017269271619235194 0.11253481317979108 0.7856738386679211 0.5143456325951167 0.3066282791880661 0.0 0.3458666950081346 0.6594289120420467
0.1788762695142757 0.01416622983727922 0.23858961491412223 0.9031416862888266 0.8139585313281686 0.7070492043677095 0.5663119340959137 0.2820014113714573 0.9077356463487263 0.7132791189522036 0.3913587699729263 0.885527322934322 0.261802610351793 0.07955199933219093 0.691869001948693 0.49984933968865364 0.978206423308367 0.4968989744793201 0.3458666950081346 0.0 0.896969703122794
0.06673953813572897 0.8194133814936463 0.9449593541317364 0.030616781026313378 0.9006563472707947 0.7131690381447356 0.7414700405247846 0.5789760703048816 0.9900109370410853 0.5947575719816334 0.17836905013200888 0.09201786226458641 0.8653355876015522 0.6182499205914384 0.6066343988048116 0.7022336837141566 0.3587361539221132 0.3153087030391344 0.6594289120420467 0.896969703122794 0.0

# Optimal Walk
0 12 4 16 7 2 5 6 13 19 1 18 14 10 3 15 9 17 11 8 20 0
