# Graph size: 21
# Optimal cost: 2.2181866344128105

# Distance Matrix
0.0 0.5927064314339883 0.6653441319401764 0.914260920267647 0.5361901408248858 0.7866242008640121 0.8959285535033397 0.43576448931101985 0.7708777245914366 0.1458715965058891 0.8542550348278483 0.5781491816772505 0.5930771920921041 0.47551319044487894 0.3095607142208131 0.653588023966561 0.39867318897347026 0.777942575373156 0.44997866947984455 0.7282951971870418 0.734117179040484
0.5927064314339883 0.0 0.5565343796330318 0.8028255111008401 0.3765837590201251 0.5476330200303484 0.46573291234127734 0.40816298602271317 0.4100371266468329 0.11888251799797767 0.05736359424441839 0.4263280824697173 0.13285041068297154 0.23108650823899446 0.6708052197711053 0.13454044094753626 0.48787400246918544 0.06463586812519984 0.09376260791258206 0.5733595636990722 0.05261847371453987
0.6653441319401764 0.5565343796330318 0.0 0.23751582013697448 0.4807304681863551 0.9406785968250895 0.22045616384665356 0.39540631917735103 0.15784146550962797 0.19910588878872826 0.05948205807489837 0.7631098958390267 0.3656424281653702 0.2619985713317754 0.2799723288411836 0.10899780500538225 0.6954443880394567 0.5540777445213072 0.46110571350927343 0.6454539635637784 0.9602440609945435
0.914260920267647 0.8028255111008401 0.23751582013697448 0.0 0.7044679169625447 0.188590195386646 0.4908359190472954 0.5078154096427887 0.6231678357443308 0.037062531471246274 0.45226015638019135 0.5314217200129207 0.23637400989282942 0.3946063930871485 0.05355923727995582 0.7627002587066601 0.7117419220841024 0.971460011231589 0.9290462102246906 0.04162328162253781 0.09158431329886141
0.5361901408248858 0.3765837590201251 0.4807304681863551 0.7044679169625447 0.0 0.4609619988492687 0.9312617197630837 0.6500401345290155 0.8701698815046799 0.22800953999507112 0.5596679593665166 0.9681571929316923 0.2006996755547905 0.08878035465227341 0.607292080178964 0.9674144205222976 0.09820283633312588 0.21519627934601382 0.24361221349148354 0.28856757897964 0.21650690195610367
0.7866242008640121 0.5476330200303484 0.9406785968250895 0.188590195386646 0.4609619988492687 0.0 0.948582782096269 0.10451649333386415 0.1703879928572416 0.5206027238242166 0.839205106679246 0.34395606785781174 0.2922427466872043 0.4501369913557576 0.5418389692852545 0.01695116332405222 0.6729195322314244 0.9754307268654051 0.29225930707969205 0.6098989401215714 0.1284126084614038
0.8959285535033397 0.46573291234127734 0.22045616384665356 0.4908359190472954 0.9312617197630837 0.948582782096269 0.0 0.28433507519685175 0.565508079170439 0.011670518835374066 0.4329871756666084 0.706400373200517 0.17402810389150203 0.7277737503638578 0.2506915355841346 0.880248487581155 0.5022266769079592 0.6798976998403138 0.10858774465607834 0.10070211365374249 0.7937592540533737
0.43576448931101985 0.40816298602271317 0.39540631917735103 0.5078154096427887 0.6500401345290155 0.10451649333386415 0.28433507519685175 0.0 0.5044431579376225 0.16832297642630079 0.24413926462763635 0.4088000245452609 0.8661833480306582 0.3192656854003334 0.6637050908748569 0.7507929529031713 0.9369874728319578 0.1642817908238846 0.9704268833621204 0.1256528480408584 0.8545790597758819
0.7708777245914366 0.4100371266468329 0.15784146550962797 0.6231678357443308 0.8701698815046799 0.1703879928572416 0.565508079170439 0.5044431579376225 0.0 0.7983280692110434 0.6719427824273642 0.14111347569416788 0.6725902073258234 0.8903910156369587 0.2274681865927325 0.3798956555451589 0.04071164060524546 0.4709018707780167 0.1957884756096533 0.9875945546568535 0.6125277291668179
0.1458715965058891 0.11888251799797767 0.19910588878872826 0.037062531471246274 0.22800953999507112 0.5206027238242166 0.011670518835374066 0.16832297642630079 0.7983280692110434 0.0 0.9996087520578123 0.8024801475500609 0.5046633154440954 0.9686646615647553 0.7429898500273469 0.43322704176402593 0.7415947772876073 0.6641690789045357 0.22564194184325892 0.27201202586592865 0.7473815633113201
0.8542550348278483 0.05736359424441839 0.05948205807489837 0.45226015638019135 0.5596679593665166 0.839205106679246 0.4329871756666084 0.24413926462763635 0.6719427824273642 0.9996087520578123 0.0 0.8615732403801383 0.5366810988032937 0.5461289451119435 0.9535595783928794 0.8948923604600443 0.5700429391041316 0.6143730827597637 0.3896182133259296 0.024838391314789265 0.8566726898607758
0.5781491816772505 0.4263280824697173 0.7631098958390267 0.5314217200129207 0.9681571929316923 0.34395606785781174 0.706400373200517 0.4088000245452609 0.14111347569416788 0.8024801475500609 0.8615732403801383 0.0 0.44043325934415656 0.4602855676778006 0.5918237601104428 0.5069452648474254 0.830422086631495 0.15117488486250374 0.7508675595578395 0.9232586905667031 0.18164527682677523
0.5930771920921041 0.13285041068297154 0.3656424281653702 0.23637400989282942 0.2006996755547905 0.2922427466872043 0.17402810389150203 0.8661833480306582 0.6725902073258234 0.5046633154440954 0.5366810988032937 0.44043325934415656 0.0 0.6865038771665707 0.9813058488391978 0.3655947265755757 0.3891249333921568 0.6010759378540429 0.6042468719180175 0.15694247960812868 0.9870556401141378
0.47551319044487894 0.23108650823899446 0.2619985713317754 0.3946063930871485 0.08878035465227341 0.4501369913557576 0.7277737503638578 0.3192656854003334 0.8903910156369587 0.9686646615647553 0.5461289451119435 0.4602855676778006 0.6865038771665707 0.0 0.9084385459150268 0.6120007091411545 0.3008323273912318 0.5642865605770608 0.5481104052828437 0.21625217414387 0.5498291282943504
0.3095607142208131 0.6708052197711053 0.2799723288411836 0.05355923727995582 0.607292080178964 0.5418389692852545 0.2506915355841346 0.6637050908748569 0.2274681865927325 0.7429898500273469 0.9535595783928794 0.5918237601104428 0.9813058488391978 0.9084385459150268 0.0 0.9860865880801166 0.5769962165208127 0.6555350553229813 0.5116849606475034 0.9788634125174969 0.6335835195423514
0.653588023966561 0.13454044094753626 0.10899780500538225 0.7627002587066601 0.9674144205222976 0.01695116332405222 0.880248487581155 0.7507929529031713 0.3798956555451589 0.43322704176402593 0.8948923604600443 0.5069452648474254 0.3655947265755757 0.6120007091411545 0.9860865880801166 0.0 0.9676043493931075 0.20895364318990595 0.19017222400697575 0.04824354087115601 0.628592672321108
0.39867318897347026 0.48787400246918544 0.6954443880394567 0.7117419220841024 0.09820283633312588 0.6729195322314244 0.5022266769079592 0.9369874728319578 0.04071164060524546 0.7415947772876073 0.5700429391041316 0.830422086631495 0.3891249333921568 0.3008323273912318 0.5769962165208127 0.9676043493931075 0.0 0.618220307141456 0.9232627175722071 0.5989339712023154 0.18837572740132436
0.777942575373156 0.06463586812519984 0.5540777445213072 0.971460011231589 0.21519627934601382 0.9754307268654051 0.6798976998403138 0.1642817908238846 0.4709018707780167 0.6641690789045357 0.6143730827597637 0.15117488486250374 0.6010759378540429 0.5642865605770608 0.6555350553229813 0.20895364318990595 0.618220307141456 0.0 0.1067014814883056 0.3635784053940003 0.3188282939621965
0.44997866947984455 0.09376260791258206 0.46110571350927343 0.9290462102246906 0.24361221349148354 0.29225930707969205 0.10858774465607834 0.9704268833621204 0.1957884756096533 0.22564194184325892 0.3896182133259296 0.7508675595578395 0.6042468719180175 0.5481104052828437 0.5116849606475034 0.19017222400697575 0.9232627175722071 0.1067014814883056 0.0 0.2903611558134016 0.3568221171553485
0.7282951971870418 0.5733595636990722 0.6454539635637784 0.04162328162253781 0.28856757897964 0.6098989401215714 0.10070211365374249 0.1256528480408584 0.9875945546568535 0.27201202586592865 0.024838391314789265 0.9232586905667031 0.15694247960812868 0.21625217414387 0.9788634125174969 0.04824354087115601 0.5989339712023154 0.3635784053940003 0.2903611558134016 0.0 0.26403487194749686
0.734117179040484 0.05261847371453987 0.9602440609945435 0.09158431329886141 0.21650690195610367 0.1284126084614038 0.7937592540533737 0.8545790597758819 0.6125277291668179 0.7473815633113201 0.8566726898607758 0.18164527682677523 0.9870556401141378 0.5498291282943504 0.6335835195423514 0.628592672321108 0.18837572740132436 0.3188282939621965 0.3568221171553485 0.26403487194749686 0.0

# Optimal Walk
0 9 14 3 19 10 2 15 5 7 17 11 8 16 13 4 12 20 1 18 6 0
