# MCW Instance
# Type: UNIFORM
# N: 21
# Optimal cost: 1.8532692964178241
# Optimal tour (permutation): [0, 3, 20, 13, 10, 9, 6, 17, 1, 15, 7, 12, 14, 16, 5, 11, 8, 18, 2, 4, 19, 0]
# Optimal walk (full path): [0, 3, 20, 13, 4, 10, 4, 9, 4, 6, 17, 1, 17, 15, 7, 17, 2, 12, 14, 8, 16, 5, 16, 11, 16, 8, 2, 18, 2, 4, 19, 4, 0]
# Walk size: 33
# Is walk (has repeats): true

# Distance Matrix
0.0000000000 0.6938311367 0.2140928600 0.2123183587 0.1343021319 0.5506030168 0.8495667460 0.8169267184 0.1618332744 0.7384005800 0.6232032021 0.7845234497 0.5310092562 0.9731954211 0.3655332833 0.6604272126 0.8713109757 0.3325406234 0.3713693783 0.5084047515 0.4196472347
0.6938311367 0.0000000000 0.7420068628 0.4396672582 0.3308958287 0.6073059851 0.3878586220 0.3429012255 0.1413234118 0.4542414539 0.6797800934 0.1791078553 0.3479435881 0.2165284630 0.9040621554 0.8029176801 0.6409159810 0.1166042675 0.5055136651 0.8063086712 0.8877523132
0.2140928600 0.7420068628 0.0000000000 0.4009572196 0.0154611243 0.3254790192 0.6370268621 0.4162109887 0.0035531300 0.2871513792 0.7062096771 0.8720916919 0.0726871231 0.5757837506 0.9867095800 0.9685546031 0.8392275904 0.0025776419 0.0376907866 0.6043861780 0.0447864759
0.2123183587 0.4396672582 0.4009572196 0.0000000000 0.8878368310 0.2599531272 0.4558859530 0.4311881147 0.5301451653 0.4421432625 0.3167723718 0.7768427852 0.8289952926 0.2537896448 0.7242452496 0.5406038063 0.8519144213 0.8231317283 0.5611766158 0.8882858370 0.1927975626
0.1343021319 0.3308958287 0.0154611243 0.8878368310 0.0000000000 0.8824397471 0.0206914748 0.4873722995 0.5550721647 0.0894979668 0.0469378478 0.3470426000 0.1114827744 0.0411516374 0.1246357168 0.1535004334 0.8416979952 0.1832930787 0.0800328750 0.0046867207 0.2296061659
0.5506030168 0.6073059851 0.3254790192 0.2599531272 0.8824397471 0.0000000000 0.2913904360 0.3771847860 0.1838117513 0.4140802623 0.4466379237 0.2460149741 0.6277430227 0.1301569468 0.4650337242 0.8624012657 0.0441368221 0.5519875699 0.5501679207 0.7155720557 0.2103027608
0.8495667460 0.3878586220 0.6370268621 0.4558859530 0.0206914748 0.2913904360 0.0000000000 0.4545849915 0.5352296598 0.2443864708 0.8471427396 0.9483019192 0.4557187158 0.8016107122 0.6031064166 0.4081422997 0.3515741974 0.0140922387 0.1059580590 0.1194202601 0.1359086244
0.8169267184 0.3429012255 0.4162109887 0.4311881147 0.4873722995 0.3771847860 0.4545849915 0.0000000000 0.6467725290 0.7442498064 0.5919457365 0.0872630296 0.1497680935 0.8257493397 0.4568299160 0.0232745274 0.1702885831 0.0266702065 0.3531671675 0.4958752387 0.4449498321
0.1618332744 0.1413234118 0.0035531300 0.5301451653 0.5550721647 0.1838117513 0.5352296598 0.6467725290 0.0000000000 0.5934057230 0.2362650469 0.4116170460 0.6530787103 0.5875682467 0.0947573430 0.3254442366 0.0078959179 0.5754874111 0.1508495045 0.2822115633 0.5900015914
0.7384005800 0.4542414539 0.2871513792 0.4421432625 0.0894979668 0.4140802623 0.2443864708 0.7442498064 0.5934057230 0.0000000000 0.5549223549 0.2361096843 0.4874728407 0.6863779037 0.5845948849 0.1846330278 0.2775411171 0.6881619790 0.5362515295 0.7660702886 0.8285481620
0.6232032021 0.6797800934 0.7062096771 0.3167723718 0.0469378478 0.4466379237 0.8471427396 0.5919457365 0.2362650469 0.5549223549 0.0000000000 0.4217310208 0.6243145391 0.8929266914 0.7952076378 0.1401813299 0.8847830202 0.5797003135 0.6022130549 0.7860713141 0.5728973435
0.7845234497 0.1791078553 0.8720916919 0.7768427852 0.3470426000 0.2460149741 0.9483019192 0.0872630296 0.4116170460 0.2361096843 0.4217310208 0.0000000000 0.4058438328 0.4246775761 0.5513379787 0.5281810282 0.0401971399 0.9887501399 0.2065855417 0.9158265882 0.7214528848
0.5310092562 0.3479435881 0.0726871231 0.8289952926 0.1114827744 0.6277430227 0.4557187158 0.1497680935 0.6530787103 0.4874728407 0.6243145391 0.4058438328 0.0000000000 0.1995182087 0.1494833493 0.3949925534 0.4573804061 0.2605344723 0.6308001523 0.6874311341 0.1049483021
0.9731954211 0.2165284630 0.5757837506 0.2537896448 0.0411516374 0.1301569468 0.8016107122 0.8257493397 0.5875682467 0.6863779037 0.8929266914 0.4246775761 0.1995182087 0.0000000000 0.3877810465 0.1566400789 0.7239670577 0.4241492749 0.4406116339 0.6367352822 0.0317002203
0.3655332833 0.9040621554 0.9867095800 0.7242452496 0.1246357168 0.4650337242 0.6031064166 0.4568299160 0.0947573430 0.5845948849 0.7952076378 0.5513379787 0.1494833493 0.3877810465 0.0000000000 0.6602456429 0.7931883880 0.4511887520 0.7914056170 0.2023171396 0.5521568972
0.6604272126 0.8029176801 0.9685546031 0.5406038063 0.1535004334 0.8624012657 0.4081422997 0.0232745274 0.3254442366 0.1846330278 0.1401813299 0.5281810282 0.3949925534 0.1566400789 0.6602456429 0.0000000000 0.2418505402 0.0424562876 0.3904074940 0.7897793162 0.8995490819
0.8713109757 0.6409159810 0.8392275904 0.8519144213 0.8416979952 0.0441368221 0.3515741974 0.1702885831 0.0078959179 0.2775411171 0.8847830202 0.0401971399 0.4573804061 0.7239670577 0.7931883880 0.2418505402 0.0000000000 0.8416962696 0.5992299576 0.8064720817 0.9146884260
0.3325406234 0.1166042675 0.0025776419 0.8231317283 0.1832930787 0.5519875699 0.0140922387 0.0266702065 0.5754874111 0.6881619790 0.5797003135 0.9887501399 0.2605344723 0.4241492749 0.4511887520 0.0424562876 0.8416962696 0.0000000000 0.7930418453 0.3133058307 0.5626714712
0.3713693783 0.5055136651 0.0376907866 0.5611766158 0.0800328750 0.5501679207 0.1059580590 0.3531671675 0.1508495045 0.5362515295 0.6022130549 0.2065855417 0.6308001523 0.4406116339 0.7914056170 0.3904074940 0.5992299576 0.7930418453 0.0000000000 0.9862620507 0.2561916420
0.5084047515 0.8063086712 0.6043861780 0.8882858370 0.0046867207 0.7155720557 0.1194202601 0.4958752387 0.2822115633 0.7660702886 0.7860713141 0.9158265882 0.6874311341 0.6367352822 0.2023171396 0.7897793162 0.8064720817 0.3133058307 0.9862620507 0.0000000000 0.0265746197
0.4196472347 0.8877523132 0.0447864759 0.1927975626 0.2296061659 0.2103027608 0.1359086244 0.4449498321 0.5900015914 0.8285481620 0.5728973435 0.7214528848 0.1049483021 0.0317002203 0.5521568972 0.8995490819 0.9146884260 0.5626714712 0.2561916420 0.0265746197 0.0000000000
