# Graph size: 21
# Optimal cost: 1.3905072921508985

# Distance Matrix
0.0 0.21082894026077714 0.46109314452359373 0.9497217736388157 0.2875819037748335 0.5121547520918118 0.05174217481607901 0.4638006660043693 0.16667974423483956 0.34490538046039143 0.00594864349202151 0.14515641942369384 0.9024539974004151 0.21384388832945256 0.29624561725290466 0.8072991622226264 0.8202781452921198 0.6613901343713562 0.25643695569411384 0.6656385768433155 0.9076272083880607
0.21082894026077714 0.0 0.6895270557499074 0.6492872653764112 0.9186352874031918 0.269730486752522 0.261862309146489 0.34827978103590207 0.8202555160568904 0.9089023057948756 0.40760434858675065 0.121265916853177 0.29332034571231647 0.9877375976746093 0.8251883498798108 0.9813687724329189 0.27494207094455414 0.10452301263803321 0.0405145148272944 0.579292364702631 0.4080918988714859
0.46109314452359373 0.6895270557499074 0.0 0.008628578380973528 0.11323714743449886 0.15122717899784155 0.39744466402384615 0.6143088903156463 0.6042698882475072 0.6078318630447981 0.33299805052270137 0.13325667469868352 0.018648878212290887 0.45230969191523895 0.5515650131865603 0.6394159607008794 0.22012263690114986 0.3493879875030609 0.15408986352255227 0.40397592398171245 0.37731292090983504
0.9497217736388157 0.6492872653764112 0.008628578380973528 0.0 0.33204694120050815 0.12584015145793737 0.8941307662543578 0.8460188000089367 0.8291343775745746 0.11687776091873447 0.4161044762887204 0.018211674247731402 0.924540990957248 0.3318144261299859 0.0011045109983780499 0.5754958587619258 0.5174004794772264 0.6507083909367286 0.2822809746520213 0.773286283819432 0.34281779704241555
0.2875819037748335 0.9186352874031918 0.11323714743449886 0.33204694120050815 0.0 0.057060235130768966 0.7914334222822323 0.3516806929645604 0.13391739680616366 0.6842181569075793 0.3161203522965298 0.41998078167078 0.5585431908203516 0.3081034426529279 0.7009913726851232 0.19404369138330535 0.9477303921918785 0.9120197061999759 0.7515751401718721 0.7791203412835513 0.24810843487140644
0.5121547520918118 0.269730486752522 0.15122717899784155 0.12584015145793737 0.057060235130768966 0.0 0.028409896627152875 0.7044214011748798 0.28556565165946357 0.07668409513880858 0.9227774673288669 0.06440848619426476 0.4407805613557102 0.23399156415896383 0.3265891614272237 0.47819210581372784 0.5179732898061798 0.540386728268442 0.34882867086483904 0.7121855234537282 0.8408036077116132
0.05174217481607901 0.261862309146489 0.39744466402384615 0.8941307662543578 0.7914334222822323 0.028409896627152875 0.0 0.40030101300601306 0.3999718660405919 0.7341250479404241 0.34270006220344407 0.07055953380575741 0.44750605507520225 0.35918868528621095 0.660617553040168 0.2114075551205492 0.688716818344027 0.9148000267390981 0.025228142462841885 0.9326777646870504 0.7743183864472074
0.4638006660043693 0.34827978103590207 0.6143088903156463 0.8460188000089367 0.3516806929645604 0.7044214011748798 0.40030101300601306 0.0 0.9026639099399968 0.773015302587725 0.2125707962506319 0.04560403984914041 0.6922434924061837 0.6504682188229606 0.26280938487507577 0.8581453163993045 0.866803459395839 0.2065490655240979 0.14146674589728336 0.9566703111415659 0.9613073964100358
0.16667974423483956 0.8202555160568904 0.6042698882475072 0.8291343775745746 0.13391739680616366 0.28556565165946357 0.3999718660405919 0.9026639099399968 0.0 0.47683296189778246 0.6735578507101357 0.038602369054738905 0.9808719299917464 0.8511969612741681 0.5295222382794766 0.09784295769551343 0.26914390351680983 0.48666064217445437 0.13301502102549678 0.87573287195604 0.00788141037986323
0.34490538046039143 0.9089023057948756 0.6078318630447981 0.11687776091873447 0.6842181569075793 0.07668409513880858 0.7341250479404241 0.773015302587725 0.47683296189778246 0.0 0.8779577726875323 0.9219629748485573 0.762728786662442 0.8721827350859764 0.23064506745773405 0.3706306647133135 0.7921826320452774 0.14022247622507578 0.09503015966716621 0.0954811150085384 0.9467136584464112
0.00594864349202151 0.40760434858675065 0.33299805052270137 0.4161044762887204 0.3161203522965298 0.9227774673288669 0.34270006220344407 0.2125707962506319 0.6735578507101357 0.8779577726875323 0.0 0.8620170674979465 0.3139282377011152 0.31390474012931047 0.8580138335125124 0.5286567313036298 0.7132326506033697 0.902428673249554 0.1225296707200777 0.05160452424918449 0.12151168625625397
0.14515641942369384 0.121265916853177 0.13325667469868352 0.018211674247731402 0.41998078167078 0.06440848619426476 0.07055953380575741 0.04560403984914041 0.038602369054738905 0.9219629748485573 0.8620170674979465 0.0 0.3098085946474367 0.878314310014612 0.7610775471584871 0.24332052406828764 0.6204431634409705 0.9924457292665436 0.5631891483243799 0.6306430316405711 0.1348414450172578
0.9024539974004151 0.29332034571231647 0.018648878212290887 0.924540990957248 0.5585431908203516 0.4407805613557102 0.44750605507520225 0.6922434924061837 0.9808719299917464 0.762728786662442 0.3139282377011152 0.3098085946474367 0.0 0.19375851140465505 0.3574451207516387 0.49785603967830516 0.9364114877211204 0.7522378351005098 0.3093510498432459 0.4078338057121992 0.04762842839633186
0.21384388832945256 0.9877375976746093 0.45230969191523895 0.3318144261299859 0.3081034426529279 0.23399156415896383 0.35918868528621095 0.6504682188229606 0.8511969612741681 0.8721827350859764 0.31390474012931047 0.878314310014612 0.19375851140465505 0.0 0.854276339825842 0.5973020328835257 0.9202880486232246 0.9436786522911902 0.6520956296637409 0.8085896081409382 0.13816494079111752
0.29624561725290466 0.8251883498798108 0.5515650131865603 0.0011045109983780499 0.7009913726851232 0.3265891614272237 0.660617553040168 0.26280938487507577 0.5295222382794766 0.23064506745773405 0.8580138335125124 0.7610775471584871 0.3574451207516387 0.854276339825842 0.0 0.38796632394001285 0.0759862125630425 0.24627574719475043 0.7138972565050065 0.78140712128571 0.8896209687547539
0.8072991622226264 0.9813687724329189 0.6394159607008794 0.5754958587619258 0.19404369138330535 0.47819210581372784 0.2114075551205492 0.8581453163993045 0.09784295769551343 0.3706306647133135 0.5286567313036298 0.24332052406828764 0.49785603967830516 0.5973020328835257 0.38796632394001285 0.0 0.026846602904693984 0.2845360635720312 0.47622331677731533 0.14154848925298702 0.9979740164533918
0.8202781452921198 0.27494207094455414 0.22012263690114986 0.5174004794772264 0.9477303921918785 0.5179732898061798 0.688716818344027 0.866803459395839 0.26914390351680983 0.7921826320452774 0.7132326506033697 0.6204431634409705 0.9364114877211204 0.9202880486232246 0.0759862125630425 0.026846602904693984 0.0 0.4932636383715624 0.7949934878847269 0.12007523835108691 0.1863756229122645
0.6613901343713562 0.10452301263803321 0.3493879875030609 0.6507083909367286 0.9120197061999759 0.540386728268442 0.9148000267390981 0.2065490655240979 0.48666064217445437 0.14022247622507578 0.902428673249554 0.9924457292665436 0.7522378351005098 0.9436786522911902 0.24627574719475043 0.2845360635720312 0.4932636383715624 0.0 0.7245148815102901 0.8169989713105085 0.1540955090875279
0.25643695569411384 0.0405145148272944 0.15408986352255227 0.2822809746520213 0.7515751401718721 0.34882867086483904 0.025228142462841885 0.14146674589728336 0.13301502102549678 0.09503015966716621 0.1225296707200777 0.5631891483243799 0.3093510498432459 0.6520956296637409 0.7138972565050065 0.47622331677731533 0.7949934878847269 0.7245148815102901 0.0 0.6976797178994941 0.4309119880157354
0.6656385768433155 0.579292364702631 0.40397592398171245 0.773286283819432 0.7791203412835513 0.7121855234537282 0.9326777646870504 0.9566703111415659 0.87573287195604 0.0954811150085384 0.05160452424918449 0.6306430316405711 0.4078338057121992 0.8085896081409382 0.78140712128571 0.14154848925298702 0.12007523835108691 0.8169989713105085 0.6976797178994941 0.0 0.34644843030229966
0.9076272083880607 0.4080918988714859 0.37731292090983504 0.34281779704241555 0.24810843487140644 0.8408036077116132 0.7743183864472074 0.9613073964100358 0.00788141037986323 0.9467136584464112 0.12151168625625397 0.1348414450172578 0.04762842839633186 0.13816494079111752 0.8896209687547539 0.9979740164533918 0.1863756229122645 0.1540955090875279 0.4309119880157354 0.34644843030229966 0.0

# Optimal Walk
0 10 19 16 15 8 20 13 12 2 14 3 11 7 5 4 9 17 1 18 6 0
