# MCW Instance
# Type: UNIFORM
# N: 21
# Optimal cost: 2.1755436455672936
# Optimal tour (permutation): [0, 10, 16, 15, 7, 6, 20, 3, 13, 8, 14, 12, 5, 19, 11, 1, 9, 18, 2, 17, 4, 0]
# Optimal walk (full path): [0, 10, 16, 15, 7, 6, 20, 3, 13, 8, 14, 12, 5, 1, 11, 19, 11, 1, 9, 1, 18, 2, 4, 17, 4, 0]
# Walk size: 26
# Is walk (has repeats): true

# Distance Matrix
0.0000000000 0.7711030994 0.9540509386 0.9351513310 0.2284412547 0.5872888116 0.3380321000 0.2224901122 0.2330396217 0.5443851848 0.1922229908 0.2800863196 0.4364779505 0.8661207559 0.3328332108 0.4014084102 0.8665820980 0.5249456015 0.5499176331 0.4179143051 0.5174423622
0.7711030994 0.0000000000 0.1720533404 0.8035892896 0.7936588497 0.1662245769 0.1265015575 0.9170515983 0.7438587205 0.0360591717 0.1619860750 0.0179455242 0.6125525754 0.9476168508 0.6433020904 0.8945460181 0.3235957447 0.9076432784 0.1592508753 0.3796312554 0.5795807273
0.9540509386 0.1720533404 0.0000000000 0.9196400957 0.1747276992 0.8523870944 0.6248761992 0.1700426812 0.3819532150 0.9574985433 0.8118283361 0.6426596462 0.3692869253 0.6806188005 0.9132707718 0.6448029739 0.9457881901 0.9906956786 0.1098399419 0.6904522138 0.9606662671
0.9351513310 0.8035892896 0.9196400957 0.0000000000 0.3621740875 0.8471950740 0.6789589550 0.7389882016 0.6238825532 0.3060931557 0.3322137761 0.3184893684 0.7464506694 0.0573707328 0.4088600233 0.5170580129 0.3763934557 0.5842364023 0.3010541159 0.4864422308 0.1525376629
0.2284412547 0.7936588497 0.1747276992 0.3621740875 0.0000000000 0.7458788079 0.2374356123 0.8149537766 0.0992541088 0.9292470413 0.4653844673 0.4304200715 0.6809993713 0.5899616669 0.4663067302 0.5243621238 0.4239588185 0.1186660975 0.4696045524 0.4693526710 0.3631224939
0.5872888116 0.1662245769 0.8523870944 0.8471950740 0.7458788079 0.0000000000 0.4857297518 0.2741498537 0.2337356188 0.9569141736 0.9150659684 0.6604951475 0.1113639897 0.5265328819 0.9169291981 0.4827197538 0.6787407391 0.7234555596 0.3699073031 0.8657224241 0.7679226379
0.3380321000 0.1265015575 0.6248761992 0.6789589550 0.2374356123 0.4857297518 0.0000000000 0.0060882315 0.9839269859 0.8019370038 0.9007748116 0.6153425304 0.3989412052 0.8408603597 0.0686392671 0.0789529187 0.3780694713 0.4954468895 0.9612079966 0.8456396380 0.0393132575
0.2224901122 0.9170515983 0.1700426812 0.7389882016 0.8149537766 0.2741498537 0.0060882315 0.0000000000 0.4513375603 0.7493672379 0.2527611199 0.8365706580 0.6580555230 0.3090065793 0.6648885169 0.0485252316 0.9057145007 0.3362626387 0.2857746688 0.8630866466 0.5464499783
0.2330396217 0.7438587205 0.3819532150 0.6238825532 0.0992541088 0.2337356188 0.9839269859 0.4513375603 0.0000000000 0.1493939368 0.8424779651 0.7554111376 0.6066977838 0.0984601664 0.0679417714 0.7491322855 0.6546080480 0.4112052833 0.6671178856 0.3232836168 0.4362971938
0.5443851848 0.0360591717 0.9574985433 0.3060931557 0.9292470413 0.9569141736 0.8019370038 0.7493672379 0.1493939368 0.0000000000 0.9920208790 0.2417627838 0.1814963484 0.4753043271 0.1605925245 0.4703234660 0.8354070133 0.5415323622 0.5678082606 0.6918694204 0.9708115242
0.1922229908 0.1619860750 0.8118283361 0.3322137761 0.4653844673 0.9150659684 0.9007748116 0.2527611199 0.8424779651 0.9920208790 0.0000000000 0.1391188281 0.5587355390 0.9268159875 0.8629533281 0.9370947079 0.0659486631 0.2822236194 0.6864354631 0.3723540799 0.7112159585
0.2800863196 0.0179455242 0.6426596462 0.3184893684 0.4304200715 0.6604951475 0.6153425304 0.8365706580 0.7554111376 0.2417627838 0.1391188281 0.0000000000 0.6357463063 0.4255973547 0.4913714492 0.1695324834 0.4698421727 0.2327990652 0.4652673842 0.0067098311 0.7366472736
0.4364779505 0.6125525754 0.3692869253 0.7464506694 0.6809993713 0.1113639897 0.3989412052 0.6580555230 0.6066977838 0.1814963484 0.5587355390 0.6357463063 0.0000000000 0.5049072072 0.1122375497 0.1402124887 0.6739536970 0.6523782801 0.1920240550 0.7926553796 0.5640215439
0.8661207559 0.9476168508 0.6806188005 0.0573707328 0.5899616669 0.5265328819 0.8408603597 0.3090065793 0.0984601664 0.4753043271 0.9268159875 0.4255973547 0.5049072072 0.0000000000 0.5206865919 0.1990219859 0.3083550470 0.5294936890 0.6904458341 0.8737783536 0.4855521449
0.3328332108 0.6433020904 0.9132707718 0.4088600233 0.4663067302 0.9169291981 0.0686392671 0.6648885169 0.0679417714 0.1605925245 0.8629533281 0.4913714492 0.1122375497 0.5206865919 0.0000000000 0.5944708388 0.4304247725 0.6770546090 0.1404010995 0.4038444704 0.9067587728
0.4014084102 0.8945460181 0.6448029739 0.5170580129 0.5243621238 0.4827197538 0.0789529187 0.0485252316 0.7491322855 0.4703234660 0.9370947079 0.1695324834 0.1402124887 0.1990219859 0.5944708388 0.0000000000 0.0262878010 0.4635476272 0.1902728705 0.3620110198 0.1811997864
0.8665820980 0.3235957447 0.9457881901 0.3763934557 0.4239588185 0.6787407391 0.3780694713 0.9057145007 0.6546080480 0.8354070133 0.0659486631 0.4698421727 0.6739536970 0.3083550470 0.4304247725 0.0262878010 0.0000000000 0.3560927731 0.8057259243 0.3693384679 0.2834677078
0.5249456015 0.9076432784 0.9906956786 0.5842364023 0.1186660975 0.7234555596 0.4954468895 0.3362626387 0.4112052833 0.5415323622 0.2822236194 0.2327990652 0.6523782801 0.5294936890 0.6770546090 0.4635476272 0.3560927731 0.0000000000 0.3389679175 0.8933124453 0.9398691605
0.5499176331 0.1592508753 0.1098399419 0.3010541159 0.4696045524 0.3699073031 0.9612079966 0.2857746688 0.6671178856 0.5678082606 0.6864354631 0.4652673842 0.1920240550 0.6904458341 0.1404010995 0.1902728705 0.8057259243 0.3389679175 0.0000000000 0.2047831787 0.8182219114
0.4179143051 0.3796312554 0.6904522138 0.4864422308 0.4693526710 0.8657224241 0.8456396380 0.8630866466 0.3232836168 0.6918694204 0.3723540799 0.0067098311 0.7926553796 0.8737783536 0.4038444704 0.3620110198 0.3693384679 0.8933124453 0.2047831787 0.0000000000 0.5651432990
0.5174423622 0.5795807273 0.9606662671 0.1525376629 0.3631224939 0.7679226379 0.0393132575 0.5464499783 0.4362971938 0.9708115242 0.7112159585 0.7366472736 0.5640215439 0.4855521449 0.9067587728 0.1811997864 0.2834677078 0.9398691605 0.8182219114 0.5651432990 0.0000000000
