# Graph size: 21
# Optimal cost: 3.0740043990873738

# Distance Matrix
0.0 0.7907876670980847 0.7503790121070135 0.5188222337683333 0.31650072569835286 0.2582780583073837 0.8772946173309445 0.18542003179238098 0.28549514503621254 0.5513484205858783 0.7524169512643555 0.9960711957577764 0.512656121145594 0.49904893220487456 0.7823321847337933 0.4592204400024893 0.3769197514238336 0.9252307578212056 0.711930769868232 0.9667404728681487 0.3797750394577588
0.7907876670980847 0.0 0.9037741493155418 0.49408482163420553 0.6721650680883031 0.32430633293844646 0.09400192773739036 0.854723257048266 0.60293221792556 0.13019995631506953 0.9212022772475276 0.07335405890347224 0.9400168268472596 0.7427538484268634 0.27441018793514593 0.25787324383557697 0.5711851492996997 0.24334205393583308 0.08207351459706247 0.18253845605084318 0.478204037242686
0.7503790121070135 0.9037741493155418 0.0 0.449450951325025 0.5959569663604358 0.5792745284708731 0.2536896949460701 0.0043174787435196205 0.4646129338158326 0.625017362304383 0.059882622895395365 0.1993641434880531 0.7099752339642689 0.2515912976488901 0.6394862495864064 0.5470391554474738 0.5341082245842345 0.8196545714183782 0.5678092903332158 0.42733478496960897 0.4778704261797885
0.5188222337683333 0.49408482163420553 0.449450951325025 0.0 0.6445363372967162 0.7958024255832606 0.9681703142303767 0.829227986815879 0.8393276068739329 0.6751820786059756 0.6879908128325131 0.3361804484924006 0.9493781215925754 0.07968577783646169 0.32834617458293136 0.2177372072892847 0.8923892719343549 0.9406043059708851 0.7348798453617447 0.18611044083663086 0.7895833792964095
0.31650072569835286 0.6721650680883031 0.5959569663604358 0.6445363372967162 0.0 0.500088322841686 0.6070699052259896 0.6942657380641218 0.37596759610274055 0.852328407014548 0.430229681223974 0.9051992607785481 0.8115008908227067 0.8905586244336932 0.9276891919018823 0.9427864479308524 0.8800103281556209 0.6069358294775737 0.9267423856570035 0.8287732782610561 0.7589932864902692
0.2582780583073837 0.32430633293844646 0.5792745284708731 0.7958024255832606 0.500088322841686 0.0 0.8026984145549717 0.6188595846292338 0.1364590066121576 0.7709803233669167 0.657609133970736 0.8128284575210102 0.7988441214959285 0.7859227111380772 0.2805393949124826 0.9289008891478002 0.6974955929853872 0.2341081911629005 0.3171526074096801 0.16268712773393534 0.62810651067227
0.8772946173309445 0.09400192773739036 0.2536896949460701 0.9681703142303767 0.6070699052259896 0.8026984145549717 0.0 0.010396745562332388 0.9259968078836316 0.4594529455109644 0.9897049117275192 0.9031080665346745 0.9509178239297685 0.6826390668560757 0.07669248378915183 0.564680844844608 0.9155558472172535 0.6348369020902348 0.166370668090828 0.45626329613195693 0.5447900394249713
0.18542003179238098 0.854723257048266 0.0043174787435196205 0.829227986815879 0.6942657380641218 0.6188595846292338 0.010396745562332388 0.0 0.3951178429188651 0.6893382034361712 0.6446836318721259 0.8783472063180982 0.7735283652022836 0.6461207138473996 0.8077877757048163 0.683392039736906 0.5517262955041922 0.09061949236748734 0.3129210304486044 0.7957682593436917 0.5781485698757756
0.28549514503621254 0.60293221792556 0.4646129338158326 0.8393276068739329 0.37596759610274055 0.1364590066121576 0.9259968078836316 0.3951178429188651 0.0 0.9394432003752065 0.7733694988491464 0.22366138079200149 0.7167640703116961 0.585912681573856 0.058865732758891065 0.3328054650969071 0.11037987001213545 0.7985059593744595 0.33880259761490517 0.19895752895417584 0.21263268138606117
0.5513484205858783 0.13019995631506953 0.625017362304383 0.6751820786059756 0.852328407014548 0.7709803233669167 0.4594529455109644 0.6893382034361712 0.9394432003752065 0.0 0.1657365834220902 0.37058820165266115 0.2612152265506006 0.5672118648208594 0.9129353652305647 0.910613786732399 0.7388549516497155 0.36852414407607514 0.26113224062169293 0.8215954268389126 0.8847184607115146
0.7524169512643555 0.9212022772475276 0.059882622895395365 0.6879908128325131 0.430229681223974 0.657609133970736 0.9897049117275192 0.6446836318721259 0.7733694988491464 0.1657365834220902 0.0 0.42492419901319745 0.624210921864143 0.17758988689640753 0.03977861437768093 0.26379965765618363 0.8477364498526037 0.42677349389550934 0.6263657465813591 0.7672126442074553 0.38133168652340954
0.9960711957577764 0.07335405890347224 0.1993641434880531 0.3361804484924006 0.9051992607785481 0.8128284575210102 0.9031080665346745 0.8783472063180982 0.22366138079200149 0.37058820165266115 0.42492419901319745 0.0 0.4621123314128487 0.6716377926014929 0.9074644626386907 0.7462053457353566 0.27134077378136867 0.188229222343686 0.8638641786547778 0.9104112278447881 0.6902051602844259
0.512656121145594 0.9400168268472596 0.7099752339642689 0.9493781215925754 0.8115008908227067 0.7988441214959285 0.9509178239297685 0.7735283652022836 0.7167640703116961 0.2612152265506006 0.624210921864143 0.4621123314128487 0.0 0.7556149452076708 0.04514503133237102 0.21664437925371915 0.6667172627643227 0.9435772725200164 0.31638803781711056 0.32085668674467327 0.35920265190911715
0.49904893220487456 0.7427538484268634 0.2515912976488901 0.07968577783646169 0.8905586244336932 0.7859227111380772 0.6826390668560757 0.6461207138473996 0.585912681573856 0.5672118648208594 0.17758988689640753 0.6716377926014929 0.7556149452076708 0.0 0.7982653866640212 0.03497505195177264 0.19470090925588268 0.3372168730016709 0.4716883624883582 0.3370082219382039 0.6207888237327283
0.7823321847337933 0.27441018793514593 0.6394862495864064 0.32834617458293136 0.9276891919018823 0.2805393949124826 0.07669248378915183 0.8077877757048163 0.058865732758891065 0.9129353652305647 0.03977861437768093 0.9074644626386907 0.04514503133237102 0.7982653866640212 0.0 0.13194261218020875 0.21708440770570037 0.4837964467893613 0.7669755697809207 0.3914686581718666 0.39546042618601795
0.4592204400024893 0.25787324383557697 0.5470391554474738 0.2177372072892847 0.9427864479308524 0.9289008891478002 0.564680844844608 0.683392039736906 0.3328054650969071 0.910613786732399 0.26379965765618363 0.7462053457353566 0.21664437925371915 0.03497505195177264 0.13194261218020875 0.0 0.9774242319736798 0.36435895648576233 0.9363921491645687 0.842697812649449 0.5850812663565965
0.3769197514238336 0.5711851492996997 0.5341082245842345 0.8923892719343549 0.8800103281556209 0.6974955929853872 0.9155558472172535 0.5517262955041922 0.11037987001213545 0.7388549516497155 0.8477364498526037 0.27134077378136867 0.6667172627643227 0.19470090925588268 0.21708440770570037 0.9774242319736798 0.0 0.7334088777057456 0.08247330500777961 0.9319716652009441 0.37374619802386033
0.9252307578212056 0.24334205393583308 0.8196545714183782 0.9406043059708851 0.6069358294775737 0.2341081911629005 0.6348369020902348 0.09061949236748734 0.7985059593744595 0.36852414407607514 0.42677349389550934 0.188229222343686 0.9435772725200164 0.3372168730016709 0.4837964467893613 0.36435895648576233 0.7334088777057456 0.0 0.40361905287438316 0.6996115582670884 0.9328323070975841
0.711930769868232 0.08207351459706247 0.5678092903332158 0.7348798453617447 0.9267423856570035 0.3171526074096801 0.166370668090828 0.3129210304486044 0.33880259761490517 0.26113224062169293 0.6263657465813591 0.8638641786547778 0.31638803781711056 0.4716883624883582 0.7669755697809207 0.9363921491645687 0.08247330500777961 0.40361905287438316 0.0 0.3499814376135678 0.35429896778779835
0.9667404728681487 0.18253845605084318 0.42733478496960897 0.18611044083663086 0.8287732782610561 0.16268712773393534 0.45626329613195693 0.7957682593436917 0.19895752895417584 0.8215954268389126 0.7672126442074553 0.9104112278447881 0.32085668674467327 0.3370082219382039 0.3914686581718666 0.842697812649449 0.9319716652009441 0.6996115582670884 0.3499814376135678 0.0 0.6102011508014605
0.3797750394577588 0.478204037242686 0.4778704261797885 0.7895833792964095 0.7589932864902692 0.62810651067227 0.5447900394249713 0.5781485698757756 0.21263268138606117 0.8847184607115146 0.38133168652340954 0.6902051602844259 0.35920265190911715 0.6207888237327283 0.39546042618601795 0.5850812663565965 0.37374619802386033 0.9328323070975841 0.35429896778779835 0.6102011508014605 0.0

# Optimal Walk
0 5 19 3 13 15 14 12 10 2 7 6 17 11 9 1 18 16 20 8 4 0
