# Graph size: 21
# Optimal cost: 1.7271258746551186

# Distance Matrix
0.0 0.4440512725172939 0.0010265306884381653 0.0348499321415815 0.3085115873012476 0.5183020591756863 0.18385517885960656 0.8228300789290767 0.1629251989032735 0.3766814414537988 0.7337601112022499 0.50551722976878 0.5096297348826273 0.5981057661655468 0.4957906723050628 0.812464068711374 0.24381927910970258 0.519598840516892 0.8020629931881068 0.24651620738146662 0.8111539868562927
0.4440512725172939 0.0 0.5541236063623548 0.1809657646780335 0.3043888734581631 0.7317778527664224 0.8856274444800435 0.3402848177551562 0.6916596329212692 0.24360788302559344 0.02204436169252344 0.6054299950065531 0.38450285113463323 0.5121905543134122 0.25047393455768785 0.6589857122698966 0.719592882760352 0.9100860942245159 0.3834837449975086 0.12409646770777805 0.3039544093091179
0.0010265306884381653 0.5541236063623548 0.0 0.45565442744117257 0.31145823665232375 0.2617372425692239 0.42814025855958826 0.6192815494678112 0.7831437721474906 0.810708056814401 0.8389681308211165 0.3544983816410705 0.5250159738437455 0.7892304481875345 0.1821498602204582 0.3921087331351589 0.2798223314018854 0.8983138088145851 0.1604975322597898 0.5473568659369711 0.5956291579172542
0.0348499321415815 0.1809657646780335 0.45565442744117257 0.0 0.019597107046455897 0.46999332948297146 0.033329280942805406 0.22892912021398115 0.1841619084834717 0.8738606748103191 0.5481991809868882 0.8388414633541422 0.30385087151938717 0.35387643972049154 0.2095865585243769 0.2441642128092566 0.9029152777863807 0.1385149997624301 0.24622052664312777 0.8910139540958787 0.06535411684561454
0.3085115873012476 0.3043888734581631 0.31145823665232375 0.019597107046455897 0.0 0.5491171668587245 0.725254792580762 0.3360152275689996 0.8220963286939516 0.02812763059021106 0.49300113910442955 0.4884781503976773 0.24221697244283036 0.4175472542226528 0.9375098184003727 0.0747299759469715 0.563666858032957 0.5410971339179151 0.14333989042006434 0.2887419261032612 0.8015346974677869
0.5183020591756863 0.7317778527664224 0.2617372425692239 0.46999332948297146 0.5491171668587245 0.0 0.4101934070497767 0.5020268423463271 0.8754201223664827 0.4056494785531657 0.9216833761616492 0.8661681605870083 0.956405235415216 0.7043698190198497 0.7443947478716342 0.8907123501670856 0.7529526846715574 0.06769685000547043 0.20190157992034774 0.2919507945844063 0.9864413010537771
0.18385517885960656 0.8856274444800435 0.42814025855958826 0.033329280942805406 0.725254792580762 0.4101934070497767 0.0 0.9503848888633758 0.35051236302815736 0.3728754628695392 0.14428518025103831 0.23451482874017493 0.1243364941996169 0.3129800216416718 0.9874999276023146 0.5810326421421316 0.37338757896741515 0.40124589336282057 0.6459010462436313 0.8210459262805254 0.8560335946551303
0.8228300789290767 0.3402848177551562 0.6192815494678112 0.22892912021398115 0.3360152275689996 0.5020268423463271 0.9503848888633758 0.0 0.6029686349943738 0.39788895191197393 0.7702093320052907 0.7637048358482048 0.5942441855914479 0.7640012656026111 0.23331932204025085 0.15362296716884283 0.6723488831189641 0.8568902037910916 0.3812778671560314 0.7444156108335286 0.7559105772527881
0.1629251989032735 0.6916596329212692 0.7831437721474906 0.1841619084834717 0.8220963286939516 0.8754201223664827 0.35051236302815736 0.6029686349943738 0.0 0.02510871566947981 0.1288734406605876 0.8898323364592873 0.025683005622047284 0.704066234721003 0.6193666976056286 0.18737989189176507 0.6248989054249278 0.044741238090524105 0.4306578085221301 0.10154573495482655 0.2375919914351149
0.3766814414537988 0.24360788302559344 0.810708056814401 0.8738606748103191 0.02812763059021106 0.4056494785531657 0.3728754628695392 0.39788895191197393 0.02510871566947981 0.0 0.3292139121523808 0.6578508297749015 0.18538078277564385 0.29394166523193943 0.40180989457149896 0.5983199093343388 0.9695634764190032 0.013608529743350362 0.3456212637835898 0.36792131110668247 0.3546692242835734
0.7337601112022499 0.02204436169252344 0.8389681308211165 0.5481991809868882 0.49300113910442955 0.9216833761616492 0.14428518025103831 0.7702093320052907 0.1288734406605876 0.3292139121523808 0.0 0.49119255891624536 0.4163986084700597 0.4107837310063074 0.3902204436469203 0.5523605897383959 0.8092839450466804 0.5301493045608467 0.6531945540344585 0.16485262309332493 0.1785812171369151
0.50551722976878 0.6054299950065531 0.3544983816410705 0.8388414633541422 0.4884781503976773 0.8661681605870083 0.23451482874017493 0.7637048358482048 0.8898323364592873 0.6578508297749015 0.49119255891624536 0.0 0.7640259099661334 0.04901812375379577 0.775491875295167 0.9567371703101226 0.1569509813968608 0.7496774651774658 0.062486413119498985 0.42593258949073953 0.23795600867030264
0.5096297348826273 0.38450285113463323 0.5250159738437455 0.30385087151938717 0.24221697244283036 0.956405235415216 0.1243364941996169 0.5942441855914479 0.025683005622047284 0.18538078277564385 0.4163986084700597 0.7640259099661334 0.0 0.15642742272636778 0.24172515107835402 0.1841598610035109 0.8048596580891932 0.22868143644516192 0.2464343397986184 0.11738976668259238 0.4363070187349467
0.5981057661655468 0.5121905543134122 0.7892304481875345 0.35387643972049154 0.4175472542226528 0.7043698190198497 0.3129800216416718 0.7640012656026111 0.704066234721003 0.29394166523193943 0.4107837310063074 0.04901812375379577 0.15642742272636778 0.0 0.25601789392396834 0.8114751853675937 0.24040684372276444 0.005511174812546593 0.1668389630034821 0.7367273914892283 0.8011193109483036
0.4957906723050628 0.25047393455768785 0.1821498602204582 0.2095865585243769 0.9375098184003727 0.7443947478716342 0.9874999276023146 0.23331932204025085 0.6193666976056286 0.40180989457149896 0.3902204436469203 0.775491875295167 0.24172515107835402 0.25601789392396834 0.0 0.3534422752530948 0.7650699875168486 0.3784168665226959 0.8566256503553759 0.19424899349631952 0.8653888318703093
0.812464068711374 0.6589857122698966 0.3921087331351589 0.2441642128092566 0.0747299759469715 0.8907123501670856 0.5810326421421316 0.15362296716884283 0.18737989189176507 0.5983199093343388 0.5523605897383959 0.9567371703101226 0.1841598610035109 0.8114751853675937 0.3534422752530948 0.0 0.722910672114165 0.12404749850740981 0.2719852398082303 0.15782636533050542 0.23441560345635926
0.24381927910970258 0.719592882760352 0.2798223314018854 0.9029152777863807 0.563666858032957 0.7529526846715574 0.37338757896741515 0.6723488831189641 0.6248989054249278 0.9695634764190032 0.8092839450466804 0.1569509813968608 0.8048596580891932 0.24040684372276444 0.7650699875168486 0.722910672114165 0.0 0.2851138799441014 0.7652552289520936 0.7741806595974122 0.036181742264996375
0.519598840516892 0.9100860942245159 0.8983138088145851 0.1385149997624301 0.5410971339179151 0.06769685000547043 0.40124589336282057 0.8568902037910916 0.044741238090524105 0.013608529743350362 0.5301493045608467 0.7496774651774658 0.22868143644516192 0.005511174812546593 0.3784168665226959 0.12404749850740981 0.2851138799441014 0.0 0.0807091914298097 0.9451782259895622 0.9515388508306915
0.8020629931881068 0.3834837449975086 0.1604975322597898 0.24622052664312777 0.14333989042006434 0.20190157992034774 0.6459010462436313 0.3812778671560314 0.4306578085221301 0.3456212637835898 0.6531945540344585 0.062486413119498985 0.2464343397986184 0.1668389630034821 0.8566256503553759 0.2719852398082303 0.7652552289520936 0.0807091914298097 0.0 0.8842253062654366 0.47007372648271306
0.24651620738146662 0.12409646770777805 0.5473568659369711 0.8910139540958787 0.2887419261032612 0.2919507945844063 0.8210459262805254 0.7444156108335286 0.10154573495482655 0.36792131110668247 0.16485262309332493 0.42593258949073953 0.11738976668259238 0.7367273914892283 0.19424899349631952 0.15782636533050542 0.7741806595974122 0.9451782259895622 0.8842253062654366 0.0 0.1321136514893002
0.8111539868562927 0.3039544093091179 0.5956291579172542 0.06535411684561454 0.8015346974677869 0.9864413010537771 0.8560335946551303 0.7559105772527881 0.2375919914351149 0.3546692242835734 0.1785812171369151 0.23795600867030264 0.4363070187349467 0.8011193109483036 0.8653888318703093 0.23441560345635926 0.036181742264996375 0.9515388508306915 0.47007372648271306 0.1321136514893002 0.0

# Optimal Walk
0 6 20 16 11 18 17 13 5 9 12 8 10 1 19 14 7 15 4 3 2 0
