# MCW Instance
# Type: UNIFORM
# N: 21
# Optimal cost: 1.5072323494114053
# Optimal tour (permutation): [0, 17, 4, 3, 19, 10, 9, 7, 16, 18, 15, 5, 6, 1, 8, 14, 11, 13, 2, 12, 20, 0]
# Optimal walk (full path): [0, 17, 4, 3, 19, 10, 9, 10, 7, 10, 16, 18, 15, 5, 6, 1, 6, 8, 14, 11, 13, 12, 2, 12, 20, 0]
# Walk size: 26
# Is walk (has repeats): true

# Distance Matrix
0.0000000000 0.3250579968 0.5260004290 0.6753809304 0.5319242123 0.3569028864 0.1621081462 0.5986570636 0.6893330709 0.7104059026 0.2858951277 0.5513793680 0.7171631715 0.9759537315 0.1750743098 0.5585170510 0.2380432209 0.0540073683 0.9924390992 0.7810822979 0.0601705915
0.3250579968 0.0000000000 0.6256853011 0.5776720234 0.8736426608 0.6349986989 0.0772051657 0.7717242599 0.6431189730 0.4414313978 0.5654700592 0.8919604827 0.4974250594 0.2980197601 0.2099376067 0.7506778429 0.9859815149 0.5196956218 0.9750112502 0.9152716751 0.3288626271
0.5260004290 0.6256853011 0.0000000000 0.7818653558 0.6675446345 0.7452347437 0.2073120748 0.5322265709 0.6156521371 0.1093409150 0.2455895315 0.7994590899 0.0178692191 0.5857779293 0.5525868917 0.2879811395 0.6558087821 0.3786586261 0.4113794149 0.7192503515 0.6488105750
0.6753809304 0.5776720234 0.7818653558 0.0000000000 0.1462531344 0.7058536616 0.4826284096 0.1956826092 0.4294495758 0.9557805270 0.7926171063 0.7964851493 0.3933641622 0.8951784263 0.7143129574 0.2764090082 0.1506858262 0.3735382562 0.6152161790 0.0441519179 0.0222550050
0.5319242123 0.8736426608 0.6675446345 0.1462531344 0.0000000000 0.9854579880 0.8290690057 0.4087981827 0.7085395088 0.2414617414 0.5761878302 0.4520579183 0.4950850358 0.2812545111 0.4747917588 0.9068246269 0.2956819358 0.1003903451 0.2991204225 0.7283605338 0.5489034187
0.3569028864 0.6349986989 0.7452347437 0.7058536616 0.9854579880 0.0000000000 0.0123082214 0.9926719465 0.5610212779 0.7268350725 0.5999166934 0.3286815857 0.1012827464 0.4892292349 0.7243846038 0.0250003093 0.4369347818 0.3219817850 0.2535221145 0.5668221873 0.8026574508
0.1621081462 0.0772051657 0.2073120748 0.4826284096 0.8290690057 0.0123082214 0.0000000000 0.8357433615 0.0481123562 0.4682476113 0.8337979852 0.7686407928 0.4017811447 0.2124593636 0.3230171574 0.1364983522 0.5684682739 0.6503270404 0.6885760541 0.9046131947 0.2312908815
0.5986570636 0.7717242599 0.5322265709 0.1956826092 0.4087981827 0.9926719465 0.8357433615 0.0000000000 0.2085446127 0.8483855418 0.0170527242 0.7675654009 0.8609448576 0.9605422504 0.6126060571 0.9469819354 0.4504236123 0.5389266251 0.7809357718 0.2634005709 0.6139457145
0.6893330709 0.6431189730 0.6156521371 0.4294495758 0.7085395088 0.5610212779 0.0481123562 0.2085446127 0.0000000000 0.7815398638 0.2681399717 0.4454667054 0.2593936389 0.5596084222 0.1278492305 0.8172177729 0.2705588523 0.4070863227 0.4321463756 0.0870818142 0.8753650492
0.7104059026 0.4414313978 0.1093409150 0.9557805270 0.2414617414 0.7268350725 0.4682476113 0.8483855418 0.7815398638 0.0000000000 0.0230367012 0.8060119340 0.8321434394 0.9024514152 0.2534759740 0.7296611918 0.4142803909 0.9725330652 0.2546155941 0.2650538840 0.3157499375
0.2858951277 0.5654700592 0.2455895315 0.7926171063 0.5761878302 0.5999166934 0.8337979852 0.0170527242 0.2681399717 0.0230367012 0.0000000000 0.5234951871 0.5560374440 0.1060207689 0.9140308038 0.4519659302 0.0401911261 0.6258658101 0.5292035612 0.0691528435 0.4337023305
0.5513793680 0.8919604827 0.7994590899 0.7964851493 0.4520579183 0.3286815857 0.7686407928 0.7675654009 0.4454667054 0.8060119340 0.5234951871 0.0000000000 0.9019667008 0.1718779731 0.0150159215 0.7663337562 0.5338105401 0.7956532983 0.7523902291 0.3950408032 0.4390653631
0.7171631715 0.4974250594 0.0178692191 0.3933641622 0.4950850358 0.1012827464 0.4017811447 0.8609448576 0.2593936389 0.8321434394 0.5560374440 0.9019667008 0.0000000000 0.0153235450 0.2714593692 0.6134164508 0.7117025361 0.1905164082 0.6750206711 0.5709211091 0.0568488586
0.9759537315 0.2980197601 0.5857779293 0.8951784263 0.2812545111 0.4892292349 0.2124593636 0.9605422504 0.5596084222 0.9024514152 0.1060207689 0.1718779731 0.0153235450 0.0000000000 0.4941811680 0.3862718632 0.2116444643 0.2789616248 0.0863174214 0.8233877409 0.2089486410
0.1750743098 0.2099376067 0.5525868917 0.7143129574 0.4747917588 0.7243846038 0.3230171574 0.6126060571 0.1278492305 0.2534759740 0.9140308038 0.0150159215 0.2714593692 0.4941811680 0.0000000000 0.7930832914 0.7955630724 0.5189450560 0.4201927758 0.1533473897 0.7747364831
0.5585170510 0.7506778429 0.2879811395 0.2764090082 0.9068246269 0.0250003093 0.1364983522 0.9469819354 0.8172177729 0.7296611918 0.4519659302 0.7663337562 0.6134164508 0.3862718632 0.7930832914 0.0000000000 0.8272924672 0.2148410820 0.1485706365 0.4411543341 0.5592511331
0.2380432209 0.9859815149 0.6558087821 0.1506858262 0.2956819358 0.4369347818 0.5684682739 0.4504236123 0.2705588523 0.4142803909 0.0401911261 0.5338105401 0.7117025361 0.2116444643 0.7955630724 0.8272924672 0.0000000000 0.1396080322 0.1016803503 0.6385234368 0.1110717347
0.0540073683 0.5196956218 0.3786586261 0.3735382562 0.1003903451 0.3219817850 0.6503270404 0.5389266251 0.4070863227 0.9725330652 0.6258658101 0.7956532983 0.1905164082 0.2789616248 0.5189450560 0.2148410820 0.1396080322 0.0000000000 0.7758958281 0.6278908477 0.3644308523
0.9924390992 0.9750112502 0.4113794149 0.6152161790 0.2991204225 0.2535221145 0.6885760541 0.7809357718 0.4321463756 0.2546155941 0.5292035612 0.7523902291 0.6750206711 0.0863174214 0.4201927758 0.1485706365 0.1016803503 0.7758958281 0.0000000000 0.9133612920 0.3176306288
0.7810822979 0.9152716751 0.7192503515 0.0441519179 0.7283605338 0.5668221873 0.9046131947 0.2634005709 0.0870818142 0.2650538840 0.0691528435 0.3950408032 0.5709211091 0.8233877409 0.1533473897 0.4411543341 0.6385234368 0.6278908477 0.9133612920 0.0000000000 0.2559560902
0.0601705915 0.3288626271 0.6488105750 0.0222550050 0.5489034187 0.8026574508 0.2312908815 0.6139457145 0.8753650492 0.3157499375 0.4337023305 0.4390653631 0.0568488586 0.2089486410 0.7747364831 0.5592511331 0.1110717347 0.3644308523 0.3176306288 0.2559560902 0.0000000000
