# MCW Instance
# Type: UNIFORM
# N: 21
# Optimal cost: 1.5713333374736855
# Optimal tour (permutation): [0, 13, 7, 2, 17, 20, 3, 19, 1, 11, 16, 8, 15, 9, 6, 10, 18, 12, 14, 4, 5, 0]
# Optimal walk (full path): [0, 13, 7, 12, 2, 17, 20, 3, 19, 1, 11, 16, 8, 15, 8, 9, 6, 9, 10, 12, 18, 12, 14, 4, 16, 5, 0]
# Walk size: 27
# Is walk (has repeats): true

# Distance Matrix
0.0000000000 0.4834315880 0.3780789201 0.2190118748 0.4116687463 0.0591821359 0.1064370032 0.5683364762 0.4120214889 0.1491638638 0.4746893817 0.9632564442 0.2208782647 0.0894365854 0.5545483187 0.3325491915 0.6382154984 0.3858749828 0.6677555249 0.7362984385 0.6822669712
0.4834315880 0.0000000000 0.3463877019 0.9374996179 0.0807133183 0.2702520711 0.4097775176 0.3880140329 0.7341937816 0.7198832877 0.8502278494 0.0889680930 0.5170844656 0.1312530627 0.6936282507 0.8500529117 0.9604117286 0.6081154302 0.6204270281 0.0112025341 0.4329989909
0.3780789201 0.3463877019 0.0000000000 0.7082410561 0.3494270206 0.9451804435 0.7217083438 0.4744389041 0.4979154625 0.9917997999 0.9161568026 0.8910014357 0.1957472534 0.6768356448 0.9971078714 0.6347446876 0.7944758151 0.2337258692 0.3568403834 0.5454781287 0.8573537735
0.2190118748 0.9374996179 0.7082410561 0.0000000000 0.6424466252 0.5901482207 0.3276540344 0.2420009253 0.6274879401 0.2862259098 0.6131091780 0.4947646968 0.3156427577 0.2245469419 0.6642265941 0.9642737532 0.5443634071 0.3319429863 0.6775087488 0.0114132896 0.1327271559
0.4116687463 0.0807133183 0.3494270206 0.6424466252 0.0000000000 0.9934437902 0.8594675962 0.4439253606 0.7795923991 0.8260392051 0.1899012823 0.8360662325 0.6373158207 0.8223762312 0.0620408024 0.7072273918 0.0244398928 0.8505056268 0.7947146407 0.6281545354 0.1870493051
0.0591821359 0.2702520711 0.9451804435 0.5901482207 0.9934437902 0.0000000000 0.8561441103 0.3485930861 0.1993754018 0.4960337073 0.7555197261 0.4467379065 0.5036731055 0.9762835501 0.9297197292 0.6990973507 0.0729190400 0.6038845642 0.4355616074 0.2612506294 0.6293056095
0.1064370032 0.4097775176 0.7217083438 0.3276540344 0.8594675962 0.8561441103 0.0000000000 0.3786657926 0.5333595443 0.0196194285 0.8619954289 0.7819946600 0.8985603121 0.2885292327 0.2824306517 0.8635022797 0.9320738861 0.5289157855 0.7650221700 0.8654607802 0.9132259241
0.5683364762 0.3880140329 0.4744389041 0.2420009253 0.4439253606 0.3485930861 0.3786657926 0.0000000000 0.6541375176 0.7246654567 0.9898234445 0.3496106545 0.0752679781 0.0085059083 0.6404782149 0.7697240786 0.7564066097 0.4866034888 0.2320531076 0.3771096036 0.1999601730
0.4120214889 0.7341937816 0.4979154625 0.6274879401 0.7795923991 0.1993754018 0.5333595443 0.6541375176 0.0000000000 0.0146229396 0.4466520489 0.4388489474 0.4625115325 0.9114020981 0.6411882589 0.0165832545 0.0138059676 0.3452280503 0.9605215572 0.6648510590 0.4945499403
0.1491638638 0.7198832877 0.9917997999 0.2862259098 0.8260392051 0.4960337073 0.0196194285 0.7246654567 0.0146229396 0.0000000000 0.0548765888 0.5953948610 0.0193805654 0.2031307390 0.6449478607 0.5392043465 0.7770761386 0.4470297231 0.2897568524 0.1439267858 0.4297899241
0.4746893817 0.8502278494 0.9161568026 0.6131091780 0.1899012823 0.7555197261 0.8619954289 0.9898234445 0.4466520489 0.0548765888 0.0000000000 0.7316159611 0.0560147636 0.7530664870 0.2555711847 0.1271713527 0.2117628344 0.6982736022 0.4939375583 0.0544114276 0.8274979746
0.9632564442 0.0889680930 0.8910014357 0.4947646968 0.8360662325 0.4467379065 0.7819946600 0.3496106545 0.4388489474 0.5953948610 0.7316159611 0.0000000000 0.9863244936 0.3358141685 0.1594317201 0.6951550588 0.0744436041 0.3441375024 0.9109218560 0.0915877793 0.2344860329
0.2208782647 0.5170844656 0.1957472534 0.3156427577 0.6373158207 0.5036731055 0.8985603121 0.0752679781 0.4625115325 0.0193805654 0.0560147636 0.9863244936 0.0000000000 0.1877234320 0.0456550717 0.1954166652 0.1402883692 0.1188494460 0.0126739837 0.0295890979 0.4775349257
0.0894365854 0.1312530627 0.6768356448 0.2245469419 0.8223762312 0.9762835501 0.2885292327 0.0085059083 0.9114020981 0.2031307390 0.7530664870 0.3358141685 0.1877234320 0.0000000000 0.4541032066 0.1222578478 0.6467228043 0.5717751274 0.4284010006 0.1926707122 0.9002810419
0.5545483187 0.6936282507 0.9971078714 0.6642265941 0.0620408024 0.9297197292 0.2824306517 0.6404782149 0.6411882589 0.6449478607 0.2555711847 0.1594317201 0.0456550717 0.4541032066 0.0000000000 0.2577673136 0.1836813225 0.1058535137 0.5518541044 0.4721130113 0.3266300140
0.3325491915 0.8500529117 0.6347446876 0.9642737532 0.7072273918 0.6990973507 0.8635022797 0.7697240786 0.0165832545 0.5392043465 0.1271713527 0.6951550588 0.1954166652 0.1222578478 0.2577673136 0.0000000000 0.8326380000 0.6532982481 0.3411847155 0.4438955222 0.1687233306
0.6382154984 0.9604117286 0.7944758151 0.5443634071 0.0244398928 0.0729190400 0.9320738861 0.7564066097 0.0138059676 0.7770761386 0.2117628344 0.0744436041 0.1402883692 0.6467228043 0.1836813225 0.8326380000 0.0000000000 0.1122100801 0.8576396563 0.1986038205 0.6345713385
0.3858749828 0.6081154302 0.2337258692 0.3319429863 0.8505056268 0.6038845642 0.5289157855 0.4866034888 0.3452280503 0.4470297231 0.6982736022 0.3441375024 0.1188494460 0.5717751274 0.1058535137 0.6532982481 0.1122100801 0.0000000000 0.1001904479 0.5913506416 0.1485845303
0.6677555249 0.6204270281 0.3568403834 0.6775087488 0.7947146407 0.4355616074 0.7650221700 0.2320531076 0.9605215572 0.2897568524 0.4939375583 0.9109218560 0.0126739837 0.4284010006 0.5518541044 0.3411847155 0.8576396563 0.1001904479 0.0000000000 0.7355398209 0.4955789638
0.7362984385 0.0112025341 0.5454781287 0.0114132896 0.6281545354 0.2612506294 0.8654607802 0.3771096036 0.6648510590 0.1439267858 0.0544114276 0.0915877793 0.0295890979 0.1926707122 0.4721130113 0.4438955222 0.1986038205 0.5913506416 0.7355398209 0.0000000000 0.2643743331
0.6822669712 0.4329989909 0.8573537735 0.1327271559 0.1870493051 0.6293056095 0.9132259241 0.1999601730 0.4945499403 0.4297899241 0.8274979746 0.2344860329 0.4775349257 0.9002810419 0.3266300140 0.1687233306 0.6345713385 0.1485845303 0.4955789638 0.2643743331 0.0000000000
