# Graph size: 21
# Optimal cost: 1.5449796228151516

# Distance Matrix
0.0 0.4728700252805563 0.5418579925043795 0.13274141095434933 0.1464666068969872 0.16372191979885176 0.9381301981920098 0.7963440093381613 0.9398404090632451 0.0895859687898174 0.5963521828533275 0.47196382643292645 0.5087197476581653 0.3643145256943089 0.9698441653672807 0.34122935293428747 0.5967912107178978 0.5300440008092663 0.14485839888248564 0.21466643979391853 0.8088016518458925
0.4728700252805563 0.0 0.06355476903936008 0.9770669565591521 0.4596932259130523 0.404723434089035 0.013933794572123626 0.15010140365778823 0.1956755597947173 0.8095652400911703 0.8362679229780636 0.6556856758363762 0.036102229649931816 0.1982344872266858 0.2370721951359155 0.5474442287575297 0.1745419042955999 0.25802041335888715 0.37938388400555156 0.20425544417994101 0.40889428804764283
0.5418579925043795 0.06355476903936008 0.0 0.5056816678488247 0.10893009398323328 0.7540596492474407 0.7775504064980748 0.3417864288788973 0.9575024283994369 0.7553206024909116 0.8414276498952595 0.3618660760054998 0.5556500297393726 0.7108775512162588 0.28744754468256906 0.31210919512160284 0.7440273119973765 0.49771483148861384 0.4518753554703202 0.47673483379877846 0.11121086588072415
0.13274141095434933 0.9770669565591521 0.5056816678488247 0.0 0.33621442400204093 0.5660420443364647 0.2148498194624492 0.9055253648916336 0.49374648954728306 0.01232132361138405 0.8265075229824743 0.2693954828005727 0.5199912874705618 0.6448353119282646 0.9208504925852911 0.5269671088658057 0.4451756520585177 0.27721439802771775 0.9836331126187716 0.8192181256788222 0.037446040606888276
0.1464666068969872 0.4596932259130523 0.10893009398323328 0.33621442400204093 0.0 0.768838201727537 0.8970841401265868 0.7255048032754037 0.9118886392775974 0.7513364718206702 0.7519838911127361 0.6364674274786873 0.011247070772694046 0.9287296777142929 0.4099940075667652 0.5504444099445451 0.7371767025055225 0.05744118544560883 0.9236923395257048 0.6540213536360995 0.8009135510968605
0.16372191979885176 0.404723434089035 0.7540596492474407 0.5660420443364647 0.768838201727537 0.0 0.16651432215473516 0.10242946730969082 0.5170676882542515 0.6835250653467656 0.3137189967140086 0.22403727422402697 0.9835904230409933 0.4484494218141213 0.18983440934922557 0.13558413200018649 0.8719605757184845 0.5328181628801482 0.18124554274766147 0.7607856353484038 0.41154532521635345
0.9381301981920098 0.013933794572123626 0.7775504064980748 0.2148498194624492 0.8970841401265868 0.16651432215473516 0.0 0.05909695240587354 0.08009323535908852 0.33734288339550234 0.9375041918832825 0.1548679385845031 0.49156880191195396 0.5443961374015924 0.7414854596575389 0.7461160384423057 0.12954553397680546 0.04844358046572739 0.1331846879003592 0.2981710046036349 0.6145918787826342
0.7963440093381613 0.15010140365778823 0.3417864288788973 0.9055253648916336 0.7255048032754037 0.10242946730969082 0.05909695240587354 0.0 0.8954908976693978 0.706204122356994 0.018495793081637513 0.09251143877821977 0.6078601677977402 0.5213782274564575 0.10680104090449993 0.9769074193619149 0.8060013407291065 0.42170726035763717 0.7405044157622709 0.38587045482065985 0.6688131789456928
0.9398404090632451 0.1956755597947173 0.9575024283994369 0.49374648954728306 0.9118886392775974 0.5170676882542515 0.08009323535908852 0.8954908976693978 0.0 0.975267269255759 0.6173427679043396 0.39073989100246587 0.5703948747398963 0.6059414225024843 0.04198378628493493 0.023991162218117923 0.7868138119102419 0.31654439948374047 0.7397736073503692 0.10365199502546452 0.25338813858047493
0.0895859687898174 0.8095652400911703 0.7553206024909116 0.01232132361138405 0.7513364718206702 0.6835250653467656 0.33734288339550234 0.706204122356994 0.975267269255759 0.0 0.034887626058125454 0.8082947891723673 0.3232534355323584 0.9711481599853882 0.020560234627061247 0.4761994181818182 0.7291716178546123 0.8105534272871914 0.9586770430510935 0.6288198984600023 0.6613190874756101
0.5963521828533275 0.8362679229780636 0.8414276498952595 0.8265075229824743 0.7519838911127361 0.3137189967140086 0.9375041918832825 0.018495793081637513 0.6173427679043396 0.034887626058125454 0.0 0.14120735047204425 0.33657105448201097 0.3813503551027 0.4684952682773176 0.9282244897386444 0.4503850546313871 0.33292912466275393 0.8263073259829432 0.6790704501686725 0.920743155112676
0.47196382643292645 0.6556856758363762 0.3618660760054998 0.2693954828005727 0.6364674274786873 0.22403727422402697 0.1548679385845031 0.09251143877821977 0.39073989100246587 0.8082947891723673 0.14120735047204425 0.0 0.5187434824642675 0.2834246078206317 0.8991077919499708 0.9101596890608987 0.4923154889929172 0.7410311641179836 0.5197457932805685 0.32956958904193434 0.4164177963047596
0.5087197476581653 0.036102229649931816 0.5556500297393726 0.5199912874705618 0.011247070772694046 0.9835904230409933 0.49156880191195396 0.6078601677977402 0.5703948747398963 0.3232534355323584 0.33657105448201097 0.5187434824642675 0.0 0.9306920293037172 0.10000567089083634 0.1973407457718479 0.5186065512573682 0.5974513879369031 0.47047735969012927 0.9713557087417338 0.7761485777180379
0.3643145256943089 0.1982344872266858 0.7108775512162588 0.6448353119282646 0.9287296777142929 0.4484494218141213 0.5443961374015924 0.5213782274564575 0.6059414225024843 0.9711481599853882 0.3813503551027 0.2834246078206317 0.9306920293037172 0.0 0.01783157017946968 0.8880574647397316 0.11322603087490501 0.2351578659364434 0.6865036182773099 0.7005224478255523 0.3634300822260138
0.9698441653672807 0.2370721951359155 0.28744754468256906 0.9208504925852911 0.4099940075667652 0.18983440934922557 0.7414854596575389 0.10680104090449993 0.04198378628493493 0.020560234627061247 0.4684952682773176 0.8991077919499708 0.10000567089083634 0.01783157017946968 0.0 0.9400467676516233 0.4907517192241021 0.9819050966426588 0.20714067128597846 0.051934989730226366 0.4584556005882
0.34122935293428747 0.5474442287575297 0.31210919512160284 0.5269671088658057 0.5504444099445451 0.13558413200018649 0.7461160384423057 0.9769074193619149 0.023991162218117923 0.4761994181818182 0.9282244897386444 0.9101596890608987 0.1973407457718479 0.8880574647397316 0.9400467676516233 0.0 0.5928064877593403 0.7927363697982791 0.3684499808319265 0.2131659338007339 0.6441890861301046
0.5967912107178978 0.1745419042955999 0.7440273119973765 0.4451756520585177 0.7371767025055225 0.8719605757184845 0.12954553397680546 0.8060013407291065 0.7868138119102419 0.7291716178546123 0.4503850546313871 0.4923154889929172 0.5186065512573682 0.11322603087490501 0.4907517192241021 0.5928064877593403 0.0 0.1284659850054135 0.1223899970310105 0.5989502513170143 0.39886191677689176
0.5300440008092663 0.25802041335888715 0.49771483148861384 0.27721439802771775 0.05744118544560883 0.5328181628801482 0.04844358046572739 0.42170726035763717 0.31654439948374047 0.8105534272871914 0.33292912466275393 0.7410311641179836 0.5974513879369031 0.2351578659364434 0.9819050966426588 0.7927363697982791 0.1284659850054135 0.0 0.7274631852426023 0.6330112288967923 0.5480373741017301
0.14485839888248564 0.37938388400555156 0.4518753554703202 0.9836331126187716 0.9236923395257048 0.18124554274766147 0.1331846879003592 0.7405044157622709 0.7397736073503692 0.9586770430510935 0.8263073259829432 0.5197457932805685 0.47047735969012927 0.6865036182773099 0.20714067128597846 0.3684499808319265 0.1223899970310105 0.7274631852426023 0.0 0.23178142800748092 0.9972840311807704
0.21466643979391853 0.20425544417994101 0.47673483379877846 0.8192181256788222 0.6540213536360995 0.7607856353484038 0.2981710046036349 0.38587045482065985 0.10365199502546452 0.6288198984600023 0.6790704501686725 0.32956958904193434 0.9713557087417338 0.7005224478255523 0.051934989730226366 0.2131659338007339 0.5989502513170143 0.6330112288967923 0.23178142800748092 0.0 0.11123895524430938
0.8088016518458925 0.40889428804764283 0.11121086588072415 0.037446040606888276 0.8009135510968605 0.41154532521635345 0.6145918787826342 0.6688131789456928 0.25338813858047493 0.6613190874756101 0.920743155112676 0.4164177963047596 0.7761485777180379 0.3634300822260138 0.4584556005882 0.6441890861301046 0.39886191677689176 0.5480373741017301 0.9972840311807704 0.11123895524430938 0.0

# Optimal Walk
0 18 16 17 4 12 6 1 2 20 3 19 14 13 8 15 5 11 7 10 9 0
