# Graph size: 21
# Optimal cost: 2.004184543225111

# Distance Matrix
0.0 0.4503921570100141 0.4179383507778721 0.09543488610573192 0.5926636130635657 0.38688675916433624 0.9199503942411531 0.6471873566624399 0.0978570328004087 0.893766718095023 0.37456836640004243 0.2479664360404349 0.1418667765534437 0.46338367277665415 0.38381979415309087 0.9496679981721982 0.6011848141571331 0.42641104164289345 0.5270734790863428 0.6277836376797717 0.1782124385760102
0.4503921570100141 0.0 0.2148457939518792 0.9480971815059644 0.6774587352089607 0.08350286070177404 0.7255666315525138 0.9248508093112635 0.7000147518006069 0.30512453728108657 0.361383064814775 0.9532959527375567 0.042514914613824395 0.23910191686314564 0.3431124319779354 0.11966583410607534 0.08517970445867051 0.33867893143521355 0.18407213205674278 0.31005502478909 0.9849340030261241
0.4179383507778721 0.2148457939518792 0.0 0.3551893592586002 0.7974770159011222 0.11185085126111205 0.17809529362450227 0.6896080462979586 0.5675827910011557 0.09844394570379078 0.32118835736490403 0.3513950832336855 0.8570181551773476 0.5568183360298641 0.506098895973181 0.030034685517355664 0.8455997667861518 0.6170360920234843 0.5242543714809044 0.8247096887155279 0.30002593386863485
0.09543488610573192 0.9480971815059644 0.3551893592586002 0.0 0.17329559848509601 0.6742476747648737 0.24884095246472981 0.8591961528051179 0.9481562512373716 0.10829535195603157 0.22876091811341492 0.686505585307084 0.5446868106757878 0.9951488331647302 0.949578824200891 0.888314725962256 0.35570863794268803 0.8405535277004514 0.5663347646613427 0.926896430770317 0.7549686999764039
0.5926636130635657 0.6774587352089607 0.7974770159011222 0.17329559848509601 0.0 0.15107756376186987 0.9948283438456921 0.3665136004444981 0.081991947445201 0.25310791302492297 0.22404736039819373 0.6828830778591451 0.5505262534487706 0.48603893153998146 0.8509099372900337 0.539131985081742 0.35990723468892416 0.17715418134715033 0.8280741888401804 0.8854551148986579 0.969334558244713
0.38688675916433624 0.08350286070177404 0.11185085126111205 0.6742476747648737 0.15107756376186987 0.0 0.7754297077599318 0.7368568423740519 0.4750329157786084 0.7069651998912639 0.27246266571274524 0.2498425452767069 0.9053716755196733 0.6288931154191517 0.5709566527772253 0.8315542086246351 0.09207869083678943 0.8174991679618775 0.774670874257574 0.14059357367744485 0.1611869532795588
0.9199503942411531 0.7255666315525138 0.17809529362450227 0.24884095246472981 0.9948283438456921 0.7754297077599318 0.0 0.1143188490393574 0.4684673472110972 0.04295081842310311 0.10649553047389781 0.6194896799797823 0.9330667634519514 0.6237203619353213 0.19999304792994166 0.15800400639903311 0.8963499428282117 0.09324987593748713 0.06628371734911354 0.31240724457731883 0.8615189411866202
0.6471873566624399 0.9248508093112635 0.6896080462979586 0.8591961528051179 0.3665136004444981 0.7368568423740519 0.1143188490393574 0.0 0.023787940145476694 0.5360363647513491 0.5522453127839533 0.27215783570019947 0.9239850307570798 0.8788292104103118 0.45247947297931057 0.7752100946950402 0.7611419095140481 0.7823637026931393 0.9862505393449256 0.6251159533729731 0.6748878962991793
0.0978570328004087 0.7000147518006069 0.5675827910011557 0.9481562512373716 0.081991947445201 0.4750329157786084 0.4684673472110972 0.023787940145476694 0.0 0.49287339865490176 0.4017886463571233 0.8358298824271533 0.7910114497392914 0.8606545135090823 0.24892875066725795 0.032164382935572 0.7404533863878889 0.644996845558031 0.7076061851151266 0.07788360722088805 0.21601343990947586
0.893766718095023 0.30512453728108657 0.09844394570379078 0.10829535195603157 0.25310791302492297 0.7069651998912639 0.04295081842310311 0.5360363647513491 0.49287339865490176 0.0 0.3243953409670828 0.48887051725236697 0.4651960391770553 0.6581088991068983 0.8307735342981909 0.22837018052797042 0.13877281302902433 0.950963492914129 0.08055285526817813 0.47292429244548406 0.8971442561813877
0.37456836640004243 0.361383064814775 0.32118835736490403 0.22876091811341492 0.22404736039819373 0.27246266571274524 0.10649553047389781 0.5522453127839533 0.4017886463571233 0.3243953409670828 0.0 0.8318939767999118 0.9107517104030364 0.07271221247701698 0.7653040554924557 0.5689004819508735 0.04490163331433539 0.03477529117916012 0.7645769195924497 0.3455562701549747 0.011417660582105138
0.2479664360404349 0.9532959527375567 0.3513950832336855 0.686505585307084 0.6828830778591451 0.2498425452767069 0.6194896799797823 0.27215783570019947 0.8358298824271533 0.48887051725236697 0.8318939767999118 0.0 0.6679397254630521 0.31928227919011243 0.7072307987086891 0.5161630180037944 0.1549329434066542 0.13445303034969813 0.3689703830922967 0.6312987106337619 0.5243803282046481
0.1418667765534437 0.042514914613824395 0.8570181551773476 0.5446868106757878 0.5505262534487706 0.9053716755196733 0.9330667634519514 0.9239850307570798 0.7910114497392914 0.4651960391770553 0.9107517104030364 0.6679397254630521 0.0 0.7548448208885846 0.6628981842023622 0.3041111550394141 0.36353341605710077 0.17269823517022254 0.9117856722609848 0.11236150552156943 0.5119939686243333
0.46338367277665415 0.23910191686314564 0.5568183360298641 0.9951488331647302 0.48603893153998146 0.6288931154191517 0.6237203619353213 0.8788292104103118 0.8606545135090823 0.6581088991068983 0.07271221247701698 0.31928227919011243 0.7548448208885846 0.0 0.790192359863001 0.055486034940628315 0.8968027862979329 0.4073632838371216 0.7622552965341073 0.9282092872916428 0.886862070574254
0.38381979415309087 0.3431124319779354 0.506098895973181 0.949578824200891 0.8509099372900337 0.5709566527772253 0.19999304792994166 0.45247947297931057 0.24892875066725795 0.8307735342981909 0.7653040554924557 0.7072307987086891 0.6628981842023622 0.790192359863001 0.0 0.7156595954011046 0.24637316988832791 0.6871578689405787 0.20208653316714742 0.37251058194045317 0.36826619391104065
0.9496679981721982 0.11966583410607534 0.030034685517355664 0.888314725962256 0.539131985081742 0.8315542086246351 0.15800400639903311 0.7752100946950402 0.032164382935572 0.22837018052797042 0.5689004819508735 0.5161630180037944 0.3041111550394141 0.055486034940628315 0.7156595954011046 0.0 0.026830711874760604 0.1598037541573657 0.1855422951443365 0.7757768226092904 0.9783424593900647
0.6011848141571331 0.08517970445867051 0.8455997667861518 0.35570863794268803 0.35990723468892416 0.09207869083678943 0.8963499428282117 0.7611419095140481 0.7404533863878889 0.13877281302902433 0.04490163331433539 0.1549329434066542 0.36353341605710077 0.8968027862979329 0.24637316988832791 0.026830711874760604 0.0 0.6485484947680817 0.7040495966617423 0.49804143410430735 0.2893941439659188
0.42641104164289345 0.33867893143521355 0.6170360920234843 0.8405535277004514 0.17715418134715033 0.8174991679618775 0.09324987593748713 0.7823637026931393 0.644996845558031 0.950963492914129 0.03477529117916012 0.13445303034969813 0.17269823517022254 0.4073632838371216 0.6871578689405787 0.1598037541573657 0.6485484947680817 0.0 0.9371592303958362 0.14894730030078984 0.4529935702282105
0.5270734790863428 0.18407213205674278 0.5242543714809044 0.5663347646613427 0.8280741888401804 0.774670874257574 0.06628371734911354 0.9862505393449256 0.7076061851151266 0.08055285526817813 0.7645769195924497 0.3689703830922967 0.9117856722609848 0.7622552965341073 0.20208653316714742 0.1855422951443365 0.7040495966617423 0.9371592303958362 0.0 0.6080699686711819 0.6810498870185715
0.6277836376797717 0.31005502478909 0.8247096887155279 0.926896430770317 0.8854551148986579 0.14059357367744485 0.31240724457731883 0.6251159533729731 0.07788360722088805 0.47292429244548406 0.3455562701549747 0.6312987106337619 0.11236150552156943 0.9282092872916428 0.37251058194045317 0.7757768226092904 0.49804143410430735 0.14894730030078984 0.6080699686711819 0.0 0.8141656493278191
0.1782124385760102 0.9849340030261241 0.30002593386863485 0.7549686999764039 0.969334558244713 0.1611869532795588 0.8615189411866202 0.6748878962991793 0.21601343990947586 0.8971442561813877 0.011417660582105138 0.5243803282046481 0.5119939686243333 0.886862070574254 0.36826619391104065 0.9783424593900647 0.2893941439659188 0.4529935702282105 0.6810498870185715 0.8141656493278191 0.0

# Optimal Walk
0 8 7 4 19 12 1 5 2 15 13 20 10 17 11 16 14 18 6 9 3 0
