# Graph size: 21
# Optimal cost: 1.6319187681212557

# Distance Matrix
0.0 0.2526082137609241 0.1735770931665831 0.5852562727392859 0.7594205741294122 0.35223207990486305 0.6205548458423662 0.04583682547453316 0.2936895056793086 0.3484832846872531 0.5705151943664591 0.22214241772415166 0.004162750888592526 0.362623396246587 0.28970792109460075 0.32824185760836255 0.9835746747657298 0.6775211668298219 0.8895792063537075 0.04798718139989322 0.5527941173139143
0.2526082137609241 0.0 0.4194611887129369 0.034563366929599715 0.9877541622959616 0.5016518666299629 0.5511719333060555 0.049083806187778856 0.02122762557749147 0.6297493734696942 0.3145312095354199 0.415004308178914 0.18470993369861688 0.4305409579983941 0.49675874668728603 0.862686341437021 0.5324063060622726 0.11452031421410092 0.4105076284971787 0.0019720933004950814 0.8933683110633605
0.1735770931665831 0.4194611887129369 0.0 0.551132377086538 0.2761172786627647 0.7138263685614208 0.7852529487107164 0.12406943927278369 0.7733924261903623 0.32903586478014124 0.8347811977261859 0.9409002736017062 0.89062451501898 0.9572767782078891 0.930756746364692 0.31551964120618925 0.8401724588531284 0.19802708489902776 0.9927320566405463 0.9506949548819866 0.7327729196225156
0.5852562727392859 0.034563366929599715 0.551132377086538 0.0 0.8642132191794627 0.6768855381300285 0.7880257265636534 0.9068497903575433 0.2801451120931512 0.5603998191008203 0.06392039748133105 0.2944461732385498 0.17720765739657485 0.3466084491160055 0.7127346170274171 0.9720019486273849 0.20394050800109365 0.4154040172533955 0.8920034518985462 0.09205290045748804 0.5915526251495792
0.7594205741294122 0.9877541622959616 0.2761172786627647 0.8642132191794627 0.0 0.6068777976172577 0.06973994858675248 0.7210281565425318 0.571581626533554 0.4708875974400233 0.8100605423094066 0.7186745335066028 0.7293221534228713 0.3412266913924832 0.12093766967618735 0.6862379338386231 0.59481164934879 0.5002936069224788 0.9866686354618757 0.18338358465814086 0.42257597984269313
0.35223207990486305 0.5016518666299629 0.7138263685614208 0.6768855381300285 0.6068777976172577 0.0 0.3886389023324134 0.49768876609994706 0.8679381126080902 0.29200131359361425 0.28349192046053695 0.8116463178465564 0.9478885877694839 0.37211279406096776 0.12134656945350464 0.03219525919118604 0.35167468526298784 0.43770442923886255 0.17191231105100913 0.9757513604215872 0.32066194341391674
0.6205548458423662 0.5511719333060555 0.7852529487107164 0.7880257265636534 0.06973994858675248 0.3886389023324134 0.0 0.498179284490603 0.08421265478593531 0.7114959999088993 0.7067857436325637 0.7061219608602004 0.4203402026632028 0.7062011538964871 0.11870690578584775 0.5495409493702887 0.1683539926650135 0.38298820415541 0.2014216523845106 0.6998809739810619 0.8830311336070686
0.04583682547453316 0.049083806187778856 0.12406943927278369 0.9068497903575433 0.7210281565425318 0.49768876609994706 0.498179284490603 0.0 0.9119220138745563 0.7571200575977458 0.7873208325771954 0.041661417410322144 0.09038115515977552 0.11918873779458217 0.8055350031395485 0.9218004546339105 0.2424337910123996 0.17660526528347842 0.8100127953661129 0.8088729067592544 0.16898830878265192
0.2936895056793086 0.02122762557749147 0.7733924261903623 0.2801451120931512 0.571581626533554 0.8679381126080902 0.08421265478593531 0.9119220138745563 0.0 0.7125728064168705 0.06719152339789425 0.6237442829553431 0.31427610587114385 0.26909584070492476 0.8360751640784709 0.12385645700726633 0.47926404132344413 0.57829867782188 0.5196735071394181 0.6762481245216648 0.6088820550220518
0.3484832846872531 0.6297493734696942 0.32903586478014124 0.5603998191008203 0.4708875974400233 0.29200131359361425 0.7114959999088993 0.7571200575977458 0.7125728064168705 0.0 0.7116405216969386 0.010511297944553855 0.22675856016627316 0.4074912235312168 0.48978199380062903 0.6726205467058931 0.49693923789939276 0.7958062817758081 0.36871012430740535 0.5518432671996406 0.6286745148057771
0.5705151943664591 0.3145312095354199 0.8347811977261859 0.06392039748133105 0.8100605423094066 0.28349192046053695 0.7067857436325637 0.7873208325771954 0.06719152339789425 0.7116405216969386 0.0 0.5125259423565816 0.9718296148617853 0.08693648746735116 0.4662392042431922 0.4852129526243747 0.6730807249366272 0.8058846268438363 0.4164972828037613 0.9475055913989358 0.1527446801555521
0.22214241772415166 0.415004308178914 0.9409002736017062 0.2944461732385498 0.7186745335066028 0.8116463178465564 0.7061219608602004 0.041661417410322144 0.6237442829553431 0.010511297944553855 0.5125259423565816 0.0 0.23498919343828428 0.36017282885601265 0.6635304955117896 0.645449815450848 0.5227190648621952 0.4006004903725864 0.0354266739380128 0.6789928577181482 0.08596935277935713
0.004162750888592526 0.18470993369861688 0.89062451501898 0.17720765739657485 0.7293221534228713 0.9478885877694839 0.4203402026632028 0.09038115515977552 0.31427610587114385 0.22675856016627316 0.9718296148617853 0.23498919343828428 0.0 0.33108954826001924 0.31617894649661105 0.4629415204421502 0.9232906047610954 0.5780123377409888 0.6274983532396041 0.7275857941153728 0.1078139080456898
0.362623396246587 0.4305409579983941 0.9572767782078891 0.3466084491160055 0.3412266913924832 0.37211279406096776 0.7062011538964871 0.11918873779458217 0.26909584070492476 0.4074912235312168 0.08693648746735116 0.36017282885601265 0.33108954826001924 0.0 0.033953833350579554 0.9912763511404465 0.736657416567084 0.37201207418224 0.6337365001451559 0.12317819088195814 0.401338074312261
0.28970792109460075 0.49675874668728603 0.930756746364692 0.7127346170274171 0.12093766967618735 0.12134656945350464 0.11870690578584775 0.8055350031395485 0.8360751640784709 0.48978199380062903 0.4662392042431922 0.6635304955117896 0.31617894649661105 0.033953833350579554 0.0 0.6271008024539889 0.745860516686736 0.30823046206604165 0.9084287674647776 0.721797675912439 0.45287609160598274
0.32824185760836255 0.862686341437021 0.31551964120618925 0.9720019486273849 0.6862379338386231 0.03219525919118604 0.5495409493702887 0.9218004546339105 0.12385645700726633 0.6726205467058931 0.4852129526243747 0.645449815450848 0.4629415204421502 0.9912763511404465 0.6271008024539889 0.0 0.28079636856304 0.04215405102460934 0.7383212603289344 0.5764316462491332 0.6651218437432412
0.9835746747657298 0.5324063060622726 0.8401724588531284 0.20394050800109365 0.59481164934879 0.35167468526298784 0.1683539926650135 0.2424337910123996 0.47926404132344413 0.49693923789939276 0.6730807249366272 0.5227190648621952 0.9232906047610954 0.736657416567084 0.745860516686736 0.28079636856304 0.0 0.4269268557479218 0.6479263805011253 0.866217273334383 0.19767427534161086
0.6775211668298219 0.11452031421410092 0.19802708489902776 0.4154040172533955 0.5002936069224788 0.43770442923886255 0.38298820415541 0.17660526528347842 0.57829867782188 0.7958062817758081 0.8058846268438363 0.4006004903725864 0.5780123377409888 0.37201207418224 0.30823046206604165 0.04215405102460934 0.4269268557479218 0.0 0.2475006085102185 0.20393565970175132 0.11675075646592636
0.8895792063537075 0.4105076284971787 0.9927320566405463 0.8920034518985462 0.9866686354618757 0.17191231105100913 0.2014216523845106 0.8100127953661129 0.5196735071394181 0.36871012430740535 0.4164972828037613 0.0354266739380128 0.6274983532396041 0.6337365001451559 0.9084287674647776 0.7383212603289344 0.6479263805011253 0.2475006085102185 0.0 0.6487848122108123 0.6132874118318907
0.04798718139989322 0.0019720933004950814 0.9506949548819866 0.09205290045748804 0.18338358465814086 0.9757513604215872 0.6998809739810619 0.8088729067592544 0.6762481245216648 0.5518432671996406 0.9475055913989358 0.6789928577181482 0.7275857941153728 0.12317819088195814 0.721797675912439 0.5764316462491332 0.866217273334383 0.20393565970175132 0.6487848122108123 0.0 0.5371418948473725
0.5527941173139143 0.8933683110633605 0.7327729196225156 0.5915526251495792 0.42257597984269313 0.32066194341391674 0.8830311336070686 0.16898830878265192 0.6088820550220518 0.6286745148057771 0.1527446801555521 0.08596935277935713 0.1078139080456898 0.401338074312261 0.45287609160598274 0.6651218437432412 0.19767427534161086 0.11675075646592636 0.6132874118318907 0.5371418948473725 0.0

# Optimal Walk
0 19 8 1 3 10 13 14 4 6 16 20 17 15 5 18 11 9 2 7 12 0
