# Graph size: 21
# Optimal cost: 1.9517215412093532

# Distance Matrix
0.0 0.4541821691031609 0.3818085538978131 0.14759127067721534 0.5975580822750968 0.13511288679450095 0.39848016685269805 0.8849739616778143 0.3757443948320913 0.26764025683353254 0.7182776308664655 0.392998254860806 0.8082198708179472 0.6152274940608845 0.30539351866047615 0.10258046038287416 0.8041853944721559 0.7305581275277667 0.9332009216137772 0.30697253626764087 0.028216540673949853
0.4541821691031609 0.0 0.4802268764988443 0.17299183438610566 0.33754214802687155 0.04169738756291319 0.1531717451850524 0.052982034888013674 0.9988463920454943 0.46158156138051354 0.746383610599851 0.16202645422949824 0.15780481832752746 0.7942259306077032 0.3192814677486514 0.7469040163262888 0.195254564165099 0.5170814176377966 0.8872425316889083 0.6576945097845781 0.6228962325804738
0.3818085538978131 0.4802268764988443 0.0 0.927314513046128 0.18512845438399084 0.8326844110900171 0.5446166131347648 0.2539716192486059 0.7732503267873537 0.38240220297793936 0.798399931222772 0.5390884478462502 0.38106642477537545 0.23179850270536273 0.5535165270540245 0.8331846974476355 0.08800868566486286 0.7102494601653356 0.8574043825744787 0.3218737821292068 0.9261851054827133
0.14759127067721534 0.17299183438610566 0.927314513046128 0.0 0.44097689225238745 0.1276351955474121 0.10285675130112959 0.7563070564120508 0.37464195602899175 0.8665832664265245 0.4663577710182272 0.816041657421453 0.8362835708707254 0.9398926433446363 0.6970985155368973 0.16909168143912656 0.010436863271888752 0.6045634091242 0.6121971934084316 0.39365611403332124 0.37618083598999996
0.5975580822750968 0.33754214802687155 0.18512845438399084 0.44097689225238745 0.0 0.09845584911509075 0.2769173421224099 0.24052671436283568 0.22202852391768968 0.01023662229993394 0.5989805834628209 0.6639273253767368 0.5199872564068776 0.8372686047387073 0.7921962979189062 0.5823039521261123 0.11878024175026414 0.10867165643085253 0.021450738487221455 0.9616256239690015 0.42813504406755143
0.13511288679450095 0.04169738756291319 0.8326844110900171 0.1276351955474121 0.09845584911509075 0.0 0.20175947158909513 0.8936366142670443 0.33035737769344997 0.509208682274123 0.5122823500114495 0.8428937334517864 0.6331182531237307 0.7606328365118752 0.9523844007696783 0.8735698621953805 0.4091387421926087 0.19532683386056093 0.8449085058918244 0.5706006910531103 0.6419840343859439
0.39848016685269805 0.1531717451850524 0.5446166131347648 0.10285675130112959 0.2769173421224099 0.20175947158909513 0.0 0.640140419201294 0.15865994721890542 0.7645459177438574 0.26861029988927765 0.05855188980094739 0.6864657022316863 0.7473085897386216 0.2586735010727922 0.5960615183466625 0.20634341365724596 0.47460303893951905 0.37911128994376375 0.8785844594173825 0.8858199065189085
0.8849739616778143 0.052982034888013674 0.2539716192486059 0.7563070564120508 0.24052671436283568 0.8936366142670443 0.640140419201294 0.0 0.7625262170262783 0.24437052003692794 0.556060783676163 0.19041638328326915 0.0881264094892803 0.019253987763679925 0.07666508797254545 0.33954373340218236 0.23765178150923105 0.189212068244747 0.20141147173902563 0.9165275972119086 0.7112012546601271
0.3757443948320913 0.9988463920454943 0.7732503267873537 0.37464195602899175 0.22202852391768968 0.33035737769344997 0.15865994721890542 0.7625262170262783 0.0 0.1420060316604137 0.8246145009795333 0.5842101626324906 0.4887881195151229 0.9150219255161898 0.2525799119323616 0.9835515089023391 0.49036684715867396 0.3541147507658017 0.2110638730284844 0.7998801331798561 0.8211620470625962
0.26764025683353254 0.46158156138051354 0.38240220297793936 0.8665832664265245 0.01023662229993394 0.509208682274123 0.7645459177438574 0.24437052003692794 0.1420060316604137 0.0 0.10271494256774982 0.501452945471842 0.669919045263276 0.6836776500414885 0.2940302520708533 0.4062811716523339 0.07244017999737196 0.6590538750410602 0.5545279064756975 0.6566148888801143 0.5963762882849304
0.7182776308664655 0.746383610599851 0.798399931222772 0.4663577710182272 0.5989805834628209 0.5122823500114495 0.26861029988927765 0.556060783676163 0.8246145009795333 0.10271494256774982 0.0 0.9129778027093969 0.9434832682144346 0.016999988107204822 0.012446522048389919 0.765143451991774 0.7512333125238783 0.31807980243175493 0.38782785275459464 0.976295264072407 0.6578738905844019
0.392998254860806 0.16202645422949824 0.5390884478462502 0.816041657421453 0.6639273253767368 0.8428937334517864 0.05855188980094739 0.19041638328326915 0.5842101626324906 0.501452945471842 0.9129778027093969 0.0 0.07265706205197509 0.0781316563101645 0.053178968483139744 0.6144923253234166 0.6478857566896816 0.806920845268443 0.8492618859936892 0.9506277034491581 0.3344447853426531
0.8082198708179472 0.15780481832752746 0.38106642477537545 0.8362835708707254 0.5199872564068776 0.6331182531237307 0.6864657022316863 0.0881264094892803 0.4887881195151229 0.669919045263276 0.9434832682144346 0.07265706205197509 0.0 0.2002298589192476 0.747874790600708 0.6345030817064897 0.5529571532433059 0.0820259938320057 0.7544655150324137 0.3166755107373478 0.8685848397720389
0.6152274940608845 0.7942259306077032 0.23179850270536273 0.9398926433446363 0.8372686047387073 0.7606328365118752 0.7473085897386216 0.019253987763679925 0.9150219255161898 0.6836776500414885 0.016999988107204822 0.0781316563101645 0.2002298589192476 0.0 0.5562777599306414 0.8959444596872459 0.7731008343483404 0.446641248890965 0.4022716917008726 0.4276404924514309 0.6302126868959241
0.30539351866047615 0.3192814677486514 0.5535165270540245 0.6970985155368973 0.7921962979189062 0.9523844007696783 0.2586735010727922 0.07666508797254545 0.2525799119323616 0.2940302520708533 0.012446522048389919 0.053178968483139744 0.747874790600708 0.5562777599306414 0.0 0.07522926142088449 0.5920462512949722 0.4821752823155617 0.8024656490354396 0.9053253640600093 0.8022877906232428
0.10258046038287416 0.7469040163262888 0.8331846974476355 0.16909168143912656 0.5823039521261123 0.8735698621953805 0.5960615183466625 0.33954373340218236 0.9835515089023391 0.4062811716523339 0.765143451991774 0.6144923253234166 0.6345030817064897 0.8959444596872459 0.07522926142088449 0.0 0.9596028963787555 0.9018947234239135 0.6143953472213484 0.6377599913832405 0.6544506997834991
0.8041853944721559 0.195254564165099 0.08800868566486286 0.010436863271888752 0.11878024175026414 0.4091387421926087 0.20634341365724596 0.23765178150923105 0.49036684715867396 0.07244017999737196 0.7512333125238783 0.6478857566896816 0.5529571532433059 0.7731008343483404 0.5920462512949722 0.9596028963787555 0.0 0.9895947580309933 0.7865408725530191 0.9093149988945857 0.8428365459115523
0.7305581275277667 0.5170814176377966 0.7102494601653356 0.6045634091242 0.10867165643085253 0.19532683386056093 0.47460303893951905 0.189212068244747 0.3541147507658017 0.6590538750410602 0.31807980243175493 0.806920845268443 0.0820259938320057 0.446641248890965 0.4821752823155617 0.9018947234239135 0.9895947580309933 0.0 0.43062492055572665 0.9203401823089007 0.716760817817475
0.9332009216137772 0.8872425316889083 0.8574043825744787 0.6121971934084316 0.021450738487221455 0.8449085058918244 0.37911128994376375 0.20141147173902563 0.2110638730284844 0.5545279064756975 0.38782785275459464 0.8492618859936892 0.7544655150324137 0.4022716917008726 0.8024656490354396 0.6143953472213484 0.7865408725530191 0.43062492055572665 0.0 0.8116265109365094 0.2866948428714515
0.30697253626764087 0.6576945097845781 0.3218737821292068 0.39365611403332124 0.9616256239690015 0.5706006910531103 0.8785844594173825 0.9165275972119086 0.7998801331798561 0.6566148888801143 0.976295264072407 0.9506277034491581 0.3166755107373478 0.4276404924514309 0.9053253640600093 0.6377599913832405 0.9093149988945857 0.9203401823089007 0.8116265109365094 0.0 0.6249602224455287
0.028216540673949853 0.6228962325804738 0.9261851054827133 0.37618083598999996 0.42813504406755143 0.6419840343859439 0.8858199065189085 0.7112012546601271 0.8211620470625962 0.5963762882849304 0.6578738905844019 0.3344447853426531 0.8685848397720389 0.6302126868959241 0.8022877906232428 0.6544506997834991 0.8428365459115523 0.716760817817475 0.2866948428714515 0.6249602224455287 0.0

# Optimal Walk
0 20 19 2 16 3 9 8 6 11 12 17 18 4 5 1 7 13 10 14 15 0
