# MCW Instance
# Type: UNIFORM
# N: 21
# Optimal cost: 1.6387215856181023
# Optimal tour (permutation): [0, 17, 14, 7, 13, 4, 11, 16, 10, 12, 6, 18, 5, 3, 8, 19, 20, 9, 1, 2, 15, 0]
# Optimal walk (full path): [0, 17, 7, 14, 7, 13, 4, 11, 16, 10, 12, 6, 12, 18, 5, 18, 3, 8, 19, 20, 1, 9, 1, 2, 1, 15, 0]
# Walk size: 27
# Is walk (has repeats): true

# Distance Matrix
0.0000000000 0.1177111014 0.1329866242 0.6237574337 0.3619170901 0.4804904914 0.2055568502 0.6264997489 0.0592383703 0.7752824360 0.9382026398 0.1472634107 0.5662597730 0.6152273455 0.8021053254 0.0465191337 0.5469028541 0.0632996814 0.3630199707 0.3703704373 0.7573499129
0.1177111014 0.0000000000 0.0477037586 0.9991285667 0.6165627624 0.6478545466 0.3743167876 0.7487539889 0.0797323896 0.1387397443 0.9492460552 0.1131606076 0.5027325224 0.0916103533 0.7474200201 0.0390816577 0.6993498892 0.5368454154 0.2672337190 0.2362770730 0.0334524376
0.1329866242 0.0477037586 0.0000000000 0.2897251839 0.6966209243 0.4473398184 0.6405850011 0.1900867112 0.7825268780 0.2801331250 0.0602559448 0.8341906712 0.4436072257 0.7376541231 0.5106353992 0.3325214854 0.4950797124 0.6357849276 0.3821109163 0.3235317401 0.4650078884
0.6237574337 0.9991285667 0.2897251839 0.0000000000 0.6863046479 0.6521242425 0.2008808382 0.3728961793 0.1407011551 0.8309385034 0.2705071185 0.5143286181 0.5397347525 0.7364620834 0.3439115529 0.7494842474 0.2943704746 0.8659821004 0.0953201933 0.5287139216 0.5356091099
0.3619170901 0.6165627624 0.6966209243 0.6863046479 0.0000000000 0.3836367883 0.3629318360 0.9049650304 0.9139118620 0.7746825551 0.4582461740 0.0806921514 0.8033273271 0.0310883085 0.4625067316 0.6159927795 0.6710931538 0.8277161124 0.4355823050 0.2850597127 0.2103995096
0.4804904914 0.6478545466 0.4473398184 0.6521242425 0.3836367883 0.0000000000 0.5243237375 0.4401493516 0.7096422504 0.2021649393 0.9858511201 0.2928268130 0.3210606915 0.9710897035 0.1519297207 0.9939543164 0.9064197123 0.7319153517 0.0062798118 0.8589932323 0.9800180874
0.2055568502 0.3743167876 0.6405850011 0.2008808382 0.3629318360 0.5243237375 0.0000000000 0.0837337394 0.0976378145 0.4770695531 0.4875535096 0.4033524689 0.0460815903 0.7559662804 0.8985729923 0.9131377492 0.5320994925 0.4779126005 0.5717208528 0.7544203662 0.1104737035
0.6264997489 0.7487539889 0.1900867112 0.3728961793 0.9049650304 0.4401493516 0.0837337394 0.0000000000 0.9868052917 0.3876878922 0.4844633034 0.8170268062 0.8550380089 0.0363668028 0.0331550770 0.9435058315 0.6369019573 0.0175704974 0.3050056889 0.5443549596 0.1055617063
0.0592383703 0.0797323896 0.7825268780 0.1407011551 0.9139118620 0.7096422504 0.0976378145 0.9868052917 0.0000000000 0.3687718350 0.2926867791 0.2088549166 0.6918979828 0.3686740810 0.7802716078 0.3830832282 0.1960488078 0.9820241321 0.4574943666 0.0583761973 0.2262695376
0.7752824360 0.1387397443 0.2801331250 0.8309385034 0.7746825551 0.2021649393 0.4770695531 0.3876878922 0.3687718350 0.0000000000 0.6089307800 0.5407623486 0.9564502968 0.2347710029 0.7810529990 0.8023188671 0.4360667689 0.4664842967 0.8073741159 0.2458686741 0.2221002140
0.9382026398 0.9492460552 0.0602559448 0.2705071185 0.4582461740 0.9858511201 0.4875535096 0.4844633034 0.2926867791 0.6089307800 0.0000000000 0.6142398966 0.0138794552 0.5351415419 0.7150981916 0.4826375065 0.1443068391 0.6812840194 0.0778955838 0.5029224343 0.6932404763
0.1472634107 0.1131606076 0.8341906712 0.5143286181 0.0806921514 0.2928268130 0.4033524689 0.8170268062 0.2088549166 0.5407623486 0.6142398966 0.0000000000 0.4256334207 0.5155741038 0.5124733156 0.4281705696 0.2163418059 0.1660336618 0.8150447047 0.1237428894 0.6704822056
0.5662597730 0.5027325224 0.4436072257 0.5397347525 0.8033273271 0.3210606915 0.0460815903 0.8550380089 0.6918979828 0.9564502968 0.0138794552 0.4256334207 0.0000000000 0.8006691002 0.1716976914 0.5792730781 0.9376833529 0.0981221479 0.0373903747 0.3197034471 0.4370027515
0.6152273455 0.0916103533 0.7376541231 0.7364620834 0.0310883085 0.9710897035 0.7559662804 0.0363668028 0.3686740810 0.2347710029 0.5351415419 0.5155741038 0.8006691002 0.0000000000 0.5988053318 0.0544889615 0.9905300879 0.0256627516 0.5738706341 0.5420000016 0.3488310899
0.8021053254 0.7474200201 0.5106353992 0.3439115529 0.4625067316 0.1519297207 0.8985729923 0.0331550770 0.7802716078 0.7810529990 0.7150981916 0.5124733156 0.1716976914 0.5988053318 0.0000000000 0.7764376760 0.9495229152 0.4781123827 0.9253771246 0.1898945784 0.1160539993
0.0465191337 0.0390816577 0.3325214854 0.7494842474 0.6159927795 0.9939543164 0.9131377492 0.9435058315 0.3830832282 0.8023188671 0.4826375065 0.4281705696 0.5792730781 0.0544889615 0.7764376760 0.0000000000 0.2636775269 0.8869077683 0.8483539715 0.9207004240 0.3755450670
0.5469028541 0.6993498892 0.4950797124 0.2943704746 0.6710931538 0.9064197123 0.5320994925 0.6369019573 0.1960488078 0.4360667689 0.1443068391 0.2163418059 0.9376833529 0.9905300879 0.9495229152 0.2636775269 0.0000000000 0.3630083738 0.2303510896 0.3944040610 0.8712100252
0.0632996814 0.5368454154 0.6357849276 0.8659821004 0.8277161124 0.7319153517 0.4779126005 0.0175704974 0.9820241321 0.4664842967 0.6812840194 0.1660336618 0.0981221479 0.0256627516 0.4781123827 0.8869077683 0.3630083738 0.0000000000 0.5186240333 0.6475422528 0.7947816748
0.3630199707 0.2672337190 0.3821109163 0.0953201933 0.4355823050 0.0062798118 0.5717208528 0.3050056889 0.4574943666 0.8073741159 0.0778955838 0.8150447047 0.0373903747 0.5738706341 0.9253771246 0.8483539715 0.2303510896 0.5186240333 0.0000000000 0.5900172883 0.9510981547
0.3703704373 0.2362770730 0.3235317401 0.5287139216 0.2850597127 0.8589932323 0.7544203662 0.5443549596 0.0583761973 0.2458686741 0.5029224343 0.1237428894 0.3197034471 0.5420000016 0.1898945784 0.9207004240 0.3944040610 0.6475422528 0.5900172883 0.0000000000 0.0404149304
0.7573499129 0.0334524376 0.4650078884 0.5356091099 0.2103995096 0.9800180874 0.1104737035 0.1055617063 0.2262695376 0.2221002140 0.6932404763 0.6704822056 0.4370027515 0.3488310899 0.1160539993 0.3755450670 0.8712100252 0.7947816748 0.9510981547 0.0404149304 0.0000000000
