# Graph size: 21
# Optimal cost: 1.9462005180456243

# Distance Matrix
0.0 0.4915885408383379 0.19249541422628313 0.7926728999442056 0.057787648272832115 0.5276124440162705 0.1930136362717636 0.8371125961585554 0.6082860042509866 0.08579749677934478 0.3777829877401767 0.9818262124994575 0.45410089059791325 0.7226463834413006 0.23243918642609263 0.2888145399060533 0.3064885444974801 0.9693643131030927 0.3930821132794061 0.4851053510710287 0.3358713587316935
0.4915885408383379 0.0 0.05646424495558877 0.40703827762864986 0.5816350484577172 0.1785188723046035 0.9061193350727067 0.03917894189096183 0.3990523128436537 0.8912658864345516 0.6435132153186175 0.7082977986929068 0.7014026574068276 0.9080093272107772 0.8481663980628775 0.9593399416873116 0.8740032097661258 0.26363898138659125 0.5171929529530612 0.22981369271909646 0.5984193491078896
0.19249541422628313 0.05646424495558877 0.0 0.09422210646737317 0.24466818703538307 0.5525055578274197 0.7753060373439076 0.6966753739303957 0.4347652876329544 0.25165777729654715 0.024978366774440874 0.23682177595097953 0.4610443147982738 0.1360567910198276 0.45592745063008233 0.5316444451616125 0.5602547142752834 0.17002048800015535 0.03309920283023482 0.1997130139758777 0.9062381774873102
0.7926728999442056 0.40703827762864986 0.09422210646737317 0.0 0.1120605150334687 0.8006051469516495 0.8731726202799736 0.7479957038833345 0.15103558359614955 0.41763619155009524 0.09534934050585142 0.7157089921602375 0.14090028129916887 0.9517015943661095 0.9899401297630288 0.39948335015373737 0.637693391539392 0.6399167970253191 0.7809194224547702 0.08780505259074456 0.5761984981427309
0.057787648272832115 0.5816350484577172 0.24466818703538307 0.1120605150334687 0.0 0.3769160257603065 0.7667083658362289 0.11618354615888715 0.08874863962795076 0.017066078643987903 0.4078170577523553 0.6211747348125612 0.6649364123575893 0.18901041523473416 0.7740839760313162 0.6209586806254624 0.578529087318739 0.2121732686588722 0.7158009594779899 0.2508711767418337 0.2666781159340583
0.5276124440162705 0.1785188723046035 0.5525055578274197 0.8006051469516495 0.3769160257603065 0.0 0.8777057680894043 0.7724260777688502 0.6707655176073026 0.13655135274724228 0.31045702598967706 0.01325091212556373 0.6308072453846175 0.09580474488284396 0.86390528297009 0.7163027581085694 0.9332811969192946 0.955850216010357 0.016585367887536062 0.034926279741178234 0.060216723408208606
0.1930136362717636 0.9061193350727067 0.7753060373439076 0.8731726202799736 0.7667083658362289 0.8777057680894043 0.0 0.7406651600250621 0.5364002928079523 0.5759032500539956 0.0501136838544064 0.848927325368782 0.7583067467509563 0.11863322192986825 0.30177806781283234 0.9635495523579184 0.681215371748006 0.5418117185869855 0.3592530153324517 0.5802259520064355 0.7315483407763463
0.8371125961585554 0.03917894189096183 0.6966753739303957 0.7479957038833345 0.11618354615888715 0.7724260777688502 0.7406651600250621 0.0 0.3922068433423247 0.8890571865724692 0.03539185308636095 0.463748909580204 0.4295492787866334 0.9994194698370451 0.9540378317620503 0.17213789907245858 0.9122145208790646 0.770925086792441 0.10910753249088911 0.37386529499944 0.35029033567042
0.6082860042509866 0.3990523128436537 0.4347652876329544 0.15103558359614955 0.08874863962795076 0.6707655176073026 0.5364002928079523 0.3922068433423247 0.0 0.3689649859375921 0.7867483892931297 0.3893052769771055 0.9457867161794214 0.3906070712205313 0.8854727496782192 0.7940950762634712 0.9641593242196331 0.1619840089068344 0.14232655445077058 0.3461202331734774 0.8369814952810579
0.08579749677934478 0.8912658864345516 0.25165777729654715 0.41763619155009524 0.017066078643987903 0.13655135274724228 0.5759032500539956 0.8890571865724692 0.3689649859375921 0.0 0.5470193888133296 0.0754514746378907 0.101099113915191 0.8825144682181721 0.45429011258254115 0.45996553338076196 0.8220223039694576 0.14908881714821776 0.6360498448312206 0.4128764328928072 0.4605533996120591
0.3777829877401767 0.6435132153186175 0.024978366774440874 0.09534934050585142 0.4078170577523553 0.31045702598967706 0.0501136838544064 0.03539185308636095 0.7867483892931297 0.5470193888133296 0.0 0.035624509706894014 0.5619146132367664 0.4527806174695965 0.44259931888668 0.024281297242153332 0.11943841772473651 0.22139038240808595 0.7256103098599581 0.0721446775053265 0.6447832469297811
0.9818262124994575 0.7082977986929068 0.23682177595097953 0.7157089921602375 0.6211747348125612 0.01325091212556373 0.848927325368782 0.463748909580204 0.3893052769771055 0.0754514746378907 0.035624509706894014 0.0 0.9064704150025434 0.11177058898956349 0.9520171725558221 0.31891424672466406 0.7895538636188519 0.09909288673789884 0.10679842029760822 0.27822759649867945 0.7568477451146127
0.45410089059791325 0.7014026574068276 0.4610443147982738 0.14090028129916887 0.6649364123575893 0.6308072453846175 0.7583067467509563 0.4295492787866334 0.9457867161794214 0.101099113915191 0.5619146132367664 0.9064704150025434 0.0 0.6315312799470048 0.3876020476264178 0.8832452534654619 0.05802574597683796 0.46957826458812957 0.3826707480513911 0.46498694477699554 0.07514634793356245
0.7226463834413006 0.9080093272107772 0.1360567910198276 0.9517015943661095 0.18901041523473416 0.09580474488284396 0.11863322192986825 0.9994194698370451 0.3906070712205313 0.8825144682181721 0.4527806174695965 0.11177058898956349 0.6315312799470048 0.0 0.5444139789052199 0.9123156471367276 0.5258566199933481 0.3727227044258441 0.5815264398773011 0.6645197892229497 0.8103572923493939
0.23243918642609263 0.8481663980628775 0.45592745063008233 0.9899401297630288 0.7740839760313162 0.86390528297009 0.30177806781283234 0.9540378317620503 0.8854727496782192 0.45429011258254115 0.44259931888668 0.9520171725558221 0.3876020476264178 0.5444139789052199 0.0 0.840009821859131 0.48382381070222613 0.8765096107265001 0.8806742449275817 0.3078640609646286 0.4496108235782086
0.2888145399060533 0.9593399416873116 0.5316444451616125 0.39948335015373737 0.6209586806254624 0.7163027581085694 0.9635495523579184 0.17213789907245858 0.7940950762634712 0.45996553338076196 0.024281297242153332 0.31891424672466406 0.8832452534654619 0.9123156471367276 0.840009821859131 0.0 0.4295125788805857 0.8331436113185405 0.6250686960084865 0.5674033732727733 0.7170828610986184
0.3064885444974801 0.8740032097661258 0.5602547142752834 0.637693391539392 0.578529087318739 0.9332811969192946 0.681215371748006 0.9122145208790646 0.9641593242196331 0.8220223039694576 0.11943841772473651 0.7895538636188519 0.05802574597683796 0.5258566199933481 0.48382381070222613 0.4295125788805857 0.0 0.5738497652047475 0.8128080278497339 0.6774066019144077 0.17179145423157582
0.9693643131030927 0.26363898138659125 0.17002048800015535 0.6399167970253191 0.2121732686588722 0.955850216010357 0.5418117185869855 0.770925086792441 0.1619840089068344 0.14908881714821776 0.22139038240808595 0.09909288673789884 0.46957826458812957 0.3727227044258441 0.8765096107265001 0.8331436113185405 0.5738497652047475 0.0 0.6350713804842256 0.581012547960977 0.6185836168062184
0.3930821132794061 0.5171929529530612 0.03309920283023482 0.7809194224547702 0.7158009594779899 0.016585367887536062 0.3592530153324517 0.10910753249088911 0.14232655445077058 0.6360498448312206 0.7256103098599581 0.10679842029760822 0.3826707480513911 0.5815264398773011 0.8806742449275817 0.6250686960084865 0.8128080278497339 0.6350713804842256 0.0 0.39074060339300465 0.8590228702937972
0.4851053510710287 0.22981369271909646 0.1997130139758777 0.08780505259074456 0.2508711767418337 0.034926279741178234 0.5802259520064355 0.37386529499944 0.3461202331734774 0.4128764328928072 0.0721446775053265 0.27822759649867945 0.46498694477699554 0.6645197892229497 0.3078640609646286 0.5674033732727733 0.6774066019144077 0.581012547960977 0.39074060339300465 0.0 0.18658573544275758
0.3358713587316935 0.5984193491078896 0.9062381774873102 0.5761984981427309 0.2666781159340583 0.060216723408208606 0.7315483407763463 0.35029033567042 0.8369814952810579 0.4605533996120591 0.6447832469297811 0.7568477451146127 0.07514634793356245 0.8103572923493939 0.4496108235782086 0.7170828610986184 0.17179145423157582 0.6185836168062184 0.8590228702937972 0.18658573544275758 0.0

# Optimal Walk
0 14 6 13 19 3 2 1 7 15 10 16 12 20 18 5 11 17 8 9 4 0
