# MCW Instance
# Type: UNIFORM
# N: 21
# Optimal cost: 1.907892146408307
# Optimal tour (permutation): [0, 11, 5, 15, 13, 8, 4, 2, 9, 1, 14, 3, 19, 16, 20, 18, 17, 12, 10, 7, 6, 0]
# Optimal walk (full path): [0, 11, 5, 15, 13, 8, 4, 2, 1, 9, 1, 14, 3, 19, 16, 20, 10, 17, 18, 17, 10, 12, 10, 7, 6, 11, 0]
# Walk size: 27
# Is walk (has repeats): true

# Distance Matrix
0.0000000000 0.9673696650 0.2173281866 0.5842400381 0.2072103603 0.9798325997 0.9402575719 0.3334941380 0.7554674748 0.1973115338 0.7586011905 0.0005281601 0.6290572477 0.7651601679 0.3678968949 0.8335136843 0.3561976593 0.9645830618 0.5743921776 0.2995626195 0.6033636143
0.9673696650 0.0000000000 0.0529101289 0.3143589451 0.7461579391 0.5754081297 0.7742060961 0.1156929617 0.7510007147 0.0456055271 0.6117784514 0.7191134216 0.8065444976 0.3271704868 0.0738742183 0.1475676195 0.4708391841 0.9597208754 0.3048324115 0.1149844078 0.8829083704
0.2173281866 0.0529101289 0.0000000000 0.8773166817 0.0961855270 0.2993091272 0.5887354987 0.3491209689 0.9356801153 0.6697924746 0.9530358505 0.0393932178 0.0769128989 0.7547935898 0.0423431351 0.1204391535 0.7382556445 0.4638979222 0.7565404309 0.4903055235 0.4469682057
0.5842400381 0.3143589451 0.8773166817 0.0000000000 0.8369387613 0.1588174431 0.7964222487 0.2328762783 0.8825507559 0.4081373972 0.1470582931 0.8457164443 0.4901724725 0.4336479964 0.1043716258 0.4212278200 0.2519544175 0.5070732743 0.7959984757 0.0532964419 0.9148178814
0.2072103603 0.7461579391 0.0961855270 0.8369387613 0.0000000000 0.1669739885 0.7565395289 0.5429345341 0.0979489339 0.5278661340 0.4159668357 0.1896040124 0.8573012585 0.8675387327 0.9888873607 0.8663696258 0.6562200228 0.5275132924 0.8867644751 0.7775939496 0.3100888740
0.9798325997 0.5754081297 0.2993091272 0.1588174431 0.1669739885 0.0000000000 0.5844395238 0.6746121100 0.2363629096 0.5129402828 0.4543225464 0.0243405612 0.5185572633 0.6252591662 0.5768293306 0.0788469347 0.3514615611 0.5047487651 0.5935231415 0.1341074634 0.8770295440
0.9402575719 0.7742060961 0.5887354987 0.7964222487 0.7565395289 0.5844395238 0.0000000000 0.2956162606 0.9817261799 0.5709424558 0.9934002804 0.2569752840 0.9348128521 0.5237896545 0.8229871674 0.9072514128 0.3900868294 0.8607347111 0.6814374071 0.9890153968 0.4969972555
0.3334941380 0.1156929617 0.3491209689 0.2328762783 0.5429345341 0.6746121100 0.2956162606 0.0000000000 0.6672124693 0.3289871142 0.0174584380 0.4913008068 0.5752063311 0.4742127581 0.4657627036 0.8948776306 0.9604371117 0.4699071073 0.9619092311 0.1962612395 0.2419469814
0.7554674748 0.7510007147 0.9356801153 0.8825507559 0.0979489339 0.2363629096 0.9817261799 0.6672124693 0.0000000000 0.8917838537 0.2240044481 0.6835435720 0.2616480860 0.2229418796 0.8449959969 0.8991683066 0.9958193150 0.1804965496 0.4526867645 0.2652266535 0.6561992574
0.1973115338 0.0456055271 0.6697924746 0.4081373972 0.5278661340 0.5129402828 0.5709424558 0.3289871142 0.8917838537 0.0000000000 0.3155122381 0.2172461563 0.7882221192 0.5752367391 0.3933464063 0.1559557380 0.3938714167 0.1382250222 0.7187428031 0.1937161344 0.3653609855
0.7586011905 0.6117784514 0.9530358505 0.1470582931 0.4159668357 0.4543225464 0.9934002804 0.0174584380 0.2240044481 0.3155122381 0.0000000000 0.4244594413 0.0084870117 0.4778806912 0.5625798632 0.1502224883 0.6341650225 0.0172706480 0.5852010848 0.9683143908 0.0585415384
0.0005281601 0.7191134216 0.0393932178 0.8457164443 0.1896040124 0.0243405612 0.2569752840 0.4913008068 0.6835435720 0.2172461563 0.4244594413 0.0000000000 0.3177658120 0.8090857041 0.1720111225 0.0713013615 0.3206532716 0.2733344546 0.3757462287 0.9933738494 0.6149563933
0.6290572477 0.8065444976 0.0769128989 0.4901724725 0.8573012585 0.5185572633 0.9348128521 0.5752063311 0.2616480860 0.7882221192 0.0084870117 0.3177658120 0.0000000000 0.7244147304 0.8004762963 0.3637871865 0.5912548473 0.7341407091 0.3786048011 0.7489751393 0.9320459269
0.7651601679 0.3271704868 0.7547935898 0.4336479964 0.8675387327 0.6252591662 0.5237896545 0.4742127581 0.2229418796 0.5752367391 0.4778806912 0.8090857041 0.7244147304 0.0000000000 0.6998873577 0.0115023876 0.2216864732 0.5924859891 0.7082695513 0.9620758237 0.7451227490
0.3678968949 0.0738742183 0.0423431351 0.1043716258 0.9888873607 0.5768293306 0.8229871674 0.4657627036 0.8449959969 0.3933464063 0.5625798632 0.1720111225 0.8004762963 0.6998873577 0.0000000000 0.2153904629 0.6976198350 0.5455025338 0.1676576727 0.7456596104 0.0899496231
0.8335136843 0.1475676195 0.1204391535 0.4212278200 0.8663696258 0.0788469347 0.9072514128 0.8948776306 0.8991683066 0.1559557380 0.1502224883 0.0713013615 0.3637871865 0.0115023876 0.2153904629 0.0000000000 0.9931607821 0.7844671021 0.8618361279 0.0796800750 0.6079504040
0.3561976593 0.4708391841 0.7382556445 0.2519544175 0.6562200228 0.3514615611 0.3900868294 0.9604371117 0.9958193150 0.3938714167 0.6341650225 0.3206532716 0.5912548473 0.2216864732 0.6976198350 0.9931607821 0.0000000000 0.4546257835 0.7262902276 0.0642805850 0.1036124888
0.9645830618 0.9597208754 0.4638979222 0.5070732743 0.5275132924 0.5047487651 0.8607347111 0.4699071073 0.1804965496 0.1382250222 0.0172706480 0.2733344546 0.7341407091 0.5924859891 0.5455025338 0.7844671021 0.4546257835 0.0000000000 0.0757031095 0.4705664740 0.2810546915
0.5743921776 0.3048324115 0.7565404309 0.7959984757 0.8867644751 0.5935231415 0.6814374071 0.9619092311 0.4526867645 0.7187428031 0.5852010848 0.3757462287 0.3786048011 0.7082695513 0.1676576727 0.8618361279 0.7262902276 0.0757031095 0.0000000000 0.3263209576 0.8126171333
0.2995626195 0.1149844078 0.4903055235 0.0532964419 0.7775939496 0.1341074634 0.9890153968 0.1962612395 0.2652266535 0.1937161344 0.9683143908 0.9933738494 0.7489751393 0.9620758237 0.7456596104 0.0796800750 0.0642805850 0.4705664740 0.3263209576 0.0000000000 0.7787158254
0.6033636143 0.8829083704 0.4469682057 0.9148178814 0.3100888740 0.8770295440 0.4969972555 0.2419469814 0.6561992574 0.3653609855 0.0585415384 0.6149563933 0.9320459269 0.7451227490 0.0899496231 0.6079504040 0.1036124888 0.2810546915 0.8126171333 0.7787158254 0.0000000000
