# Graph size: 21
# Optimal cost: 1.7416645159971589

# Distance Matrix
0.0 0.7561825031103677 0.48288871431285285 0.8089207229760678 0.09517202065094799 0.11070035277289214 0.8600277110817686 0.5385978089140732 0.4858775112090725 0.7517482995429102 0.5008344718886063 0.3077990839236744 0.6380311029722708 0.4591180777355852 0.8623743693617162 0.1949010325788343 0.3105532940764778 0.44554385565901833 0.761862842786302 0.7559708080108547 0.46990517782527685
0.7561825031103677 0.0 0.0410092498494814 0.7420266193185007 0.8999800656676474 0.4226087431632294 0.04665656838961796 0.9268453235898806 0.6274840571185485 0.08281587970740634 0.9939246732174066 0.31155141751338533 0.068099561793872 0.5380428862829139 0.014268305058113495 0.2520558474363669 0.9874659127139611 0.7881006455233754 0.2757881557630374 0.7715058297443769 0.9509759228520844
0.48288871431285285 0.0410092498494814 0.0 0.7754153751235051 0.9753275206268706 0.18546981899617543 0.6294144251151228 0.599348256954429 0.6880680623834229 0.4622843498809176 0.3107441428292318 0.11278706499042612 0.47138396473918553 0.6813861289771067 0.5426296378231591 0.9361961220113774 0.49568941400746747 0.9299919943780877 0.9718922109710447 0.2924757319892587 0.1322424095243604
0.8089207229760678 0.7420266193185007 0.7754153751235051 0.0 0.9872781474516384 0.8699400225465039 0.9653957840153726 0.3663429430388918 0.1852496281179845 0.5373187592819471 0.1150327248507057 0.1240912070100203 0.9067796841312472 0.7658806897607706 0.6455525539292227 0.601847504486326 0.28383756371872226 0.8036706563409466 0.3138472910988588 0.9697624125830963 0.7927129654192265
0.09517202065094799 0.8999800656676474 0.9753275206268706 0.9872781474516384 0.0 0.8154794006465773 0.7919458362395868 0.8842219179829263 0.6080838825081354 0.6611166421936784 0.45178444182060074 0.0887794398058045 0.7740638340547749 0.9238067974031072 0.727836215676203 0.009122438832491753 0.4779035863578569 0.512713192213024 0.5312628041645525 0.6548485285426263 0.97081134783969
0.11070035277289214 0.4226087431632294 0.18546981899617543 0.8699400225465039 0.8154794006465773 0.0 0.8364469299337645 0.33866568870397873 0.3293022685606003 0.9703948572115008 0.49851890585415226 0.2591787058070044 0.6184503269807475 0.7005173483388919 0.701044697067383 0.5955570698211891 0.8807493701629651 0.07689880917410008 0.05961377955976088 0.1580826350394373 0.992187817345898
0.8600277110817686 0.04665656838961796 0.6294144251151228 0.9653957840153726 0.7919458362395868 0.8364469299337645 0.0 0.9305828258688226 0.3300859301340595 0.8645190981606471 0.41415857384643595 0.5764286747204057 0.6271793691687197 0.9650144771772651 0.7465469678524359 0.48007671872017144 0.0750667147073264 0.5677632967788331 0.8043945588298153 0.2543750855606767 0.4717963277437667
0.5385978089140732 0.9268453235898806 0.599348256954429 0.3663429430388918 0.8842219179829263 0.33866568870397873 0.9305828258688226 0.0 0.009403529383373743 0.9137259011053632 0.7250439952807147 0.47220823712528204 0.013538908964168428 0.560601793857458 0.345393337567505 0.9981154955348087 0.5114399404752478 0.7471896394959499 0.8111987240599442 0.06987316300652535 0.4608921651150999
0.4858775112090725 0.6274840571185485 0.6880680623834229 0.1852496281179845 0.6080838825081354 0.3293022685606003 0.3300859301340595 0.009403529383373743 0.0 0.40961753770508647 0.32937902463082336 0.02005876722315958 0.9923233766435827 0.03460565901510837 0.6279089877318542 0.09783996103338355 0.7357560927604692 0.17534458582782064 0.45943843003353735 0.8017059057126867 0.2377955223982724
0.7517482995429102 0.08281587970740634 0.4622843498809176 0.5373187592819471 0.6611166421936784 0.9703948572115008 0.8645190981606471 0.9137259011053632 0.40961753770508647 0.0 0.9118175429941975 0.0473791897353687 0.888591410186277 0.9647771307234155 0.42673942484559635 0.6507597100376441 0.8990236840753889 0.5063624337365059 0.7755121534619082 0.1829365871970371 0.21077347273371272
0.5008344718886063 0.9939246732174066 0.3107441428292318 0.1150327248507057 0.45178444182060074 0.49851890585415226 0.41415857384643595 0.7250439952807147 0.32937902463082336 0.9118175429941975 0.0 0.24328490156231675 0.617072756687456 0.6092911316134081 0.08759372608305571 0.9236131367820265 0.14223699322872185 0.6703280532008951 0.9249808829204603 0.30381112761853346 0.6871177337149177
0.3077990839236744 0.31155141751338533 0.11278706499042612 0.1240912070100203 0.0887794398058045 0.2591787058070044 0.5764286747204057 0.47220823712528204 0.02005876722315958 0.0473791897353687 0.24328490156231675 0.0 0.3291329279926788 0.9114948234355013 0.2540406602536407 0.5514239735997207 0.22593328377193167 0.6220256262078182 0.5015643204759466 0.35492315721855106 0.3375484453830525
0.6380311029722708 0.068099561793872 0.47138396473918553 0.9067796841312472 0.7740638340547749 0.6184503269807475 0.6271793691687197 0.013538908964168428 0.9923233766435827 0.888591410186277 0.617072756687456 0.3291329279926788 0.0 0.6384965844047619 0.4917717385498378 0.8600756573302079 0.985800743170701 0.1538445472498181 0.6832661174033413 0.5648271072678355 0.31650150960241474
0.4591180777355852 0.5380428862829139 0.6813861289771067 0.7658806897607706 0.9238067974031072 0.7005173483388919 0.9650144771772651 0.560601793857458 0.03460565901510837 0.9647771307234155 0.6092911316134081 0.9114948234355013 0.6384965844047619 0.0 0.6567201547528466 0.9616114557639933 0.5267705568033682 0.3794127342288731 0.21720234341566058 0.75575578282592 0.8183676081079181
0.8623743693617162 0.014268305058113495 0.5426296378231591 0.6455525539292227 0.727836215676203 0.701044697067383 0.7465469678524359 0.345393337567505 0.6279089877318542 0.42673942484559635 0.08759372608305571 0.2540406602536407 0.4917717385498378 0.6567201547528466 0.0 0.9796256487176598 0.5979225750697885 0.87180908976876 0.7326432366694628 0.542085581849459 0.4003463981090676
0.1949010325788343 0.2520558474363669 0.9361961220113774 0.601847504486326 0.009122438832491753 0.5955570698211891 0.48007671872017144 0.9981154955348087 0.09783996103338355 0.6507597100376441 0.9236131367820265 0.5514239735997207 0.8600756573302079 0.9616114557639933 0.9796256487176598 0.0 0.020768994266157303 0.3597466091966305 0.3335319290837718 0.722560969875001 0.5099514192335388
0.3105532940764778 0.9874659127139611 0.49568941400746747 0.28383756371872226 0.4779035863578569 0.8807493701629651 0.0750667147073264 0.5114399404752478 0.7357560927604692 0.8990236840753889 0.14223699322872185 0.22593328377193167 0.985800743170701 0.5267705568033682 0.5979225750697885 0.020768994266157303 0.0 0.4369960467949464 0.5199114132590519 0.3527692413082667 0.5922971551287954
0.44554385565901833 0.7881006455233754 0.9299919943780877 0.8036706563409466 0.512713192213024 0.07689880917410008 0.5677632967788331 0.7471896394959499 0.17534458582782064 0.5063624337365059 0.6703280532008951 0.6220256262078182 0.1538445472498181 0.3794127342288731 0.87180908976876 0.3597466091966305 0.4369960467949464 0.0 0.4385032527760322 0.7023611228234509 0.3517926036374639
0.761862842786302 0.2757881557630374 0.9718922109710447 0.3138472910988588 0.5312628041645525 0.05961377955976088 0.8043945588298153 0.8111987240599442 0.45943843003353735 0.7755121534619082 0.9249808829204603 0.5015643204759466 0.6832661174033413 0.21720234341566058 0.7326432366694628 0.3335319290837718 0.5199114132590519 0.4385032527760322 0.0 0.5233897154607292 0.7151982571127421
0.7559708080108547 0.7715058297443769 0.2924757319892587 0.9697624125830963 0.6548485285426263 0.1580826350394373 0.2543750855606767 0.06987316300652535 0.8017059057126867 0.1829365871970371 0.30381112761853346 0.35492315721855106 0.5648271072678355 0.75575578282592 0.542085581849459 0.722560969875001 0.3527692413082667 0.7023611228234509 0.5233897154607292 0.0 0.7711476646968497
0.46990517782527685 0.9509759228520844 0.1322424095243604 0.7927129654192265 0.97081134783969 0.992187817345898 0.4717963277437667 0.4608921651150999 0.2377955223982724 0.21077347273371272 0.6871177337149177 0.3375484453830525 0.31650150960241474 0.8183676081079181 0.4003463981090676 0.5099514192335388 0.5922971551287954 0.3517926036374639 0.7151982571127421 0.7711476646968497 0.0

# Optimal Walk
0 18 5 17 12 19 7 13 8 11 9 3 10 14 20 2 1 6 16 15 4 0
