# MCW Instance
# Type: UNIFORM
# N: 21
# Optimal cost: 1.4757473158033758
# Optimal tour (permutation): [0, 17, 12, 16, 9, 1, 6, 15, 14, 2, 18, 20, 10, 4, 3, 8, 13, 19, 11, 7, 5, 0]
# Optimal walk (full path): [0, 17, 12, 16, 9, 1, 9, 6, 15, 14, 2, 14, 18, 20, 4, 10, 4, 20, 3, 20, 8, 19, 13, 19, 11, 7, 5, 0]
# Walk size: 28
# Is walk (has repeats): true

# Distance Matrix
0.0000000000 0.7312213971 0.6389297716 0.9826615304 0.6094586750 0.0737768368 0.6033784120 0.8567845322 0.5644274726 0.9213092343 0.8343868149 0.3542098150 0.3163365914 0.4030618118 0.9736876597 0.8225810845 0.9612961737 0.0668231079 0.8423534974 0.9155941469 0.5739638592
0.7312213971 0.0000000000 0.9983926970 0.5041723193 0.6762120065 0.6630944828 0.0491562929 0.4407716675 0.4301529841 0.0050891919 0.4318105142 0.8458463192 0.0900245191 0.8477617295 0.9452544853 0.6483831801 0.2370760603 0.4697043182 0.8718910996 0.5085661238 0.3953970408
0.6389297716 0.9983926970 0.0000000000 0.6050489342 0.1540586431 0.6950830811 0.2424864670 0.2990843548 0.8010386966 0.4488459498 0.1104729494 0.3471033278 0.6040636405 0.1656735929 0.0238652149 0.5870179355 0.1439736340 0.4892770974 0.6925647996 0.9656958305 0.7646488291
0.9826615304 0.5041723193 0.6050489342 0.0000000000 0.1959252221 0.3329741658 0.4796336093 0.6550700463 0.5734575348 0.9253851678 0.8024978749 0.4338369225 0.8498513142 0.5324339347 0.6552286803 0.6621998075 0.1103378306 0.6012605530 0.7488138034 0.5251372944 0.0571021317
0.6094586750 0.6762120065 0.1540586431 0.1959252221 0.0000000000 0.7511126322 0.4355067566 0.5147392087 0.9118900870 0.4084841681 0.0411751139 0.3261299016 0.7393849815 0.7934819927 0.2196302039 0.3333944685 0.4780056336 0.1839643859 0.5692027456 0.9514464383 0.0048162513
0.0737768368 0.6630944828 0.6950830811 0.3329741658 0.7511126322 0.0000000000 0.0880970963 0.1824937628 0.9095022576 0.6325281854 0.9413247289 0.7621435821 0.9628044191 0.5391120088 0.2103557283 0.4286257712 0.8514616310 0.7643282629 0.3346118135 0.3704877592 0.3787509363
0.6033784120 0.0491562929 0.2424864670 0.4796336093 0.4355067566 0.0880970963 0.0000000000 0.5725231184 0.7646938309 0.0431227525 0.3259535566 0.1773256911 0.4677673705 0.7090725442 0.5467720678 0.0514213298 0.6613734130 0.7310243550 0.9916042778 0.3033657559 0.2100208200
0.8567845322 0.4407716675 0.2990843548 0.6550700463 0.5147392087 0.1824937628 0.5725231184 0.0000000000 0.1780794260 0.6004242548 0.8934424041 0.0730186625 0.9865341848 0.9727488405 0.7818559045 0.4273583648 0.1283304449 0.4741438710 0.4550926497 0.6060571118 0.9834931411
0.5644274726 0.4301529841 0.8010386966 0.5734575348 0.9118900870 0.9095022576 0.7646938309 0.1780794260 0.0000000000 0.9709507747 0.6600687248 0.7902251331 0.3872901836 0.6983913857 0.5907251057 0.4722217738 0.6285115315 0.8619346436 0.2180178416 0.0676162533 0.0121794566
0.9213092343 0.0050891919 0.4488459498 0.9253851678 0.4084841681 0.6325281854 0.0431227525 0.6004242548 0.9709507747 0.0000000000 0.4477860953 0.9317916476 0.6952704644 0.4681660025 0.3755871877 0.1718126996 0.0677136517 0.0866071276 0.5648879690 0.2652770516 0.6380788473
0.8343868149 0.4318105142 0.1104729494 0.8024978749 0.0411751139 0.9413247289 0.3259535566 0.8934424041 0.6600687248 0.4477860953 0.0000000000 0.3916678550 0.7066837843 0.2593987120 0.6352242844 0.6271262625 0.5322825445 0.1402217031 0.3852630074 0.3204085174 0.1539960779
0.3542098150 0.8458463192 0.3471033278 0.4338369225 0.3261299016 0.7621435821 0.1773256911 0.0730186625 0.7902251331 0.9317916476 0.3916678550 0.0000000000 0.4625887963 0.3655763341 0.9161208459 0.6156255156 0.0812386648 0.7664883203 0.3257890079 0.1354372849 0.3692927860
0.3163365914 0.0900245191 0.6040636405 0.8498513142 0.7393849815 0.9628044191 0.4677673705 0.9865341848 0.3872901836 0.6952704644 0.7066837843 0.4625887963 0.0000000000 0.9461295370 0.8274292335 0.6503028235 0.0379317967 0.0556204606 0.8667390914 0.1769014377 0.4298506862
0.4030618118 0.8477617295 0.1656735929 0.5324339347 0.7934819927 0.5391120088 0.7090725442 0.9727488405 0.6983913857 0.4681660025 0.2593987120 0.3655763341 0.9461295370 0.0000000000 0.2845560599 0.9611107380 0.1943629290 0.9491209053 0.6308749368 0.0883327913 0.7224524680
0.9736876597 0.9452544853 0.0238652149 0.6552286803 0.2196302039 0.2103557283 0.5467720678 0.7818559045 0.5907251057 0.3755871877 0.6352242844 0.9161208459 0.8274292335 0.2845560599 0.0000000000 0.1113764178 0.8345478145 0.6537616025 0.0203771289 0.5507804277 0.1311215393
0.8225810845 0.6483831801 0.5870179355 0.6621998075 0.3333944685 0.4286257712 0.0514213298 0.4273583648 0.4722217738 0.1718126996 0.6271262625 0.6156255156 0.6503028235 0.9611107380 0.1113764178 0.0000000000 0.3729063107 0.8635199699 0.2040177728 0.7790069227 0.1807863814
0.9612961737 0.2370760603 0.1439736340 0.1103378306 0.4780056336 0.8514616310 0.6613734130 0.1283304449 0.6285115315 0.0677136517 0.5322825445 0.0812386648 0.0379317967 0.1943629290 0.8345478145 0.3729063107 0.0000000000 0.1688843952 0.8065975157 0.8934996199 0.5850845114
0.0668231079 0.4697043182 0.4892770974 0.6012605530 0.1839643859 0.7643282629 0.7310243550 0.4741438710 0.8619346436 0.0866071276 0.1402217031 0.7664883203 0.0556204606 0.9491209053 0.6537616025 0.8635199699 0.1688843952 0.0000000000 0.3347572642 0.7830393680 0.9808751508
0.8423534974 0.8718910996 0.6925647996 0.7488138034 0.5692027456 0.3346118135 0.9916042778 0.4550926497 0.2180178416 0.5648879690 0.3852630074 0.3257890079 0.8667390914 0.6308749368 0.0203771289 0.2040177728 0.8065975157 0.3347572642 0.0000000000 0.7170312402 0.0360770228
0.9155941469 0.5085661238 0.9656958305 0.5251372944 0.9514464383 0.3704877592 0.3033657559 0.6060571118 0.0676162533 0.2652770516 0.3204085174 0.1354372849 0.1769014377 0.0883327913 0.5507804277 0.7790069227 0.8934996199 0.7830393680 0.7170312402 0.0000000000 0.5900561826
0.5739638592 0.3953970408 0.7646488291 0.0571021317 0.0048162513 0.3787509363 0.2100208200 0.9834931411 0.0121794566 0.6380788473 0.1539960779 0.3692927860 0.4298506862 0.7224524680 0.1311215393 0.1807863814 0.5850845114 0.9808751508 0.0360770228 0.5900561826 0.0000000000
