# Graph size: 21
# Optimal cost: 1.6642751609671185

# Distance Matrix
0.0 0.7029246497958681 0.8518464971426236 0.07029087958075109 0.9794169450473912 0.8250122460045974 0.7465561991292865 0.30594334908247567 0.5079638157971177 0.34684633018844124 0.3930433160559129 0.1424771249356318 0.36894711647143075 0.31577743475596354 0.8444560370051876 0.6535571465096798 0.8945910165513601 0.936612821671899 0.7507684428299926 0.7879120113310547 0.5304472086492188
0.7029246497958681 0.0 0.609633128945421 0.36048621900942923 0.10246158732785537 0.30737686545287046 0.9502077115144656 0.4832984366500863 0.41675560102705544 0.6083563788470595 0.5134282500502081 0.3258152378861292 0.24153758742488574 0.9786723187154593 0.15128088076833301 0.04319550238715342 0.053974128279347 0.2993605252399121 0.41522972582612405 0.31138252761907237 0.49306630924422656
0.8518464971426236 0.609633128945421 0.0 0.24628294111819482 0.1836852092896235 0.21782957593219665 0.33098682562323123 0.5910253381463038 0.7416828022750772 0.29301176524527683 0.63956271291388 0.5648375738058857 0.8691994089131634 0.5606842401013329 0.9158502121289746 0.20312737991420038 0.1048854077472875 0.07176095725431775 0.05672484583226911 0.31555807276549985 0.24359314287217204
0.07029087958075109 0.36048621900942923 0.24628294111819482 0.0 0.5048525775133281 0.979636364003233 0.4855887904260856 0.29893300480237583 0.06591553059646449 0.3751549682651507 0.2933359477774157 0.6161906826852269 0.10012914507239101 0.5466611700957582 0.7769226345271056 0.5562901754637626 0.5410308606642346 0.5435091526747945 2.2659237685074274E-5 0.18808923824886647 0.5651045117340555
0.9794169450473912 0.10246158732785537 0.1836852092896235 0.5048525775133281 0.0 0.8262190554330695 0.4770944659927895 0.7241448763017087 0.5944301805989328 0.5157311041582768 0.12283921638569106 0.014188532733157011 0.09566828341662581 0.8734801827889028 0.3387067890640736 0.27090216777296816 0.46056459485942536 0.035026832265539376 0.8268119311909253 0.34418748234710317 0.6213273175063334
0.8250122460045974 0.30737686545287046 0.21782957593219665 0.979636364003233 0.8262190554330695 0.0 0.17720654835789562 0.7304125062562026 0.28297304877857876 0.9536407763262683 0.23723628665250696 0.7401401576977834 0.6277044408125206 0.4507449390599727 0.021943242312640443 0.8764635491814972 0.8620152083183408 0.11392342005572531 0.04625817705798363 0.7614024463990114 0.7186773230986646
0.7465561991292865 0.9502077115144656 0.33098682562323123 0.4855887904260856 0.4770944659927895 0.17720654835789562 0.0 0.9979076748886488 0.7223409699356008 0.3263011163686862 0.5827815263691871 0.37411781688996093 0.584184291225298 0.0675073532186321 0.06419970317778545 0.03032569760601478 0.07726614135892462 0.15809360306008569 0.9217327558863854 0.8122395827850375 0.06879962811496299
0.30594334908247567 0.4832984366500863 0.5910253381463038 0.29893300480237583 0.7241448763017087 0.7304125062562026 0.9979076748886488 0.0 0.9512950421023408 0.9129491481998409 0.13067317544966506 0.6413549310774522 0.6701285352106126 0.8165707172436725 0.30737731684493674 0.9211041757415835 0.3676961219618782 0.8283641744191773 0.31327477211312893 0.6616673544976353 0.5639647491321097
0.5079638157971177 0.41675560102705544 0.7416828022750772 0.06591553059646449 0.5944301805989328 0.28297304877857876 0.7223409699356008 0.9512950421023408 0.0 0.7668479825258475 0.6647545757227227 0.055513418391078484 0.31735384952078605 0.041725945710380796 0.9868447084639667 0.7770977105335984 0.8732511364575487 0.13581064176024538 0.026497421664803733 0.5753928735602278 0.44661581843308973
0.34684633018844124 0.6083563788470595 0.29301176524527683 0.3751549682651507 0.5157311041582768 0.9536407763262683 0.3263011163686862 0.9129491481998409 0.7668479825258475 0.0 0.4303009733462393 0.7048843845162515 0.8281975939752526 0.14211805430755686 0.5636301061488734 0.1345138051995428 0.3465835571100959 0.49280176541121345 0.15570122844765832 0.39514505548932854 0.37506778938678864
0.3930433160559129 0.5134282500502081 0.63956271291388 0.2933359477774157 0.12283921638569106 0.23723628665250696 0.5827815263691871 0.13067317544966506 0.6647545757227227 0.4303009733462393 0.0 0.6070478618948663 0.652180443530086 0.2618909875921066 0.17157436987933894 0.45365326355738156 0.24761759050234788 0.00956162737635835 0.7709752875133635 0.3861305418880986 0.3315171638786768
0.1424771249356318 0.3258152378861292 0.5648375738058857 0.6161906826852269 0.014188532733157011 0.7401401576977834 0.37411781688996093 0.6413549310774522 0.055513418391078484 0.7048843845162515 0.6070478618948663 0.0 0.8792173460231921 0.536977819961207 0.6098719857888801 0.6680832743301188 0.7860638646888601 0.8893515347886312 0.9296109795291951 0.5682141661401021 0.3722346250524886
0.36894711647143075 0.24153758742488574 0.8691994089131634 0.10012914507239101 0.09566828341662581 0.6277044408125206 0.584184291225298 0.6701285352106126 0.31735384952078605 0.8281975939752526 0.652180443530086 0.8792173460231921 0.0 0.15696496213154032 0.7796524948159432 0.6414231663421872 0.5636714259780494 0.8518284474935749 0.23563390997996703 0.3257146971524868 0.3772271039843822
0.31577743475596354 0.9786723187154593 0.5606842401013329 0.5466611700957582 0.8734801827889028 0.4507449390599727 0.0675073532186321 0.8165707172436725 0.041725945710380796 0.14211805430755686 0.2618909875921066 0.536977819961207 0.15696496213154032 0.0 0.7853163486111816 0.4341159221876747 0.2850455262078124 0.8422787292265441 0.3549681446970989 0.5850929057264007 0.9368527433794849
0.8444560370051876 0.15128088076833301 0.9158502121289746 0.7769226345271056 0.3387067890640736 0.021943242312640443 0.06419970317778545 0.30737731684493674 0.9868447084639667 0.5636301061488734 0.17157436987933894 0.6098719857888801 0.7796524948159432 0.7853163486111816 0.0 0.5505538256531513 0.018744745990232237 0.5525507983385735 0.8262321114355344 0.5285359211502011 0.4433427899678052
0.6535571465096798 0.04319550238715342 0.20312737991420038 0.5562901754637626 0.27090216777296816 0.8764635491814972 0.03032569760601478 0.9211041757415835 0.7770977105335984 0.1345138051995428 0.45365326355738156 0.6680832743301188 0.6414231663421872 0.4341159221876747 0.5505538256531513 0.0 0.7994896156818699 0.2987010712860966 0.8387300507713521 0.06414616662841566 0.34636725459004203
0.8945910165513601 0.053974128279347 0.1048854077472875 0.5410308606642346 0.46056459485942536 0.8620152083183408 0.07726614135892462 0.3676961219618782 0.8732511364575487 0.3465835571100959 0.24761759050234788 0.7860638646888601 0.5636714259780494 0.2850455262078124 0.018744745990232237 0.7994896156818699 0.0 0.9400832629387242 0.5592325858030066 0.8266208908681865 0.2757094564545337
0.936612821671899 0.2993605252399121 0.07176095725431775 0.5435091526747945 0.035026832265539376 0.11392342005572531 0.15809360306008569 0.8283641744191773 0.13581064176024538 0.49280176541121345 0.00956162737635835 0.8893515347886312 0.8518284474935749 0.8422787292265441 0.5525507983385735 0.2987010712860966 0.9400832629387242 0.0 0.5499022253218018 0.5654644335359322 0.6924354089432306
0.7507684428299926 0.41522972582612405 0.05672484583226911 2.2659237685074274E-5 0.8268119311909253 0.04625817705798363 0.9217327558863854 0.31327477211312893 0.026497421664803733 0.15570122844765832 0.7709752875133635 0.9296109795291951 0.23563390997996703 0.3549681446970989 0.8262321114355344 0.8387300507713521 0.5592325858030066 0.5499022253218018 0.0 0.23067085158886602 0.9937738377293597
0.7879120113310547 0.31138252761907237 0.31555807276549985 0.18808923824886647 0.34418748234710317 0.7614024463990114 0.8122395827850375 0.6616673544976353 0.5753928735602278 0.39514505548932854 0.3861305418880986 0.5682141661401021 0.3257146971524868 0.5850929057264007 0.5285359211502011 0.06414616662841566 0.8266208908681865 0.5654644335359322 0.23067085158886602 0.0 0.8435898183242736
0.5304472086492188 0.49306630924422656 0.24359314287217204 0.5651045117340555 0.6213273175063334 0.7186773230986646 0.06879962811496299 0.5639647491321097 0.44661581843308973 0.37506778938678864 0.3315171638786768 0.3722346250524886 0.3772271039843822 0.9368527433794849 0.4433427899678052 0.34636725459004203 0.2757094564545337 0.6924354089432306 0.9937738377293597 0.8435898183242736 0.0

# Optimal Walk
0 12 11 4 17 10 7 2 18 8 13 9 19 15 20 6 1 16 14 5 3 0
