# MCW Instance
# Type: EXPONENTIAL
# N: 20
# Optimal cost: 1.8966710646737182
# Optimal tour (permutation): [0, 13, 18, 19, 7, 16, 15, 4, 8, 2, 17, 9, 14, 10, 12, 1, 5, 3, 6, 11, 0]
# Optimal walk (full path): [0, 13, 0, 18, 7, 19, 7, 16, 4, 15, 4, 8, 2, 17, 9, 14, 10, 12, 1, 5, 3, 6, 11, 0]
# Walk size: 24
# Is walk (has repeats): true

# Distance Matrix
0.0000000000 1.9521917530 2.5569970527 1.6470862936 1.6771259769 1.8393497022 0.1489244287 0.4134523839 1.6388210812 0.6221808138 1.7704430923 0.0614882592 2.8373976459 0.0015877995 1.4237729434 1.7216777209 0.7954757421 0.2655567052 0.0926932739 2.9607919855
1.9521917530 0.0000000000 0.9582355724 1.3419081680 2.1942656853 0.1278870842 0.8643727310 1.6552487205 0.2535750147 1.0251713629 1.4198665199 0.2590172103 0.0523360253 2.3159166233 0.4795172558 0.8649879246 0.1545253369 3.3488934905 0.5752829044 2.0866868017
2.5569970527 0.9582355724 0.0000000000 0.3143019909 1.0690201137 0.8477896642 0.3159793273 2.2075069040 0.2345408252 0.9227952092 0.3463899507 1.2062007447 0.7465360894 0.2901083408 0.8808677275 0.6386119584 0.4827552956 0.1489947279 0.4985980120 1.3733510416
1.6470862936 1.3419081680 0.3143019909 0.0000000000 0.5643850926 0.1398360789 0.0997345525 0.1479426706 1.2181320408 1.1911723618 3.2083272988 0.1692866675 0.5636630386 4.1805577462 2.1047012857 1.3217097644 0.4441774896 4.3427970183 0.3324595160 1.9401413670
1.6771259769 2.1942656853 1.0690201137 0.5643850926 0.0000000000 0.6066044058 0.3177949670 0.9603835243 0.0201038888 1.6807211053 0.6556901416 1.2264168983 0.7672854103 1.7789657782 3.3180706479 0.1344879722 0.0777483153 0.2520949167 1.2078683852 0.2144184815
1.8393497022 0.1278870842 0.8477896642 0.1398360789 0.6066044058 0.0000000000 0.2396688855 0.3063736155 2.4149350580 0.7605782224 0.1768491507 1.2166519176 0.8138406097 0.2805491910 0.3746038986 0.1881199995 0.3778996065 0.8997591722 1.1946371274 0.7514734063
0.1489244287 0.8643727310 0.3159793273 0.0997345525 0.3177949670 0.2396688855 0.0000000000 0.5181264693 1.5435655655 4.5019168492 0.7937315765 0.1243248648 1.9193026348 0.2055572305 0.7062307320 1.5113969896 1.9101433292 1.2474197927 1.4040095206 0.4628473623
0.4134523839 1.6552487205 2.2075069040 0.1479426706 0.9603835243 0.3063736155 0.5181264693 0.0000000000 1.0023841905 0.3093387109 0.1072106218 4.6826101143 0.1913879299 0.4530052731 2.3455256988 2.4747873637 0.0618041799 0.2646607510 0.0632342515 0.0175977882
1.6388210812 0.2535750147 0.2345408252 1.2181320408 0.0201038888 2.4149350580 1.5435655655 1.0023841905 0.0000000000 0.0268581282 0.4218911329 1.3790057280 2.5587351558 0.9646423414 1.1122535271 0.9124141448 0.5118134190 2.4391584221 0.6031746225 0.2526772658
0.6221808138 1.0251713629 0.9227952092 1.1911723618 1.6807211053 0.7605782224 4.5019168492 0.3093387109 0.0268581282 0.0000000000 0.1240196051 2.8738863556 0.0879371329 0.5267981280 0.0739261688 3.0734703921 0.7832331459 0.0760747932 1.4141499654 1.7258041844
1.7704430923 1.4198665199 0.3463899507 3.2083272988 0.6556901416 0.1768491507 0.7937315765 0.1072106218 0.4218911329 0.1240196051 0.0000000000 1.0033989839 0.0648003566 0.3651405763 0.0697962991 0.2214840494 0.2252067778 1.1376310574 1.0185844514 0.4802347238
0.0614882592 0.2590172103 1.2062007447 0.1692866675 1.2264168983 1.2166519176 0.1243248648 4.6826101143 1.3790057280 2.8738863556 1.0033989839 0.0000000000 0.7840255286 0.2885895243 0.3439798246 2.9066293635 1.1014964048 3.6917315211 1.2977976313 1.0764196680
2.8373976459 0.0523360253 0.7465360894 0.5636630386 0.7672854103 0.8138406097 1.9193026348 0.1913879299 2.5587351558 0.0879371329 0.0648003566 0.7840255286 0.0000000000 4.6404417739 1.2245494721 1.8485779618 1.3670397750 0.6625911298 0.1237708520 0.4302075652
0.0015877995 2.3159166233 0.2901083408 4.1805577462 1.7789657782 0.2805491910 0.2055572305 0.4530052731 0.9646423414 0.5267981280 0.3651405763 0.2885895243 4.6404417739 0.0000000000 0.5786417009 2.3954545031 0.1203719650 1.4639587052 1.5144067569 0.9974125667
1.4237729434 0.4795172558 0.8808677275 2.1047012857 3.3180706479 0.3746038986 0.7062307320 2.3455256988 1.1122535271 0.0739261688 0.0697962991 0.3439798246 1.2245494721 0.5786417009 0.0000000000 0.9194761776 0.3423164061 1.8527573734 0.5040523501 2.7179895825
1.7216777209 0.8649879246 0.6386119584 1.3217097644 0.1344879722 0.1881199995 1.5113969896 2.4747873637 0.9124141448 3.0734703921 0.2214840494 2.9066293635 1.8485779618 2.3954545031 0.9194761776 0.0000000000 0.3260034253 1.5053754471 2.7623577766 0.5596732283
0.7954757421 0.1545253369 0.4827552956 0.4441774896 0.0777483153 0.3778996065 1.9101433292 0.0618041799 0.5118134190 0.7832331459 0.2252067778 1.1014964048 1.3670397750 0.1203719650 0.3423164061 0.3260034253 0.0000000000 0.3069502577 0.1763112283 0.1764993030
0.2655567052 3.3488934905 0.1489947279 4.3427970183 0.2520949167 0.8997591722 1.2474197927 0.2646607510 2.4391584221 0.0760747932 1.1376310574 3.6917315211 0.6625911298 1.4639587052 1.8527573734 1.5053754471 0.3069502577 0.0000000000 1.9913488792 0.1131012161
0.0926932739 0.5752829044 0.4985980120 0.3324595160 1.2078683852 1.1946371274 1.4040095206 0.0632342515 0.6031746225 1.4141499654 1.0185844514 1.2977976313 0.1237708520 1.5144067569 0.5040523501 2.7623577766 0.1763112283 1.9913488792 0.0000000000 0.4870543072
2.9607919855 2.0866868017 1.3733510416 1.9401413670 0.2144184815 0.7514734063 0.4628473623 0.0175977882 0.2526772658 1.7258041844 0.4802347238 1.0764196680 0.4302075652 0.9974125667 2.7179895825 0.5596732283 0.1764993030 0.1131012161 0.4870543072 0.0000000000
