# MCW Instance
# Type: EXPONENTIAL
# N: 20
# Optimal cost: 1.254544783245468
# Optimal tour (permutation): [0, 13, 4, 5, 9, 6, 11, 8, 1, 10, 14, 7, 19, 17, 16, 3, 18, 15, 12, 2, 0]
# Optimal walk (full path): [0, 13, 4, 5, 9, 6, 11, 8, 1, 10, 14, 7, 19, 17, 16, 17, 3, 18, 2, 12, 15, 12, 2, 18, 9, 0]
# Walk size: 26
# Is walk (has repeats): true

# Distance Matrix
0.0000000000 0.1771303841 1.7368527529 0.4728898041 0.0178154110 0.5544857189 1.3368486010 2.6321555626 0.2437534318 0.0315903095 0.3697695698 0.2113782858 1.0704924562 0.0116367629 3.8127273444 2.2433749005 0.6103735080 2.0330819439 0.5148830461 1.0522638218
0.1771303841 0.0000000000 0.2781726591 0.1495568781 0.7968078628 0.3307358987 2.2884218295 1.1776955141 0.0182354119 1.9879641560 0.1641239137 0.5119023894 3.2573087382 1.6693960901 0.5766648231 3.9841200329 0.2823575196 0.3064536773 0.1817755047 1.6033145067
1.7368527529 0.2781726591 0.0000000000 1.7292615965 0.2915611212 1.1878508637 0.1791492176 0.9893119153 1.1905223433 0.1212509126 0.2177275490 1.2795939154 0.0078296255 0.1722129937 0.9729855523 1.4965947396 0.2621238478 0.5355872893 0.0008118401 0.6707864078
0.4728898041 0.1495568781 1.7292615965 0.0000000000 2.7129683824 0.3714429901 1.2239851087 3.1881544968 1.5042049600 0.2651558244 1.1735916240 0.8662138494 0.8226580378 0.7889809930 0.6407827329 0.7753706501 1.4494025747 0.1969557080 0.0095718217 0.9082628519
0.0178154110 0.7968078628 0.2915611212 2.7129683824 0.0000000000 0.1242905109 2.9585734896 0.1333675515 0.4962256681 0.5507019191 1.3562858174 2.9514084792 0.2171431397 0.0192456516 0.2801522006 0.4528614061 1.1040219987 0.6182433820 2.3866757169 1.8802819096
0.5544857189 0.3307358987 1.1878508637 0.3714429901 0.1242905109 0.0000000000 2.0952759765 1.3546647650 0.6953882292 0.1595056263 0.8337827711 0.1826524671 1.0159289178 0.2626019970 0.5657219381 0.2531906789 0.4796729370 0.8027880415 2.8022894875 0.2510496813
1.3368486010 2.2884218295 0.1791492176 1.2239851087 2.9585734896 2.0952759765 0.0000000000 0.1822626791 0.2240425279 0.0263259147 0.2468723379 0.0240444706 1.3195359287 2.5962192064 1.4205451254 0.3544821970 0.7102899622 0.2104154516 0.2994326089 2.0375715035
2.6321555626 1.1776955141 0.9893119153 3.1881544968 0.1333675515 1.3546647650 0.1822626791 0.0000000000 0.2119659256 2.6298199891 0.5964107298 0.1609436858 1.0244195221 0.2426853893 0.1397405618 4.7447233894 1.7510081663 0.9404290789 1.0932810627 0.0198681987
0.2437534318 0.0182354119 1.1905223433 1.5042049600 0.4962256681 0.6953882292 0.2240425279 0.2119659256 0.0000000000 0.7337494616 1.2441956512 0.0321075298 1.3866215916 0.6863429730 1.4402254287 3.9825769274 0.4375710857 1.0902208659 0.3901182457 1.6887070815
0.0315903095 1.9879641560 0.1212509126 0.2651558244 0.5507019191 0.1595056263 0.0263259147 2.6298199891 0.7337494616 0.0000000000 1.8568107994 0.0578359812 0.2130306473 0.8553629518 3.1570722853 2.4096109747 2.0059053798 3.9833173431 0.0641010625 0.1031586170
0.3697695698 0.1641239137 0.2177275490 1.1735916240 1.3562858174 0.8337827711 0.2468723379 0.5964107298 1.2441956512 1.8568107994 0.0000000000 3.8203165322 0.3406444169 2.6033929398 0.0445308140 0.4873110574 0.3966224355 0.3788405387 2.0329200453 1.4654228096
0.2113782858 0.5119023894 1.2795939154 0.8662138494 2.9514084792 0.1826524671 0.0240444706 0.1609436858 0.0321075298 0.0578359812 3.8203165322 0.0000000000 0.5225658575 3.9857767956 2.6625565356 2.2439889767 0.5393222441 1.4050803013 0.0878208950 3.1894583120
1.0704924562 3.2573087382 0.0078296255 0.8226580378 0.2171431397 1.0159289178 1.3195359287 1.0244195221 1.3866215916 0.2130306473 0.3406444169 0.5225658575 0.0000000000 0.5464930216 0.1550382461 0.0041841818 1.4986005674 0.3237974239 0.0492630984 0.9401408070
0.0116367629 1.6693960901 0.1722129937 0.7889809930 0.0192456516 0.2626019970 2.5962192064 0.2426853893 0.6863429730 0.8553629518 2.6033929398 3.9857767956 0.5464930216 0.0000000000 2.2563735579 0.3893268575 2.7911953275 0.2280759658 0.1530355408 4.0717964272
3.8127273444 0.5766648231 0.9729855523 0.6407827329 0.2801522006 0.5657219381 1.4205451254 0.1397405618 1.4402254287 3.1570722853 0.0445308140 2.6625565356 0.1550382461 2.2563735579 0.0000000000 0.1395936310 0.2738624723 0.6747135572 0.2353870752 0.8719863206
2.2433749005 3.9841200329 1.4965947396 0.7753706501 0.4528614061 0.2531906789 0.3544821970 4.7447233894 3.9825769274 2.4096109747 0.4873110574 2.2439889767 0.0041841818 0.3893268575 0.1395936310 0.0000000000 1.2283966839 0.9245952064 0.0476451764 4.8140721072
0.6103735080 0.2823575196 0.2621238478 1.4494025747 1.1040219987 0.4796729370 0.7102899622 1.7510081663 0.4375710857 2.0059053798 0.3966224355 0.5393222441 1.4986005674 2.7911953275 0.2738624723 1.2283966839 0.0000000000 0.0399422067 2.0049515682 0.2764118485
2.0330819439 0.3064536773 0.5355872893 0.1969557080 0.6182433820 0.8027880415 0.2104154516 0.9404290789 1.0902208659 3.9833173431 0.3788405387 1.4050803013 0.3237974239 0.2280759658 0.6747135572 0.9245952064 0.0399422067 0.0000000000 1.7573630626 0.0631348067
0.5148830461 0.1817755047 0.0008118401 0.0095718217 2.3866757169 2.8022894875 0.2994326089 1.0932810627 0.3901182457 0.0641010625 2.0329200453 0.0878208950 0.0492630984 0.1530355408 0.2353870752 0.0476451764 2.0049515682 1.7573630626 0.0000000000 0.2915112622
1.0522638218 1.6033145067 0.6707864078 0.9082628519 1.8802819096 0.2510496813 2.0375715035 0.0198681987 1.6887070815 0.1031586170 1.4654228096 3.1894583120 0.9401408070 4.0717964272 0.8719863206 4.8140721072 0.2764118485 0.0631348067 0.2915112622 0.0000000000
