# MCW Instance
# Type: EXPONENTIAL
# N: 20
# Optimal cost: 1.2552473640175914
# Optimal tour (permutation): [0, 13, 9, 5, 4, 18, 15, 17, 7, 1, 2, 11, 12, 6, 16, 14, 8, 10, 3, 19, 0]
# Optimal walk (full path): [0, 13, 9, 5, 4, 5, 1, 15, 18, 15, 1, 17, 1, 7, 1, 2, 11, 12, 6, 16, 14, 16, 8, 10, 8, 3, 19, 0]
# Walk size: 28
# Is walk (has repeats): true

# Distance Matrix
0.0000000000 1.9959721947 0.6575403605 0.0821461450 1.1453197531 0.4283140551 0.2991572314 1.2735725211 0.3433524791 4.8625430423 0.0810493512 3.0020496351 0.2109033287 0.0573281991 1.8792251624 0.4453959564 0.5365580072 0.5481787063 0.2470152556 0.0540353361
1.9959721947 0.0000000000 0.1217675229 0.1379863255 3.1431037610 0.0332539334 0.6669502176 0.0072691980 0.5529355919 0.2196653572 2.8489348677 0.2606517649 2.3998258263 2.2680267506 1.1648463374 0.0572632361 3.2450730778 0.0021249777 0.7596835488 1.7848911871
0.6575403605 0.1217675229 0.0000000000 2.5874649954 0.2434400277 0.4104884605 0.4224414154 0.4409009039 2.4617798760 0.2469214160 3.1336069083 0.0839767702 0.1826038737 0.3438062099 0.8589768199 0.2561552601 1.1738790784 0.6154569903 0.4874135615 1.2085780588
0.0821461450 0.1379863255 2.5874649954 0.0000000000 0.5481432358 0.8269141028 0.5690527446 0.2411799271 0.0540170515 2.4418849202 1.0822823614 0.1326968772 0.4671533565 0.1511567375 1.0360164900 0.1382374615 0.6883302095 0.0738989504 0.4824951554 0.0281876625
1.1453197531 3.1431037610 0.2434400277 0.5481432358 0.0000000000 0.0880277489 0.3244946666 1.2664145443 0.8615272119 0.6583595227 1.7640478253 0.9301025355 1.4608410665 0.3893407326 1.3733008837 0.2963306401 1.1199093967 0.6016550710 0.9518809355 0.4521305222
0.4283140551 0.0332539334 0.4104884605 0.8269141028 0.0880277489 0.0000000000 0.5308007855 0.3117291436 1.7238630760 0.0142358769 1.0055287205 0.5810973417 3.3689136250 0.9415345935 0.5286433319 1.3702747312 3.7920780685 0.1073488944 0.3946433549 0.2379958744
0.2991572314 0.6669502176 0.4224414154 0.5690527446 0.3244946666 0.5308007855 0.0000000000 1.1344154388 0.1084916303 0.1083843442 0.0876168169 0.8615711015 0.0029559089 0.0901792081 0.1804266559 2.3213142231 0.0298409273 0.6730156683 2.7333614087 0.0419451171
1.2735725211 0.0072691980 0.4409009039 0.2411799271 1.2664145443 0.3117291436 1.1344154388 0.0000000000 0.3729555917 0.4717628036 0.6540435972 1.6997713908 0.5065687533 3.7115191328 1.1140960412 0.2873134933 0.4289283250 0.0943285931 0.2478430665 1.4865193565
0.3433524791 0.5529355919 2.4617798760 0.0540170515 0.8615272119 1.7238630760 0.1084916303 0.3729555917 0.0000000000 0.6577435846 0.0094098549 0.2151511007 0.2171959309 0.0777887445 0.8736582740 0.4555154900 0.0121783926 1.9810861046 1.7524241856 0.2837465341
4.8625430423 0.2196653572 0.2469214160 2.4418849202 0.6583595227 0.0142358769 0.1083843442 0.4717628036 0.6577435846 0.0000000000 0.1315697616 2.9332327418 1.3158054798 0.0129033174 0.4366501032 1.7870471755 1.2963465718 0.9341926954 1.1292269752 1.0262871857
0.0810493512 2.8489348677 3.1336069083 1.0822823614 1.7640478253 1.0055287205 0.0876168169 0.6540435972 0.0094098549 0.1315697616 0.0000000000 0.9264731954 0.2044304431 0.6674325989 0.2560372744 0.8636580782 1.2584595910 1.5712617058 1.6078496259 0.7730225586
3.0020496351 0.2606517649 0.0839767702 0.1326968772 0.9301025355 0.5810973417 0.8615711015 1.6997713908 0.2151511007 2.9332327418 0.9264731954 0.0000000000 0.0077981432 1.2919323813 2.6541603393 0.6925171567 0.9877729693 0.4376057528 0.2221166519 1.2538884249
0.2109033287 2.3998258263 0.1826038737 0.4671533565 1.4608410665 3.3689136250 0.0029559089 0.5065687533 0.2171959309 1.3158054798 0.2044304431 0.0077981432 0.0000000000 0.2254582248 0.4624631885 1.0057711423 2.2498763070 0.4405503754 1.9754835923 0.0238976589
0.0573281991 2.2680267506 0.3438062099 0.1511567375 0.3893407326 0.9415345935 0.0901792081 3.7115191328 0.0777887445 0.0129033174 0.6674325989 1.2919323813 0.2254582248 0.0000000000 0.7414572751 0.1298367144 0.0575961217 0.9076503643 0.3519037868 3.7056088915
1.8792251624 1.1648463374 0.8589768199 1.0360164900 1.3733008837 0.5286433319 0.1804266559 1.1140960412 0.8736582740 0.4366501032 0.2560372744 2.6541603393 0.4624631885 0.7414572751 0.0000000000 0.9283351669 0.1398447519 0.3636843215 1.6847559770 1.2172499168
0.4453959564 0.0572632361 0.2561552601 0.1382374615 0.2963306401 1.3702747312 2.3213142231 0.2873134933 0.4555154900 1.7870471755 0.8636580782 0.6925171567 1.0057711423 0.1298367144 0.9283351669 0.0000000000 0.6054790218 1.2238921265 0.0674443937 0.1282970588
0.5365580072 3.2450730778 1.1738790784 0.6883302095 1.1199093967 3.7920780685 0.0298409273 0.4289283250 0.0121783926 1.2963465718 1.2584595910 0.9877729693 2.2498763070 0.0575961217 0.1398447519 0.6054790218 0.0000000000 0.6588242406 0.3129535628 1.7087152679
0.5481787063 0.0021249777 0.6154569903 0.0738989504 0.6016550710 0.1073488944 0.6730156683 0.0943285931 1.9810861046 0.9341926954 1.5712617058 0.4376057528 0.4405503754 0.9076503643 0.3636843215 1.2238921265 0.6588242406 0.0000000000 3.4592527954 0.4717368713
0.2470152556 0.7596835488 0.4874135615 0.4824951554 0.9518809355 0.3946433549 2.7333614087 0.2478430665 1.7524241856 1.1292269752 1.6078496259 0.2221166519 1.9754835923 0.3519037868 1.6847559770 0.0674443937 0.3129535628 3.4592527954 0.0000000000 0.4496084857
0.0540353361 1.7848911871 1.2085780588 0.0281876625 0.4521305222 0.2379958744 0.0419451171 1.4865193565 0.2837465341 1.0262871857 0.7730225586 1.2538884249 0.0238976589 3.7056088915 1.2172499168 0.1282970588 1.7087152679 0.4717368713 0.4496084857 0.0000000000
