# MCW Instance
# Type: EXPONENTIAL
# N: 20
# Optimal cost: 2.033032193082904
# Optimal tour (permutation): [0, 6, 16, 1, 14, 7, 17, 15, 10, 4, 13, 11, 18, 8, 5, 9, 2, 19, 12, 3, 0]
# Optimal walk (full path): [0, 6, 16, 1, 14, 7, 17, 15, 17, 10, 4, 13, 11, 8, 18, 8, 5, 2, 9, 2, 19, 12, 3, 0]
# Walk size: 24
# Is walk (has repeats): true

# Distance Matrix
0.0000000000 0.2751279176 0.7590962781 0.1489282469 1.5860365378 6.2479119124 0.2143028081 0.5049719458 0.4402649389 0.5848500238 0.3886591006 0.4118162679 2.6661058674 0.8336670605 1.4142571609 2.1477698035 1.2541123368 1.8652064036 2.3473421881 0.5885663042
0.2751279176 0.0000000000 1.3187600410 2.9429760052 1.1091874669 0.0987196648 0.3723510524 0.3356746038 0.0514421215 1.5584695044 1.6800328463 0.6989700143 1.4884853990 1.4192187469 0.0178052102 0.6171538744 0.1475028491 1.0696025475 2.2795214340 0.0999796299
0.7590962781 1.3187600410 0.0000000000 0.5495594106 0.6192455587 0.0022636428 0.9523641222 0.1490488052 0.1250897884 0.0506563641 1.8030190294 0.9350682261 2.0066803579 1.8808162550 0.1388069150 0.4159272268 1.6894073196 0.1708947288 0.4299888786 0.0028135988
0.1489282469 2.9429760052 0.5495594106 0.0000000000 1.4883131117 1.0412900528 0.3881655607 1.3090169178 0.8207505575 1.1165089230 3.8236693641 5.5079903584 0.0279845945 0.2272027860 3.1703185048 0.2825204510 1.7338810767 1.9846579369 0.8334904751 0.0174321674
1.5860365378 1.1091874669 0.6192455587 1.4883131117 0.0000000000 0.5780138380 1.2316670782 0.3505940686 0.4039418776 0.6699098013 0.0781635576 1.3950991732 1.3444088775 0.2901476670 0.7643798822 1.1072380330 0.6630517981 0.5855114275 1.4942287685 2.6609125805
6.2479119124 0.0987196648 0.0022636428 1.0412900528 0.5780138380 0.0000000000 3.2035882660 1.8170890331 0.0160315503 2.4694292734 1.3336877728 2.0870999566 0.4378566953 0.3132923576 0.2654135714 0.9338720900 0.4280479636 0.1808868062 0.3138915080 0.4461866970
0.2143028081 0.3723510524 0.9523641222 0.3881655607 1.2316670782 3.2035882660 0.0000000000 3.3316928048 0.6457731883 0.8548180384 0.4452352575 4.2308811460 1.6075545087 0.9023593907 0.0859807758 2.1569417224 0.2190844638 1.5623267725 0.7750122606 0.1795205542
0.5049719458 0.3356746038 0.1490488052 1.3090169178 0.3505940686 1.8170890331 3.3316928048 0.0000000000 0.8865344884 4.8895992329 1.6716803488 0.1901378041 0.2514785167 0.3042391464 0.1355877149 0.5681231556 0.3712649468 0.1712179406 0.6047807359 0.9355902191
0.4402649389 0.0514421215 0.1250897884 0.8207505575 0.4039418776 0.0160315503 0.6457731883 0.8865344884 0.0000000000 2.3513787312 0.2848846669 0.1403399213 0.3810097264 0.4892455678 0.2628778938 0.3392572291 0.1808352136 0.5958020051 0.0120519791 2.4229056360
0.5848500238 1.5584695044 0.0506563641 1.1165089230 0.6699098013 2.4694292734 0.8548180384 4.8895992329 2.3513787312 0.0000000000 0.6755592104 0.3678852558 1.1229642145 0.2752578342 0.8065814369 4.2981886914 0.4433719999 1.6056148382 0.1101905336 2.2210883050
0.3886591006 1.6800328463 1.8030190294 3.8236693641 0.0781635576 1.3336877728 0.4452352575 1.6716803488 0.2848846669 0.6755592104 0.0000000000 1.0895425730 1.5495134361 0.7720045081 0.8999213365 0.4703383488 1.3514972695 0.1233665366 1.0885116868 3.0397516283
0.4118162679 0.6989700143 0.9350682261 5.5079903584 1.3950991732 2.0870999566 4.2308811460 0.1901378041 0.1403399213 0.3678852558 1.0895425730 0.0000000000 0.4021079742 0.0789670822 1.0828641104 0.6268520914 2.7759062528 1.5490712136 2.1609076819 0.5028228491
2.6661058674 1.4884853990 2.0066803579 0.0279845945 1.3444088775 0.4378566953 1.6075545087 0.2514785167 0.3810097264 1.1229642145 1.5495134361 0.4021079742 0.0000000000 0.1681845443 0.7107348262 0.3315338320 3.5920466859 1.2050432892 1.2061757249 0.0216886974
0.8336670605 1.4192187469 1.8808162550 0.2272027860 0.2901476670 0.3132923576 0.9023593907 0.3042391464 0.4892455678 0.2752578342 0.7720045081 0.0789670822 0.1681845443 0.0000000000 0.8459773517 0.3586358358 0.3773884531 0.8135132228 3.4937540465 6.3984658894
1.4142571609 0.0178052102 0.1388069150 3.1703185048 0.7643798822 0.2654135714 0.0859807758 0.1355877149 0.2628778938 0.8065814369 0.8999213365 1.0828641104 0.7107348262 0.8459773517 0.0000000000 2.7259367223 1.1478586731 0.2164454455 3.5033847133 0.1953977231
2.1477698035 0.6171538744 0.4159272268 0.2825204510 1.1072380330 0.9338720900 2.1569417224 0.5681231556 0.3392572291 4.2981886914 0.4703383488 0.6268520914 0.3315338320 0.3586358358 2.7259367223 0.0000000000 4.3970513989 0.0357097122 0.5435915003 0.3270497395
1.2541123368 0.1475028491 1.6894073196 1.7338810767 0.6630517981 0.4280479636 0.2190844638 0.3712649468 0.1808352136 0.4433719999 1.3514972695 2.7759062528 3.5920466859 0.3773884531 1.1478586731 4.3970513989 0.0000000000 0.3852981338 0.3094549353 0.3313176148
1.8652064036 1.0696025475 0.1708947288 1.9846579369 0.5855114275 0.1808868062 1.5623267725 0.1712179406 0.5958020051 1.6056148382 0.1233665366 1.5490712136 1.2050432892 0.8135132228 0.2164454455 0.0357097122 0.3852981338 0.0000000000 0.4761759812 0.4568096542
2.3473421881 2.2795214340 0.4299888786 0.8334904751 1.4942287685 0.3138915080 0.7750122606 0.6047807359 0.0120519791 0.1101905336 1.0885116868 2.1609076819 1.2061757249 3.4937540465 3.5033847133 0.5435915003 0.3094549353 0.4761759812 0.0000000000 0.0726258058
0.5885663042 0.0999796299 0.0028135988 0.0174321674 2.6609125805 0.4461866970 0.1795205542 0.9355902191 2.4229056360 2.2210883050 3.0397516283 0.5028228491 0.0216886974 6.3984658894 0.1953977231 0.3270497395 0.3313176148 0.4568096542 0.0726258058 0.0000000000
