# MCW Instance
# Type: EXPONENTIAL
# N: 20
# Optimal cost: 1.3551534673336922
# Optimal tour (permutation): [0, 12, 9, 8, 16, 15, 13, 2, 14, 7, 10, 19, 18, 3, 5, 4, 11, 6, 1, 17, 0]
# Optimal walk (full path): [0, 12, 9, 8, 16, 15, 13, 2, 14, 7, 14, 10, 19, 18, 3, 5, 17, 6, 4, 11, 4, 6, 17, 1, 17, 0]
# Walk size: 26
# Is walk (has repeats): true

# Distance Matrix
0.0000000000 0.5615939498 0.2673825552 1.9399021262 0.7251920634 1.0158771370 1.0808816291 0.0567337087 0.6344416814 0.2637081534 1.0436764543 0.7623348411 0.0672058960 1.6083899817 0.7672379230 0.4494857756 0.6613277256 0.0169714580 5.6678556633 0.3557450827
0.5615939498 0.0000000000 0.1441406742 0.5492526059 1.2534507603 0.3621070386 1.4923239056 2.0325287129 0.4083515510 1.4677234534 0.0973013106 0.2543943586 0.1588402318 1.0891488203 0.5490867924 0.5552743698 0.0557109966 0.0086809554 1.6424204313 0.2836123190
0.2673825552 0.1441406742 0.0000000000 0.7858951684 1.2275683546 0.9094953530 0.2475108577 0.7019514394 0.7420949444 0.4760711491 4.3833512601 3.0055413794 0.1817181916 0.0600583741 0.0002490952 3.0469157038 1.5063846541 0.9259457085 1.9122073603 0.3568240677
1.9399021262 0.5492526059 0.7858951684 0.0000000000 1.9182495786 0.0512819575 1.5076580022 1.3631178132 0.7102903293 0.0786321897 1.4756505804 3.4741146710 0.3792206974 1.1073068205 0.7795985193 1.6332086536 0.4821442057 0.1539359434 0.0818167389 0.8447190268
0.7251920634 1.2534507603 1.2275683546 1.9182495786 0.0000000000 0.2148662628 0.0200890735 2.1106091580 1.9414821224 1.5263592878 0.1634235101 0.0004259342 0.6930932375 0.2059884608 1.2542140987 4.3448490654 3.9797555625 1.3799969403 1.0922145253 0.4371155006
1.0158771370 0.3621070386 0.9094953530 0.0512819575 0.2148662628 0.0000000000 4.2529276344 1.5764031910 0.8031086525 1.4789444130 0.5223619412 0.4541240833 0.9404437795 0.3574605972 1.0324600200 0.2673835902 0.5498293341 0.0277704628 1.0406484029 0.1418615284
1.0808816291 1.4923239056 0.2475108577 1.5076580022 0.0200890735 4.2529276344 0.0000000000 0.7473794506 0.2893304397 1.5918065646 0.2404516876 1.4742553426 2.3681001924 0.4652531551 0.1046330879 0.4746548228 0.3227761645 0.0562256317 0.5671486126 0.1867623027
0.0567337087 2.0325287129 0.7019514394 1.3631178132 2.1106091580 1.5764031910 0.7473794506 0.0000000000 0.1797059379 1.0321970223 1.6101906560 0.9190975133 0.9385169734 2.5354068530 0.0203900426 1.8133634658 2.2285616834 0.4872977597 0.3213155939 0.4237480046
0.6344416814 0.4083515510 0.7420949444 0.7102903293 1.9414821224 0.8031086525 0.2893304397 0.1797059379 0.0000000000 0.1073577684 0.5327449698 0.3275457987 0.1519523409 1.2457543975 0.2551566120 1.2458709860 0.0921085698 1.2759792748 3.4327016458 0.5469922538
0.2637081534 1.4677234534 0.4760711491 0.0786321897 1.5263592878 1.4789444130 1.5918065646 1.0321970223 0.1073577684 0.0000000000 0.5734332041 1.0854738361 0.0856088092 0.6920953844 0.0708958950 0.5700990081 0.1300855188 0.2099636514 1.4834753346 0.2723099015
1.0436764543 0.0973013106 4.3833512601 1.4756505804 0.1634235101 0.5223619412 0.2404516876 1.6101906560 0.5327449698 0.5734332041 0.0000000000 0.1436079078 1.2424764758 0.2658790227 0.0963368841 1.3142182641 0.7685193144 0.3704502001 0.3851465212 0.0370384238
0.7623348411 0.2543943586 3.0055413794 3.4741146710 0.0004259342 0.4541240833 1.4742553426 0.9190975133 0.3275457987 1.0854738361 0.1436079078 0.0000000000 0.3977553208 1.0036181229 0.1471943178 1.2934035745 1.4473349474 0.6754263139 2.9404850300 0.7535224846
0.0672058960 0.1588402318 0.1817181916 0.3792206974 0.6930932375 0.9404437795 2.3681001924 0.9385169734 0.1519523409 0.0856088092 1.2424764758 0.3977553208 0.0000000000 1.2530293700 0.6200096984 0.2986745019 1.0734129613 1.5660625679 0.3726214353 0.1991035764
1.6083899817 1.0891488203 0.0600583741 1.1073068205 0.2059884608 0.3574605972 0.4652531551 2.5354068530 1.2457543975 0.6920953844 0.2658790227 1.0036181229 1.2530293700 0.0000000000 1.6289441670 0.1555775661 0.1990106246 0.3864231167 0.7990730070 0.5830359990
0.7672379230 0.5490867924 0.0002490952 0.7795985193 1.2542140987 1.0324600200 0.1046330879 0.0203900426 0.2551566120 0.0708958950 0.0963368841 0.1471943178 0.6200096984 1.6289441670 0.0000000000 0.2501017745 0.7015925161 0.3060069524 0.5262318637 0.5402465761
0.4494857756 0.5552743698 3.0469157038 1.6332086536 4.3448490654 0.2673835902 0.4746548228 1.8133634658 1.2458709860 0.5700990081 1.3142182641 1.2934035745 0.2986745019 0.1555775661 0.2501017745 0.0000000000 0.1938818142 1.5474488017 2.8783187817 0.7072798745
0.6613277256 0.0557109966 1.5063846541 0.4821442057 3.9797555625 0.5498293341 0.3227761645 2.2285616834 0.0921085698 0.1300855188 0.7685193144 1.4473349474 1.0734129613 0.1990106246 0.7015925161 0.1938818142 0.0000000000 0.7056677153 0.8116626149 1.5810648956
0.0169714580 0.0086809554 0.9259457085 0.1539359434 1.3799969403 0.0277704628 0.0562256317 0.4872977597 1.2759792748 0.2099636514 0.3704502001 0.6754263139 1.5660625679 0.3864231167 0.3060069524 1.5474488017 0.7056677153 0.0000000000 0.8835381199 0.2290502836
5.6678556633 1.6424204313 1.9122073603 0.0818167389 1.0922145253 1.0406484029 0.5671486126 0.3213155939 3.4327016458 1.4834753346 0.3851465212 2.9404850300 0.3726214353 0.7990730070 0.5262318637 2.8783187817 0.8116626149 0.8835381199 0.0000000000 0.0702663744
0.3557450827 0.2836123190 0.3568240677 0.8447190268 0.4371155006 0.1418615284 0.1867623027 0.4237480046 0.5469922538 0.2723099015 0.0370384238 0.7535224846 0.1991035764 0.5830359990 0.5402465761 0.7072798745 1.5810648956 0.2290502836 0.0702663744 0.0000000000
