# MCW Instance
# Type: EXPONENTIAL
# N: 20
# Optimal cost: 1.2750836735950302
# Optimal tour (permutation): [0, 16, 19, 11, 3, 13, 10, 2, 17, 4, 12, 8, 15, 9, 1, 18, 5, 7, 14, 6, 0]
# Optimal walk (full path): [0, 16, 19, 11, 3, 13, 10, 2, 3, 17, 4, 12, 8, 15, 9, 15, 1, 18, 5, 18, 7, 14, 6, 0]
# Walk size: 24
# Is walk (has repeats): true

# Distance Matrix
0.0000000000 0.7660897282 0.8939100521 0.3523055859 0.5943850708 0.2611463823 0.0733023828 0.3899139229 0.1712192761 0.4074196859 1.4082244831 0.7578995596 0.2360670308 0.5615395690 0.7771749602 0.3804421711 0.1263084172 1.1288484211 2.0590395176 1.1039919747
0.7660897282 0.0000000000 4.8048969046 1.8108593743 5.6465380389 1.3917195866 0.2115641172 2.1999155928 0.2283424182 5.2191323123 1.3865946558 0.4607289004 0.9622187681 3.2025790578 0.8584674176 0.0185046960 0.6959300401 0.2746673558 0.0298612820 0.1307722929
0.8939100521 4.8048969046 0.0000000000 0.0844762442 0.5893801580 0.1462792776 2.9414335479 0.4945098023 1.9835734598 0.4121772341 0.0149400075 1.2028500219 1.4311562841 0.4836949124 0.8680385879 1.1659661739 0.5261558268 1.1931705111 0.7940631921 0.9761278395
0.3523055859 1.8108593743 0.0844762442 0.0000000000 1.5577523975 0.3702810023 0.2899326833 0.6342091323 1.1591737298 0.2793467935 3.4200861374 0.0329030248 0.3407958113 0.0450654471 1.4664941605 2.8046230332 1.2104848046 0.0157492677 0.4367671487 0.7447386059
0.5943850708 5.6465380389 0.5893801580 1.5577523975 0.0000000000 1.5727991900 0.9341552209 1.3962711836 0.5823324932 0.9406380470 0.3459065912 0.5736208733 0.1444931552 0.2400118351 0.2901744540 0.1939281320 0.1729974036 0.1310184189 0.1390627590 0.1709932382
0.2611463823 1.3917195866 0.1462792776 0.3702810023 1.5727991900 0.0000000000 1.1049043300 1.3846562817 0.1702072782 0.3284493492 0.3992979038 0.1327736240 3.2166151911 0.3225947329 0.3794024036 2.8211421073 0.6275868965 0.2896746301 0.0372701972 0.5846795291
0.0733023828 0.2115641172 2.9414335479 0.2899326833 0.9341552209 1.1049043300 0.0000000000 0.4918882890 0.7963562762 1.2149564878 3.4743958222 2.8159858165 0.4269498575 2.2999755921 0.0181935786 0.8405375982 0.3137323428 1.9399738553 0.8197913604 1.2333241668
0.3899139229 2.1999155928 0.4945098023 0.6342091323 1.3962711836 1.3846562817 0.4918882890 0.0000000000 0.4447018064 0.2502605157 2.6642055985 1.5029797805 0.2195729174 1.3562132706 0.0695138409 2.2210190393 0.8745191772 0.5370444817 0.0131744384 0.0827503738
0.1712192761 0.2283424182 1.9835734598 1.1591737298 0.5823324932 0.1702072782 0.7963562762 0.4447018064 0.0000000000 0.1916951734 0.4265678415 0.9377365740 0.0878107117 1.2381978870 1.5088467588 0.0243910682 0.2207621782 3.0354639619 0.6379172548 0.3986977168
0.4074196859 5.2191323123 0.4121772341 0.2793467935 0.9406380470 0.3284493492 1.2149564878 0.2502605157 0.1916951734 0.0000000000 3.3239858945 0.3408950201 2.5648620586 0.9088615046 4.0603837042 0.0172098638 1.1723102190 0.1690217936 0.7385743919 1.1260587558
1.4082244831 1.3865946558 0.0149400075 3.4200861374 0.3459065912 0.3992979038 3.4743958222 2.6642055985 0.4265678415 3.3239858945 0.0000000000 0.5697987946 0.5900379230 0.0980620708 0.6103051347 0.1816659747 1.0059884363 1.1164185131 0.9994353221 0.8582632010
0.7578995596 0.4607289004 1.2028500219 0.0329030248 0.5736208733 0.1327736240 2.8159858165 1.5029797805 0.9377365740 0.3408950201 0.5697987946 0.0000000000 0.7856866186 1.5394911217 0.1522172502 0.2986784769 1.1915453888 0.2794046524 3.7886674997 0.1073219890
0.2360670308 0.9622187681 1.4311562841 0.3407958113 0.1444931552 3.2166151911 0.4269498575 0.2195729174 0.0878107117 2.5648620586 0.5900379230 0.7856866186 0.0000000000 0.2945653029 2.5610902391 1.4356730998 0.1259151769 0.6032699589 0.9359376567 3.2406664842
0.5615395690 3.2025790578 0.4836949124 0.0450654471 0.2400118351 0.3225947329 2.2999755921 1.3562132706 1.2381978870 0.9088615046 0.0980620708 1.5394911217 0.2945653029 0.0000000000 0.6812640219 0.9916383454 0.9086832625 0.7186362073 1.2541214551 0.4592445740
0.7771749602 0.8584674176 0.8680385879 1.4664941605 0.2901744540 0.3794024036 0.0181935786 0.0695138409 1.5088467588 4.0603837042 0.6103051347 0.1522172502 2.5610902391 0.6812640219 0.0000000000 0.5945466136 0.2978232578 0.2189551509 0.4263364300 4.0994710051
0.3804421711 0.0185046960 1.1659661739 2.8046230332 0.1939281320 2.8211421073 0.8405375982 2.2210190393 0.0243910682 0.0172098638 0.1816659747 0.2986784769 1.4356730998 0.9916383454 0.5945466136 0.0000000000 0.5849045080 3.7215331527 0.5156622717 0.5495985392
0.1263084172 0.6959300401 0.5261558268 1.2104848046 0.1729974036 0.6275868965 0.3137323428 0.8745191772 0.2207621782 1.1723102190 1.0059884363 1.1915453888 0.1259151769 0.9086832625 0.2978232578 0.5849045080 0.0000000000 1.4012697538 1.0656120467 0.0310335106
1.1288484211 0.2746673558 1.1931705111 0.0157492677 0.1310184189 0.2896746301 1.9399738553 0.5370444817 3.0354639619 0.1690217936 1.1164185131 0.2794046524 0.6032699589 0.7186362073 0.2189551509 3.7215331527 1.4012697538 0.0000000000 0.3736283925 1.4962954822
2.0590395176 0.0298612820 0.7940631921 0.4367671487 0.1390627590 0.0372701972 0.8197913604 0.0131744384 0.6379172548 0.7385743919 0.9994353221 3.7886674997 0.9359376567 1.2541214551 0.4263364300 0.5156622717 1.0656120467 0.3736283925 0.0000000000 5.3727443256
1.1039919747 0.1307722929 0.9761278395 0.7447386059 0.1709932382 0.5846795291 1.2333241668 0.0827503738 0.3986977168 1.1260587558 0.8582632010 0.1073219890 3.2406664842 0.4592445740 4.0994710051 0.5495985392 0.0310335106 1.4962954822 5.3727443256 0.0000000000
