# MCW Instance
# Type: EXPONENTIAL
# N: 20
# Optimal cost: 1.3887676547753773
# Optimal tour (permutation): [0, 18, 11, 17, 2, 1, 4, 14, 15, 6, 5, 10, 7, 13, 3, 16, 12, 19, 9, 8, 0]
# Optimal walk (full path): [0, 18, 11, 18, 2, 17, 2, 1, 14, 4, 14, 6, 15, 6, 5, 13, 10, 13, 7, 13, 3, 12, 16, 12, 19, 9, 8, 9, 0]
# Walk size: 29
# Is walk (has repeats): true

# Distance Matrix
0.0000000000 1.0445079033 1.3085349291 1.0122665670 1.0848516297 0.0759044455 0.5265944883 0.5829769337 0.7061664916 0.0727187967 0.3470156330 0.1274366208 0.3133072156 1.0764191139 0.1334109010 0.1977873222 1.5390290065 1.2074277824 0.1105568948 0.2875659991
1.0445079033 0.0000000000 0.0923071036 0.1345207398 0.8597256555 0.3431127606 1.6521959013 1.8218922828 0.9893527234 2.1958870475 2.9163053443 0.1178124905 0.4195566181 0.2989110695 0.1435906205 0.8635049646 0.2563629320 0.4516147051 0.5776452949 0.7250184005
1.3085349291 0.0923071036 0.0000000000 0.9898840817 0.2129109996 1.1567492569 3.2137034694 1.7153437015 0.8563149978 0.3141213473 0.4394059233 1.4032476171 0.1176060031 0.5698655668 1.8776806867 0.5778696943 1.1314991681 0.0254560432 0.0295655366 0.3300636714
1.0122665670 0.1345207398 0.9898840817 0.0000000000 1.4248371958 1.6384028292 3.3278047920 1.2746392637 0.3486474552 0.7482603033 0.7614180011 3.4245132067 0.0382770347 0.0689611945 1.3442569973 1.1507034581 0.7054851469 0.1407355661 0.5322753307 5.9560362202
1.0848516297 0.8597256555 0.2129109996 1.4248371958 0.0000000000 0.5202466227 0.2204853755 2.0424827541 0.4099399829 0.0729166925 0.9445542531 0.6596271844 0.1904308571 1.9302833234 0.0029465689 1.4733826676 2.7672341004 0.9254379917 0.6813345256 0.9218747971
0.0759044455 0.3431127606 1.1567492569 1.6384028292 0.5202466227 0.0000000000 0.0128659628 0.3471573223 0.6149756424 0.3677751201 3.7164201218 1.1919903899 4.5377575030 0.0385923665 2.8336251124 0.5872993319 0.8331576672 0.6722072058 0.2090256640 0.2011001985
0.5265944883 1.6521959013 3.2137034694 3.3278047920 0.2204853755 0.0128659628 0.0000000000 2.1266562913 0.2303760690 0.0236687368 0.9293862379 0.2060829769 0.0162157075 0.1964594177 0.0363527467 0.0152814421 1.7179137072 2.5657526157 2.0070427067 1.0624028469
0.5829769337 1.8218922828 1.7153437015 1.2746392637 2.0424827541 0.3471573223 2.1266562913 0.0000000000 1.9040437541 0.5973210052 0.9705956045 0.3071751954 1.3508923143 0.0342538566 0.9914664306 0.1349328922 0.2535182626 2.6844663119 0.3062910934 0.0958920948
0.7061664916 0.9893527234 0.8563149978 0.3486474552 0.4099399829 0.6149756424 0.2303760690 1.9040437541 0.0000000000 0.0470192714 3.5049157364 0.7752018276 3.0149088118 1.2941036703 0.3579275546 0.4587090574 0.1020775482 0.1347249932 1.9966627149 0.1729508525
0.0727187967 2.1958870475 0.3141213473 0.7482603033 0.0729166925 0.3677751201 0.0236687368 0.5973210052 0.0470192714 0.0000000000 0.8076999189 0.5214699274 1.1140577875 0.8042878395 0.1971668657 1.7503953233 0.1698918333 4.9577702864 0.8928653452 0.0332391349
0.3470156330 2.9163053443 0.4394059233 0.7614180011 0.9445542531 3.7164201218 0.9293862379 0.9705956045 3.5049157364 0.8076999189 0.0000000000 0.6392743984 0.7545211422 0.1980732338 2.5830913400 1.7132598682 1.2504099106 0.4620256838 2.5437880523 0.8420768956
0.1274366208 0.1178124905 1.4032476171 3.4245132067 0.6596271844 1.1919903899 0.2060829769 0.3071751954 0.7752018276 0.5214699274 0.6392743984 0.0000000000 1.1886514995 0.1667671481 0.6554458040 0.2434363929 1.1235800246 1.6616476233 0.0024626567 3.2264198634
0.3133072156 0.4195566181 0.1176060031 0.0382770347 0.1904308571 4.5377575030 0.0162157075 1.3508923143 3.0149088118 1.1140577875 0.7545211422 1.1886514995 0.0000000000 1.0715181400 0.9979255068 1.8577891379 0.0173641790 0.0739378230 0.5448187575 0.0260257590
1.0764191139 0.2989110695 0.5698655668 0.0689611945 1.9302833234 0.0385923665 0.1964594177 0.0342538566 1.2941036703 0.8042878395 0.1980732338 0.1667671481 1.0715181400 0.0000000000 0.9182064123 0.1908547709 0.7154517891 0.4286780861 2.1951831603 0.4077686999
0.1334109010 0.1435906205 1.8776806867 1.3442569973 0.0029465689 2.8336251124 0.0363527467 0.9914664306 0.3579275546 0.1971668657 2.5830913400 0.6554458040 0.9979255068 0.9182064123 0.0000000000 0.0707243824 0.0731565915 0.1965750225 0.2488016323 0.6062493122
0.1977873222 0.8635049646 0.5778696943 1.1507034581 1.4733826676 0.5872993319 0.0152814421 0.1349328922 0.4587090574 1.7503953233 1.7132598682 0.2434363929 1.8577891379 0.1908547709 0.0707243824 0.0000000000 4.5355908004 2.0738545976 0.9666968884 0.7767406394
1.5390290065 0.2563629320 1.1314991681 0.7054851469 2.7672341004 0.8331576672 1.7179137072 0.2535182626 0.1020775482 0.1698918333 1.2504099106 1.1235800246 0.0173641790 0.7154517891 0.0731565915 4.5355908004 0.0000000000 1.4626986332 2.3629877687 0.1810892242
1.2074277824 0.4516147051 0.0254560432 0.1407355661 0.9254379917 0.6722072058 2.5657526157 2.6844663119 0.1347249932 4.9577702864 0.4620256838 1.6616476233 0.0739378230 0.4286780861 0.1965750225 2.0738545976 1.4626986332 0.0000000000 2.5111720828 0.9321129905
0.1105568948 0.5776452949 0.0295655366 0.5322753307 0.6813345256 0.2090256640 2.0070427067 0.3062910934 1.9966627149 0.8928653452 2.5437880523 0.0024626567 0.5448187575 2.1951831603 0.2488016323 0.9666968884 2.3629877687 2.5111720828 0.0000000000 1.1218308804
0.2875659991 0.7250184005 0.3300636714 5.9560362202 0.9218747971 0.2011001985 1.0624028469 0.0958920948 0.1729508525 0.0332391349 0.8420768956 3.2264198634 0.0260257590 0.4077686999 0.6062493122 0.7767406394 0.1810892242 0.9321129905 1.1218308804 0.0000000000
