# MCW Instance
# Type: EXPONENTIAL
# N: 20
# Optimal cost: 1.516654804645322
# Optimal tour (permutation): [0, 15, 18, 16, 14, 6, 8, 2, 17, 9, 1, 11, 13, 7, 5, 19, 4, 12, 10, 3, 0]
# Optimal walk (full path): [0, 15, 18, 6, 16, 6, 14, 6, 8, 2, 9, 17, 9, 1, 9, 2, 8, 11, 13, 7, 13, 5, 4, 19, 4, 5, 10, 12, 10, 3, 0]
# Walk size: 31
# Is walk (has repeats): true

# Distance Matrix
0.0000000000 0.1919785669 0.5242610512 0.1624736232 1.0852547162 0.7146394543 0.4511791184 1.1968983292 0.1566687255 1.0211140913 0.6279892375 0.3439791727 0.3236616913 1.9423699560 0.9944285762 0.1537630446 0.5183354293 0.3629341553 0.1847777496 0.1914251080
0.1919785669 0.0000000000 0.1154543722 1.7941619323 1.8931274741 0.5753801799 0.6876529214 1.4044236060 0.5773248988 0.0371149337 0.3859123648 1.2165384167 0.6125450519 1.5596981569 0.1709400640 2.9892472204 0.3703741759 0.2595570812 0.2868352886 0.3934553542
0.5242610512 0.1154543722 0.0000000000 0.5211261228 0.1825690144 0.5680120712 1.0327992818 0.6079631843 0.0067986778 0.0236026205 2.1844241613 0.8712447310 0.1544627271 0.5506574621 1.1255560921 0.7801309513 0.3820572378 1.2433189362 0.7539141071 2.2991031614
0.1624736232 1.7941619323 0.5211261228 0.0000000000 0.7750896156 0.5630237479 0.2506507753 1.0440664373 0.2716244882 0.4244284846 0.0710797960 0.5757376300 1.0225452434 4.3039004673 0.4590772621 0.3169467694 3.8781525728 0.4617055566 0.3700849646 0.2781782536
1.0852547162 1.8931274741 0.1825690144 0.7750896156 0.0000000000 0.0262436241 0.5660469801 0.8883328974 1.0793833660 0.9599668240 0.4082174899 1.0676043887 1.1777415302 0.3572535881 5.6771728740 4.1521460474 0.6553321386 3.0749296991 2.4220944225 0.0031148181
0.7146394543 0.5753801799 0.5680120712 0.5630237479 0.0262436241 0.0000000000 0.7625017036 0.2954406388 0.8326932296 0.4756147902 0.0813956039 0.1962871131 0.7416514524 0.1300265679 4.4383416305 0.2925413437 0.8689067583 0.9596937633 1.7548078788 0.2603413887
0.4511791184 0.6876529214 1.0327992818 0.2506507753 0.5660469801 0.7625017036 0.0000000000 0.2094038142 0.0226187106 0.7768950364 1.9732260025 1.4520480154 1.1053277175 0.4012348202 0.0252579528 0.4485720079 0.0066911145 0.3497539505 0.0258197983 0.9456382961
1.1968983292 1.4044236060 0.6079631843 1.0440664373 0.8883328974 0.2954406388 0.2094038142 0.0000000000 0.4743917228 0.6354247237 3.4280849647 1.9601031585 0.4962494013 0.0362719392 0.3924863825 1.7068882446 3.2035637047 0.8254987696 0.4835562227 0.2034324929
0.1566687255 0.5773248988 0.0067986778 0.2716244882 1.0793833660 0.8326932296 0.0226187106 0.4743917228 0.0000000000 0.1252098592 0.4338441859 0.0774518267 0.1490040013 0.9035100316 0.1267569035 1.6563889805 1.6326925967 1.2982933736 0.6502595888 0.4054376664
1.0211140913 0.0371149337 0.0236026205 0.4244284846 0.9599668240 0.4756147902 0.7768950364 0.6354247237 0.1252098592 0.0000000000 0.3590064742 1.2571610668 3.9012539994 0.3336586549 0.2426943720 0.5408513601 1.2395390276 0.0879357344 3.7240352841 1.7632738581
0.6279892375 0.3859123648 2.1844241613 0.0710797960 0.4082174899 0.0813956039 1.9732260025 3.4280849647 0.4338441859 0.3590064742 0.0000000000 1.6143966674 0.0577642918 1.8467898058 0.1775536471 0.7767025762 0.1431841465 2.9115994473 3.8944679693 0.1891906421
0.3439791727 1.2165384167 0.8712447310 0.5757376300 1.0676043887 0.1962871131 1.4520480154 1.9601031585 0.0774518267 1.2571610668 1.6143966674 0.0000000000 0.4621970153 0.1122938738 0.1114069731 2.0810439006 0.7101355213 3.0859994137 0.2257131359 1.9341916543
0.3236616913 0.6125450519 0.1544627271 1.0225452434 1.1777415302 0.7416514524 1.1053277175 0.4962494013 0.1490040013 3.9012539994 0.0577642918 0.4621970153 0.0000000000 0.2671625530 0.2442034401 1.2383450093 4.1915764909 0.4960924685 2.3090467495 0.7934156696
1.9423699560 1.5596981569 0.5506574621 4.3039004673 0.3572535881 0.1300265679 0.4012348202 0.0362719392 0.9035100316 0.3336586549 1.8467898058 0.1122938738 0.2671625530 0.0000000000 2.3129080967 0.4160894339 0.7064243761 0.4891883985 0.0422402190 2.0508419610
0.9944285762 0.1709400640 1.1255560921 0.4590772621 5.6771728740 4.4383416305 0.0252579528 0.3924863825 0.1267569035 0.2426943720 0.1775536471 0.1114069731 0.2442034401 2.3129080967 0.0000000000 0.4008060225 0.7978022334 1.0466786786 0.7664969650 0.4752359280
0.1537630446 2.9892472204 0.7801309513 0.3169467694 4.1521460474 0.2925413437 0.4485720079 1.7068882446 1.6563889805 0.5408513601 0.7767025762 2.0810439006 1.2383450093 0.4160894339 0.4008060225 0.0000000000 0.8329747467 0.4954379034 0.0581405461 0.5348295420
0.5183354293 0.3703741759 0.3820572378 3.8781525728 0.6553321386 0.8689067583 0.0066911145 3.2035637047 1.6326925967 1.2395390276 0.1431841465 0.7101355213 4.1915764909 0.7064243761 0.7978022334 0.8329747467 0.0000000000 0.2393666229 1.9953703802 0.7213710423
0.3629341553 0.2595570812 1.2433189362 0.4617055566 3.0749296991 0.9596937633 0.3497539505 0.8254987696 1.2982933736 0.0879357344 2.9115994473 3.0859994137 0.4960924685 0.4891883985 1.0466786786 0.4954379034 0.2393666229 0.0000000000 0.1926055156 0.5780276163
0.1847777496 0.2868352886 0.7539141071 0.3700849646 2.4220944225 1.7548078788 0.0258197983 0.4835562227 0.6502595888 3.7240352841 3.8944679693 0.2257131359 2.3090467495 0.0422402190 0.7664969650 0.0581405461 1.9953703802 0.1926055156 0.0000000000 2.6636868785
0.1914251080 0.3934553542 2.2991031614 0.2781782536 0.0031148181 0.2603413887 0.9456382961 0.2034324929 0.4054376664 1.7632738581 0.1891906421 1.9341916543 0.7934156696 2.0508419610 0.4752359280 0.5348295420 0.7213710423 0.5780276163 2.6636868785 0.0000000000
