# MCW Instance
# Type: EXPONENTIAL
# N: 20
# Optimal cost: 2.5182715349236426
# Optimal tour (permutation): [0, 16, 19, 2, 3, 11, 12, 10, 1, 4, 6, 17, 7, 18, 14, 5, 9, 15, 13, 8, 0]
# Optimal walk (full path): [0, 16, 0, 19, 2, 3, 11, 3, 10, 12, 10, 1, 4, 6, 17, 6, 7, 18, 14, 5, 9, 15, 13, 0, 8, 0]
# Walk size: 26
# Is walk (has repeats): true

# Distance Matrix
0.0000000000 0.4592197970 0.4638701532 0.5676774762 0.4646498620 2.9751811395 0.9993799581 0.1292702497 0.0005805378 0.1933412768 1.4697160130 0.2535722374 1.6294892197 0.0376072884 0.3786491654 0.4030985950 0.0163801474 1.7250106733 0.4288293102 0.0920196392
0.4592197970 0.0000000000 0.2907291357 1.6549506931 0.2308956678 0.8623837260 0.5996870337 0.2513976812 1.0397556621 0.8184540846 0.1748916224 2.5420091385 0.7356543798 1.2074230505 1.3385114986 2.2531977095 0.8282280664 0.1446579601 1.4517679053 0.7476034043
0.4638701532 0.2907291357 0.0000000000 0.0420915874 0.7108930667 1.3717950474 1.4500748051 1.0687759605 0.6003154562 2.5182097307 1.6013082075 0.3062962501 1.5787291102 2.1312966763 0.7892840157 1.1694498673 0.1882789194 0.7432198732 0.3985555785 0.1925079366
0.5676774762 1.6549506931 0.0420915874 0.0000000000 1.0410253577 1.2259521136 0.4236844970 1.3633071467 1.6591128384 3.6125469906 0.1986580546 0.1011460344 0.5316687603 0.9177102602 0.5519666242 0.6355176411 3.3685405292 0.2344871861 0.9956639644 0.3394760555
0.4646498620 0.2308956678 0.7108930667 1.0410253577 0.0000000000 2.1341744088 0.2193720559 0.2871277021 0.3316777774 1.1743599965 0.3515248486 2.2407885189 0.2972589240 0.8549980885 0.9493352655 0.3084114118 0.8505756373 3.2223193919 0.9725236698 0.4340779027
2.9751811395 0.8623837260 1.3717950474 1.2259521136 2.1341744088 0.0000000000 3.1520343144 0.2303698485 1.2764272442 0.0349352226 0.3004606679 0.6300605808 0.1176982133 0.0912110509 0.3881778420 1.1435025703 3.3834908043 1.0899461631 0.2611885266 0.2552114330
0.9993799581 0.5996870337 1.4500748051 0.4236844970 0.2193720559 3.1520343144 0.0000000000 0.0902736617 1.3472871605 1.7421943872 0.2589534116 0.6626765607 1.1231399697 0.6971131349 1.1522280911 1.0390906035 4.7446777813 0.0093662887 0.6911336489 0.7465325291
0.1292702497 0.2513976812 1.0687759605 1.3633071467 0.2871277021 0.2303698485 0.0902736617 0.0000000000 1.2899344562 0.1827854123 0.4276531259 1.1856102048 0.2132447845 0.1892226518 1.3996378359 0.5693625115 1.8573775698 0.5620919649 0.1140326620 6.1407257945
0.0005805378 1.0397556621 0.6003154562 1.6591128384 0.3316777774 1.2764272442 1.3472871605 1.2899344562 0.0000000000 2.7025906974 1.0573664624 0.6182049213 1.1686236996 0.1006156989 0.3778198656 1.4474703656 2.3256909529 0.8819483696 0.5240507154 2.6195125200
0.1933412768 0.8184540846 2.5182097307 3.6125469906 1.1743599965 0.0349352226 1.7421943872 0.1827854123 2.7025906974 0.0000000000 1.4561336643 1.7199272905 1.8982174782 0.6308595333 0.8795131987 0.1097633489 1.7510257094 1.5315378236 1.6954533596 2.0901494274
1.4697160130 0.1748916224 1.6013082075 0.1986580546 0.3515248486 0.3004606679 0.2589534116 0.4276531259 1.0573664624 1.4561336643 0.0000000000 1.6328417429 0.0362611754 3.6034069063 0.9490357776 3.2774694453 0.5962505417 0.5336902436 0.7500752750 0.3321389287
0.2535722374 2.5420091385 0.3062962501 0.1011460344 2.2407885189 0.6300605808 0.6626765607 1.1856102048 0.6182049213 1.7199272905 1.6328417429 0.0000000000 0.4910113899 1.2183538957 0.8749207447 1.0123632593 2.2939135743 2.2046002148 2.3749634340 1.3982428537
1.6294892197 0.7356543798 1.5787291102 0.5316687603 0.2972589240 0.1176982133 1.1231399697 0.2132447845 1.1686236996 1.8982174782 0.0362611754 0.4910113899 0.0000000000 0.8172279809 1.4534781970 0.9497506761 0.1010542277 0.4320214918 5.1546459528 0.2165914927
0.0376072884 1.2074230505 2.1312966763 0.9177102602 0.8549980885 0.0912110509 0.6971131349 0.1892226518 0.1006156989 0.6308595333 3.6034069063 1.2183538957 0.8172279809 0.0000000000 0.3904173773 0.0094854825 1.1442441280 0.1193329093 0.1861033125 1.2180755533
0.3786491654 1.3385114986 0.7892840157 0.5519666242 0.9493352655 0.3881778420 1.1522280911 1.3996378359 0.3778198656 0.8795131987 0.9490357776 0.8749207447 1.4534781970 0.3904173773 0.0000000000 2.2189423442 2.7607704948 0.3960920181 0.2560910954 0.4759431080
0.4030985950 2.2531977095 1.1694498673 0.6355176411 0.3084114118 1.1435025703 1.0390906035 0.5693625115 1.4474703656 0.1097633489 3.2774694453 1.0123632593 0.9497506761 0.0094854825 2.2189423442 0.0000000000 0.5406877334 0.1236908369 1.8385077001 1.3718425960
0.0163801474 0.8282280664 0.1882789194 3.3685405292 0.8505756373 3.3834908043 4.7446777813 1.8573775698 2.3256909529 1.7510257094 0.5962505417 2.2939135743 0.1010542277 1.1442441280 2.7607704948 0.5406877334 0.0000000000 0.1697003283 0.7791354389 1.6392375469
1.7250106733 0.1446579601 0.7432198732 0.2344871861 3.2223193919 1.0899461631 0.0093662887 0.5620919649 0.8819483696 1.5315378236 0.5336902436 2.2046002148 0.4320214918 0.1193329093 0.3960920181 0.1236908369 0.1697003283 0.0000000000 0.1295697670 0.1363326611
0.4288293102 1.4517679053 0.3985555785 0.9956639644 0.9725236698 0.2611885266 0.6911336489 0.1140326620 0.5240507154 1.6954533596 0.7500752750 2.3749634340 5.1546459528 0.1861033125 0.2560910954 1.8385077001 0.7791354389 0.1295697670 0.0000000000 0.9219838405
0.0920196392 0.7476034043 0.1925079366 0.3394760555 0.4340779027 0.2552114330 0.7465325291 6.1407257945 2.6195125200 2.0901494274 0.3321389287 1.3982428537 0.2165914927 1.2180755533 0.4759431080 1.3718425960 1.6392375469 0.1363326611 0.9219838405 0.0000000000
