# MCW Instance
# Type: EXPONENTIAL
# N: 20
# Optimal cost: 1.4199272815911275
# Optimal tour (permutation): [0, 12, 6, 16, 14, 17, 1, 5, 8, 7, 9, 15, 19, 2, 18, 10, 11, 4, 13, 3, 0]
# Optimal walk (full path): [0, 12, 6, 16, 14, 17, 1, 5, 8, 7, 8, 9, 15, 19, 2, 19, 18, 10, 11, 4, 13, 3, 0]
# Walk size: 23
# Is walk (has repeats): true

# Distance Matrix
0.0000000000 0.5645535671 0.3177466340 0.1020699723 0.8115011770 0.4720105519 0.6400394043 1.7682024202 1.1406868814 6.1017089583 0.5867521396 0.3609771080 0.1381559469 1.0843906502 0.8013396612 4.1741430641 1.2524465598 0.4126260538 2.5328685862 0.1313955239
0.5645535671 0.0000000000 1.2731750001 0.4089466677 0.9359701377 0.0824968150 0.4692813519 0.6032223811 5.4560300814 1.4208185501 0.7656555854 0.5350025656 1.2796389889 1.7445238964 0.3233457164 1.4575563918 0.2460147842 0.2050870109 4.2660570706 4.7297184451
0.3177466340 1.2731750001 0.0000000000 0.2849102907 1.7337845143 0.7255722356 0.5644669946 1.0902439365 0.6037202141 2.5169738120 1.6567744162 3.7254178913 0.9194320243 0.3687000546 0.6699962158 0.2499726028 1.1274326894 0.5297061186 0.4684499017 0.0576924177
0.1020699723 0.4089466677 0.2849102907 0.0000000000 0.3598014749 0.6426888643 0.3790916025 3.0607675047 1.1791557302 0.3020934539 0.1510498035 2.1157628680 0.1284627605 0.0328065822 0.0028097300 1.9384988206 0.9503125143 0.8165677194 0.8162107241 0.4391780008
0.8115011770 0.9359701377 1.7337845143 0.3598014749 0.0000000000 1.7843270637 0.5140090096 0.8575473171 0.8654198046 1.3246712980 3.1655505111 0.0136926812 0.3251083460 0.0167422787 3.3986711592 0.2554746556 2.5490307390 0.7552473387 0.7672399375 3.0096308973
0.4720105519 0.0824968150 0.7255722356 0.6426888643 1.7843270637 0.0000000000 1.2707669388 1.7192885692 0.0055490109 3.0696419893 0.1936555423 1.2410852317 0.4427335575 1.2206977088 1.0542629734 0.4445725232 0.2817425913 0.3489037454 0.9900157802 0.8084630973
0.6400394043 0.4692813519 0.5644669946 0.3790916025 0.5140090096 1.2707669388 0.0000000000 0.1515517261 1.8341422556 0.2502709736 0.1037755885 0.7707313571 0.0238324941 1.5612154964 5.1289408326 1.0018795808 0.0192570405 0.4890936883 1.7722396980 0.5285737159
1.7682024202 0.6032223811 1.0902439365 3.0607675047 0.8575473171 1.7192885692 0.1515517261 0.0000000000 0.0112914708 0.1863223506 0.2003199149 0.9020862205 1.1839425279 1.8666568993 0.0681643868 0.7155117729 1.0080304501 1.0721828240 0.6892862526 0.7026402640
1.1406868814 5.4560300814 0.6037202141 1.1791557302 0.8654198046 0.0055490109 1.8341422556 0.0112914708 0.0000000000 0.1671361168 0.5986730197 3.4794936272 0.1917214867 0.5236892976 1.7916224233 0.2698913490 0.4758223777 1.2451483716 0.8114098682 0.1715978393
6.1017089583 1.4208185501 2.5169738120 0.3020934539 1.3246712980 3.0696419893 0.2502709736 0.1863223506 0.1671361168 0.0000000000 1.0215966564 1.3169620013 1.4658476956 0.5571062627 0.3801144015 0.0712338407 3.8752435982 4.0066376566 1.0738157564 2.8833974496
0.5867521396 0.7656555854 1.6567744162 0.1510498035 3.1655505111 0.1936555423 0.1037755885 0.2003199149 0.5986730197 1.0215966564 0.0000000000 0.1524012877 0.7536972138 1.1064650942 0.1456619890 0.7515353159 0.1321726887 0.6881361082 0.0535378993 1.2618982744
0.3609771080 0.5350025656 3.7254178913 2.1157628680 0.0136926812 1.2410852317 0.7707313571 0.9020862205 3.4794936272 1.3169620013 0.1524012877 0.0000000000 3.2975895413 3.0082489243 1.9374511874 0.3253321264 0.9573317976 0.9183696533 1.7992949958 0.7594048913
0.1381559469 1.2796389889 0.9194320243 0.1284627605 0.3251083460 0.4427335575 0.0238324941 1.1839425279 0.1917214867 1.4658476956 0.7536972138 3.2975895413 0.0000000000 1.2060213934 2.0117945121 1.6439691513 0.0415454436 0.9836587697 0.5115874006 0.2287598906
1.0843906502 1.7445238964 0.3687000546 0.0328065822 0.0167422787 1.2206977088 1.5612154964 1.8666568993 0.5236892976 0.5571062627 1.1064650942 3.0082489243 1.2060213934 0.0000000000 0.4003542231 0.5011488239 0.1042137887 0.9587228376 1.2958901670 0.9300193511
0.8013396612 0.3233457164 0.6699962158 0.0028097300 3.3986711592 1.0542629734 5.1289408326 0.0681643868 1.7916224233 0.3801144015 0.1456619890 1.9374511874 2.0117945121 0.4003542231 0.0000000000 0.0415771676 0.0023206241 0.0749111830 1.4223974020 1.2818116457
4.1741430641 1.4575563918 0.2499726028 1.9384988206 0.2554746556 0.4445725232 1.0018795808 0.7155117729 0.2698913490 0.0712338407 0.7515353159 0.3253321264 1.6439691513 0.5011488239 0.0415771676 0.0000000000 0.6641171237 0.7402339335 1.0540702603 0.0153453928
1.2524465598 0.2460147842 1.1274326894 0.9503125143 2.5490307390 0.2817425913 0.0192570405 1.0080304501 0.4758223777 3.8752435982 0.1321726887 0.9573317976 0.0415454436 0.1042137887 0.0023206241 0.6641171237 0.0000000000 0.9853062443 0.8972818315 0.2060920666
0.4126260538 0.2050870109 0.5297061186 0.8165677194 0.7552473387 0.3489037454 0.4890936883 1.0721828240 1.2451483716 4.0066376566 0.6881361082 0.9183696533 0.9836587697 0.9587228376 0.0749111830 0.7402339335 0.9853062443 0.0000000000 0.4696088999 0.4163021803
2.5328685862 4.2660570706 0.4684499017 0.8162107241 0.7672399375 0.9900157802 1.7722396980 0.6892862526 0.8114098682 1.0738157564 0.0535378993 1.7992949958 0.5115874006 1.2958901670 1.4223974020 1.0540702603 0.8972818315 0.4696088999 0.0000000000 0.1053833276
0.1313955239 4.7297184451 0.0576924177 0.4391780008 3.0096308973 0.8084630973 0.5285737159 0.7026402640 0.1715978393 2.8833974496 1.2618982744 0.7594048913 0.2287598906 0.9300193511 1.2818116457 0.0153453928 0.2060920666 0.4163021803 0.1053833276 0.0000000000
