# MCW Instance
# Type: EXPONENTIAL
# N: 20
# Optimal cost: 2.0768666313057347
# Optimal tour (permutation): [0, 3, 4, 7, 1, 14, 11, 9, 5, 19, 16, 2, 17, 6, 10, 15, 8, 12, 18, 13, 0]
# Optimal walk (full path): [0, 1, 3, 1, 7, 4, 7, 1, 14, 11, 9, 5, 19, 16, 2, 17, 6, 10, 15, 12, 8, 12, 18, 13, 0]
# Walk size: 25
# Is walk (has repeats): true

# Distance Matrix
0.0000000000 0.0492303820 1.4302432540 0.4875334920 3.2553464223 0.4437170834 1.8730208291 1.4300197133 1.7625668379 0.2310799126 1.7550657309 0.4546478225 1.3412075342 0.0220020429 2.1061226069 0.7600370492 0.3193071667 1.5436617840 0.2453887650 1.3140882728
0.0492303820 0.0000000000 0.1967434766 0.0848800688 0.3583689743 0.1371669276 0.5444991263 0.0384292962 0.8154297899 0.9108941968 0.5049635818 1.4512666280 0.8868957270 0.3348872110 0.0978313090 0.0778537612 3.6794250576 0.8176889496 0.3618580114 1.6696817325
1.4302432540 0.1967434766 0.0000000000 0.8656280238 1.3731708721 0.5835125100 2.8387901333 0.6748470901 0.4022258482 2.0906850441 0.8660253683 0.8867072556 0.5148526876 0.1743986089 0.7652445122 0.0142671967 0.0308539696 0.0194255308 0.8608293819 1.3310275525
0.4875334920 0.0848800688 0.8656280238 0.0000000000 2.0752827826 0.6168739385 0.8035497767 1.3963814484 1.5663696958 2.3233724691 1.1465565955 0.6114776296 0.5419063210 1.6514396782 2.0398383100 0.1154920759 1.2575462119 2.3102840356 0.8952901485 0.4596498585
3.2553464223 0.3583689743 1.3731708721 2.0752827826 0.0000000000 0.2528836267 1.0912063185 0.0124322998 0.4796256261 0.4548293441 0.7335006575 0.3399485833 2.7447118441 0.6260099309 1.3586087115 0.9797110424 1.7434604993 0.3191523313 2.5954600774 0.8198746742
0.4437170834 0.1371669276 0.5835125100 0.6168739385 0.2528836267 0.0000000000 1.0286169395 1.2260728797 0.7793242856 0.1126708254 2.3851585288 0.2171152712 3.4744865524 1.8976980245 0.8916049727 0.6819798699 0.1491469661 1.7126019247 1.6415241752 0.0804753222
1.8730208291 0.5444991263 2.8387901333 0.8035497767 1.0912063185 1.0286169395 0.0000000000 1.7668103230 4.3134680910 1.2952981291 0.2898160328 0.7440022899 0.7454846537 0.6440403607 3.1897992324 1.0518539519 0.8183695753 0.1548664394 1.6593178247 3.1959395664
1.4300197133 0.0384292962 0.6748470901 1.3963814484 0.0124322998 1.2260728797 1.7668103230 0.0000000000 3.4461424711 1.8753188577 0.3341685218 1.6683789666 4.8352101684 0.1471748202 0.2000350680 0.1197683088 1.4189463537 4.1591773694 0.4261356605 1.1813624995
1.7625668379 0.8154297899 0.4022258482 1.5663696958 0.4796256261 0.7793242856 4.3134680910 3.4461424711 0.0000000000 0.9064720372 3.3159423525 0.5431050016 0.0019991962 3.4988173803 0.2829664448 1.8306289089 0.0916483400 0.1347664273 0.6864579080 1.0785422967
0.2310799126 0.9108941968 2.0906850441 2.3233724691 0.4548293441 0.1126708254 1.2952981291 1.8753188577 0.9064720372 0.0000000000 3.2451210048 0.1193565186 1.5462527608 1.3040157922 0.9560805701 1.0232190928 0.2370882446 1.2075256931 0.1794884083 0.4842350852
1.7550657309 0.5049635818 0.8660253683 1.1465565955 0.7335006575 2.3851585288 0.2898160328 0.3341685218 3.3159423525 3.2451210048 0.0000000000 3.0739991244 2.6586548479 1.5529658463 1.1744151396 0.2213150089 1.2247838370 0.5925753951 0.4571976970 0.5148076612
0.4546478225 1.4512666280 0.8867072556 0.6114776296 0.3399485833 0.2171152712 0.7440022899 1.6683789666 0.5431050016 0.1193565186 3.0739991244 0.0000000000 0.7105060449 0.8907440034 0.1381971303 0.1595089071 2.1989041747 0.5643206826 0.8710684116 4.7686022619
1.3412075342 0.8868957270 0.5148526876 0.5419063210 2.7447118441 3.4744865524 0.7454846537 4.8352101684 0.0019991962 1.5462527608 2.6586548479 0.7105060449 0.0000000000 0.4637944908 1.2310062914 0.0684734715 0.6589187738 0.3184470629 0.2342356899 0.7943146495
0.0220020429 0.3348872110 0.1743986089 1.6514396782 0.6260099309 1.8976980245 0.6440403607 0.1471748202 3.4988173803 1.3040157922 1.5529658463 0.8907440034 0.4637944908 0.0000000000 1.4996410303 1.1310540454 1.5994760764 1.4719840003 0.1107501465 2.0489429814
2.1061226069 0.0978313090 0.7652445122 2.0398383100 1.3586087115 0.8916049727 3.1897992324 0.2000350680 0.2829664448 0.9560805701 1.1744151396 0.1381971303 1.2310062914 1.4996410303 0.0000000000 0.0919734738 0.3240879645 1.1063543883 0.5836231712 0.5092801041
0.7600370492 0.0778537612 0.0142671967 0.1154920759 0.9797110424 0.6819798699 1.0518539519 0.1197683088 1.8306289089 1.0232190928 0.2213150089 0.1595089071 0.0684734715 1.1310540454 0.0919734738 0.0000000000 0.7698797018 0.5486808836 2.2238328700 0.1674794549
0.3193071667 3.6794250576 0.0308539696 1.2575462119 1.7434604993 0.1491469661 0.8183695753 1.4189463537 0.0916483400 0.2370882446 1.2247838370 2.1989041747 0.6589187738 1.5994760764 0.3240879645 0.7698797018 0.0000000000 0.4147785864 0.8547592494 0.0518850894
1.5436617840 0.8176889496 0.0194255308 2.3102840356 0.3191523313 1.7126019247 0.1548664394 4.1591773694 0.1347664273 1.2075256931 0.5925753951 0.5643206826 0.3184470629 1.4719840003 1.1063543883 0.5486808836 0.4147785864 0.0000000000 0.4961209202 1.6846228341
0.2453887650 0.3618580114 0.8608293819 0.8952901485 2.5954600774 1.6415241752 1.6593178247 0.4261356605 0.6864579080 0.1794884083 0.4571976970 0.8710684116 0.2342356899 0.1107501465 0.5836231712 2.2238328700 0.8547592494 0.4961209202 0.0000000000 0.9532182164
1.3140882728 1.6696817325 1.3310275525 0.4596498585 0.8198746742 0.0804753222 3.1959395664 1.1813624995 1.0785422967 0.4842350852 0.5148076612 4.7686022619 0.7943146495 2.0489429814 0.5092801041 0.1674794549 0.0518850894 1.6846228341 0.9532182164 0.0000000000
