# MCW Instance
# Type: EXPONENTIAL
# N: 20
# Optimal cost: 1.7718018283252939
# Optimal tour (permutation): [0, 19, 17, 5, 12, 6, 18, 2, 7, 16, 15, 8, 14, 4, 3, 10, 1, 9, 13, 11, 0]
# Optimal walk (full path): [0, 19, 17, 5, 12, 6, 18, 2, 7, 2, 16, 15, 16, 8, 4, 14, 4, 3, 9, 10, 1, 10, 9, 13, 11, 0]
# Walk size: 26
# Is walk (has repeats): true

# Distance Matrix
0.0000000000 3.3382384347 1.1008277065 2.0718690402 2.1052817955 0.3574745863 0.4427018408 4.5141789404 0.5561106941 1.4497638308 1.9265731586 0.0953337879 0.7818489685 0.5240316479 0.9514784728 0.5659281729 0.7361644772 0.5780386088 0.4506369417 0.1287832807
3.3382384347 0.0000000000 0.5585364383 1.0301389796 2.3020782817 0.6006091486 0.9939562636 0.4193302902 0.3514553611 0.5877038419 0.1236859973 0.7079082910 0.6168017177 0.2076012579 0.3424945810 0.8049068828 1.2567071440 0.7912766842 0.2558155758 0.9341634550
1.1008277065 0.5585364383 0.0000000000 0.2873300345 0.8208804457 1.3861611905 0.7835070336 0.0411017698 0.4493652548 0.0799097240 2.0606399085 0.1373632899 1.6241888123 0.1637623228 1.1137272139 2.6506905456 0.0157938280 0.3511783112 0.0789652898 0.9071800973
2.0718690402 1.0301389796 0.2873300345 0.0000000000 0.0663753780 0.2758420776 0.7300005888 0.3921436420 0.6215224586 0.1168416456 1.6471415465 2.1580935714 1.5779079231 0.6927882820 0.4360432054 0.9233726316 2.0348766532 0.4076404529 0.3884118849 0.6292375984
2.1052817955 2.3020782817 0.8208804457 0.0663753780 0.0000000000 2.2217456272 1.6360651061 0.3246102027 0.0309424790 1.7926989666 0.3741902847 2.4521112858 0.3764236013 1.8438108339 0.0191989532 1.6519305619 3.0867604734 1.5966504139 0.3600096736 1.3190321942
0.3574745863 0.6006091486 1.3861611905 0.2758420776 2.2217456272 0.0000000000 0.5918370528 0.3556888849 0.1283348494 3.3253367090 0.5585123081 0.2789376666 0.0832272112 0.2184745775 0.9659092372 1.9514123929 1.4604125415 0.1193186775 0.2356907493 0.7439275696
0.4427018408 0.9939562636 0.7835070336 0.7300005888 1.6360651061 0.5918370528 0.0000000000 1.3530654375 0.5387275924 0.2021218067 3.4646488175 0.5380212429 0.1436707303 0.3978939466 0.5585647670 3.8435877941 0.3464367652 0.6126187493 0.2649512855 0.4606217768
4.5141789404 0.4193302902 0.0411017698 0.3921436420 0.3246102027 0.3556888849 1.3530654375 0.0000000000 1.1250608370 1.0496134436 1.6827857806 0.3810690014 0.2067362091 0.1938904432 0.7777765227 0.5052217817 0.7665877073 0.1618162838 2.7666288911 0.0830745327
0.5561106941 0.3514553611 0.4493652548 0.6215224586 0.0309424790 0.1283348494 0.5387275924 1.1250608370 0.0000000000 0.4110495967 1.6598106941 1.5185804347 1.5787092150 0.6187315401 1.6913739083 0.3371296164 0.0796796481 0.5524330113 1.9287438691 0.0964648190
1.4497638308 0.5877038419 0.0799097240 0.1168416456 1.7926989666 3.3253367090 0.2021218067 1.0496134436 0.4110495967 0.0000000000 0.0124736853 2.2749913379 0.4950180836 0.0521299392 0.3173204658 2.9527690612 0.4834866962 2.0898011733 0.2789182282 0.6257161397
1.9265731586 0.1236859973 2.0606399085 1.6471415465 0.3741902847 0.5585123081 3.4646488175 1.6827857806 1.6598106941 0.0124736853 0.0000000000 0.4739134542 0.8101896017 2.7774426753 0.3864143499 0.5705893000 0.0560323549 0.8637114369 0.2446959029 0.0165408053
0.0953337879 0.7079082910 0.1373632899 2.1580935714 2.4521112858 0.2789376666 0.5380212429 0.3810690014 1.5185804347 2.2749913379 0.4739134542 0.0000000000 0.3018606073 0.0457910597 1.8843039806 0.0583038597 0.3254994037 0.9948446368 2.8264560720 0.1755148320
0.7818489685 0.6168017177 1.6241888123 1.5779079231 0.3764236013 0.0832272112 0.1436707303 0.2067362091 1.5787092150 0.4950180836 0.8101896017 0.3018606073 0.0000000000 0.2006571548 2.2437620065 5.6925794833 0.0694240960 0.0768710479 1.3495420685 0.0575696153
0.5240316479 0.2076012579 0.1637623228 0.6927882820 1.8438108339 0.2184745775 0.3978939466 0.1938904432 0.6187315401 0.0521299392 2.7774426753 0.0457910597 0.2006571548 0.0000000000 0.2919675529 1.7026506333 0.2813819666 0.9489235691 1.9129714796 0.1602328639
0.9514784728 0.3424945810 1.1137272139 0.4360432054 0.0191989532 0.9659092372 0.5585647670 0.7777765227 1.6913739083 0.3173204658 0.3864143499 1.8843039806 2.2437620065 0.2919675529 0.0000000000 0.1680459346 2.1647538420 1.8060342862 2.8382656777 0.5887367487
0.5659281729 0.8049068828 2.6506905456 0.9233726316 1.6519305619 1.9514123929 3.8435877941 0.5052217817 0.3371296164 2.9527690612 0.5705893000 0.0583038597 5.6925794833 1.7026506333 0.1680459346 0.0000000000 0.0050364282 1.4541515714 0.3732758641 1.5609483891
0.7361644772 1.2567071440 0.0157938280 2.0348766532 3.0867604734 1.4604125415 0.3464367652 0.7665877073 0.0796796481 0.4834866962 0.0560323549 0.3254994037 0.0694240960 0.2813819666 2.1647538420 0.0050364282 0.0000000000 0.4088868378 0.3463744468 1.8853721979
0.5780386088 0.7912766842 0.3511783112 0.4076404529 1.5966504139 0.1193186775 0.6126187493 0.1618162838 0.5524330113 2.0898011733 0.8637114369 0.9948446368 0.0768710479 0.9489235691 1.8060342862 1.4541515714 0.4088868378 0.0000000000 0.3663962567 0.0470039202
0.4506369417 0.2558155758 0.0789652898 0.3884118849 0.3600096736 0.2356907493 0.2649512855 2.7666288911 1.9287438691 0.2789182282 0.2446959029 2.8264560720 1.3495420685 1.9129714796 2.8382656777 0.3732758641 0.3463744468 0.3663962567 0.0000000000 2.9729686315
0.1287832807 0.9341634550 0.9071800973 0.6292375984 1.3190321942 0.7439275696 0.4606217768 0.0830745327 0.0964648190 0.6257161397 0.0165408053 0.1755148320 0.0575696153 0.1602328639 0.5887367487 1.5609483891 1.8853721979 0.0470039202 2.9729686315 0.0000000000
