# MCW Instance
# Type: EXPONENTIAL
# N: 20
# Optimal cost: 1.8919582642088595
# Optimal tour (permutation): [0, 5, 1, 16, 17, 4, 11, 2, 8, 10, 19, 3, 13, 18, 12, 15, 14, 9, 6, 7, 0]
# Optimal walk (full path): [0, 5, 1, 16, 17, 4, 11, 2, 8, 10, 3, 19, 3, 13, 18, 12, 14, 15, 14, 9, 0, 6, 7, 6, 0]
# Walk size: 25
# Is walk (has repeats): true

# Distance Matrix
0.0000000000 3.6739066418 1.3333783429 1.8486805605 0.8815521577 0.0211313658 0.0100204692 1.6369412886 1.0819347523 0.1007958157 4.6064723246 0.5632587354 0.3132180674 0.4540198837 0.1572868447 0.9861744141 1.0460273271 0.4857338116 1.4715299118 2.5676523994
3.6739066418 0.0000000000 0.7035845829 1.1497173318 0.1161347077 0.0681442715 0.0986616145 0.8296482995 0.1953038051 0.7722294206 2.3245422955 0.6882041002 0.5887886886 1.3641699980 0.2110192447 0.1893379602 0.0066322430 0.3917686462 1.3052079181 0.2910526448
1.3333783429 0.7035845829 0.0000000000 1.5786125558 0.8124445284 0.1864704913 0.1817370242 2.3172557887 0.1098433261 0.9776373135 1.5787728693 0.1216732689 0.5249353910 0.1943416309 1.3839604023 0.3246177703 2.1565842715 0.3377913355 0.0677993870 0.2697105460
1.8486805605 1.1497173318 1.5786125558 0.0000000000 1.2072547627 0.2410038697 0.6518986508 1.2320036644 0.4069483574 2.3871908998 0.2107253253 0.8322882293 0.3099585795 0.0596707933 2.5433544767 1.2754459976 0.1985302628 0.4173370721 0.4113748519 0.0085514528
0.8815521577 0.1161347077 0.8124445284 1.2072547627 0.0000000000 1.3561378958 0.2887590206 0.5123454545 0.1988852066 0.9425512032 0.3125448709 0.0479635198 0.5790550538 0.9115406309 0.8362547044 0.9723266140 1.2709037443 0.0448713795 2.0279455994 2.4118544730
0.0211313658 0.0681442715 0.1864704913 0.2410038697 1.3561378958 0.0000000000 0.2989596118 0.3443108095 0.8414016270 0.2249442745 2.2206741186 1.9239416001 1.3320199173 1.4956624840 2.0820159696 0.3195669907 0.1544497709 0.5084121059 5.8779659053 2.2963297386
0.0100204692 0.0986616145 0.1817370242 0.6518986508 0.2887590206 0.2989596118 0.0000000000 0.0620391346 2.1542405614 0.1956489756 1.7149215008 0.1427507293 0.8485697385 1.4787755214 3.1752810341 0.3741012669 0.9051731798 0.3544990814 2.3538269358 0.6129130292
1.6369412886 0.8296482995 2.3172557887 1.2320036644 0.5123454545 0.3443108095 0.0620391346 0.0000000000 0.1686081793 0.4735049615 0.5328968233 2.9949443361 0.9715669289 0.2907373650 0.9059425559 0.4199161810 0.2002738800 0.4857290603 1.5363205812 2.2224506705
1.0819347523 0.1953038051 0.1098433261 0.4069483574 0.1988852066 0.8414016270 2.1542405614 0.1686081793 0.0000000000 2.4681988427 0.2954404205 1.1661306957 0.7643029133 1.0373547117 1.2035575260 3.2850579785 1.4314293274 1.0125960174 1.6021757593 0.8128674132
0.1007958157 0.7722294206 0.9776373135 2.3871908998 0.9425512032 0.2249442745 0.1956489756 0.4735049615 2.4681988427 0.0000000000 1.0222704014 0.2690200008 0.9407220269 0.2586407283 0.1754850135 1.8926982113 1.5176336783 0.5746284885 3.3081483067 0.2525255829
4.6064723246 2.3245422955 1.5787728693 0.2107253253 0.3125448709 2.2206741186 1.7149215008 0.5328968233 0.2954404205 1.0222704014 0.0000000000 0.5129380092 0.5458973937 0.6484762045 1.9627374273 0.3349203242 0.9847778126 0.6224806802 0.7790023539 0.2749089213
0.5632587354 0.6882041002 0.1216732689 0.8322882293 0.0479635198 1.9239416001 0.1427507293 2.9949443361 1.1661306957 0.2690200008 0.5129380092 0.0000000000 1.8583121012 3.4083715071 0.4447692887 1.5847590636 0.3658311646 1.2837807669 0.4202110972 0.2892268696
0.3132180674 0.5887886886 0.5249353910 0.3099585795 0.5790550538 1.3320199173 0.8485697385 0.9715669289 0.7643029133 0.9407220269 0.5458973937 1.8583121012 0.0000000000 1.4131716885 0.1463908470 1.5146276043 2.7625900495 3.7252128268 0.0509945839 0.8454558820
0.4540198837 1.3641699980 0.1943416309 0.0596707933 0.9115406309 1.4956624840 1.4787755214 0.2907373650 1.0373547117 0.2586407283 0.6484762045 3.4083715071 1.4131716885 0.0000000000 4.5760471392 0.7964148905 1.0773402730 0.7422176669 0.0458095844 1.2385283525
0.1572868447 0.2110192447 1.3839604023 2.5433544767 0.8362547044 2.0820159696 3.1752810341 0.9059425559 1.2035575260 0.1754850135 1.9627374273 0.4447692887 0.1463908470 4.5760471392 0.0000000000 0.0941830410 0.3846122738 1.3928219859 3.0604376216 0.4248656758
0.9861744141 0.1893379602 0.3246177703 1.2754459976 0.9723266140 0.3195669907 0.3741012669 0.4199161810 3.2850579785 1.8926982113 0.3349203242 1.5847590636 1.5146276043 0.7964148905 0.0941830410 0.0000000000 3.5833169251 0.1411315628 1.2699655901 0.8804353292
1.0460273271 0.0066322430 2.1565842715 0.1985302628 1.2709037443 0.1544497709 0.9051731798 0.2002738800 1.4314293274 1.5176336783 0.9847778126 0.3658311646 2.7625900495 1.0773402730 0.3846122738 3.5833169251 0.0000000000 0.0367983107 0.5206210433 2.1259721491
0.4857338116 0.3917686462 0.3377913355 0.4173370721 0.0448713795 0.5084121059 0.3544990814 0.4857290603 1.0125960174 0.5746284885 0.6224806802 1.2837807669 3.7252128268 0.7422176669 1.3928219859 0.1411315628 0.0367983107 0.0000000000 2.3722793885 0.5837206076
1.4715299118 1.3052079181 0.0677993870 0.4113748519 2.0279455994 5.8779659053 2.3538269358 1.5363205812 1.6021757593 3.3081483067 0.7790023539 0.4202110972 0.0509945839 0.0458095844 3.0604376216 1.2699655901 0.5206210433 2.3722793885 0.0000000000 0.0755388661
2.5676523994 0.2910526448 0.2697105460 0.0085514528 2.4118544730 2.2963297386 0.6129130292 2.2224506705 0.8128674132 0.2525255829 0.2749089213 0.2892268696 0.8454558820 1.2385283525 0.4248656758 0.8804353292 2.1259721491 0.5837206076 0.0755388661 0.0000000000
