# MCW Instance
# Type: EXPONENTIAL
# N: 20
# Optimal cost: 1.5251580987482085
# Optimal tour (permutation): [0, 12, 13, 9, 14, 11, 10, 4, 17, 19, 16, 3, 15, 18, 6, 8, 7, 5, 2, 1, 0]
# Optimal walk (full path): [0, 1, 2, 12, 13, 9, 14, 11, 10, 4, 17, 19, 15, 3, 16, 3, 15, 18, 8, 6, 8, 18, 15, 7, 15, 12, 5, 12, 2, 1, 0]
# Walk size: 31
# Is walk (has repeats): true

# Distance Matrix
0.0000000000 0.0353278700 3.0989714934 0.5606343991 0.5256075316 3.4073371675 0.2745069424 0.3992249771 0.4503430216 0.2797985077 1.4854801392 0.5095849180 2.2941188887 0.9061732802 1.7287844119 1.7120537767 1.9171311396 0.5253513380 1.9349132845 0.2374635542
0.0353278700 0.0000000000 0.0103527749 1.3057330516 0.1449663405 4.3238023948 3.1525443766 1.2607999148 0.2547613281 0.5085807078 2.2585898314 0.7839560392 1.8874535659 0.0994459189 0.2736444973 0.0403251645 0.3535899296 1.5494316020 1.2863783721 3.2260839461
3.0989714934 0.0103527749 0.0000000000 2.3795843243 0.2915670050 1.1950553241 0.9496513358 2.8137126596 0.2709108181 0.2947969274 1.2808277163 0.9148798129 0.0226169613 2.0557548248 1.7869986448 1.5421320758 0.3895113025 0.2685694689 0.3002669275 1.0251192626
0.5606343991 1.3057330516 2.3795843243 0.0000000000 2.5240787644 0.0595447887 0.8522259083 2.1883104403 2.7308982720 1.3279067695 2.1250916454 0.6326958051 2.5274101137 2.0225726202 1.2012201351 0.0079764672 0.0221809015 1.6914165693 0.0759678246 0.1926641617
0.5256075316 0.1449663405 0.2915670050 2.5240787644 0.0000000000 0.3601573689 1.0714047036 1.0854031888 0.1325125170 2.8309739515 0.1651683499 2.9539215141 1.5444777927 0.5793306384 0.8277456958 0.4519136022 3.2804614591 0.1579451476 0.6646656135 0.1203231025
3.4073371675 4.3238023948 1.1950553241 0.0595447887 0.3601573689 0.0000000000 1.7039473058 0.4746529286 0.1669793252 1.1289875690 0.9779889094 0.2022780128 0.0410399602 0.7248817599 0.3581802865 0.3606068317 3.1672240761 0.3537853697 0.9748388750 0.2431444898
0.2745069424 3.1525443766 0.9496513358 0.8522259083 1.0714047036 1.7039473058 0.0000000000 0.3319079310 0.0277416183 1.2843067987 0.2775727433 0.4473040597 1.7984572435 2.3078896971 0.8079698884 1.0459809172 1.7304613839 0.8483829516 0.9230362890 1.0010282024
0.3992249771 1.2607999148 2.8137126596 2.1883104403 1.0854031888 0.4746529286 0.3319079310 0.0000000000 0.3379466439 1.0079211942 2.3954895729 0.1312718101 1.7296943297 0.5520005680 0.4837711675 0.0929877124 0.4152400879 2.3891339072 0.4206720744 1.5764336619
0.4503430216 0.2547613281 0.2709108181 2.7308982720 0.1325125170 0.1669793252 0.0277416183 0.3379466439 0.0000000000 1.3657215195 1.4814599236 0.1904027202 1.0109600936 0.1276246539 0.8014422197 0.1602500708 1.4417259777 0.7884942034 0.0306510140 0.3143906959
0.2797985077 0.5085807078 0.2947969274 1.3279067695 2.8309739515 1.1289875690 1.2843067987 1.0079211942 1.3657215195 0.0000000000 0.2341551792 0.3982258362 1.3143777803 0.1130576226 0.0539692049 0.3374724903 0.5174266328 0.7419015469 1.8915497260 2.4584165605
1.4854801392 2.2585898314 1.2808277163 2.1250916454 0.1651683499 0.9779889094 0.2775727433 2.3954895729 1.4814599236 0.2341551792 0.0000000000 0.1036010844 2.1289384361 0.4428076636 1.2485279018 0.8699627509 1.4091780046 0.5737487052 1.1768982825 0.8148150406
0.5095849180 0.7839560392 0.9148798129 0.6326958051 2.9539215141 0.2022780128 0.4473040597 0.1312718101 0.1904027202 0.3982258362 0.1036010844 0.0000000000 0.6560348124 1.6713151221 0.0819819125 0.5380541762 1.8285832329 0.3820850328 0.8354689337 3.9908946385
2.2941188887 1.8874535659 0.0226169613 2.5274101137 1.5444777927 0.0410399602 1.7984572435 1.7296943297 1.0109600936 1.3143777803 2.1289384361 0.6560348124 0.0000000000 0.0524318425 0.1203139721 0.0001408794 0.0653285735 1.6297916657 0.4187898953 0.3277277853
0.9061732802 0.0994459189 2.0557548248 2.0225726202 0.5793306384 0.7248817599 2.3078896971 0.5520005680 0.1276246539 0.1130576226 0.4428076636 1.6713151221 0.0524318425 0.0000000000 0.5723908688 0.5736545923 1.0687699841 0.4775560281 0.2782226112 0.7975461560
1.7287844119 0.2736444973 1.7869986448 1.2012201351 0.8277456958 0.3581802865 0.8079698884 0.4837711675 0.8014422197 0.0539692049 1.2485279018 0.0819819125 0.1203139721 0.5723908688 0.0000000000 0.0619233128 1.7691183078 1.2842721936 0.3005637600 0.7867931759
1.7120537767 0.0403251645 1.5421320758 0.0079764672 0.4519136022 0.3606068317 1.0459809172 0.0929877124 0.1602500708 0.3374724903 0.8699627509 0.5380541762 0.0001408794 0.5736545923 0.0619233128 0.0000000000 1.1361749604 0.8811329629 0.0245623737 0.0835488236
1.9171311396 0.3535899296 0.3895113025 0.0221809015 3.2804614591 3.1672240761 1.7304613839 0.4152400879 1.4417259777 0.5174266328 1.4091780046 1.8285832329 0.0653285735 1.0687699841 1.7691183078 1.1361749604 0.0000000000 3.9957392118 0.3900446920 0.6416864153
0.5253513380 1.5494316020 0.2685694689 1.6914165693 0.1579451476 0.3537853697 0.8483829516 2.3891339072 0.7884942034 0.7419015469 0.5737487052 0.3820850328 1.6297916657 0.4775560281 1.2842721936 0.8811329629 3.9957392118 0.0000000000 0.9421597080 0.0824379241
1.9349132845 1.2863783721 0.3002669275 0.0759678246 0.6646656135 0.9748388750 0.9230362890 0.4206720744 0.0306510140 1.8915497260 1.1768982825 0.8354689337 0.4187898953 0.2782226112 0.3005637600 0.0245623737 0.3900446920 0.9421597080 0.0000000000 0.2803469731
0.2374635542 3.2260839461 1.0251192626 0.1926641617 0.1203231025 0.2431444898 1.0010282024 1.5764336619 0.3143906959 2.4584165605 0.8148150406 3.9908946385 0.3277277853 0.7975461560 0.7867931759 0.0835488236 0.6416864153 0.0824379241 0.2803469731 0.0000000000
