# MCW Instance
# Type: EXPONENTIAL
# N: 20
# Optimal cost: 1.215191808690544
# Optimal tour (permutation): [0, 4, 12, 14, 1, 7, 6, 15, 16, 3, 19, 18, 13, 17, 8, 11, 2, 10, 9, 5, 0]
# Optimal walk (full path): [0, 5, 4, 12, 1, 14, 1, 7, 6, 15, 16, 3, 16, 15, 19, 13, 18, 13, 17, 8, 2, 11, 2, 10, 9, 5, 0]
# Walk size: 27
# Is walk (has repeats): true

# Distance Matrix
0.0000000000 0.8346162998 1.4968261076 2.9598493430 2.4287298640 0.0339905255 0.0973790631 0.4175381649 0.6119871792 0.2176076915 0.8683914378 0.9080960206 3.1192868942 0.6354852060 2.7009450355 0.1326901706 0.5306310551 1.2232216887 0.7911196446 0.1406591265
0.8346162998 0.0000000000 1.0976142483 0.2876486279 0.1426878235 0.7613793963 1.4461086962 0.0146113716 0.3022307003 0.6399936396 0.2195374151 0.4449259009 0.1263018951 3.8384776291 0.0217071424 0.1037982567 0.9240953582 0.0228568785 0.8681537970 0.1990740547
1.4968261076 1.0976142483 0.0000000000 1.1934988259 0.3065973564 1.5150332149 0.9597155150 3.9213816221 0.0543965684 1.0994867426 0.0680736300 0.0379972069 1.9308395084 0.4134247562 0.0528362699 0.6219101327 0.1213543947 0.0792630085 0.2142827718 0.1688547020
2.9598493430 0.2876486279 1.1934988259 0.0000000000 1.2537222202 2.7911270165 3.2486286072 0.8788464201 0.9709862370 3.4623743689 0.5618937599 1.4935570589 4.8209573716 0.8831873268 0.2224211114 1.6156864065 0.0267675389 1.2426057582 0.1970908525 1.2152982302
2.4287298640 0.1426878235 0.3065973564 1.2537222202 0.0000000000 0.1015560664 1.0253846044 0.2106556533 2.0449630612 0.2764803550 1.3876908539 0.5479182638 0.0916769187 2.8944922979 0.9491435600 0.9429418950 1.0584124385 0.2459808239 0.2968849701 0.5820839847
0.0339905255 0.7613793963 1.5150332149 2.7911270165 0.1015560664 0.0000000000 0.2193578689 0.5323899284 1.9726860791 0.0850071568 0.0901856368 1.8653029597 0.4531055494 2.7884425661 0.9036976801 0.3335377687 0.1461583862 1.2274287628 0.4166471702 0.8600188670
0.0973790631 1.4461086962 0.9597155150 3.2486286072 1.0253846044 0.2193578689 0.0000000000 0.0639472572 0.7383868225 1.8237811722 0.2473037490 0.1682680641 0.8349815022 0.5233273251 0.5936912559 0.0633551856 1.5575209045 0.0850961726 0.7903116772 1.0516818677
0.4175381649 0.0146113716 3.9213816221 0.8788464201 0.2106556533 0.5323899284 0.0639472572 0.0000000000 0.6984516543 0.9752677889 0.4901414652 0.2274207985 0.6399165768 0.2354703169 2.2147511876 0.8901951070 1.6582742605 2.1655795940 5.2145179758 0.2487254113
0.6119871792 0.3022307003 0.0543965684 0.9709862370 2.0449630612 1.9726860791 0.7383868225 0.6984516543 0.0000000000 0.4697141898 0.4923179827 2.8676992903 0.6834073503 1.0706507344 0.8335157597 0.1973910853 2.5292613541 0.0666791643 0.1644994992 2.2362228316
0.2176076915 0.6399936396 1.0994867426 3.4623743689 0.2764803550 0.0850071568 1.8237811722 0.9752677889 0.4697141898 0.0000000000 0.0763650339 0.4502907179 0.4565392147 0.4081183999 0.1190075608 0.8109179547 0.5219972668 0.3817897612 0.8611210208 1.8733082527
0.8683914378 0.2195374151 0.0680736300 0.5618937599 1.3876908539 0.0901856368 0.2473037490 0.4901414652 0.4923179827 0.0763650339 0.0000000000 1.0115082826 3.0356400897 1.7927244093 0.5837755971 4.9428161280 0.8102084964 0.9238706195 2.0972415042 2.1762746525
0.9080960206 0.4449259009 0.0379972069 1.4935570589 0.5479182638 1.8653029597 0.1682680641 0.2274207985 2.8676992903 0.4502907179 1.0115082826 0.0000000000 1.7493940061 1.2082289240 0.2398285038 1.0891575806 1.9541805477 0.3035152698 2.9715502837 0.7383784288
3.1192868942 0.1263018951 1.9308395084 4.8209573716 0.0916769187 0.4531055494 0.8349815022 0.6399165768 0.6834073503 0.4565392147 3.0356400897 1.7493940061 0.0000000000 0.3315182393 0.5993846058 1.2635807767 0.9815475693 1.8865398264 2.4651810782 2.1999269222
0.6354852060 3.8384776291 0.4134247562 0.8831873268 2.8944922979 2.7884425661 0.5233273251 0.2354703169 1.0706507344 0.4081183999 1.7927244093 1.2082289240 0.3315182393 0.0000000000 0.0359278638 0.0661590356 3.8552404223 0.0028791628 0.0129403478 0.0719036676
2.7009450355 0.0217071424 0.0528362699 0.2224211114 0.9491435600 0.9036976801 0.5936912559 2.2147511876 0.8335157597 0.1190075608 0.5837755971 0.2398285038 0.5993846058 0.0359278638 0.0000000000 2.4827006339 0.7965236807 0.1837481442 1.6413636591 0.6107851808
0.1326901706 0.1037982567 0.6219101327 1.6156864065 0.9429418950 0.3335377687 0.0633551856 0.8901951070 0.1973910853 0.8109179547 4.9428161280 1.0891575806 1.2635807767 0.0661590356 2.4827006339 0.0000000000 0.0039669776 2.6236320388 1.1028462089 0.0536992521
0.5306310551 0.9240953582 0.1213543947 0.0267675389 1.0584124385 0.1461583862 1.5575209045 1.6582742605 2.5292613541 0.5219972668 0.8102084964 1.9541805477 0.9815475693 3.8552404223 0.7965236807 0.0039669776 0.0000000000 0.1825110375 1.5878925463 0.2822253294
1.2232216887 0.0228568785 0.0792630085 1.2426057582 0.2459808239 1.2274287628 0.0850961726 2.1655795940 0.0666791643 0.3817897612 0.9238706195 0.3035152698 1.8865398264 0.0028791628 0.1837481442 2.6236320388 0.1825110375 0.0000000000 0.4063354736 1.5915239478
0.7911196446 0.8681537970 0.2142827718 0.1970908525 0.2968849701 0.4166471702 0.7903116772 5.2145179758 0.1644994992 0.8611210208 2.0972415042 2.9715502837 2.4651810782 0.0129403478 1.6413636591 1.1028462089 1.5878925463 0.4063354736 0.0000000000 2.5041474376
0.1406591265 0.1990740547 0.1688547020 1.2152982302 0.5820839847 0.8600188670 1.0516818677 0.2487254113 2.2362228316 1.8733082527 2.1762746525 0.7383784288 2.1999269222 0.0719036676 0.6107851808 0.0536992521 0.2822253294 1.5915239478 2.5041474376 0.0000000000
