# MCW Instance
# Type: EXPONENTIAL
# N: 20
# Optimal cost: 1.4140954040801679
# Optimal tour (permutation): [0, 15, 3, 2, 19, 16, 17, 11, 10, 8, 12, 5, 4, 6, 13, 14, 1, 18, 7, 9, 0]
# Optimal walk (full path): [0, 15, 0, 3, 2, 19, 16, 19, 17, 11, 10, 8, 12, 5, 4, 6, 13, 14, 1, 18, 7, 9, 3, 0]
# Walk size: 24
# Is walk (has repeats): true

# Distance Matrix
0.0000000000 0.3014489543 0.8258876102 0.0275439473 1.3666949408 0.1804600939 0.5132324767 0.2434238131 0.7483737961 1.2586395632 1.6502678504 0.4523138687 1.6709448171 1.4808256561 0.3171699716 0.0148074406 0.4890001395 0.9744404499 1.8722068844 0.6002187780
0.3014489543 0.0000000000 1.8168359613 5.6790789516 0.4013957362 0.3078641743 0.8481327829 0.0302305016 1.2548975921 0.5900904430 0.7617042639 0.2579563282 3.2951887323 0.4666096867 0.0277539251 0.2337089931 0.3324030358 0.0751828099 0.0465024534 0.7035206053
0.8258876102 1.8168359613 0.0000000000 0.1441054246 0.4675534235 3.1597385860 3.7635191990 0.4425884498 0.1558613209 0.6533505684 0.6156611300 3.6642566766 0.9620270190 0.4590847240 0.1296271224 0.5161816688 2.6042463836 0.4866891362 0.9470695128 0.0690612033
0.0275439473 5.6790789516 0.1441054246 0.0000000000 0.4381112945 1.1979068852 0.7154753606 0.9664355265 0.7012185585 0.0192629802 1.4338127342 0.3859129414 0.6761046999 0.6567292202 1.3807147030 0.4939049110 0.8501666080 0.6022162884 0.5621222584 0.8075043826
1.3666949408 0.4013957362 0.4675534235 0.4381112945 0.0000000000 0.0726383621 0.2602357081 0.6236175277 0.4267496379 0.3519764182 1.8311734672 0.8834387006 0.1914468212 0.2796633685 3.6902863702 0.8913901047 0.8406111445 0.1744049172 0.5342951734 0.1348148270
0.1804600939 0.3078641743 3.1597385860 1.1979068852 0.0726383621 0.0000000000 0.8433793202 1.5549313081 0.1924657664 0.2506029982 1.0288386158 3.2445614721 0.0249535503 1.7248785023 0.1144786383 0.5700268520 2.3237134050 2.3819033703 0.9802273386 0.4532419440
0.5132324767 0.8481327829 3.7635191990 0.7154753606 0.2602357081 0.8433793202 0.0000000000 0.3391119989 1.3004030308 1.9624005193 0.8040941805 0.7498616641 0.6310989805 0.1343735162 1.1101520630 1.0768155652 0.2884676485 0.5563776694 4.1257338607 0.4029875860
0.2434238131 0.0302305016 0.4425884498 0.9664355265 0.6236175277 1.5549313081 0.3391119989 0.0000000000 1.1700744541 0.0415995062 1.2400402902 0.0050906829 0.4582249628 0.7186703834 0.0438368504 1.3204252380 0.6826046010 1.1186837985 0.0311007252 0.6458759094
0.7483737961 1.2548975921 0.1558613209 0.7012185585 0.4267496379 0.1924657664 1.3004030308 1.1700744541 0.0000000000 1.2295649812 0.1063902073 4.0296564788 0.0825162222 0.5626329225 0.2965141098 1.4739390847 1.4295418694 0.6411349418 0.4807968549 0.6044578099
1.2586395632 0.5900904430 0.6533505684 0.0192629802 0.3519764182 0.2506029982 1.9624005193 0.0415995062 1.2295649812 0.0000000000 0.2114450406 0.8617087574 0.1358997405 2.3518131910 0.0316619573 0.5524112474 1.6040561639 1.3879693593 0.1021027642 0.2576562981
1.6502678504 0.7617042639 0.6156611300 1.4338127342 1.8311734672 1.0288386158 0.8040941805 1.2400402902 0.1063902073 0.2114450406 0.0000000000 0.0550706025 1.3599462417 0.1563465613 0.5024144865 1.8955238978 2.0111296209 1.0811829134 2.5137717510 0.6471258131
0.4523138687 0.2579563282 3.6642566766 0.3859129414 0.8834387006 3.2445614721 0.7498616641 0.0050906829 4.0296564788 0.8617087574 0.0550706025 0.0000000000 2.0341227709 2.5449535058 0.0696543521 0.7222917226 1.0645265401 0.0258008641 1.1857286873 1.0790761195
1.6709448171 3.2951887323 0.9620270190 0.6761046999 0.1914468212 0.0249535503 0.6310989805 0.4582249628 0.0825162222 0.1358997405 1.3599462417 2.0341227709 0.0000000000 2.3837948006 0.8290961789 3.7452698025 0.5884886902 0.9924930449 0.0872772450 1.0710730115
1.4808256561 0.4666096867 0.4590847240 0.6567292202 0.2796633685 1.7248785023 0.1343735162 0.7186703834 0.5626329225 2.3518131910 0.1563465613 2.5449535058 2.3837948006 0.0000000000 0.0132628939 1.5922769032 0.7571889738 3.3660924886 0.3460858098 0.1959254932
0.3171699716 0.0277539251 0.1296271224 1.3807147030 3.6902863702 0.1144786383 1.1101520630 0.0438368504 0.2965141098 0.0316619573 0.5024144865 0.0696543521 0.8290961789 0.0132628939 0.0000000000 0.5165377907 0.2144706400 0.0836775364 0.6209235886 0.5844082612
0.0148074406 0.2337089931 0.5161816688 0.4939049110 0.8913901047 0.5700268520 1.0768155652 1.3204252380 1.4739390847 0.5524112474 1.8955238978 0.7222917226 3.7452698025 1.5922769032 0.5165377907 0.0000000000 0.8374506851 1.6223917965 0.2784497096 0.3665965416
0.4890001395 0.3324030358 2.6042463836 0.8501666080 0.8406111445 2.3237134050 0.2884676485 0.6826046010 1.4295418694 1.6040561639 2.0111296209 1.0645265401 0.5884886902 0.7571889738 0.2144706400 0.8374506851 0.0000000000 0.5833649997 3.1896856453 0.0712130099
0.9744404499 0.0751828099 0.4866891362 0.6022162884 0.1744049172 2.3819033703 0.5563776694 1.1186837985 0.6411349418 1.3879693593 1.0811829134 0.0258008641 0.9924930449 3.3660924886 0.0836775364 1.6223917965 0.5833649997 0.0000000000 1.6931433583 0.0323384635
1.8722068844 0.0465024534 0.9470695128 0.5621222584 0.5342951734 0.9802273386 4.1257338607 0.0311007252 0.4807968549 0.1021027642 2.5137717510 1.1857286873 0.0872772450 0.3460858098 0.6209235886 0.2784497096 3.1896856453 1.6931433583 0.0000000000 0.8078323869
0.6002187780 0.7035206053 0.0690612033 0.8075043826 0.1348148270 0.4532419440 0.4029875860 0.6458759094 0.6044578099 0.2576562981 0.6471258131 1.0790761195 1.0710730115 0.1959254932 0.5844082612 0.3665965416 0.0712130099 0.0323384635 0.8078323869 0.0000000000
