# MCW Instance
# Type: EXPONENTIAL
# N: 20
# Optimal cost: 2.1994372132294533
# Optimal tour (permutation): [0, 14, 13, 18, 17, 5, 12, 8, 16, 10, 6, 19, 11, 4, 1, 9, 3, 15, 7, 2, 0]
# Optimal walk (full path): [0, 14, 13, 14, 18, 17, 12, 5, 12, 8, 16, 10, 16, 6, 19, 11, 4, 1, 9, 3, 15, 7, 2, 0]
# Walk size: 24
# Is walk (has repeats): true

# Distance Matrix
0.0000000000 1.1382552577 0.2564294352 0.7970598197 0.5161586251 0.4650718067 0.9160230125 2.1647307653 0.7231935816 1.2839399321 2.3687438321 1.7654768644 0.5252723559 2.4612759814 0.2504666555 1.1822545693 1.2021399507 1.8351715230 1.2177044241 1.4156217698
1.1382552577 0.0000000000 2.6108300331 0.2982124196 0.0850638498 0.8339980778 1.2991880938 0.3794005010 0.4585479862 0.1974737849 1.4636679999 1.9733731564 5.3269126776 0.5539399589 0.5389094772 0.8130493164 1.4770995986 0.9263118236 1.3559431370 0.2830750426
0.2564294352 2.6108300331 0.0000000000 0.4059230856 1.4592331672 0.9482438277 0.2197666127 0.0529921438 1.0551415761 0.3489858928 1.6471768389 1.1157270506 0.8416508107 0.2410055496 0.1462650150 0.3981712223 0.0952199454 0.2906492147 0.1366131746 2.7201038272
0.7970598197 0.2982124196 0.4059230856 0.0000000000 0.1598607479 0.2711625102 1.2938288429 0.5076345983 0.2855788427 0.1045803986 0.1784899425 0.7611964441 2.1667399937 0.6560291536 0.9013961905 0.0165483784 1.7934372453 0.6619933266 2.1353727504 0.3147593115
0.5161586251 0.0850638498 1.4592331672 0.1598607479 0.0000000000 3.5284652846 0.9402642666 1.6776219542 1.0749917642 0.6054227950 2.2703357506 0.2299895150 4.4823747914 0.8528012323 1.2799893057 0.5012945277 2.1364603438 0.4532528710 1.2291249616 0.4478632659
0.4650718067 0.8339980778 0.9482438277 0.2711625102 3.5284652846 0.0000000000 0.2732453566 0.1211992494 1.2822551628 0.3946993821 1.1061975400 0.2601211321 0.0100344077 3.8139160236 0.6146068968 0.7525603892 0.0596232998 1.0045962180 0.4860369942 2.7660475981
0.9160230125 1.2991880938 0.2197666127 1.2938288429 0.9402642666 0.2732453566 0.0000000000 3.1740830500 0.7689200805 0.5518843591 1.2170654001 1.0180511711 0.1959010813 0.2486266310 1.3970389308 0.7750106127 0.0118820772 3.4876261348 0.6495353869 0.0127752325
2.1647307653 0.3794005010 0.0529921438 0.5076345983 1.6776219542 0.1211992494 3.1740830500 0.0000000000 0.1837881969 0.2956438925 0.4100162410 3.6834667380 1.6722413195 0.2745400544 2.0951012490 0.1094303351 0.9468708906 0.7450233806 0.5500289777 0.2109092877
0.7231935816 0.4585479862 1.0551415761 0.2855788427 1.0749917642 1.2822551628 0.7689200805 0.1837881969 0.0000000000 0.4443817734 3.5506089132 0.6834277337 0.0880467771 0.1943969735 1.2060437531 0.2123970178 0.0452354565 2.3532202680 0.8064997806 0.1911199816
1.2839399321 0.1974737849 0.3489858928 0.1045803986 0.6054227950 0.3946993821 0.5518843591 0.2956438925 0.4443817734 0.0000000000 0.2214935557 0.1949179794 0.3389526143 0.9400455452 0.3032567883 0.5837569165 2.1766248364 0.5070727588 0.9189082915 1.1188817347
2.3687438321 1.4636679999 1.6471768389 0.1784899425 2.2703357506 1.1061975400 1.2170654001 0.4100162410 3.5506089132 0.2214935557 0.0000000000 0.6016354091 0.3462214687 0.2970330388 1.5660593244 0.3220956774 0.0625567613 0.7485358483 2.2346478136 1.9827979687
1.7654768644 1.9733731564 1.1157270506 0.7611964441 0.2299895150 0.2601211321 1.0180511711 3.6834667380 0.6834277337 0.1949179794 0.6016354091 0.0000000000 1.0746065736 0.3491439311 0.2540696519 2.0661221893 0.7287087053 0.4518294013 0.6045417932 0.1873566971
0.5252723559 5.3269126776 0.8416508107 2.1667399937 4.4823747914 0.0100344077 0.1959010813 1.6722413195 0.0880467771 0.3389526143 0.3462214687 1.0746065736 0.0000000000 0.5332943838 1.1206423819 0.2479240481 0.5537386498 0.0809573221 0.5713941152 0.1149880526
2.4612759814 0.5539399589 0.2410055496 0.6560291536 0.8528012323 3.8139160236 0.2486266310 0.2745400544 0.1943969735 0.9400455452 0.2970330388 0.3491439311 0.5332943838 0.0000000000 0.0195038168 1.0665931086 2.1308547819 0.2109016578 0.3777506973 0.4361518250
0.2504666555 0.5389094772 0.1462650150 0.9013961905 1.2799893057 0.6146068968 1.3970389308 2.0951012490 1.2060437531 0.3032567883 1.5660593244 0.2540696519 1.1206423819 0.0195038168 0.0000000000 0.8468772832 4.3262082330 1.1789774725 0.1439232240 2.3244998344
1.1822545693 0.8130493164 0.3981712223 0.0165483784 0.5012945277 0.7525603892 0.7750106127 0.1094303351 0.2123970178 0.5837569165 0.3220956774 2.0661221893 0.2479240481 1.0665931086 0.8468772832 0.0000000000 0.3438092527 0.1857247752 0.1282558405 1.4739420624
1.2021399507 1.4770995986 0.0952199454 1.7934372453 2.1364603438 0.0596232998 0.0118820772 0.9468708906 0.0452354565 2.1766248364 0.0625567613 0.7287087053 0.5537386498 2.1308547819 4.3262082330 0.3438092527 0.0000000000 0.8011053327 1.6139922447 0.5782065227
1.8351715230 0.9263118236 0.2906492147 0.6619933266 0.4532528710 1.0045962180 3.4876261348 0.7450233806 2.3532202680 0.5070727588 0.7485358483 0.4518294013 0.0809573221 0.2109016578 1.1789774725 0.1857247752 0.8011053327 0.0000000000 0.1420959590 1.0416128205
1.2177044241 1.3559431370 0.1366131746 2.1353727504 1.2291249616 0.4860369942 0.6495353869 0.5500289777 0.8064997806 0.9189082915 2.2346478136 0.6045417932 0.5713941152 0.3777506973 0.1439232240 0.1282558405 1.6139922447 0.1420959590 0.0000000000 0.7548851637
1.4156217698 0.2830750426 2.7201038272 0.3147593115 0.4478632659 2.7660475981 0.0127752325 0.2109092877 0.1911199816 1.1188817347 1.9827979687 0.1873566971 0.1149880526 0.4361518250 2.3244998344 1.4739420624 0.5782065227 1.0416128205 0.7548851637 0.0000000000
