# Graph size: 19
# Optimal cost: 1.3323723183088938

# Distance Matrix
0.0 0.798055516117261 0.30773808748904874 0.31817928707843735 0.4033196784108397 0.3149209508718228 0.17863183709707797 0.7137103973202783 0.36268272307023863 0.9490092875596636 0.8015000689890578 0.7104045505168824 0.45917354674912647 0.24166306300135754 0.15468295295292056 0.35348038079086763 0.8866457957324264 0.5844632078911731 0.2951726776006425
0.798055516117261 0.0 0.59863732217354 0.05742944144625184 0.25494389751114754 0.2263074573510665 0.9038813599364589 0.5054637405874023 0.4533918599827904 0.6551986934188755 0.9606340504569306 0.97910554884113 0.8244029157788642 0.6286917150258475 0.7162545790031718 0.15040119632616478 0.8540958206516952 0.7954487134815711 0.012957220583617146
0.30773808748904874 0.59863732217354 0.0 0.017024527495241082 0.22235917557137874 0.8317825518117515 0.6222066413450786 0.2537474159582308 0.6592346193694707 0.3901584205574513 0.1890265254546457 0.48222318826937394 0.10551536488889579 0.7818195431405627 0.6172576109377022 0.6710279003276918 0.009866059757839163 0.4887825816326278 0.7246529885513683
0.31817928707843735 0.05742944144625184 0.017024527495241082 0.0 0.652317636750421 0.4082465030217137 0.5154869382886993 0.5758003130596716 0.047124823317315157 0.02614821190495098 0.5366715332511315 0.7612121131217178 0.728230377448052 0.020129283439170864 0.7755915232855137 0.0325265302966431 0.31771219122961947 0.13236014884197222 0.5554768235613508
0.4033196784108397 0.25494389751114754 0.22235917557137874 0.652317636750421 0.0 0.12661274660090904 0.11568533156341843 0.970368305076523 0.5071726099093167 0.3154771497525496 0.28741236801255365 0.8438979065763661 0.4871921482037218 0.20421719064525046 0.09787731990378268 0.09177565092704854 0.3629502823185389 0.5658718756659011 0.4760799907750958
0.3149209508718228 0.2263074573510665 0.8317825518117515 0.4082465030217137 0.12661274660090904 0.0 0.11390164416406612 0.9557356612956635 0.5498695809991669 0.2157219850969636 0.3869599040429368 0.5970185134278868 0.429874900214526 0.6746195719842777 0.5871704906675164 0.9499801190240659 0.16718823893747448 0.9220926227231054 0.5693808437854163
0.17863183709707797 0.9038813599364589 0.6222066413450786 0.5154869382886993 0.11568533156341843 0.11390164416406612 0.0 0.97568887279497 0.4574531674360165 0.9017430437569461 0.35902131625209877 0.18213701905771373 0.6012784746106212 0.3264499923752121 0.5019261433956783 0.5843915498859672 0.4934828109339845 0.7030734735825422 0.08674737037553748
0.7137103973202783 0.5054637405874023 0.2537474159582308 0.5758003130596716 0.970368305076523 0.9557356612956635 0.97568887279497 0.0 0.12540097722311372 0.26102207302615943 0.09627160061769258 0.5056663340787934 0.6595398093665819 0.5962606312653882 0.98400131864892 0.5513335086105408 0.984760646217139 0.630099607718034 0.8316862511828792
0.36268272307023863 0.4533918599827904 0.6592346193694707 0.047124823317315157 0.5071726099093167 0.5498695809991669 0.4574531674360165 0.12540097722311372 0.0 0.7614441406053397 0.8242638050747279 0.2685764693505186 0.8176991426336807 0.017083869098883153 0.10488232094241456 0.2769020885084372 0.47972082376134195 0.2769546398874556 0.356920562225192
0.9490092875596636 0.6551986934188755 0.3901584205574513 0.02614821190495098 0.3154771497525496 0.2157219850969636 0.9017430437569461 0.26102207302615943 0.7614441406053397 0.0 0.036502991623618586 0.9197016166184588 0.9868184743080279 0.5689725724917559 0.8234878127423312 0.6045647712521554 0.14197232518229252 0.37128597254632945 0.6610588699255925
0.8015000689890578 0.9606340504569306 0.1890265254546457 0.5366715332511315 0.28741236801255365 0.3869599040429368 0.35902131625209877 0.09627160061769258 0.8242638050747279 0.036502991623618586 0.0 0.7304563629101899 0.20029486495765314 0.9925262416321019 0.2837410232569354 0.5802590658609428 0.04438141562087339 0.03733506800665343 0.5179018346038778
0.7104045505168824 0.97910554884113 0.48222318826937394 0.7612121131217178 0.8438979065763661 0.5970185134278868 0.18213701905771373 0.5056663340787934 0.2685764693505186 0.9197016166184588 0.7304563629101899 0.0 0.297252500679696 0.9735111300284732 0.765865738933483 0.4308883840273132 0.022215761914690324 0.26966567997984625 0.22151718524117658
0.45917354674912647 0.8244029157788642 0.10551536488889579 0.728230377448052 0.4871921482037218 0.429874900214526 0.6012784746106212 0.6595398093665819 0.8176991426336807 0.9868184743080279 0.20029486495765314 0.297252500679696 0.0 0.9302077402831278 0.3969327278731033 0.22654658128174865 0.24937825806494607 0.1045297053869999 0.02397424267948034
0.24166306300135754 0.6286917150258475 0.7818195431405627 0.020129283439170864 0.20421719064525046 0.6746195719842777 0.3264499923752121 0.5962606312653882 0.017083869098883153 0.5689725724917559 0.9925262416321019 0.9735111300284732 0.9302077402831278 0.0 0.6565138983273009 0.1754316530360156 0.4898919067049391 0.5907954332279786 0.7975961009257498
0.15468295295292056 0.7162545790031718 0.6172576109377022 0.7755915232855137 0.09787731990378268 0.5871704906675164 0.5019261433956783 0.98400131864892 0.10488232094241456 0.8234878127423312 0.2837410232569354 0.765865738933483 0.3969327278731033 0.6565138983273009 0.0 0.6753569462605264 0.6173389968200326 0.01560071393090845 0.23119735712000966
0.35348038079086763 0.15040119632616478 0.6710279003276918 0.0325265302966431 0.09177565092704854 0.9499801190240659 0.5843915498859672 0.5513335086105408 0.2769020885084372 0.6045647712521554 0.5802590658609428 0.4308883840273132 0.22654658128174865 0.1754316530360156 0.6753569462605264 0.0 0.151810950257243 0.6523290603647903 0.1530929187188551
0.8866457957324264 0.8540958206516952 0.009866059757839163 0.31771219122961947 0.3629502823185389 0.16718823893747448 0.4934828109339845 0.984760646217139 0.47972082376134195 0.14197232518229252 0.04438141562087339 0.022215761914690324 0.24937825806494607 0.4898919067049391 0.6173389968200326 0.151810950257243 0.0 0.8908547908371793 0.7603523032010602
0.5844632078911731 0.7954487134815711 0.4887825816326278 0.13236014884197222 0.5658718756659011 0.9220926227231054 0.7030734735825422 0.630099607718034 0.2769546398874556 0.37128597254632945 0.03733506800665343 0.26966567997984625 0.1045297053869999 0.5907954332279786 0.01560071393090845 0.6523290603647903 0.8908547908371793 0.0 0.6715922568715823
0.2951726776006425 0.012957220583617146 0.7246529885513683 0.5554768235613508 0.4760799907750958 0.5693808437854163 0.08674737037553748 0.8316862511828792 0.356920562225192 0.6610588699255925 0.5179018346038778 0.22151718524117658 0.02397424267948034 0.7975961009257498 0.23119735712000966 0.1530929187188551 0.7603523032010602 0.6715922568715823 0.0

# Optimal Walk
0 14 17 12 18 1 13 8 7 10 9 3 16 11 2 15 4 5 6 0
