# Graph size: 19
# Optimal cost: 1.854875854643256

# Distance Matrix
0.0 0.46683265729321444 0.07889362988208826 0.47845696295704776 0.13544090464286374 0.026578238015500633 0.22468463853803788 0.6808361324706175 0.4589091365194966 0.9236603898743042 0.6730832058960128 0.5230478797160406 0.9752566105329833 0.7981280817485702 0.6718593876455156 0.8445985596368778 0.8406074019418108 0.9746162925249029 0.5213838533811769
0.46683265729321444 0.0 0.90606815434143 0.5970019463838648 0.8290440999683589 0.5124485082170681 0.8681478611128054 0.4949760876284718 0.6489812477910314 0.4907891144897836 0.43233019286737184 0.6202257072750499 0.3824892511986122 0.20605582981434156 0.034639673314936115 0.8732157745164904 0.4837193979917027 0.5180157348513358 0.5628933636110492
0.07889362988208826 0.90606815434143 0.0 0.15625644564328134 0.6582767633595237 0.4790609283962658 0.42833261998558236 0.9594830801601286 0.6873356728580311 0.2896347412662523 0.9640684771126109 0.9053407993484274 0.6667190671016802 0.13197782389464874 0.5456349362149413 0.7105888200387451 0.9356301552788548 0.9276344312830185 0.5330458838689577
0.47845696295704776 0.5970019463838648 0.15625644564328134 0.0 0.4555031054902694 0.6894518428006368 0.1354490554500556 0.11910298813947284 0.011870628422627538 0.7720057589613286 0.8093218979445985 0.43530341500670644 0.9745324138284345 0.42488927690360945 0.2687811410581571 0.8145477141588456 0.4656460278518695 0.8349853975170078 0.9004691057675235
0.13544090464286374 0.8290440999683589 0.6582767633595237 0.4555031054902694 0.0 0.9389502010498533 0.7365033005051079 0.1659671932891943 0.8049278344333759 0.7114049725355538 0.5786522380318607 0.385594798406916 0.23060983576557692 0.08116295900591697 0.17423642455945143 0.6078296710438648 0.9958273423022066 0.7265266035304668 0.1648793912032821
0.026578238015500633 0.5124485082170681 0.4790609283962658 0.6894518428006368 0.9389502010498533 0.0 0.8572672828171481 0.3893938657587791 0.451870611562729 0.3991054887036831 0.1331160750864736 0.36199990748245825 0.39154806427854594 0.030202602874567996 0.40092694056998446 0.17290436850346658 0.6298439552795208 0.37959646489335985 0.672504282407867
0.22468463853803788 0.8681478611128054 0.42833261998558236 0.1354490554500556 0.7365033005051079 0.8572672828171481 0.0 0.04031177939976471 0.6439887069505084 0.25521998965782033 0.6479059921508437 0.7588450652475206 0.056346070201124254 0.22002563440310818 0.4881664864644524 0.6938119848481907 0.5422417281458283 0.6427022544594906 0.1633531767379841
0.6808361324706175 0.4949760876284718 0.9594830801601286 0.11910298813947284 0.1659671932891943 0.3893938657587791 0.04031177939976471 0.0 0.03950321410408997 0.38150019522951273 0.23082251900718165 0.47779393618753485 0.7375481516142776 0.06460901814724795 0.1460605507872048 0.3127888316554116 0.9913947100775391 0.5685311565622715 0.7317840071069306
0.4589091365194966 0.6489812477910314 0.6873356728580311 0.011870628422627538 0.8049278344333759 0.451870611562729 0.6439887069505084 0.03950321410408997 0.0 0.8468467164757808 0.884267417791747 0.4025379901362509 0.34523840288623975 0.5144634350806757 0.2104976220041287 0.29103648493635903 0.7797058929655951 0.24668490428088152 0.26390907428697896
0.9236603898743042 0.4907891144897836 0.2896347412662523 0.7720057589613286 0.7114049725355538 0.3991054887036831 0.25521998965782033 0.38150019522951273 0.8468467164757808 0.0 0.4082162512990224 0.28643447542341094 0.10017543389020755 0.9919802569766444 0.40844353995474547 0.26179818504656993 0.7262372593078407 0.6207948615837704 0.106680309303259
0.6730832058960128 0.43233019286737184 0.9640684771126109 0.8093218979445985 0.5786522380318607 0.1331160750864736 0.6479059921508437 0.23082251900718165 0.884267417791747 0.4082162512990224 0.0 0.25206196198130204 0.25720495711052604 0.5833302339776711 0.5548090976092556 0.046290260054521415 0.0948638802975047 0.342423128683238 0.43259485407818454
0.5230478797160406 0.6202257072750499 0.9053407993484274 0.43530341500670644 0.385594798406916 0.36199990748245825 0.7588450652475206 0.47779393618753485 0.4025379901362509 0.28643447542341094 0.25206196198130204 0.0 0.2773510806067896 0.7740193486166757 0.48979056043318436 0.1261173392975906 0.131632315533053 0.5440688443517304 0.32377351289485157
0.9752566105329833 0.3824892511986122 0.6667190671016802 0.9745324138284345 0.23060983576557692 0.39154806427854594 0.056346070201124254 0.7375481516142776 0.34523840288623975 0.10017543389020755 0.25720495711052604 0.2773510806067896 0.0 0.6018586668171046 0.48000092996453336 0.5624070375898345 0.9610092157628948 0.2012325717879897 0.9856991752665561
0.7981280817485702 0.20605582981434156 0.13197782389464874 0.42488927690360945 0.08116295900591697 0.030202602874567996 0.22002563440310818 0.06460901814724795 0.5144634350806757 0.9919802569766444 0.5833302339776711 0.7740193486166757 0.6018586668171046 0.0 0.6257192230159044 0.9210279088102029 0.7781932714517621 0.5192869186679034 0.17869582193648792
0.6718593876455156 0.034639673314936115 0.5456349362149413 0.2687811410581571 0.17423642455945143 0.40092694056998446 0.4881664864644524 0.1460605507872048 0.2104976220041287 0.40844353995474547 0.5548090976092556 0.48979056043318436 0.48000092996453336 0.6257192230159044 0.0 0.037808153682632906 0.18166316032188545 0.5164027289765926 0.9344268129541751
0.8445985596368778 0.8732157745164904 0.7105888200387451 0.8145477141588456 0.6078296710438648 0.17290436850346658 0.6938119848481907 0.3127888316554116 0.29103648493635903 0.26179818504656993 0.046290260054521415 0.1261173392975906 0.5624070375898345 0.9210279088102029 0.037808153682632906 0.0 0.49861427337679 0.9448709989160154 0.7510299542827883
0.8406074019418108 0.4837193979917027 0.9356301552788548 0.4656460278518695 0.9958273423022066 0.6298439552795208 0.5422417281458283 0.9913947100775391 0.7797058929655951 0.7262372593078407 0.0948638802975047 0.131632315533053 0.9610092157628948 0.7781932714517621 0.18166316032188545 0.49861427337679 0.0 0.8167118969165927 0.7879785179078523
0.9746162925249029 0.5180157348513358 0.9276344312830185 0.8349853975170078 0.7265266035304668 0.37959646489335985 0.6427022544594906 0.5685311565622715 0.24668490428088152 0.6207948615837704 0.342423128683238 0.5440688443517304 0.2012325717879897 0.5192869186679034 0.5164027289765926 0.9448709989160154 0.8167118969165927 0.0 0.1852925498225989
0.5213838533811769 0.5628933636110492 0.5330458838689577 0.9004691057675235 0.1648793912032821 0.672504282407867 0.1633531767379841 0.7317840071069306 0.26390907428697896 0.106680309303259 0.43259485407818454 0.32377351289485157 0.9856991752665561 0.17869582193648792 0.9344268129541751 0.7510299542827883 0.7879785179078523 0.1852925498225989 0.0

# Optimal Walk
0 5 13 4 14 1 15 10 16 11 9 18 17 12 6 7 8 3 2 0
