# Graph size: 19
# Optimal cost: 1.2298728506835113

# Distance Matrix
0.0 0.32135351937475776 0.2882576591553956 0.9154823300619837 0.9059735423404437 0.36029570183443027 0.5660896736464867 0.6943349670686391 0.9308389575921489 0.47342020790195927 0.8670921061378376 0.49492339085260384 0.04596436067281884 0.02186572555695021 0.6685686188060963 0.029785467187623316 0.4680514610441847 0.09197656020665668 0.06410935834331155
0.32135351937475776 0.0 0.46786078213908777 0.26165811275914974 0.7033998649128946 0.03026033761212965 0.29568369639186887 0.1059674259199338 0.4358697622579397 0.49369263561932064 0.5108526157166668 0.5780141834613369 0.4153826619581594 0.175952879274763 0.06943709120261543 0.17993850248442622 0.13269472297968732 0.5766651951385117 0.3068354703891596
0.2882576591553956 0.46786078213908777 0.0 0.6122503307597936 0.880548906872708 0.8710942356010836 0.13069769767359452 0.6007523170396146 0.6907655842326432 0.9442676952905863 0.1448795705789827 0.9216830023768355 0.5283074717397799 0.2613958340244734 0.5049955227800627 0.1378060758643168 0.15665594375748526 0.7831146143002982 0.22898964152169798
0.9154823300619837 0.26165811275914974 0.6122503307597936 0.0 0.9575856204544744 0.5273122548434651 0.6741182931604756 0.8902455301443757 0.06025130635907239 0.7659644045857313 0.1250358458057197 0.10610710553423719 0.6914713858605034 0.8288360834443325 0.20994555753539368 0.001284520144595458 0.32751604296328896 0.6849612485867487 0.3357099400829605
0.9059735423404437 0.7033998649128946 0.880548906872708 0.9575856204544744 0.0 0.8734704498618041 0.23020647196864474 0.4436043803924018 0.5043536808707729 0.6175938252535226 0.7706107393350223 0.19077284020712926 0.3059949268870069 0.07548960195594911 0.9863600477279383 0.4247443903830842 0.28738041182291707 0.36936453004122294 0.9556240877008989
0.36029570183443027 0.03026033761212965 0.8710942356010836 0.5273122548434651 0.8734704498618041 0.0 0.8877598039398563 0.09986328545241285 0.4502908521161726 0.2201975884630063 0.2795063316311258 0.6207019484181389 0.5470610051274141 0.67081500451478 0.8077453655126884 0.06284709448105896 0.9360882115016168 0.019723161711738046 0.7824129765733364
0.5660896736464867 0.29568369639186887 0.13069769767359452 0.6741182931604756 0.23020647196864474 0.8877598039398563 0.0 0.9409231566439271 0.46963936765922687 0.2287071346960321 0.4917500120918957 0.6448997264950322 0.5975379764132006 0.03517749671931181 0.4124934536804318 0.2879872096547966 0.19657696307451666 0.024591962222648145 0.4008887348309026
0.6943349670686391 0.1059674259199338 0.6007523170396146 0.8902455301443757 0.4436043803924018 0.09986328545241285 0.9409231566439271 0.0 0.44158023114055545 0.38223215588475845 0.5343979048747113 0.8872580198579293 0.3476113528349376 0.6188690858454658 0.04284694640530884 0.25408712081868146 0.2074667792715974 0.8674875409341194 0.5954461072000149
0.9308389575921489 0.4358697622579397 0.6907655842326432 0.06025130635907239 0.5043536808707729 0.4502908521161726 0.46963936765922687 0.44158023114055545 0.0 0.5160695135600424 0.18665459471423695 0.2141492649306499 0.25247477906821114 0.14027258010919508 0.845705364553156 0.4075863481841676 0.5029104310593826 0.3455683796575424 0.8103239172210785
0.47342020790195927 0.49369263561932064 0.9442676952905863 0.7659644045857313 0.6175938252535226 0.2201975884630063 0.2287071346960321 0.38223215588475845 0.5160695135600424 0.0 0.0010892645750869567 0.08327008510520406 0.5026968631280205 0.6275999928518171 0.3416246872135996 0.6642887078695053 0.3198068793259854 0.920125021335335 0.47823532735211405
0.8670921061378376 0.5108526157166668 0.1448795705789827 0.1250358458057197 0.7706107393350223 0.2795063316311258 0.4917500120918957 0.5343979048747113 0.18665459471423695 0.0010892645750869567 0.0 0.4240198777038955 0.34304623609384066 0.14615056360415868 0.1721253431409645 0.6128577751848936 0.9277491301261144 0.5014639855581186 0.5824363705023587
0.49492339085260384 0.5780141834613369 0.9216830023768355 0.10610710553423719 0.19077284020712926 0.6207019484181389 0.6448997264950322 0.8872580198579293 0.2141492649306499 0.08327008510520406 0.4240198777038955 0.0 0.8341439491452404 0.24299543249803301 0.7574449043986041 0.8745708630313794 0.913436220413576 0.06079316323753958 0.1198061289331841
0.04596436067281884 0.4153826619581594 0.5283074717397799 0.6914713858605034 0.3059949268870069 0.5470610051274141 0.5975379764132006 0.3476113528349376 0.25247477906821114 0.5026968631280205 0.34304623609384066 0.8341439491452404 0.0 0.952021072245581 0.9101813073055982 0.050861830236426764 0.5138109319932941 0.7480133854754452 0.03744632169064932
0.02186572555695021 0.175952879274763 0.2613958340244734 0.8288360834443325 0.07548960195594911 0.67081500451478 0.03517749671931181 0.6188690858454658 0.14027258010919508 0.6275999928518171 0.14615056360415868 0.24299543249803301 0.952021072245581 0.0 0.05297111402628474 0.05429809095810745 0.0298794771642662 0.9985292783530227 0.33101574146846224
0.6685686188060963 0.06943709120261543 0.5049955227800627 0.20994555753539368 0.9863600477279383 0.8077453655126884 0.4124934536804318 0.04284694640530884 0.845705364553156 0.3416246872135996 0.1721253431409645 0.7574449043986041 0.9101813073055982 0.05297111402628474 0.0 0.8426352594445499 0.46691722428149396 0.523681621999573 0.12648393407297842
0.029785467187623316 0.17993850248442622 0.1378060758643168 0.001284520144595458 0.4247443903830842 0.06284709448105896 0.2879872096547966 0.25408712081868146 0.4075863481841676 0.6642887078695053 0.6128577751848936 0.8745708630313794 0.050861830236426764 0.05429809095810745 0.8426352594445499 0.0 0.6477596510881265 0.7916057518609425 0.6958411249944536
0.4680514610441847 0.13269472297968732 0.15665594375748526 0.32751604296328896 0.28738041182291707 0.9360882115016168 0.19657696307451666 0.2074667792715974 0.5029104310593826 0.3198068793259854 0.9277491301261144 0.913436220413576 0.5138109319932941 0.0298794771642662 0.46691722428149396 0.6477596510881265 0.0 0.9237036149751097 0.47475487076901
0.09197656020665668 0.5766651951385117 0.7831146143002982 0.6849612485867487 0.36936453004122294 0.019723161711738046 0.024591962222648145 0.8674875409341194 0.3455683796575424 0.920125021335335 0.5014639855581186 0.06079316323753958 0.7480133854754452 0.9985292783530227 0.523681621999573 0.7916057518609425 0.9237036149751097 0.0 0.24439081699404852
0.06410935834331155 0.3068354703891596 0.22898964152169798 0.3357099400829605 0.9556240877008989 0.7824129765733364 0.4008887348309026 0.5954461072000149 0.8103239172210785 0.47823532735211405 0.5824363705023587 0.1198061289331841 0.03744632169064932 0.33101574146846224 0.12648393407297842 0.6958411249944536 0.47475487076901 0.24439081699404852 0.0

# Optimal Walk
0 15 8 3 12 18 11 9 10 2 6 17 5 1 7 14 4 13 16 0
