# MCW Instance
# Type: UNIFORM
# N: 19
# Optimal cost: 1.4917588516955016
# Optimal tour (permutation): [0, 11, 8, 15, 1, 5, 18, 4, 6, 2, 17, 12, 14, 10, 13, 9, 16, 3, 7, 0]
# Optimal walk (full path): [0, 11, 8, 15, 1, 5, 18, 4, 6, 2, 17, 9, 12, 14, 13, 10, 13, 9, 16, 3, 7, 0]
# Walk size: 22
# Is walk (has repeats): true

# Distance Matrix
0.0000000000 0.8454622964 0.3171770027 0.1868034248 0.9545630310 0.5733254837 0.2120727017 0.0280335317 0.2069041508 0.1725769637 0.9086377627 0.0119135963 0.6186200774 0.2012530499 0.8174735993 0.2126724622 0.2329956026 0.1815942138 0.8341361572
0.8454622964 0.0000000000 0.5986340994 0.3312312098 0.5148960685 0.1044977352 0.9089562772 0.6288888814 0.1975240475 0.8912984772 0.2006890352 0.8739580846 0.8539913420 0.4144763801 0.5161342715 0.0477439060 0.2914764338 0.3279045237 0.5745898448
0.3171770027 0.5986340994 0.0000000000 0.5504440289 0.2498830769 0.3164521164 0.1279130178 0.4651949643 0.2725216789 0.1498261943 0.6359396159 0.2375320889 0.6547186089 0.4134389792 0.2156467641 0.8816222197 0.2411353017 0.0515855754 0.3970486982
0.1868034248 0.3312312098 0.5504440289 0.0000000000 0.1302914710 0.4373065797 0.8045052838 0.0791669202 0.7827849160 0.1768836305 0.5984391854 0.2210171261 0.8723592126 0.7432938765 0.9565855673 0.2254069964 0.1752227812 0.2830063500 0.5388940047
0.9545630310 0.5148960685 0.2498830769 0.1302914710 0.0000000000 0.6774409985 0.0130027758 0.5673179169 0.9899276047 0.0849790878 0.2628316180 0.0605522811 0.3765622743 0.5348984412 0.9823103180 0.6347899904 0.6310811474 0.7268584844 0.0810196352
0.5733254837 0.1044977352 0.3164521164 0.4373065797 0.6774409985 0.0000000000 0.3347246463 0.5802605560 0.6753715619 0.0259144738 0.4409664975 0.3373341833 0.4813322559 0.6548503936 0.7060920189 0.0612598509 0.9657609566 0.7906561577 0.0449636854
0.2120727017 0.9089562772 0.1279130178 0.8045052838 0.0130027758 0.3347246463 0.0000000000 0.3465034220 0.6313682775 0.4975789736 0.1493213075 0.7965929164 0.3716483343 0.5025946012 0.4663728652 0.6559849151 0.5825609865 0.5159873512 0.7320889206
0.0280335317 0.6288888814 0.4651949643 0.0791669202 0.5673179169 0.5802605560 0.3465034220 0.0000000000 0.7273248119 0.8484643195 0.9287697389 0.7821316851 0.1849710890 0.1718100899 0.6389254611 0.6768263220 0.3106930891 0.7952170944 0.5641233287
0.2069041508 0.1975240475 0.2725216789 0.7827849160 0.9899276047 0.6753715619 0.6313682775 0.7273248119 0.0000000000 0.2713081101 0.6237407659 0.0248881177 0.7354639416 0.2379565615 0.3550240197 0.1059383074 0.7349850170 0.2054532865 0.7239280381
0.1725769637 0.8912984772 0.1498261943 0.1768836305 0.0849790878 0.0259144738 0.4975789736 0.8484643195 0.2713081101 0.0000000000 0.1230539139 0.6390650479 0.1172774770 0.0163307221 0.1040026490 0.5605295939 0.1321793818 0.0336763719 0.9888672817
0.9086377627 0.2006890352 0.6359396159 0.5984391854 0.2628316180 0.4409664975 0.1493213075 0.9287697389 0.6237407659 0.1230539139 0.0000000000 0.3441778255 0.3901483239 0.0854999262 0.8944770503 0.9636117145 0.7496189893 0.3315842893 0.1513617790
0.0119135963 0.8739580846 0.2375320889 0.2210171261 0.0605522811 0.3373341833 0.7965929164 0.7821316851 0.0248881177 0.6390650479 0.3441778255 0.0000000000 0.6916638728 0.1651357590 0.9449729935 0.9196560632 0.1723842209 0.7194218077 0.2633487591
0.6186200774 0.8539913420 0.6547186089 0.8723592126 0.3765622743 0.4813322559 0.3716483343 0.1849710890 0.7354639416 0.1172774770 0.3901483239 0.6916638728 0.0000000000 0.8007317809 0.1094599115 0.4497756891 0.8238283418 0.7529394434 0.4041065570
0.2012530499 0.4144763801 0.4134389792 0.7432938765 0.5348984412 0.6548503936 0.5025946012 0.1718100899 0.2379565615 0.0163307221 0.0854999262 0.1651357590 0.8007317809 0.0000000000 0.0159455496 0.9350126819 0.7926896508 0.2248834585 0.9451068594
0.8174735993 0.5161342715 0.2156467641 0.9565855673 0.9823103180 0.7060920189 0.4663728652 0.6389254611 0.3550240197 0.1040026490 0.8944770503 0.9449729935 0.1094599115 0.0159455496 0.0000000000 0.2301704661 0.4162082645 0.6725491485 0.6592965433
0.2126724622 0.0477439060 0.8816222197 0.2254069964 0.6347899904 0.0612598509 0.6559849151 0.6768263220 0.1059383074 0.5605295939 0.9636117145 0.9196560632 0.4497756891 0.9350126819 0.2301704661 0.0000000000 0.4667224441 0.4126498309 0.4149877182
0.2329956026 0.2914764338 0.2411353017 0.1752227812 0.6310811474 0.9657609566 0.5825609865 0.3106930891 0.7349850170 0.1321793818 0.7496189893 0.1723842209 0.8238283418 0.7926896508 0.4162082645 0.4667224441 0.0000000000 0.7416329220 0.6897326983
0.1815942138 0.3279045237 0.0515855754 0.2830063500 0.7268584844 0.7906561577 0.5159873512 0.7952170944 0.2054532865 0.0336763719 0.3315842893 0.7194218077 0.7529394434 0.2248834585 0.6725491485 0.4126498309 0.7416329220 0.0000000000 0.7558558608
0.8341361572 0.5745898448 0.3970486982 0.5388940047 0.0810196352 0.0449636854 0.7320889206 0.5641233287 0.7239280381 0.9888672817 0.1513617790 0.2633487591 0.4041065570 0.9451068594 0.6592965433 0.4149877182 0.6897326983 0.7558558608 0.0000000000
