# Graph size: 19
# Optimal cost: 2.146377927730603

# Distance Matrix
0.0 0.3342652299996115 0.0462055107903091 0.31529478522857945 0.13220556688206186 0.6175974705319772 0.6642238639643081 0.10786773864078092 0.29568982855298387 0.6346828882693493 0.9021347690832363 0.8341217067032087 0.5294495824574755 0.5706995220612864 0.5540634346179107 0.9911779037157783 0.7481109741967225 0.7169071820600419 0.6278712030757512
0.3342652299996115 0.0 0.7983245864320634 0.5411262390328592 0.23528898744674276 0.8023948367525681 0.9269339390025277 0.08865456411207284 0.16814320048387899 0.6772204168996501 0.33569597388367967 0.7475562620827486 0.30032192602090113 0.3262532714050931 0.7216982153674101 0.8661248468470754 0.6077897072204059 0.3938835860704095 0.9894811325566392
0.0462055107903091 0.7983245864320634 0.0 0.5043454468278066 0.9334016612529804 0.7313371205175907 0.31305106480826783 0.38588147675029727 0.21927754812812505 0.36083895517082387 0.8199339153184575 0.5886565377833013 0.09487427682640615 0.376507720498653 0.6617044160570035 0.1928117155844108 0.8708363453925274 0.2434365156371746 0.25202730456820743
0.31529478522857945 0.5411262390328592 0.5043454468278066 0.0 0.34798317892103103 0.020930348843994362 0.8402057835264819 0.7510984343556233 0.9962581784462089 0.0478454938083025 0.5051126694728851 0.45447514411671985 0.7928328864872927 0.22336960962400965 0.29269046216825345 0.6046372545779607 0.6033082359826949 0.06942611926869835 0.6246303622365592
0.13220556688206186 0.23528898744674276 0.9334016612529804 0.34798317892103103 0.0 0.2852209824558861 0.32472482305304795 0.6036840352815561 0.5280075185513261 0.48072016881550184 0.6768517697634602 0.31192981389410535 0.6937517071961953 0.08855059156380829 0.040908646836052 0.529116328230016 0.6595926607158304 0.6557244246547738 0.3848129681158897
0.6175974705319772 0.8023948367525681 0.7313371205175907 0.020930348843994362 0.2852209824558861 0.0 0.4119807110152862 0.5242486957551823 0.8789841777748689 0.8072110716878667 0.9683496518754441 0.7334164254278578 0.45509597291297654 0.2569628220305076 0.6717269454113247 0.6431587701727096 0.6971047222015972 0.5404159125966227 0.034484940438120115
0.6642238639643081 0.9269339390025277 0.31305106480826783 0.8402057835264819 0.32472482305304795 0.4119807110152862 0.0 0.7625768265449775 0.44270435831222177 0.8157184927307405 0.13895790555552434 0.805191114454519 0.1724784895891438 0.39158409563626184 0.5329620807584246 0.9372459172453009 0.9286180397049948 0.7973355623139011 0.08474343502803705
0.10786773864078092 0.08865456411207284 0.38588147675029727 0.7510984343556233 0.6036840352815561 0.5242486957551823 0.7625768265449775 0.0 0.9011901339628254 0.5788241803421437 0.7717199511055044 0.36208117726252853 0.013876775784466333 0.20545637058410637 0.029899748839599893 0.8512511886827768 0.39156235960094565 0.9165868018576855 0.4111898590053428
0.29568982855298387 0.16814320048387899 0.21927754812812505 0.9962581784462089 0.5280075185513261 0.8789841777748689 0.44270435831222177 0.9011901339628254 0.0 0.863780234197967 0.13757681722260218 0.17347441473104286 0.2845242239322584 0.2923986509046874 0.6435728671418505 0.8080725923431319 0.894299632653531 0.4723253396547169 0.6015539780385465
0.6346828882693493 0.6772204168996501 0.36083895517082387 0.0478454938083025 0.48072016881550184 0.8072110716878667 0.8157184927307405 0.5788241803421437 0.863780234197967 0.0 0.2645370438028156 0.66615857038155 0.27999565646646996 0.8014177232276624 0.2403012148135416 0.3604368362447399 0.2585696780312682 0.2975418623378945 0.8251383948536738
0.9021347690832363 0.33569597388367967 0.8199339153184575 0.5051126694728851 0.6768517697634602 0.9683496518754441 0.13895790555552434 0.7717199511055044 0.13757681722260218 0.2645370438028156 0.0 0.360415942490533 0.9980339883760632 0.06797836234479915 0.4407315618980199 0.3131842358903353 0.21743785034207974 0.8611101358018316 0.3686229036237809
0.8341217067032087 0.7475562620827486 0.5886565377833013 0.45447514411671985 0.31192981389410535 0.7334164254278578 0.805191114454519 0.36208117726252853 0.17347441473104286 0.66615857038155 0.360415942490533 0.0 0.8028245486116908 0.9977802434012719 0.5271645627639773 0.4210172177863921 0.7288108407167669 0.3962912553312046 0.7657663678420322
0.5294495824574755 0.30032192602090113 0.09487427682640615 0.7928328864872927 0.6937517071961953 0.45509597291297654 0.1724784895891438 0.013876775784466333 0.2845242239322584 0.27999565646646996 0.9980339883760632 0.8028245486116908 0.0 0.35676440137315235 0.5869095790363875 0.23632801067161446 0.885751918299196 0.9739481042100442 0.9055464280827235
0.5706995220612864 0.3262532714050931 0.376507720498653 0.22336960962400965 0.08855059156380829 0.2569628220305076 0.39158409563626184 0.20545637058410637 0.2923986509046874 0.8014177232276624 0.06797836234479915 0.9977802434012719 0.35676440137315235 0.0 0.21183124175647272 0.8697558688789031 0.4208592303226344 0.6775121233610478 0.5712660234303597
0.5540634346179107 0.7216982153674101 0.6617044160570035 0.29269046216825345 0.040908646836052 0.6717269454113247 0.5329620807584246 0.029899748839599893 0.6435728671418505 0.2403012148135416 0.4407315618980199 0.5271645627639773 0.5869095790363875 0.21183124175647272 0.0 0.7636202429069172 0.1587342003261304 0.7450462255608776 0.5531960753816607
0.9911779037157783 0.8661248468470754 0.1928117155844108 0.6046372545779607 0.529116328230016 0.6431587701727096 0.9372459172453009 0.8512511886827768 0.8080725923431319 0.3604368362447399 0.3131842358903353 0.4210172177863921 0.23632801067161446 0.8697558688789031 0.7636202429069172 0.0 0.16946514951374525 0.18248984312847838 0.7457509695275718
0.7481109741967225 0.6077897072204059 0.8708363453925274 0.6033082359826949 0.6595926607158304 0.6971047222015972 0.9286180397049948 0.39156235960094565 0.894299632653531 0.2585696780312682 0.21743785034207974 0.7288108407167669 0.885751918299196 0.4208592303226344 0.1587342003261304 0.16946514951374525 0.0 0.43411800896186115 0.4112989912440761
0.7169071820600419 0.3938835860704095 0.2434365156371746 0.06942611926869835 0.6557244246547738 0.5404159125966227 0.7973355623139011 0.9165868018576855 0.4723253396547169 0.2975418623378945 0.8611101358018316 0.3962912553312046 0.9739481042100442 0.6775121233610478 0.7450462255608776 0.18248984312847838 0.43411800896186115 0.0 0.5597880645646688
0.6278712030757512 0.9894811325566392 0.25202730456820743 0.6246303622365592 0.3848129681158897 0.034484940438120115 0.08474343502803705 0.4111898590053428 0.6015539780385465 0.8251383948536738 0.3686229036237809 0.7657663678420322 0.9055464280827235 0.5712660234303597 0.5531960753816607 0.7457509695275718 0.4112989912440761 0.5597880645646688 0.0

# Optimal Walk
0 2 12 7 14 16 15 17 9 3 5 18 6 10 13 4 11 8 1 0
