# Graph size: 19
# Optimal cost: 1.5573676112441075

# Distance Matrix
0.0 0.3278944805602232 0.5700401799836898 0.5041357301394399 0.7871126360605368 0.11194134891209684 0.922156816590319 0.23909135127423964 0.5780250205678784 0.6126293314831925 0.9757898153012254 0.4416161393827073 0.4929488600257603 0.692257070722815 0.570860321866914 0.20580716535183452 0.21925108682690286 0.3597016715784517 0.30990852156685056
0.3278944805602232 0.0 0.7458615338290059 0.23542775037667563 0.066811961275552 0.13343401764205254 0.8654779652702147 0.45394193204500854 0.05926123548770501 0.029995070280872116 0.5598582783741487 0.24261056469625575 0.5594780023993865 0.23412463989222554 0.6495091219755985 0.19371070387302436 0.6227496707957642 0.4301601140805872 0.17414594057114774
0.5700401799836898 0.7458615338290059 0.0 0.565640978801149 0.3523206397804842 0.6763729567032299 0.38535289193546174 0.4088872088273863 0.7852832085519387 0.9913228989333257 0.5682535087984859 0.006205619041711574 0.16828545103001402 0.8031511550641971 0.595299335850411 0.4063509544341334 0.5305577169544765 0.7525655841438197 0.06938413625413298
0.5041357301394399 0.23542775037667563 0.565640978801149 0.0 0.5113410286660219 0.43148522660006927 0.6615602656219977 0.1488439889201576 0.389163314956273 0.5109315242217444 0.8324505715664134 0.6635045763159891 0.2269928840769384 0.0027430824019273325 0.22559422819265462 0.9287882489012462 0.6144055697187912 0.6853431289338244 0.4792077243528716
0.7871126360605368 0.066811961275552 0.3523206397804842 0.5113410286660219 0.0 0.7439958659649217 0.651734055396926 0.8380483442933596 0.18097663830756194 0.42122912247173405 0.7156284789861094 0.6477192658246036 0.27869730130939285 0.33302107263379155 0.5820475581377103 0.1675812926759026 0.02597653172198311 0.38959422908524965 0.006320064449877094
0.11194134891209684 0.13343401764205254 0.6763729567032299 0.43148522660006927 0.7439958659649217 0.0 0.3685302739446805 0.39905507741165436 0.060766638826891484 0.7905806104098774 0.042962888970612956 0.4921093887246568 0.04287862087323979 0.830797683964996 0.3221484661431625 9.258118276226357E-4 0.437713653963255 0.6287762075479242 0.35038596709398817
0.922156816590319 0.8654779652702147 0.38535289193546174 0.6615602656219977 0.651734055396926 0.3685302739446805 0.0 0.5386296928242428 0.3582393550307381 0.2789305982051864 0.22266597740210003 0.19219151164521198 0.20509493958774705 0.9952884658387815 0.6372839595485124 0.42472120329969476 0.4681043250903987 0.8310995286579254 0.8408284838756285
0.23909135127423964 0.45394193204500854 0.4088872088273863 0.1488439889201576 0.8380483442933596 0.39905507741165436 0.5386296928242428 0.0 0.15610027267491633 0.7986945381737128 0.3615877374473825 0.35019344008383246 0.6132912389373871 0.2719514439823195 0.7497991438597456 0.6247408156821472 0.3317024509983023 0.21114578223374292 0.7961620537011022
0.5780250205678784 0.05926123548770501 0.7852832085519387 0.389163314956273 0.18097663830756194 0.060766638826891484 0.3582393550307381 0.15610027267491633 0.0 0.3314668729179896 0.5102752442007947 0.6829145735256933 0.2842898168295328 0.09700072864173492 0.7755002521062903 0.7878840496745905 0.17872092117838367 0.672491634407874 0.293357763792197
0.6126293314831925 0.029995070280872116 0.9913228989333257 0.5109315242217444 0.42122912247173405 0.7905806104098774 0.2789305982051864 0.7986945381737128 0.3314668729179896 0.0 0.16937225599690509 0.004705074888549765 0.25091720818441976 0.08321682819644016 0.741910613080797 0.045807871301183245 0.27107160030078026 0.3340163725236873 0.5016756796730172
0.9757898153012254 0.5598582783741487 0.5682535087984859 0.8324505715664134 0.7156284789861094 0.042962888970612956 0.22266597740210003 0.3615877374473825 0.5102752442007947 0.16937225599690509 0.0 0.8320208687579854 0.4184695035662789 0.5005912759469736 0.4225236963136437 0.7592279443387417 0.6906276699300361 0.9667943660819951 0.8641720308528095
0.4416161393827073 0.24261056469625575 0.006205619041711574 0.6635045763159891 0.6477192658246036 0.4921093887246568 0.19219151164521198 0.35019344008383246 0.6829145735256933 0.004705074888549765 0.8320208687579854 0.0 0.5802927468466323 0.33266316876143653 0.10210579670010245 0.6231732727698547 0.9386963073566409 0.16887330441974346 0.6097088266596247
0.4929488600257603 0.5594780023993865 0.16828545103001402 0.2269928840769384 0.27869730130939285 0.04287862087323979 0.20509493958774705 0.6132912389373871 0.2842898168295328 0.25091720818441976 0.4184695035662789 0.5802927468466323 0.0 0.7426794928909625 0.07756756080839056 0.35693922621054985 0.16655126981136248 0.46359530890473644 0.3501143732831643
0.692257070722815 0.23412463989222554 0.8031511550641971 0.0027430824019273325 0.33302107263379155 0.830797683964996 0.9952884658387815 0.2719514439823195 0.09700072864173492 0.08321682819644016 0.5005912759469736 0.33266316876143653 0.7426794928909625 0.0 0.8736214875145093 0.48970026391759236 0.24757021611090357 0.18187552751187974 0.10429281175023819
0.570860321866914 0.6495091219755985 0.595299335850411 0.22559422819265462 0.5820475581377103 0.3221484661431625 0.6372839595485124 0.7497991438597456 0.7755002521062903 0.741910613080797 0.4225236963136437 0.10210579670010245 0.07756756080839056 0.8736214875145093 0.0 0.1283373595364925 0.6313823971461121 0.6908795982751813 0.7533791935497838
0.20580716535183452 0.19371070387302436 0.4063509544341334 0.9287882489012462 0.1675812926759026 9.258118276226357E-4 0.42472120329969476 0.6247408156821472 0.7878840496745905 0.045807871301183245 0.7592279443387417 0.6231732727698547 0.35693922621054985 0.48970026391759236 0.1283373595364925 0.0 0.47702987155755705 0.7826173179662272 0.25870931075476067
0.21925108682690286 0.6227496707957642 0.5305577169544765 0.6144055697187912 0.02597653172198311 0.437713653963255 0.4681043250903987 0.3317024509983023 0.17872092117838367 0.27107160030078026 0.6906276699300361 0.9386963073566409 0.16655126981136248 0.24757021611090357 0.6313823971461121 0.47702987155755705 0.0 0.9187577223778477 0.7334535626747516
0.3597016715784517 0.4301601140805872 0.7525655841438197 0.6853431289338244 0.38959422908524965 0.6287762075479242 0.8310995286579254 0.21114578223374292 0.672491634407874 0.3340163725236873 0.9667943660819951 0.16887330441974346 0.46359530890473644 0.18187552751187974 0.6908795982751813 0.7826173179662272 0.9187577223778477 0.0 0.01814642964967217
0.30990852156685056 0.17414594057114774 0.06938413625413298 0.4792077243528716 0.006320064449877094 0.35038596709398817 0.8408284838756285 0.7961620537011022 0.293357763792197 0.5016756796730172 0.8641720308528095 0.6097088266596247 0.3501143732831643 0.10429281175023819 0.7533791935497838 0.25870931075476067 0.7334535626747516 0.01814642964967217 0.0

# Optimal Walk
0 15 10 6 12 14 11 2 9 1 16 4 18 17 13 3 7 8 5 0
