# MCW Instance
# Type: UNIFORM
# N: 19
# Optimal cost: 2.283732071381917
# Optimal tour (permutation): [0, 12, 10, 14, 4, 17, 9, 3, 8, 1, 6, 16, 18, 7, 15, 2, 11, 5, 13, 0]
# Optimal walk (full path): [0, 12, 0, 10, 4, 14, 4, 17, 9, 3, 8, 1, 6, 16, 18, 7, 18, 15, 2, 11, 5, 11, 13, 0]
# Walk size: 24
# Is walk (has repeats): true

# Distance Matrix
0.0000000000 0.3012267201 0.3509741065 0.5080833423 0.4233639520 0.6623226478 0.5837449041 0.7964082070 0.7322063257 0.7845774609 0.3387237990 0.6534818962 0.0863271612 0.2714596873 0.6637919132 0.3613991289 0.5208482563 0.9668464323 0.6142684088
0.3012267201 0.0000000000 0.4523714677 0.5443818694 0.3382019861 0.1111192056 0.0223758846 0.6997621385 0.0133675278 0.1729687175 0.2301678451 0.1217639489 0.2886193768 0.5790743731 0.3115237603 0.1807066696 0.5203800894 0.4667119123 0.7989288300
0.3509741065 0.4523714677 0.0000000000 0.6377548727 0.1889427344 0.8439595369 0.2785276132 0.6058915881 0.0797956843 0.5076570410 0.9390067352 0.0099541101 0.4666114164 0.3963560701 0.3711806235 0.1697864058 0.3996900484 0.9793657445 0.5624021375
0.5080833423 0.5443818694 0.6377548727 0.0000000000 0.5924758318 0.2046238301 0.8855379064 0.7965225329 0.0528067158 0.0781765458 0.6092244835 0.2179757485 0.5654763430 0.2318475603 0.7958792397 0.1476641352 0.9082841647 0.3783169611 0.3060644935
0.4233639520 0.3382019861 0.1889427344 0.5924758318 0.0000000000 0.8486744607 0.9424180759 0.4819451799 0.9841632776 0.3314538048 0.0941262838 0.6017263537 0.8168857489 0.9609276475 0.0114769709 0.3435720804 0.9566980865 0.0821427751 0.5905725888
0.6623226478 0.1111192056 0.8439595369 0.2046238301 0.8486744607 0.0000000000 0.9085279300 0.9065912250 0.6163703361 0.2774988149 0.9745024225 0.0151456884 0.5962051407 0.7954531356 0.6813141816 0.3146376258 0.9060491281 0.2209114806 0.8023396713
0.5837449041 0.0223758846 0.2785276132 0.8855379064 0.9424180759 0.9085279300 0.0000000000 0.6499709793 0.0734687798 0.6383557090 0.7807708175 0.9925088284 0.8172672282 0.4399987147 0.6844677923 0.8104165008 0.1997138047 0.7051079306 0.2906193575
0.7964082070 0.6997621385 0.6058915881 0.7965225329 0.4819451799 0.9065912250 0.6499709793 0.0000000000 0.3759184448 0.6532252217 0.9929421741 0.4498993875 0.9299090619 0.8558942531 0.3139807074 0.5995348799 0.6956475042 0.4156130153 0.0060376941
0.7322063257 0.0133675278 0.0797956843 0.0528067158 0.9841632776 0.6163703361 0.0734687798 0.3759184448 0.0000000000 0.7956772283 0.8358051740 0.5891398272 0.7350189288 0.9176952284 0.5809237551 0.8103101420 0.8644921352 0.7604849631 0.9223807810
0.7845774609 0.1729687175 0.5076570410 0.0781765458 0.3314538048 0.2774988149 0.6383557090 0.6532252217 0.7956772283 0.0000000000 0.6306935075 0.9939059881 0.5756175981 0.4592486254 0.7863499536 0.5522070556 0.2481238689 0.2159720329 0.4959414371
0.3387237990 0.2301678451 0.9390067352 0.6092244835 0.0941262838 0.9745024225 0.7807708175 0.9929421741 0.8358051740 0.6306935075 0.0000000000 0.9517681788 0.7029391862 0.5065782601 0.7683042711 0.9569554431 0.3235113263 0.2111730830 0.4516915375
0.6534818962 0.1217639489 0.0099541101 0.2179757485 0.6017263537 0.0151456884 0.9925088284 0.4498993875 0.5891398272 0.9939059881 0.9517681788 0.0000000000 0.6023253416 0.1347977740 0.1517647408 0.9922447831 0.2073577614 0.2538576710 0.6069973668
0.0863271612 0.2886193768 0.4666114164 0.5654763430 0.8168857489 0.5962051407 0.8172672282 0.9299090619 0.7350189288 0.5756175981 0.7029391862 0.6023253416 0.0000000000 0.3858566766 0.7777939064 0.6434687841 0.3891639132 0.6054373214 0.3580635814
0.2714596873 0.5790743731 0.3963560701 0.2318475603 0.9609276475 0.7954531356 0.4399987147 0.8558942531 0.9176952284 0.4592486254 0.5065782601 0.1347977740 0.3858566766 0.0000000000 0.5176774225 0.3219084690 0.8646989782 0.7049486118 0.8429148535
0.6637919132 0.3115237603 0.3711806235 0.7958792397 0.0114769709 0.6813141816 0.6844677923 0.3139807074 0.5809237551 0.7863499536 0.7683042711 0.1517647408 0.7777939064 0.5176774225 0.0000000000 0.4033158920 0.4399251342 0.9895450297 0.2542912965
0.3613991289 0.1807066696 0.1697864058 0.1476641352 0.3435720804 0.3146376258 0.8104165008 0.5995348799 0.8103101420 0.5522070556 0.9569554431 0.9922447831 0.6434687841 0.3219084690 0.4033158920 0.0000000000 0.4166268512 0.4127914433 0.1027492005
0.5208482563 0.5203800894 0.3996900484 0.9082841647 0.9566980865 0.9060491281 0.1997138047 0.6956475042 0.8644921352 0.2481238689 0.3235113263 0.2073577614 0.3891639132 0.8646989782 0.4399251342 0.4166268512 0.0000000000 0.3639042762 0.2596044950
0.9668464323 0.4667119123 0.9793657445 0.3783169611 0.0821427751 0.2209114806 0.7051079306 0.4156130153 0.7604849631 0.2159720329 0.2111730830 0.2538576710 0.6054373214 0.7049486118 0.9895450297 0.4127914433 0.3639042762 0.0000000000 0.6201579197
0.6142684088 0.7989288300 0.5624021375 0.3060644935 0.5905725888 0.8023396713 0.2906193575 0.0060376941 0.9223807810 0.4959414371 0.4516915375 0.6069973668 0.3580635814 0.8429148535 0.2542912965 0.1027492005 0.2596044950 0.6201579197 0.0000000000
