# MCW Instance
# Type: UNIFORM
# N: 19
# Optimal cost: 2.3207759852790297
# Optimal tour (permutation): [0, 6, 16, 5, 18, 8, 13, 4, 12, 3, 15, 14, 10, 11, 2, 9, 1, 7, 17, 0]
# Optimal walk (full path): [0, 6, 5, 16, 5, 18, 8, 18, 13, 4, 12, 3, 15, 14, 10, 2, 11, 2, 9, 1, 7, 17, 0]
# Walk size: 23
# Is walk (has repeats): true

# Distance Matrix
0.0000000000 0.8974315949 0.9128397094 0.7515196520 0.6420217217 0.1671036448 0.0327962242 0.6705345493 0.9646366530 0.3447624769 0.2671343465 0.7074035877 0.4931699335 0.2964749045 0.7206349802 0.1863810794 0.0690883858 0.1486840723 0.6569508807
0.8974315949 0.0000000000 0.6905625111 0.1952731180 0.9058974462 0.3245478810 0.3824576829 0.0508878339 0.2621776375 0.2671973229 0.6541241299 0.7843928631 0.6711638602 0.6185623254 0.3869206325 0.4441105624 0.4903282303 0.2329589563 0.6175421221
0.9128397094 0.6905625111 0.0000000000 0.6489116900 0.5473980516 0.8881627390 0.2048490950 0.3760060370 0.7903514695 0.2111699126 0.1711059325 0.0484856492 0.7771203372 0.4241118785 0.7515941230 0.4421816830 0.6371112448 0.4850605074 0.8281681218
0.7515196520 0.1952731180 0.6489116900 0.0000000000 0.7995614495 0.7938815498 0.7072508294 0.3451730817 0.9378049080 0.1767842500 0.4802867141 0.5102449989 0.0688650321 0.8691221677 0.2881844906 0.0678658447 0.5112297012 0.1413278290 0.8216480591
0.6420217217 0.9058974462 0.5473980516 0.7995614495 0.0000000000 0.7001472829 0.4662675417 0.5999129665 0.6157584913 0.6571687410 0.5564535283 0.7464072386 0.3093000868 0.0482965018 0.8784349013 0.5852329501 0.3182337611 0.8362627135 0.9108112158
0.1671036448 0.3245478810 0.8881627390 0.7938815498 0.7001472829 0.0000000000 0.0454386613 0.4433678164 0.4673840021 0.7346674086 0.8884414548 0.6910653023 0.2441519626 0.6743117769 0.4624041699 0.3758661567 0.0005282087 0.6463355556 0.1336001445
0.0327962242 0.3824576829 0.2048490950 0.7072508294 0.4662675417 0.0454386613 0.0000000000 0.3951910503 0.3756291991 0.2170246708 0.4760949974 0.4188338390 0.9980869266 0.6113181389 0.3333013811 0.6197372879 0.1912237282 0.6909216181 0.6784390845
0.6705345493 0.0508878339 0.3760060370 0.3451730817 0.5999129665 0.4433678164 0.3951910503 0.0000000000 0.4875869922 0.3882804072 0.2248492412 0.7956593820 0.2130468359 0.3072888689 0.6125800694 0.6795696236 0.1079984360 0.0767819476 0.5881800854
0.9646366530 0.2621776375 0.7903514695 0.9378049080 0.6157584913 0.4673840021 0.3756291991 0.4875869922 0.0000000000 0.7081198658 0.5359362548 0.9263845802 0.3331549508 0.5822903247 0.8667092406 0.7604318876 0.8564619618 0.2457451421 0.0410882413
0.3447624769 0.2671973229 0.2111699126 0.1767842500 0.6571687410 0.7346674086 0.2170246708 0.3882804072 0.7081198658 0.0000000000 0.9181119104 0.4620246543 0.9985940401 0.4331786664 0.6902313915 0.6172568476 0.3016303987 0.8324855834 0.7105553265
0.2671343465 0.6541241299 0.1711059325 0.4802867141 0.5564535283 0.8884414548 0.4760949974 0.2248492412 0.5359362548 0.9181119104 0.0000000000 0.5605174884 0.8308908243 0.5324786664 0.1687723211 0.5410814049 0.1871075240 0.7087928182 0.9024890721
0.7074035877 0.7843928631 0.0484856492 0.5102449989 0.7464072386 0.6910653023 0.4188338390 0.7956593820 0.9263845802 0.4620246543 0.5605174884 0.0000000000 0.6721251306 0.2906017457 0.4977393118 0.8172593847 0.9953912838 0.8993929246 0.4445919949
0.4931699335 0.6711638602 0.7771203372 0.0688650321 0.3093000868 0.2441519626 0.9980869266 0.2130468359 0.3331549508 0.9985940401 0.8308908243 0.6721251306 0.0000000000 0.7565041378 0.5056089611 0.8767746373 0.2811512849 0.8972807558 0.5634112725
0.2964749045 0.6185623254 0.4241118785 0.8691221677 0.0482965018 0.6743117769 0.6113181389 0.3072888689 0.5822903247 0.4331786664 0.5324786664 0.2906017457 0.7565041378 0.0000000000 0.8043353274 0.3133785605 0.9832117179 0.3374059018 0.2873780512
0.7206349802 0.3869206325 0.7515941230 0.2881844906 0.8784349013 0.4624041699 0.3333013811 0.6125800694 0.8667092406 0.6902313915 0.1687723211 0.4977393118 0.5056089611 0.8043353274 0.0000000000 0.0524318972 0.2224836093 0.6592180814 0.8319200176
0.1863810794 0.4441105624 0.4421816830 0.0678658447 0.5852329501 0.3758661567 0.6197372879 0.6795696236 0.7604318876 0.6172568476 0.5410814049 0.8172593847 0.8767746373 0.3133785605 0.0524318972 0.0000000000 0.1062238664 0.4766797162 0.9497396177
0.0690883858 0.4903282303 0.6371112448 0.5112297012 0.3182337611 0.0005282087 0.1912237282 0.1079984360 0.8564619618 0.3016303987 0.1871075240 0.9953912838 0.2811512849 0.9832117179 0.2224836093 0.1062238664 0.0000000000 0.4859297609 0.7636605615
0.1486840723 0.2329589563 0.4850605074 0.1413278290 0.8362627135 0.6463355556 0.6909216181 0.0767819476 0.2457451421 0.8324855834 0.7087928182 0.8993929246 0.8972807558 0.3374059018 0.6592180814 0.4766797162 0.4859297609 0.0000000000 0.4453105363
0.6569508807 0.6175421221 0.8281681218 0.8216480591 0.9108112158 0.1336001445 0.6784390845 0.5881800854 0.0410882413 0.7105553265 0.9024890721 0.4445919949 0.5634112725 0.2873780512 0.8319200176 0.9497396177 0.7636605615 0.4453105363 0.0000000000
