# MCW Instance
# Type: UNIFORM
# N: 19
# Optimal cost: 1.5406195069387327
# Optimal tour (permutation): [0, 11, 18, 12, 4, 3, 6, 7, 16, 5, 2, 10, 17, 13, 1, 14, 15, 9, 8, 0]
# Optimal walk (full path): [0, 11, 18, 12, 4, 3, 6, 7, 5, 16, 5, 2, 10, 17, 13, 1, 13, 14, 8, 15, 8, 9, 8, 18, 11, 0]
# Walk size: 26
# Is walk (has repeats): true

# Distance Matrix
0.0000000000 0.6817855144 0.5713021192 0.3024138522 0.6860524036 0.3258038077 0.1185072291 0.1264399520 0.1079756726 0.5675740280 0.9157304705 0.0098902905 0.1426666961 0.4557294626 0.4044328754 0.2014185782 0.7028239748 0.3709906051 0.7942958711
0.6817855144 0.0000000000 0.6223668429 0.7653696761 0.5591439938 0.1392311007 0.6203297413 0.3074070896 0.6451772393 0.1950608243 0.8747886802 0.5088492682 0.8261109270 0.0037234448 0.4926883472 0.1514369060 0.4410437932 0.7513984069 0.0984295573
0.5713021192 0.6223668429 0.0000000000 0.1370274116 0.3991549627 0.0817328206 0.7706036752 0.5724514776 0.5098828830 0.7103921776 0.0068957807 0.9238972315 0.1042277654 0.8834457764 0.5089350868 0.3306962927 0.4621003874 0.9496371736 0.4704726001
0.3024138522 0.7653696761 0.1370274116 0.0000000000 0.2865500916 0.4678672602 0.0753786404 0.2251180769 0.5456487156 0.6047178554 0.9213478116 0.5639690511 0.2917988915 0.8682072926 0.9208538785 0.7688171216 0.3205916156 0.4303032868 0.6526793464
0.6860524036 0.5591439938 0.3991549627 0.2865500916 0.0000000000 0.4232176693 0.2278037668 0.9174935495 0.6848930906 0.3615611849 0.3716427388 0.9799862130 0.1811688580 0.6953852292 0.6821064443 0.4237619484 0.5074327132 0.7165187030 0.2276456961
0.3258038077 0.1392311007 0.0817328206 0.4678672602 0.4232176693 0.0000000000 0.5532136917 0.0542021593 0.6182506359 0.8174796415 0.5293360881 0.4987685193 0.3985676928 0.8173292344 0.4869031503 0.7714128278 0.0136065052 0.7869976050 0.8737997184
0.1185072291 0.6203297413 0.7706036752 0.0753786404 0.2278037668 0.5532136917 0.0000000000 0.0611357662 0.8348176618 0.5101405826 0.9766484323 0.2989195809 0.7299405517 0.4797340225 0.8791004598 0.6903305226 0.6357394499 0.9271595923 0.1626353897
0.1264399520 0.3074070896 0.5724514776 0.2251180769 0.9174935495 0.0542021593 0.0611357662 0.0000000000 0.0343083249 0.3195527910 0.0384937521 0.5044412441 0.7612788698 0.1370591816 0.0884995456 0.9529232204 0.8512650753 0.9852652944 0.8409843869
0.1079756726 0.6451772393 0.5098828830 0.5456487156 0.6848930906 0.6182506359 0.8348176618 0.0343083249 0.0000000000 0.0686155356 0.0514601108 0.3225725403 0.7136011040 0.3067476323 0.1027659966 0.0818802722 0.8858340772 0.9874426912 0.0060901841
0.5675740280 0.1950608243 0.7103921776 0.6047178554 0.3615611849 0.8174796415 0.5101405826 0.3195527910 0.0686155356 0.0000000000 0.5380359686 0.7408255185 0.9505024282 0.7117308265 0.7075431105 0.7748617850 0.5239596609 0.9989717065 0.6562904328
0.9157304705 0.8747886802 0.0068957807 0.9213478116 0.3716427388 0.5293360881 0.9766484323 0.0384937521 0.0514601108 0.5380359686 0.0000000000 0.3827534308 0.7490553915 0.7280458637 0.1701662800 0.7330062210 0.8990252177 0.0929165352 0.6037746898
0.0098902905 0.5088492682 0.9238972315 0.5639690511 0.9799862130 0.4987685193 0.2989195809 0.5044412441 0.3225725403 0.7408255185 0.3827534308 0.0000000000 0.2835955585 0.2050549559 0.9808630037 0.3640706308 0.3573196160 0.3599931612 0.0536476544
0.1426666961 0.8261109270 0.1042277654 0.2917988915 0.1811688580 0.3985676928 0.7299405517 0.7612788698 0.7136011040 0.9505024282 0.7490553915 0.2835955585 0.0000000000 0.4085835984 0.5951213045 0.8088839629 0.7050806785 0.3420002660 0.0364329436
0.4557294626 0.0037234448 0.8834457764 0.8682072926 0.6953852292 0.8173292344 0.4797340225 0.1370591816 0.3067476323 0.7117308265 0.7280458637 0.2050549559 0.4085835984 0.0000000000 0.0551105435 0.6210860011 0.1802285250 0.0375117818 0.2119163576
0.4044328754 0.4926883472 0.5089350868 0.9208538785 0.6821064443 0.4869031503 0.8791004598 0.0884995456 0.1027659966 0.7075431105 0.1701662800 0.9808630037 0.5951213045 0.0551105435 0.0000000000 0.2709134011 0.6176670089 0.2318983203 0.8112971472
0.2014185782 0.1514369060 0.3306962927 0.7688171216 0.4237619484 0.7714128278 0.6903305226 0.9529232204 0.0818802722 0.7748617850 0.7330062210 0.3640706308 0.8088839629 0.6210860011 0.2709134011 0.0000000000 0.2919289370 0.6812551844 0.2615434685
0.7028239748 0.4410437932 0.4621003874 0.3205916156 0.5074327132 0.0136065052 0.6357394499 0.8512650753 0.8858340772 0.5239596609 0.8990252177 0.3573196160 0.7050806785 0.1802285250 0.6176670089 0.2919289370 0.0000000000 0.4457337456 0.3954557660
0.3709906051 0.7513984069 0.9496371736 0.4303032868 0.7165187030 0.7869976050 0.9271595923 0.9852652944 0.9874426912 0.9989717065 0.0929165352 0.3599931612 0.3420002660 0.0375117818 0.2318983203 0.6812551844 0.4457337456 0.0000000000 0.9839811871
0.7942958711 0.0984295573 0.4704726001 0.6526793464 0.2276456961 0.8737997184 0.1626353897 0.8409843869 0.0060901841 0.6562904328 0.6037746898 0.0536476544 0.0364329436 0.2119163576 0.8112971472 0.2615434685 0.3954557660 0.9839811871 0.0000000000
