# MCW Instance
# Type: UNIFORM
# N: 19
# Optimal cost: 1.3483841388900126
# Optimal tour (permutation): [0, 8, 18, 5, 12, 3, 14, 6, 4, 17, 11, 15, 10, 16, 2, 13, 7, 1, 9, 0]
# Optimal walk (full path): [0, 8, 18, 5, 12, 3, 14, 4, 6, 4, 11, 17, 11, 15, 10, 16, 13, 2, 13, 7, 1, 7, 13, 9, 0]
# Walk size: 25
# Is walk (has repeats): true

# Distance Matrix
0.0000000000 0.5657860414 0.7911582702 0.2649763130 0.5995063862 0.6683809545 0.6442336583 0.1690658456 0.1896337626 0.0041558358 0.9975874782 0.8645605601 0.9401104691 0.1375781947 0.8257343244 0.3588013704 0.1093701634 0.9888761028 0.9296915611
0.5657860414 0.0000000000 0.3729786738 0.1832445369 0.4217259032 0.8123612503 0.4225994768 0.0070595670 0.4674461575 0.8426171029 0.2964385277 0.8782050256 0.2098979069 0.2022672191 0.9000688858 0.2422737140 0.1843936584 0.6657282943 0.2747930242
0.7911582702 0.3729786738 0.0000000000 0.8321568526 0.2542682270 0.3491600787 0.2287728614 0.3170204914 0.3203670106 0.1839738595 0.4243832357 0.7868768821 0.8915580736 0.0190419785 0.9542901499 0.6885043256 0.4984763583 0.9366001370 0.4084814701
0.2649763130 0.1832445369 0.8321568526 0.0000000000 0.1497575808 0.1680599221 0.5787478531 0.1854544085 0.9818499014 0.6930394061 0.0246166382 0.3329908640 0.0329774674 0.2283940291 0.0326896332 0.5174278836 0.9816954460 0.8258880905 0.2684203194
0.5995063862 0.4217259032 0.2542682270 0.1497575808 0.0000000000 0.8150574231 0.1047440087 0.8781545032 0.4742121166 0.8952659099 0.0315621049 0.0853927948 0.4069847339 0.8222509571 0.0065156311 0.4806006226 0.7679670036 0.1406284633 0.7199052249
0.6683809545 0.8123612503 0.3491600787 0.1680599221 0.8150574231 0.0000000000 0.2533599123 0.2800204575 0.1299711480 0.3401090907 0.5975496597 0.5297112147 0.1142946883 0.9817540773 0.5749592361 0.1845128114 0.4947350137 0.4785981920 0.0346279677
0.6442336583 0.4225994768 0.2287728614 0.5787478531 0.1047440087 0.2533599123 0.0000000000 0.7199356748 0.7371371909 0.9948463216 0.9568374645 0.8470435216 0.8910017307 0.7049102844 0.2010359435 0.4177311960 0.3422118941 0.4991631534 0.5285738743
0.1690658456 0.0070595670 0.3170204914 0.1854544085 0.8781545032 0.2800204575 0.7199356748 0.0000000000 0.7033020199 0.4091915899 0.4320269374 0.9439834944 0.5912970996 0.0806198490 0.4187718471 0.8526345645 0.4261931652 0.6625549393 0.5086945591
0.1896337626 0.4674461575 0.3203670106 0.9818499014 0.4742121166 0.1299711480 0.7371371909 0.7033020199 0.0000000000 0.2679521356 0.9314993210 0.3537973589 0.9148813172 0.3179815972 0.8939473376 0.8005474328 0.8645517990 0.5989401178 0.0648841361
0.0041558358 0.8426171029 0.1839738595 0.6930394061 0.8952659099 0.3401090907 0.9948463216 0.4091915899 0.2679521356 0.0000000000 0.4948904597 0.2490176685 0.5024929396 0.0396391845 0.4763678482 0.9985796279 0.5038464791 0.7125535175 0.1718702983
0.9975874782 0.2964385277 0.4243832357 0.0246166382 0.0315621049 0.5975496597 0.9568374645 0.4320269374 0.9314993210 0.4948904597 0.0000000000 0.0852253973 0.5393499733 0.2735213195 0.3663149499 0.0647802703 0.0251507997 0.6113087571 0.2350453283
0.8645605601 0.8782050256 0.7868768821 0.3329908640 0.0853927948 0.5297112147 0.8470435216 0.9439834944 0.3537973589 0.2490176685 0.0852253973 0.0000000000 0.1102008179 0.7725483178 0.4195793092 0.0886192208 0.5589916358 0.0410443247 0.2634682804
0.9401104691 0.2098979069 0.8915580736 0.0329774674 0.4069847339 0.1142946883 0.8910017307 0.5912970996 0.9148813172 0.5024929396 0.5393499733 0.1102008179 0.0000000000 0.9816266762 0.1002638319 0.2366884901 0.3577138954 0.6194060205 0.8607430607
0.1375781947 0.2022672191 0.0190419785 0.2283940291 0.8222509571 0.9817540773 0.7049102844 0.0806198490 0.3179815972 0.0396391845 0.2735213195 0.7725483178 0.9816266762 0.0000000000 0.3111692853 0.8317659858 0.0600032908 0.8140742792 0.7462027335
0.8257343244 0.9000688858 0.9542901499 0.0326896332 0.0065156311 0.5749592361 0.2010359435 0.4187718471 0.8939473376 0.4763678482 0.3663149499 0.4195793092 0.1002638319 0.3111692853 0.0000000000 0.8129572129 0.5534464326 0.1340588776 0.1181220739
0.3588013704 0.2422737140 0.6885043256 0.5174278836 0.4806006226 0.1845128114 0.4177311960 0.8526345645 0.8005474328 0.9985796279 0.0647802703 0.0886192208 0.2366884901 0.8317659858 0.8129572129 0.0000000000 0.7457366511 0.4863824335 0.3399993681
0.1093701634 0.1843936584 0.4984763583 0.9816954460 0.7679670036 0.4947350137 0.3422118941 0.4261931652 0.8645517990 0.5038464791 0.0251507997 0.5589916358 0.3577138954 0.0600032908 0.5534464326 0.7457366511 0.0000000000 0.6291739069 0.9831285869
0.9888761028 0.6657282943 0.9366001370 0.8258880905 0.1406284633 0.4785981920 0.4991631534 0.6625549393 0.5989401178 0.7125535175 0.6113087571 0.0410443247 0.6194060205 0.8140742792 0.1340588776 0.4863824335 0.6291739069 0.0000000000 0.8073518458
0.9296915611 0.2747930242 0.4084814701 0.2684203194 0.7199052249 0.0346279677 0.5285738743 0.5086945591 0.0648841361 0.1718702983 0.2350453283 0.2634682804 0.8607430607 0.7462027335 0.1181220739 0.3399993681 0.9831285869 0.8073518458 0.0000000000
