# MCW Instance
# Type: UNIFORM
# N: 19
# Optimal cost: 2.346775352599674
# Optimal tour (permutation): [0, 8, 18, 12, 1, 16, 15, 13, 14, 3, 9, 7, 4, 5, 11, 17, 10, 6, 2, 0]
# Optimal walk (full path): [0, 8, 18, 12, 1, 16, 15, 3, 13, 14, 13, 3, 9, 7, 4, 5, 6, 11, 6, 17, 6, 10, 6, 2, 8, 0]
# Walk size: 26
# Is walk (has repeats): true

# Distance Matrix
0.0000000000 0.5079210092 0.4316436598 0.7701396133 0.4998029260 0.0940949136 0.7400608712 0.7886841919 0.0117906916 0.2544720754 0.4876427329 0.8024310349 0.8218325400 0.7253290407 0.7162683864 0.4556149797 0.5976975106 0.9314991318 0.2276045283
0.5079210092 0.0000000000 0.5915736465 0.9657392334 0.6349977064 0.8566707820 0.4918310743 0.3560790015 0.5350184327 0.1496341260 0.3859035429 0.3229559439 0.1887161847 0.9375623044 0.6915753736 0.5668374305 0.1231681278 0.4004048744 0.7119930127
0.4316436598 0.5915736465 0.0000000000 0.3780470808 0.2911317124 0.3492599656 0.0637784005 0.2460809985 0.0866941627 0.6200232576 0.9394631618 0.9344479869 0.9816352894 0.6678057092 0.4178975272 0.4077825201 0.4693017738 0.6790445985 0.4278888809
0.7701396133 0.9657392334 0.3780470808 0.0000000000 0.6161442602 0.4100171258 0.7770223391 0.6431767012 0.2908311191 0.0605291856 0.1865459780 0.5409522765 0.5866975493 0.0397223487 0.5448298098 0.0914827262 0.6178834298 0.2337993255 0.8981623541
0.4998029260 0.6349977064 0.2911317124 0.6161442602 0.0000000000 0.0630009973 0.6770234317 0.1763630351 0.3077279608 0.7238745842 0.2024200275 0.7523061848 0.4029925512 0.8031675230 0.3633282817 0.1691427451 0.6673520615 0.9310618298 0.4704139591
0.0940949136 0.8566707820 0.3492599656 0.4100171258 0.0630009973 0.0000000000 0.0153916351 0.7182809024 0.4222057348 0.2866108615 0.8828500004 0.3530073315 0.1879083564 0.7130172350 0.4680696033 0.6707811629 0.7672010068 0.2551352826 0.2880768453
0.7400608712 0.4918310743 0.0637784005 0.7770223391 0.6770234317 0.0153916351 0.0000000000 0.1540886916 0.9521379760 0.1366716579 0.1463530952 0.1937087231 0.2493101905 0.9212812423 0.2673187208 0.1762921251 0.4673977019 0.0270501383 0.5810409472
0.7886841919 0.3560790015 0.2460809985 0.6431767012 0.1763630351 0.7182809024 0.1540886916 0.0000000000 0.9181875535 0.0496874680 0.5741781449 0.9846119277 0.9255235700 0.3808354066 0.5932350283 0.5326201623 0.6880978579 0.1887526511 0.7395289306
0.0117906916 0.5350184327 0.0866941627 0.2908311191 0.3077279608 0.4222057348 0.9521379760 0.9181875535 0.0000000000 0.4163650081 0.9734121027 0.3353476933 0.3085392158 0.2799403000 0.8772310824 0.7439578770 0.5280302888 0.8910401507 0.2083331310
0.2544720754 0.1496341260 0.6200232576 0.0605291856 0.7238745842 0.2866108615 0.1366716579 0.0496874680 0.4163650081 0.0000000000 0.9466546143 0.8143768437 0.4353160208 0.6376580707 0.7512092403 0.9237952205 0.7353410279 0.9258482466 0.8253570687
0.4876427329 0.3859035429 0.9394631618 0.1865459780 0.2024200275 0.8828500004 0.1463530952 0.5741781449 0.9734121027 0.9466546143 0.0000000000 0.7035894047 0.5087141450 0.4582169921 0.5750992919 0.4541843653 0.3745630620 0.2624677740 0.5541336838
0.8024310349 0.3229559439 0.9344479869 0.5409522765 0.7523061848 0.3530073315 0.1937087231 0.9846119277 0.3353476933 0.8143768437 0.7035894047 0.0000000000 0.7496336970 0.6936814379 0.6620271062 0.7831069791 0.9324521100 0.4847627724 0.7266422720
0.8218325400 0.1887161847 0.9816352894 0.5866975493 0.4029925512 0.1879083564 0.2493101905 0.9255235700 0.3085392158 0.4353160208 0.5087141450 0.7496336970 0.0000000000 0.7802327514 0.3980378742 0.5976693529 0.7219347610 0.8089209374 0.2146140957
0.7253290407 0.9375623044 0.6678057092 0.0397223487 0.8031675230 0.7130172350 0.9212812423 0.3808354066 0.2799403000 0.6376580707 0.4582169921 0.6936814379 0.7802327514 0.0000000000 0.0444020146 0.8308893905 0.8334160154 0.5865318299 0.8894119685
0.7162683864 0.6915753736 0.4178975272 0.5448298098 0.3633282817 0.4680696033 0.2673187208 0.5932350283 0.8772310824 0.7512092403 0.5750992919 0.6620271062 0.3980378742 0.0444020146 0.0000000000 0.5227974730 0.9400428336 0.1619420734 0.3831237125
0.4556149797 0.5668374305 0.4077825201 0.0914827262 0.1691427451 0.6707811629 0.1762921251 0.5326201623 0.7439578770 0.9237952205 0.4541843653 0.7831069791 0.5976693529 0.8308893905 0.5227974730 0.0000000000 0.0789621799 0.5295104872 0.2102580089
0.5976975106 0.1231681278 0.4693017738 0.6178834298 0.6673520615 0.7672010068 0.4673977019 0.6880978579 0.5280302888 0.7353410279 0.3745630620 0.9324521100 0.7219347610 0.8334160154 0.9400428336 0.0789621799 0.0000000000 0.0860134923 0.9495130132
0.9314991318 0.4004048744 0.6790445985 0.2337993255 0.9310618298 0.2551352826 0.0270501383 0.1887526511 0.8910401507 0.9258482466 0.2624677740 0.4847627724 0.8089209374 0.5865318299 0.1619420734 0.5295104872 0.0860134923 0.0000000000 0.4148264399
0.2276045283 0.7119930127 0.4278888809 0.8981623541 0.4704139591 0.2880768453 0.5810409472 0.7395289306 0.2083331310 0.8253570687 0.5541336838 0.7266422720 0.2146140957 0.8894119685 0.3831237125 0.2102580089 0.9495130132 0.4148264399 0.0000000000
