# MCW Instance
# Type: UNIFORM
# N: 19
# Optimal cost: 2.3583679387303302
# Optimal tour (permutation): [0, 7, 4, 15, 12, 2, 6, 18, 5, 17, 11, 14, 13, 16, 3, 9, 8, 1, 10, 0]
# Optimal walk (full path): [0, 7, 4, 15, 12, 2, 12, 6, 18, 5, 18, 17, 11, 14, 13, 14, 16, 3, 9, 8, 1, 10, 0]
# Walk size: 23
# Is walk (has repeats): true

# Distance Matrix
0.0000000000 0.2650579883 0.9309511492 0.1379932297 0.7282654536 0.9858592428 0.3597203258 0.0377092061 0.2583975706 0.4341041121 0.0592683946 0.8129946409 0.9177889607 0.4199587651 0.8300930336 0.8177233963 0.1392926682 0.4179130462 0.8698914350
0.2650579883 0.0000000000 0.2763551230 0.5352785321 0.4923855181 0.1986210215 0.2584108981 0.5627457041 0.0101032704 0.8379633536 0.1372485559 0.8470282629 0.5033003957 0.9229560359 0.2765764393 0.4282849311 0.7518811799 0.3542215996 0.4078706592
0.9309511492 0.2763551230 0.0000000000 0.2662520589 0.1380450498 0.5611363210 0.6628380150 0.4412792890 0.5934724124 0.4394461314 0.5072927916 0.6234551885 0.0070216402 0.5512507236 0.8862923365 0.5466703204 0.7899892403 0.2309410065 0.7351032922
0.1379932297 0.5352785321 0.2662520589 0.0000000000 0.4207533361 0.4063368587 0.3275894350 0.6365460842 0.4423551970 0.0668901161 0.9324560140 0.8124927958 0.8240459174 0.4593661568 0.5896880240 0.8257692854 0.0511266268 0.3401878860 0.1689544318
0.7282654536 0.4923855181 0.1380450498 0.4207533361 0.0000000000 0.3384395541 0.3969494645 0.0493949434 0.7906706397 0.0234266956 0.0800763983 0.5265627655 0.9376333340 0.2586510965 0.8303975955 0.2034924514 0.1612987782 0.5463437940 0.0463684004
0.9858592428 0.1986210215 0.5611363210 0.4063368587 0.3384395541 0.0000000000 0.2285363206 0.5966024775 0.6949185241 0.1718137424 0.8377748085 0.8361319460 0.6767634727 0.3982874500 0.3298626852 0.5826282163 0.7325396446 0.3077628297 0.0242135698
0.3597203258 0.2584108981 0.6628380150 0.3275894350 0.3969494645 0.2285363206 0.0000000000 0.8982063528 0.7310496510 0.6104705170 0.7862934771 0.7993484946 0.0134672332 0.7039882063 0.1891459123 0.4086378712 0.9516942139 0.3822259870 0.1468722487
0.0377092061 0.5627457041 0.4412792890 0.6365460842 0.0493949434 0.5966024775 0.8982063528 0.0000000000 0.8673654347 0.2328385745 0.6567402236 0.9036427122 0.7375556551 0.4452833066 0.3178478858 0.5909152378 0.6776214578 0.8865426845 0.5593023511
0.2583975706 0.0101032704 0.5934724124 0.4423551970 0.7906706397 0.6949185241 0.7310496510 0.8673654347 0.0000000000 0.1758906963 0.7627725288 0.6390793596 0.7178306847 0.5158342501 0.9394655074 0.8674812691 0.9376214556 0.4057452251 0.7525983367
0.4341041121 0.8379633536 0.4394461314 0.0668901161 0.0234266956 0.1718137424 0.6104705170 0.2328385745 0.1758906963 0.0000000000 0.9788752570 0.3598914384 0.9609580566 0.6648152754 0.7581798697 0.2589482609 0.4116095635 0.9992029101 0.8407765249
0.0592683946 0.1372485559 0.5072927916 0.9324560140 0.0800763983 0.8377748085 0.7862934771 0.6567402236 0.7627725288 0.9788752570 0.0000000000 0.3987052843 0.4025087117 0.7798220971 0.9174053965 0.7673943379 0.1897970086 0.5189342070 0.8795680324
0.8129946409 0.8470282629 0.6234551885 0.8124927958 0.5265627655 0.8361319460 0.7993484946 0.9036427122 0.6390793596 0.3598914384 0.3987052843 0.0000000000 0.7632603929 0.7048887517 0.3054443490 0.7084460877 0.8503118597 0.3165324106 0.3859986029
0.9177889607 0.5033003957 0.0070216402 0.8240459174 0.9376333340 0.6767634727 0.0134672332 0.7375556551 0.7178306847 0.9609580566 0.4025087117 0.7632603929 0.0000000000 0.2863215224 0.6807390448 0.2634357752 0.7983357988 0.4667105503 0.6894022978
0.4199587651 0.9229560359 0.5512507236 0.4593661568 0.2586510965 0.3982874500 0.7039882063 0.4452833066 0.5158342501 0.6648152754 0.7798220971 0.7048887517 0.2863215224 0.0000000000 0.1527488528 0.5159089988 0.6779000402 0.2058306500 0.6238005361
0.8300930336 0.2765764393 0.8862923365 0.5896880240 0.8303975955 0.3298626852 0.1891459123 0.3178478858 0.9394655074 0.7581798697 0.9174053965 0.3054443490 0.6807390448 0.1527488528 0.0000000000 0.9934553006 0.0543016468 0.2004604830 0.2618361517
0.8177233963 0.4282849311 0.5466703204 0.8257692854 0.2034924514 0.5826282163 0.4086378712 0.5909152378 0.8674812691 0.2589482609 0.7673943379 0.7084460877 0.2634357752 0.5159089988 0.9934553006 0.0000000000 0.9651074344 0.5910154953 0.8843832869
0.1392926682 0.7518811799 0.7899892403 0.0511266268 0.1612987782 0.7325396446 0.9516942139 0.6776214578 0.9376214556 0.4116095635 0.1897970086 0.8503118597 0.7983357988 0.6779000402 0.0543016468 0.9651074344 0.0000000000 0.1131048209 0.8398037706
0.4179130462 0.3542215996 0.2309410065 0.3401878860 0.5463437940 0.3077628297 0.3822259870 0.8865426845 0.4057452251 0.9992029101 0.5189342070 0.3165324106 0.4667105503 0.2058306500 0.2004604830 0.5910154953 0.1131048209 0.0000000000 0.0992218889
0.8698914350 0.4078706592 0.7351032922 0.1689544318 0.0463684004 0.0242135698 0.1468722487 0.5593023511 0.7525983367 0.8407765249 0.8795680324 0.3859986029 0.6894022978 0.6238005361 0.2618361517 0.8843832869 0.8398037706 0.0992218889 0.0000000000
