# MCW Instance
# Type: UNIFORM
# N: 19
# Optimal cost: 1.167460419410399
# Optimal tour (permutation): [0, 5, 3, 6, 16, 12, 1, 11, 15, 14, 2, 10, 13, 9, 4, 7, 18, 8, 17, 0]
# Optimal walk (full path): [0, 3, 5, 3, 6, 16, 12, 1, 11, 15, 14, 15, 2, 15, 10, 13, 9, 4, 7, 18, 8, 18, 17, 0]
# Walk size: 24
# Is walk (has repeats): true

# Distance Matrix
0.0000000000 0.3141508332 0.8102482112 0.0988815349 0.9179661904 0.7382670269 0.5725017423 0.4190813958 0.6437382226 0.7702197237 0.7737206447 0.7581177900 0.8950909005 0.9005537583 0.3307732261 0.3563154949 0.6695343216 0.0641881685 0.1737218771
0.3141508332 0.0000000000 0.9814903489 0.0777538871 0.5171908283 0.5375768431 0.6403227758 0.8417473434 0.5594554292 0.5840605562 0.7674850827 0.0064102561 0.0976962810 0.4701118412 0.9772695630 0.7161632119 0.5441525492 0.0823993238 0.7290666674
0.8102482112 0.9814903489 0.0000000000 0.4013774252 0.8286206342 0.7909015675 0.8058930830 0.7437703532 0.3649093850 0.7396508176 0.3342725107 0.3456060050 0.6575398734 0.3890267709 0.1841219502 0.1144497212 0.8604875807 0.2515247064 0.9788990436
0.0988815349 0.0777538871 0.4013774252 0.0000000000 0.9933903635 0.0069921853 0.0217128789 0.6191171443 0.8160576040 0.8179353300 0.5911317066 0.1764362843 0.7464255201 0.9660149706 0.7601774324 0.2508896488 0.9753081192 0.4239203240 0.8115511748
0.9179661904 0.5171908283 0.8286206342 0.9933903635 0.0000000000 0.4004074953 0.0886164689 0.0569380222 0.4936441761 0.0496508231 0.7968609124 0.9338974830 0.3772681573 0.3642697167 0.5210461517 0.9250893112 0.9954297694 0.9370521772 0.6670209884
0.7382670269 0.5375768431 0.7909015675 0.0069921853 0.4004074953 0.0000000000 0.0317670277 0.6533863493 0.7740314668 0.2885084423 0.5490698571 0.3050096263 0.9914704039 0.2384563299 0.6026797646 0.4315232845 0.8387443091 0.8390121459 0.8192533706
0.5725017423 0.6403227758 0.8058930830 0.0217128789 0.0886164689 0.0317670277 0.0000000000 0.4299688394 0.1474940780 0.5623400944 0.8916454761 0.6212937987 0.0740238689 0.2076627255 0.5821674663 0.6217448530 0.0497683766 0.5843230932 0.2706008792
0.4190813958 0.8417473434 0.7437703532 0.6191171443 0.0569380222 0.6533863493 0.4299688394 0.0000000000 0.4862881533 0.1837570818 0.7663274838 0.4984123649 0.7290675963 0.9713538043 0.5707433967 0.0865932464 0.0534510506 0.0551516803 0.0304907254
0.6437382226 0.5594554292 0.3649093850 0.8160576040 0.4936441761 0.7740314668 0.1474940780 0.4862881533 0.0000000000 0.3117734866 0.3830038963 0.9567554499 0.2814787335 0.3137359650 0.5747677552 0.1522841429 0.4647052468 0.3771841915 0.0175119342
0.7702197237 0.5840605562 0.7396508176 0.8179353300 0.0496508231 0.2885084423 0.5623400944 0.1837570818 0.3117734866 0.0000000000 0.5997788691 0.9558484289 0.9815924488 0.1701636185 0.8433025370 0.4780460903 0.5451947180 0.9794123492 0.1163688300
0.7737206447 0.7674850827 0.3342725107 0.5911317066 0.7968609124 0.5490698571 0.8916454761 0.7663274838 0.3830038963 0.5997788691 0.0000000000 0.4279707082 0.6026443587 0.0305232154 0.4464403971 0.0509731555 0.7506039250 0.2316820293 0.6225872475
0.7581177900 0.0064102561 0.3456060050 0.1764362843 0.9338974830 0.3050096263 0.6212937987 0.4984123649 0.9567554499 0.9558484289 0.4279707082 0.0000000000 0.9379819383 0.0715006581 0.8097353669 0.0299977348 0.6850085366 0.9029096434 0.4039768263
0.8950909005 0.0976962810 0.6575398734 0.7464255201 0.3772681573 0.9914704039 0.0740238689 0.7290675963 0.2814787335 0.9815924488 0.6026443587 0.9379819383 0.0000000000 0.7778866083 0.4555239232 0.7585036001 0.0846702803 0.2514457615 0.6166352768
0.9005537583 0.4701118412 0.3890267709 0.9660149706 0.3642697167 0.2384563299 0.2076627255 0.9713538043 0.3137359650 0.1701636185 0.0305232154 0.0715006581 0.7778866083 0.0000000000 0.9262343247 0.1942897805 0.2038349386 0.5819055527 0.7703879416
0.3307732261 0.9772695630 0.1841219502 0.7601774324 0.5210461517 0.6026797646 0.5821674663 0.5707433967 0.5747677552 0.8433025370 0.4464403971 0.8097353669 0.4555239232 0.9262343247 0.0000000000 0.0119951173 0.7708113540 0.4868234898 0.0463820077
0.3563154949 0.7161632119 0.1144497212 0.2508896488 0.9250893112 0.4315232845 0.6217448530 0.0865932464 0.1522841429 0.4780460903 0.0509731555 0.0299977348 0.7585036001 0.1942897805 0.0119951173 0.0000000000 0.3756505479 0.3384486983 0.3473448219
0.6695343216 0.5441525492 0.8604875807 0.9753081192 0.9954297694 0.8387443091 0.0497683766 0.0534510506 0.4647052468 0.5451947180 0.7506039250 0.6850085366 0.0846702803 0.2038349386 0.7708113540 0.3756505479 0.0000000000 0.6006496995 0.5607340811
0.0641881685 0.0823993238 0.2515247064 0.4239203240 0.9370521772 0.8390121459 0.5843230932 0.0551516803 0.3771841915 0.9794123492 0.2316820293 0.9029096434 0.2514457615 0.5819055527 0.4868234898 0.3384486983 0.6006496995 0.0000000000 0.0234974324
0.1737218771 0.7290666674 0.9788990436 0.8115511748 0.6670209884 0.8192533706 0.2706008792 0.0304907254 0.0175119342 0.1163688300 0.6225872475 0.4039768263 0.6166352768 0.7703879416 0.0463820077 0.3473448219 0.5607340811 0.0234974324 0.0000000000
