# MCW Instance
# Type: UNIFORM
# N: 19
# Optimal cost: 0.9798296755517713
# Optimal tour (permutation): [0, 16, 13, 9, 4, 14, 7, 15, 12, 5, 17, 6, 11, 8, 2, 18, 1, 10, 3, 0]
# Optimal walk (full path): [0, 16, 13, 16, 9, 4, 9, 14, 7, 14, 15, 12, 5, 17, 6, 11, 8, 11, 2, 18, 1, 10, 3, 0]
# Walk size: 24
# Is walk (has repeats): true

# Distance Matrix
0.0000000000 0.3961855679 0.0953224988 0.0138412519 0.1669322946 0.6490945249 0.2354353556 0.6747518238 0.8424618246 0.7784819913 0.2066718162 0.5865071466 0.8657947706 0.8139089504 0.3424497756 0.1342995686 0.0105290966 0.3951429713 0.7137796228
0.3961855679 0.0000000000 0.7835320611 0.4425226845 0.7748305724 0.9388797257 0.8930037622 0.5467060829 0.4620399184 0.9115934169 0.1335804183 0.3713202811 0.3033347843 0.5511769178 0.8602806184 0.9254497314 0.5958929454 0.9504415736 0.0991855577
0.0953224988 0.7835320611 0.0000000000 0.9807602152 0.9062836567 0.1048985546 0.9053059993 0.4746397806 0.6288698032 0.7424674253 0.7235173204 0.0894807652 0.9594030658 0.6414745830 0.0418996199 0.0916288609 0.8822304133 0.2240814244 0.0652966666
0.0138412519 0.4425226845 0.9807602152 0.0000000000 0.0535654856 0.9736335066 0.1429461853 0.3566341120 0.6541779171 0.3091728426 0.0408375400 0.3945134720 0.3545109661 0.5295105484 0.6560817861 0.7778256261 0.3801831846 0.1670374914 0.9711402779
0.1669322946 0.7748305724 0.9062836567 0.0535654856 0.0000000000 0.3716037852 0.1066893993 0.6647314600 0.1572766180 0.0330619371 0.6401007423 0.1290251648 0.6551885269 0.6827428656 0.1132119176 0.7500640570 0.8496423094 0.3929243186 0.9759752246
0.6490945249 0.9388797257 0.1048985546 0.9736335066 0.3716037852 0.0000000000 0.9955856885 0.4455624495 0.8539102467 0.3490991250 0.1387540241 0.8336927252 0.0485596974 0.3309787693 0.4156331344 0.4458595988 0.2163827179 0.0006649547 0.1245871593
0.2354353556 0.8930037622 0.9053059993 0.1429461853 0.1066893993 0.9955856885 0.0000000000 0.3430320679 0.2207590489 0.7433664012 0.2777440114 0.0537869035 0.2463122399 0.4400202872 0.9937626064 0.9864518800 0.3481982954 0.0087541909 0.6814945827
0.6747518238 0.5467060829 0.4746397806 0.3566341120 0.6647314600 0.4455624495 0.3430320679 0.0000000000 0.5751139644 0.7510441550 0.7636021531 0.2057332336 0.6878428005 0.9524983796 0.0646264407 0.6490935686 0.7248949987 0.6248327313 0.7736355140
0.8424618246 0.4620399184 0.6288698032 0.6541779171 0.1572766180 0.8539102467 0.2207590489 0.5751139644 0.0000000000 0.9881697361 0.2653276613 0.0277599612 0.1009782138 0.9874665539 0.0823645989 0.1466095590 0.5314328891 0.8812044813 0.8410219044
0.7784819913 0.9115934169 0.7424674253 0.3091728426 0.0330619371 0.3490991250 0.7433664012 0.7510441550 0.9881697361 0.0000000000 0.0522298784 0.6509991086 0.9609482597 0.8159143975 0.0424617687 0.8614391533 0.0161112782 0.5228278396 0.9697549942
0.2066718162 0.1335804183 0.7235173204 0.0408375400 0.6401007423 0.1387540241 0.2777440114 0.7636021531 0.2653276613 0.0522298784 0.0000000000 0.1657050947 0.6847390823 0.2445564069 0.7854757937 0.4349267085 0.1635775301 0.0496686401 0.7386799800
0.5865071466 0.3713202811 0.0894807652 0.3945134720 0.1290251648 0.8336927252 0.0537869035 0.2057332336 0.0277599612 0.6509991086 0.1657050947 0.0000000000 0.8264240802 0.3992818279 0.0522793582 0.8556030704 0.3122482282 0.8367249592 0.3415687528
0.8657947706 0.3033347843 0.9594030658 0.3545109661 0.6551885269 0.0485596974 0.2463122399 0.6878428005 0.1009782138 0.9609482597 0.6847390823 0.8264240802 0.0000000000 0.2958450520 0.5990419902 0.0357153654 0.2217045327 0.9322040773 0.0725524511
0.8139089504 0.5511769178 0.6414745830 0.5295105484 0.6827428656 0.3309787693 0.4400202872 0.9524983796 0.9874665539 0.8159143975 0.2445564069 0.3992818279 0.2958450520 0.0000000000 0.9840350111 0.1459865087 0.0333402498 0.7839151374 0.7325610145
0.3424497756 0.8602806184 0.0418996199 0.6560817861 0.1132119176 0.4156331344 0.9937626064 0.0646264407 0.0823645989 0.0424617687 0.7854757937 0.0522793582 0.5990419902 0.9840350111 0.0000000000 0.0034470427 0.2419267432 0.9098697404 0.0573353169
0.1342995686 0.9254497314 0.0916288609 0.7778256261 0.7500640570 0.4458595988 0.9864518800 0.6490935686 0.1466095590 0.8614391533 0.4349267085 0.8556030704 0.0357153654 0.1459865087 0.0034470427 0.0000000000 0.2218056782 0.1356722499 0.5653554339
0.0105290966 0.5958929454 0.8822304133 0.3801831846 0.8496423094 0.2163827179 0.3481982954 0.7248949987 0.5314328891 0.0161112782 0.1635775301 0.3122482282 0.2217045327 0.0333402498 0.2419267432 0.2218056782 0.0000000000 0.2137981614 0.4875889442
0.3951429713 0.9504415736 0.2240814244 0.1670374914 0.3929243186 0.0006649547 0.0087541909 0.6248327313 0.8812044813 0.5228278396 0.0496686401 0.8367249592 0.9322040773 0.7839151374 0.9098697404 0.1356722499 0.2137981614 0.0000000000 0.5345756892
0.7137796228 0.0991855577 0.0652966666 0.9711402779 0.9759752246 0.1245871593 0.6814945827 0.7736355140 0.8410219044 0.9697549942 0.7386799800 0.3415687528 0.0725524511 0.7325610145 0.0573353169 0.5653554339 0.4875889442 0.5345756892 0.0000000000
