# MCW Instance
# Type: UNIFORM
# N: 19
# Optimal cost: 1.7411665545723398
# Optimal tour (permutation): [0, 7, 2, 4, 17, 16, 10, 15, 9, 8, 11, 6, 5, 14, 12, 18, 3, 13, 1, 0]
# Optimal walk (full path): [0, 7, 2, 4, 17, 16, 17, 10, 15, 9, 15, 8, 11, 5, 6, 5, 14, 12, 18, 3, 13, 1, 0]
# Walk size: 23
# Is walk (has repeats): true

# Distance Matrix
0.0000000000 0.1149603718 0.9206115941 0.0939587258 0.4104611206 0.8670962546 0.6969970699 0.0883433016 0.2140050093 0.9491650240 0.7370814840 0.9299230091 0.4687964132 0.7167208703 0.1256314187 0.6947086774 0.8811234682 0.5724191818 0.6030517422
0.1149603718 0.0000000000 0.4749775212 0.2316585100 0.2367292502 0.7020815313 0.8613241724 0.7293098868 0.9505478584 0.4005965284 0.8488157196 0.6015325392 0.8404572409 0.2217010656 0.7695757125 0.1183935387 0.2408475665 0.3773315496 0.1832243996
0.9206115941 0.4749775212 0.0000000000 0.3033527277 0.1118501272 0.2478820456 0.2669538088 0.1706327645 0.8180045283 0.2179025424 0.1386174948 0.4472168989 0.4398096719 0.6467085914 0.7190671036 0.3869269297 0.4787844645 0.5427807100 0.1940685158
0.0939587258 0.2316585100 0.3033527277 0.0000000000 0.4646974765 0.2863911816 0.3321207652 0.8714827050 0.4510776816 0.7981508977 0.9632715907 0.2459976726 0.6101543768 0.1865068286 0.4754951077 0.3815492187 0.5385056285 0.8594678676 0.0716436567
0.4104611206 0.2367292502 0.1118501272 0.4646974765 0.0000000000 0.3006701644 0.4684572035 0.8267917597 0.6835476954 0.9303591749 0.6958290006 0.8314431651 0.9952826464 0.2956616001 0.1605218846 0.8012888572 0.8984663741 0.0750067204 0.1077102434
0.8670962546 0.7020815313 0.2478820456 0.2863911816 0.3006701644 0.0000000000 0.1144688699 0.3937780729 0.3354470239 0.1880688128 0.8916087353 0.0241782014 0.2512969273 0.3173770961 0.0290148298 0.0278482336 0.8762697430 0.1090083067 0.9692210530
0.6969970699 0.8613241724 0.2669538088 0.3321207652 0.4684572035 0.1144688699 0.0000000000 0.5326583441 0.5870632926 0.7172240103 0.2687318588 0.2790096012 0.6454462585 0.4848597186 0.8675333625 0.5541868569 0.4362489695 0.8759005552 0.5909203427
0.0883433016 0.7293098868 0.1706327645 0.8714827050 0.8267917597 0.3937780729 0.5326583441 0.0000000000 0.2488973486 0.3302632515 0.7916105935 0.8214138930 0.2054592232 0.7939087453 0.5182928836 0.4670211278 0.3171428355 0.3216233199 0.2354219894
0.2140050093 0.9505478584 0.8180045283 0.4510776816 0.6835476954 0.3354470239 0.5870632926 0.2488973486 0.0000000000 0.3218143787 0.1594574661 0.0022876391 0.2248043756 0.6657845238 0.2867145168 0.0475954703 0.6645861762 0.4831492331 0.7109875228
0.9491650240 0.4005965284 0.2179025424 0.7981508977 0.9303591749 0.1880688128 0.7172240103 0.3302632515 0.3218143787 0.0000000000 0.4081321913 0.1663420753 0.9917736605 0.4956285425 0.6820265467 0.0191430710 0.2710873798 0.8417893991 0.8813911727
0.7370814840 0.8488157196 0.1386174948 0.9632715907 0.6958290006 0.8916087353 0.2687318588 0.7916105935 0.1594574661 0.4081321913 0.0000000000 0.4414146763 0.6518587092 0.5239351430 0.2633700247 0.0095616187 0.1884128111 0.0391265220 0.3554615252
0.9299230091 0.6015325392 0.4472168989 0.2459976726 0.8314431651 0.0241782014 0.2790096012 0.8214138930 0.0022876391 0.1663420753 0.4414146763 0.0000000000 0.8317487813 0.9723580671 0.3748871954 0.5088883599 0.9658923780 0.2666103706 0.8717600836
0.4687964132 0.8404572409 0.4398096719 0.6101543768 0.9952826464 0.2512969273 0.6454462585 0.2054592232 0.2248043756 0.9917736605 0.6518587092 0.8317487813 0.0000000000 0.7991361350 0.0428294208 0.4394826943 0.2591971481 0.8593849849 0.0487975010
0.7167208703 0.2217010656 0.6467085914 0.1865068286 0.2956616001 0.3173770961 0.4848597186 0.7939087453 0.6657845238 0.4956285425 0.5239351430 0.9723580671 0.7991361350 0.0000000000 0.4608328688 0.5772150237 0.2804092729 0.7457710600 0.2857399920
0.1256314187 0.7695757125 0.7190671036 0.4754951077 0.1605218846 0.0290148298 0.8675333625 0.5182928836 0.2867145168 0.6820265467 0.2633700247 0.3748871954 0.0428294208 0.4608328688 0.0000000000 0.3612886472 0.5396225536 0.2638644028 0.7959056769
0.6947086774 0.1183935387 0.3869269297 0.3815492187 0.8012888572 0.0278482336 0.5541868569 0.4670211278 0.0475954703 0.0191430710 0.0095616187 0.5088883599 0.4394826943 0.5772150237 0.3612886472 0.0000000000 0.1642438264 0.0322964296 0.9869255473
0.8811234682 0.2408475665 0.4787844645 0.5385056285 0.8984663741 0.8762697430 0.4362489695 0.3171428355 0.6645861762 0.2710873798 0.1884128111 0.9658923780 0.2591971481 0.2804092729 0.5396225536 0.1642438264 0.0000000000 0.0949533165 0.2164488536
0.5724191818 0.3773315496 0.5427807100 0.8594678676 0.0750067204 0.1090083067 0.8759005552 0.3216233199 0.4831492331 0.8417893991 0.0391265220 0.2666103706 0.8593849849 0.7457710600 0.2638644028 0.0322964296 0.0949533165 0.0000000000 0.6695832492
0.6030517422 0.1832243996 0.1940685158 0.0716436567 0.1077102434 0.9692210530 0.5909203427 0.2354219894 0.7109875228 0.8813911727 0.3554615252 0.8717600836 0.0487975010 0.2857399920 0.7959056769 0.9869255473 0.2164488536 0.6695832492 0.0000000000
