# MCW Instance
# Type: UNIFORM
# N: 19
# Optimal cost: 1.3657670032432854
# Optimal tour (permutation): [0, 4, 18, 10, 14, 2, 11, 8, 16, 1, 17, 12, 9, 5, 3, 15, 6, 13, 7, 0]
# Optimal walk (full path): [0, 4, 18, 10, 14, 2, 14, 10, 11, 8, 16, 1, 16, 12, 17, 12, 9, 5, 3, 15, 6, 13, 7, 0]
# Walk size: 24
# Is walk (has repeats): true

# Distance Matrix
0.0000000000 0.2682114543 0.7479927195 0.3983582733 0.1047633996 0.5156391166 0.5889673085 0.0166829535 0.0800852413 0.0980152869 0.5804529397 0.1764792019 0.9248656330 0.1318584023 0.7515796270 0.0163058615 0.1042847430 0.6448392455 0.1708861824
0.2682114543 0.0000000000 0.6268590894 0.9413971572 0.1713542065 0.8364426542 0.4147840144 0.8629752998 0.1127936280 0.4785942537 0.6027790381 0.8647523040 0.7973503326 0.6371737245 0.1880444179 0.4646495620 0.0189398523 0.5713180647 0.7914790233
0.7479927195 0.6268590894 0.0000000000 0.4994882154 0.4607803052 0.7875648904 0.2216302189 0.7388478776 0.8164068866 0.2306920754 0.2502534895 0.4391500128 0.6093718206 0.4718044065 0.0504402906 0.6417074268 0.6826078975 0.5494589908 0.9836236980
0.3983582733 0.9413971572 0.4994882154 0.0000000000 0.2303953641 0.0794096208 0.4721612001 0.9383733593 0.5077637612 0.5702132275 0.7743509559 0.2217428063 0.3228244695 0.3928326137 0.9330393264 0.0830332600 0.5894108812 0.8685358003 0.8985435272
0.1047633996 0.1713542065 0.4607803052 0.2303953641 0.0000000000 0.3101903936 0.3709219621 0.4323217943 0.4703080871 0.9806514467 0.5754264050 0.2729856533 0.7575886447 0.3713120054 0.7045168272 0.2170351699 0.5048142958 0.2363830558 0.0299679086
0.5156391166 0.8364426542 0.7875648904 0.0794096208 0.3101903936 0.0000000000 0.7102493325 0.6327327997 0.1472607802 0.0341666513 0.7516458639 0.9489830181 0.3551328064 0.9434466264 0.4168507063 0.6155268229 0.6848966058 0.7078725048 0.1713397875
0.5889673085 0.4147840144 0.2216302189 0.4721612001 0.3709219621 0.7102493325 0.0000000000 0.6254129038 0.2980667572 0.8366849869 0.5187494767 0.2376332453 0.7726997553 0.0855304931 0.6554288529 0.0463722827 0.8399666009 0.1097638814 0.7096333727
0.0166829535 0.8629752998 0.7388478776 0.9383733593 0.4323217943 0.6327327997 0.6254129038 0.0000000000 0.1197379281 0.2898546672 0.8475265272 0.8322363184 0.4331026122 0.0125822687 0.5769663714 0.8755605636 0.6434716704 0.8776605588 0.3038802963
0.0800852413 0.1127936280 0.8164068866 0.5077637612 0.4703080871 0.1472607802 0.2980667572 0.1197379281 0.0000000000 0.6479102901 0.1038350802 0.1691394597 0.3792235776 0.7636083441 0.9002484544 0.5934249607 0.0203448806 0.9218217420 0.6094269771
0.0980152869 0.4785942537 0.2306920754 0.5702132275 0.9806514467 0.0341666513 0.8366849869 0.2898546672 0.6479102901 0.0000000000 0.4551581584 0.7154695513 0.0421844884 0.4209265183 0.4569962015 0.3278681594 0.0612031890 0.2455238990 0.7207384179
0.5804529397 0.6027790381 0.2502534895 0.7743509559 0.5754264050 0.7516458639 0.5187494767 0.8475265272 0.1038350802 0.4551581584 0.0000000000 0.0843107743 0.3506574507 0.4401982716 0.0500915604 0.5318222504 0.6576843670 0.8201540765 0.1594697656
0.1764792019 0.8647523040 0.4391500128 0.2217428063 0.2729856533 0.9489830181 0.2376332453 0.8322363184 0.1691394597 0.7154695513 0.0843107743 0.0000000000 0.9774171127 0.1859615192 0.6996155170 0.5785769623 0.8874073529 0.9383811831 0.8056611072
0.9248656330 0.7973503326 0.6093718206 0.3228244695 0.7575886447 0.3551328064 0.7726997553 0.4331026122 0.3792235776 0.0421844884 0.3506574507 0.9774171127 0.0000000000 0.2091201860 0.2160400535 0.7238335116 0.0431563135 0.0578545381 0.6576360280
0.1318584023 0.6371737245 0.4718044065 0.3928326137 0.3713120054 0.9434466264 0.0855304931 0.0125822687 0.7636083441 0.4209265183 0.4401982716 0.1859615192 0.2091201860 0.0000000000 0.2941940572 0.2538812884 0.4992614782 0.3720646872 0.9223369458
0.7515796270 0.1880444179 0.0504402906 0.9330393264 0.7045168272 0.4168507063 0.6554288529 0.5769663714 0.9002484544 0.4569962015 0.0500915604 0.6996155170 0.2160400535 0.2941940572 0.0000000000 0.3092393580 0.5315144377 0.8203043863 0.3579719716
0.0163058615 0.4646495620 0.6417074268 0.0830332600 0.2170351699 0.6155268229 0.0463722827 0.8755605636 0.5934249607 0.3278681594 0.5318222504 0.5785769623 0.7238335116 0.2538812884 0.3092393580 0.0000000000 0.1034718221 0.8809865037 0.9650016294
0.1042847430 0.0189398523 0.6826078975 0.5894108812 0.5048142958 0.6848966058 0.8399666009 0.6434716704 0.0203448806 0.0612031890 0.6576843670 0.8874073529 0.0431563135 0.4992614782 0.5315144377 0.1034718221 0.0000000000 0.5053301044 0.2730925687
0.6448392455 0.5713180647 0.5494589908 0.8685358003 0.2363830558 0.7078725048 0.1097638814 0.8776605588 0.9218217420 0.2455238990 0.8201540765 0.9383811831 0.0578545381 0.3720646872 0.8203043863 0.8809865037 0.5053301044 0.0000000000 0.4834070044
0.1708861824 0.7914790233 0.9836236980 0.8985435272 0.0299679086 0.1713397875 0.7096333727 0.3038802963 0.6094269771 0.7207384179 0.1594697656 0.8056611072 0.6576360280 0.9223369458 0.3579719716 0.9650016294 0.2730925687 0.4834070044 0.0000000000
