# Graph size: 19
# Optimal cost: 1.9072339736490136

# Distance Matrix
0.0 0.4913553518347069 0.7043725507631599 0.1627533647467242 0.4483668594056255 0.5530136986016905 0.5962492351001135 0.5413545652328647 0.6604190691841062 0.06280201051831935 0.39941440870591327 0.3334616479995335 0.8598825655111019 0.5050319803777336 0.9419924507529566 0.635164282608777 0.7894076777815394 0.9560415668678381 0.5265925666031488
0.4913553518347069 0.0 0.12875283600196175 0.2349096424396252 0.7210312362953101 0.7866020893508355 0.29167962373295364 0.5948751408807175 0.7231290897659247 0.2320634942937757 0.3462896666324714 0.6000829994672444 0.747010018373872 0.18243132556679909 0.24454066644029127 0.27996163166039123 0.9684961483399808 0.8391692008193228 0.3266588798938299
0.7043725507631599 0.12875283600196175 0.0 0.9680935295582951 0.8119170731352249 0.8380613081895205 0.4186540771057914 0.866917408473831 0.06860971880936273 0.7392766097677256 0.04084305521860976 0.4504667797149542 0.38279007588704383 0.5626380474065252 0.0880080469520641 0.7740232454185555 0.6651295207664542 0.6562134846307593 0.8115427875825492
0.1627533647467242 0.2349096424396252 0.9680935295582951 0.0 0.5808518273908972 0.7297208115523492 0.8982585863239323 0.18491551954987262 0.9487243978424922 0.4667201719496976 0.47570652628907695 0.7660050000940416 0.10272681675407469 0.1608032451197503 0.25681283320795456 0.9833417996152761 0.935884074146499 0.14467449468733307 0.0812283711500339
0.4483668594056255 0.7210312362953101 0.8119170731352249 0.5808518273908972 0.0 0.3680140289183357 0.7254269864601518 0.8372210477238495 0.1276870770308297 0.6289730541647294 0.5100628509044595 0.357503878782206 0.8876593281190988 0.6267014197657467 0.6024019332942735 0.328630105009205 0.17273574907094036 0.2386815800648575 0.7507301740242328
0.5530136986016905 0.7866020893508355 0.8380613081895205 0.7297208115523492 0.3680140289183357 0.0 0.18965244379832613 0.01417053077596575 0.8298308855379467 0.5356080402002454 0.31899308787730285 0.2749272817864411 0.542044475698135 0.6893143010142876 0.5394907341561854 0.2877342907821032 0.8992146698354377 0.15994241817402122 0.12302157501703515
0.5962492351001135 0.29167962373295364 0.4186540771057914 0.8982585863239323 0.7254269864601518 0.18965244379832613 0.0 0.8570707245697015 0.2875716578364125 0.9069967898263969 0.2417456378434516 0.51866838104492 0.7159172965336991 0.6116245364097472 0.9233827104605878 0.037029064459427774 0.8862996751790069 0.7121579563944468 0.9595224931160451
0.5413545652328647 0.5948751408807175 0.866917408473831 0.18491551954987262 0.8372210477238495 0.01417053077596575 0.8570707245697015 0.0 0.7396200421158632 0.012903508924655416 0.43443197213164064 0.8888259079169739 0.4358256804497742 0.015407431010649897 0.7763793839879966 0.1310757238189283 0.349396328588921 0.6827859241455433 0.7276964172470495
0.6604190691841062 0.7231290897659247 0.06860971880936273 0.9487243978424922 0.1276870770308297 0.8298308855379467 0.2875716578364125 0.7396200421158632 0.0 0.5833864137617649 0.7050500657378227 0.15451024408426928 0.35790983944541666 0.5064843774835465 0.3530468795494872 0.5983293628540134 0.7899659634720385 0.3268218588334456 0.08996907518538766
0.06280201051831935 0.2320634942937757 0.7392766097677256 0.4667201719496976 0.6289730541647294 0.5356080402002454 0.9069967898263969 0.012903508924655416 0.5833864137617649 0.0 0.27728820372170737 0.49150086566975704 0.059388571555122005 0.13960529025580481 0.2933675065314165 0.7622404810676822 0.4164376944935282 0.5947501825138126 0.1711054494030252
0.39941440870591327 0.3462896666324714 0.04084305521860976 0.47570652628907695 0.5100628509044595 0.31899308787730285 0.2417456378434516 0.43443197213164064 0.7050500657378227 0.27728820372170737 0.0 0.7735181297806899 0.3089431995550015 0.48889553418139686 0.10178868591091883 0.024685732858799714 0.37045830620252806 0.5662025500222985 0.10727623397994879
0.3334616479995335 0.6000829994672444 0.4504667797149542 0.7660050000940416 0.357503878782206 0.2749272817864411 0.51866838104492 0.8888259079169739 0.15451024408426928 0.49150086566975704 0.7735181297806899 0.0 0.6212350421748399 0.33714537191783456 0.7488094859408291 0.6022464901652961 0.3507328524087975 0.6030996926183554 0.7624425369094623
0.8598825655111019 0.747010018373872 0.38279007588704383 0.10272681675407469 0.8876593281190988 0.542044475698135 0.7159172965336991 0.4358256804497742 0.35790983944541666 0.059388571555122005 0.3089431995550015 0.6212350421748399 0.0 0.834634363531205 0.1352146886349428 0.03669135471291374 0.3744619718754725 0.4662518587900226 0.07246934211241574
0.5050319803777336 0.18243132556679909 0.5626380474065252 0.1608032451197503 0.6267014197657467 0.6893143010142876 0.6116245364097472 0.015407431010649897 0.5064843774835465 0.13960529025580481 0.48889553418139686 0.33714537191783456 0.834634363531205 0.0 0.19149997447800093 0.2228898438694379 0.1190619996551715 0.9436864044756291 0.3745198907713918
0.9419924507529566 0.24454066644029127 0.0880080469520641 0.25681283320795456 0.6024019332942735 0.5394907341561854 0.9233827104605878 0.7763793839879966 0.3530468795494872 0.2933675065314165 0.10178868591091883 0.7488094859408291 0.1352146886349428 0.19149997447800093 0.0 0.27062940627219156 0.057302815203081336 0.7612277804957885 0.6446641800626165
0.635164282608777 0.27996163166039123 0.7740232454185555 0.9833417996152761 0.328630105009205 0.2877342907821032 0.037029064459427774 0.1310757238189283 0.5983293628540134 0.7622404810676822 0.024685732858799714 0.6022464901652961 0.03669135471291374 0.2228898438694379 0.27062940627219156 0.0 0.5060003761498326 0.3016342607553971 0.6578231446249849
0.7894076777815394 0.9684961483399808 0.6651295207664542 0.935884074146499 0.17273574907094036 0.8992146698354377 0.8862996751790069 0.349396328588921 0.7899659634720385 0.4164376944935282 0.37045830620252806 0.3507328524087975 0.3744619718754725 0.1190619996551715 0.057302815203081336 0.5060003761498326 0.0 0.7061974205595428 0.6288785368491715
0.9560415668678381 0.8391692008193228 0.6562134846307593 0.14467449468733307 0.2386815800648575 0.15994241817402122 0.7121579563944468 0.6827859241455433 0.3268218588334456 0.5947501825138126 0.5662025500222985 0.6030996926183554 0.4662518587900226 0.9436864044756291 0.7612277804957885 0.3016342607553971 0.7061974205595428 0.0 0.3787079601047266
0.5265925666031488 0.3266588798938299 0.8115427875825492 0.0812283711500339 0.7507301740242328 0.12302157501703515 0.9595224931160451 0.7276964172470495 0.08996907518538766 0.1711054494030252 0.10727623397994879 0.7624425369094623 0.07246934211241574 0.3745198907713918 0.6446641800626165 0.6578231446249849 0.6288785368491715 0.3787079601047266 0.0

# Optimal Walk
0 9 13 7 5 17 3 18 11 8 4 16 14 2 1 10 15 6 12 0
