# Graph size: 19
# Optimal cost: 1.618985070187795

# Distance Matrix
0.0 0.7616224450089573 0.8825798732079809 0.6081497659143994 0.24888513063019313 0.15375552446486762 0.9125448077146922 0.08453063366169078 0.746191018781194 0.7712928765609279 0.2736119415133744 0.5106938566530279 0.28791625450915415 0.11139363922191481 0.6690130844844223 0.9996425390824681 0.5152625793203034 0.4329815274767319 0.004173871627733194
0.7616224450089573 0.0 0.9697353697963718 0.03549020648579537 0.8433816526617682 0.961316241368669 0.6482054919744207 0.9871519056477466 0.8350009659141608 0.9404638151932267 0.03767777138343087 0.4960371705960338 0.5638310949375288 0.9567240899510181 0.36060748884916005 0.7918762878126797 0.05315328987486867 0.2018856458427719 0.9037901998800375
0.8825798732079809 0.9697353697963718 0.0 0.5146432783871779 0.6786777004750739 0.6277833104250362 0.873569015377512 0.5293362194952633 0.7454498602250539 0.08954712204091342 0.34209195148750415 0.3894019630962572 0.7022091829825271 0.29876602823552423 0.6159488252292191 0.44151159168304643 0.5554861427807436 0.07976067653772878 0.3907434521046883
0.6081497659143994 0.03549020648579537 0.5146432783871779 0.0 0.4481819811280531 0.3435758479264339 0.19657410359559557 0.8686339735493699 0.5197778620302892 0.10962736678765816 0.323952801001714 0.6105997259532866 0.09371799209901799 0.6734404296700983 0.5725052607703751 0.27117088435381653 0.6762478322587321 0.6431614261066605 0.3463883706519313
0.24888513063019313 0.8433816526617682 0.6786777004750739 0.4481819811280531 0.0 0.5205827173281704 0.0709303374966177 0.5309233802820555 0.21128717284224663 0.39779307256055896 0.8580457723695416 0.5405755127457299 0.8811161978303443 0.057528795857543 0.9603799017697008 0.5809996619340101 0.3937860535315383 0.37550235209341964 0.23341978479526315
0.15375552446486762 0.961316241368669 0.6277833104250362 0.3435758479264339 0.5205827173281704 0.0 0.3251124098605658 0.039541973070103875 0.1581675856678929 0.15176459904188644 0.6825035902711792 0.6297955514126082 0.7668592923360185 0.828598811985382 0.8827627923037294 0.2500349645570977 0.8108882029693626 0.8013634512199589 0.47689783282843556
0.9125448077146922 0.6482054919744207 0.873569015377512 0.19657410359559557 0.0709303374966177 0.3251124098605658 0.0 0.7273127290672196 0.19013956810785793 0.24430054563277426 0.9558499163298461 0.6609746270899473 0.17494973536050296 0.5273349720526126 0.3579626851920943 0.014706900163422132 0.39951227091433217 0.3307965888805844 0.1913627410629698
0.08453063366169078 0.9871519056477466 0.5293362194952633 0.8686339735493699 0.5309233802820555 0.039541973070103875 0.7273127290672196 0.0 0.9486433945782159 0.6147913246617169 0.8467754280307674 0.2325621983673175 0.7821879505396409 0.7978962827500862 0.95044064542907 0.2791939303888601 0.7213718891403993 0.7470990814571313 0.6084439514551163
0.746191018781194 0.8350009659141608 0.7454498602250539 0.5197778620302892 0.21128717284224663 0.1581675856678929 0.19013956810785793 0.9486433945782159 0.0 0.7326430639841429 0.25898002804089604 0.6051512942975995 0.20656683939059373 0.9654387555265304 0.9613429176990093 0.8482852155059432 0.9250601138150288 0.7886226892410778 0.6926073091432411
0.7712928765609279 0.9404638151932267 0.08954712204091342 0.10962736678765816 0.39779307256055896 0.15176459904188644 0.24430054563277426 0.6147913246617169 0.7326430639841429 0.0 0.15425948684403623 0.7676633661175958 0.9759114885028477 0.1954603028698072 0.22003627492685396 0.35908068893531386 0.7243227929023603 0.3466975259476678 0.03815415428442803
0.2736119415133744 0.03767777138343087 0.34209195148750415 0.323952801001714 0.8580457723695416 0.6825035902711792 0.9558499163298461 0.8467754280307674 0.25898002804089604 0.15425948684403623 0.0 0.1657287790174028 0.1350351354211926 0.33668891159191805 0.36058628809856985 0.36586169832270243 0.2836044997624131 0.48371016274524004 0.07985159000803888
0.5106938566530279 0.4960371705960338 0.3894019630962572 0.6105997259532866 0.5405755127457299 0.6297955514126082 0.6609746270899473 0.2325621983673175 0.6051512942975995 0.7676633661175958 0.1657287790174028 0.0 0.1977163435467053 0.21526100289040762 0.38727226357200784 0.03937142550849826 0.24811167095643039 0.24886142135578115 0.6489948045690316
0.28791625450915415 0.5638310949375288 0.7022091829825271 0.09371799209901799 0.8811161978303443 0.7668592923360185 0.17494973536050296 0.7821879505396409 0.20656683939059373 0.9759114885028477 0.1350351354211926 0.1977163435467053 0.0 0.3485424926842364 0.8089730257920803 0.3021744158916233 0.4452336136026773 0.6227220872513293 0.1255431263761967
0.11139363922191481 0.9567240899510181 0.29876602823552423 0.6734404296700983 0.057528795857543 0.828598811985382 0.5273349720526126 0.7978962827500862 0.9654387555265304 0.1954603028698072 0.33668891159191805 0.21526100289040762 0.3485424926842364 0.0 0.5615269908987258 0.8225867182979807 0.6942988804685896 0.08757952285544968 0.7104425514579671
0.6690130844844223 0.36060748884916005 0.6159488252292191 0.5725052607703751 0.9603799017697008 0.8827627923037294 0.3579626851920943 0.95044064542907 0.9613429176990093 0.22003627492685396 0.36058628809856985 0.38727226357200784 0.8089730257920803 0.5615269908987258 0.0 0.7055672102032211 0.2482489961567298 0.6736275949136857 0.10475195164489781
0.9996425390824681 0.7918762878126797 0.44151159168304643 0.27117088435381653 0.5809996619340101 0.2500349645570977 0.014706900163422132 0.2791939303888601 0.8482852155059432 0.35908068893531386 0.36586169832270243 0.03937142550849826 0.3021744158916233 0.8225867182979807 0.7055672102032211 0.0 0.2551452008823015 0.5240533562413872 0.24849732875614527
0.5152625793203034 0.05315328987486867 0.5554861427807436 0.6762478322587321 0.3937860535315383 0.8108882029693626 0.39951227091433217 0.7213718891403993 0.9250601138150288 0.7243227929023603 0.2836044997624131 0.24811167095643039 0.4452336136026773 0.6942988804685896 0.2482489961567298 0.2551452008823015 0.0 0.7357609523139028 0.3975255128841959
0.4329815274767319 0.2018856458427719 0.07976067653772878 0.6431614261066605 0.37550235209341964 0.8013634512199589 0.3307965888805844 0.7470990814571313 0.7886226892410778 0.3466975259476678 0.48371016274524004 0.24886142135578115 0.6227220872513293 0.08757952285544968 0.6736275949136857 0.5240533562413872 0.7357609523139028 0.0 0.6955793587100288
0.004173871627733194 0.9037901998800375 0.3907434521046883 0.3463883706519313 0.23341978479526315 0.47689783282843556 0.1913627410629698 0.6084439514551163 0.6926073091432411 0.03815415428442803 0.07985159000803888 0.6489948045690316 0.1255431263761967 0.7104425514579671 0.10475195164489781 0.24849732875614527 0.3975255128841959 0.6955793587100288 0.0

# Optimal Walk
0 18 14 9 2 17 13 4 6 15 11 10 16 1 3 12 8 5 7 0
