# MCW Instance
# Type: UNIFORM
# N: 19
# Optimal cost: 1.8736112314937117
# Optimal tour (permutation): [0, 1, 13, 7, 2, 10, 8, 6, 15, 16, 12, 4, 17, 9, 5, 18, 11, 3, 14, 0]
# Optimal walk (full path): [0, 1, 13, 2, 7, 2, 8, 10, 8, 6, 8, 15, 4, 16, 12, 4, 9, 17, 9, 5, 18, 11, 14, 3, 14, 0]
# Walk size: 26
# Is walk (has repeats): true

# Distance Matrix
0.0000000000 0.0768299901 0.7497704439 0.6045853646 0.9809064132 0.7202111199 0.5377059166 0.8538004961 0.3948667492 0.3293246202 0.9699664481 0.7914487930 0.6256947942 0.5515904906 0.0455532804 0.5675561103 0.6901507055 0.5549099741 0.4143043525
0.0768299901 0.0000000000 0.4896474319 0.5024985984 0.3767368092 0.3393929664 0.2692683158 0.5411759416 0.7855244058 0.1414177121 0.7091197162 0.7510977493 0.1089249929 0.0367118705 0.9848901519 0.3134621045 0.9528436659 0.1037891751 0.4112194215
0.7497704439 0.4896474319 0.0000000000 0.6268373246 0.9864264985 0.9643829065 0.5978306645 0.0864755784 0.0002889516 0.6493229278 0.1997184696 0.0232115094 0.2587666009 0.0345357176 0.0443827086 0.4689685260 0.7616976539 0.1787402637 0.2794489662
0.6045853646 0.5024985984 0.6268373246 0.0000000000 0.2528095228 0.4072225337 0.8719531899 0.3256182688 0.2996329866 0.2043128594 0.7127037694 0.8427405612 0.9030292748 0.6222184992 0.0719002807 0.6209070714 0.1744760099 0.8837479388 0.3725770536
0.9809064132 0.3767368092 0.9864264985 0.2528095228 0.0000000000 0.2938096180 0.8329656496 0.5102739622 0.2172910265 0.0382151009 0.9923223840 0.7085826733 0.0287258180 0.9712560980 0.6278792232 0.2531614530 0.0341002244 0.7863391904 0.9598509572
0.7202111199 0.3393929664 0.9643829065 0.4072225337 0.2938096180 0.0000000000 0.3622466780 0.6202668160 0.2788247992 0.0776517532 0.6919299558 0.3139261761 0.8042337393 0.7475709729 0.9798469532 0.9001705812 0.3845868350 0.4956347932 0.0584504456
0.5377059166 0.2692683158 0.5978306645 0.8719531899 0.8329656496 0.3622466780 0.0000000000 0.4826102687 0.1325861970 0.7381444976 0.9275953145 0.6096247308 0.8986978968 0.9442977011 0.3271395074 0.9438201766 0.5627971208 0.5584613836 0.7824923632
0.8538004961 0.5411759416 0.0864755784 0.3256182688 0.5102739622 0.6202668160 0.4826102687 0.0000000000 0.3355635251 0.1898893393 0.6840810297 0.4095174439 0.5765025073 0.3485213345 0.3368728991 0.8599239024 0.5552702141 0.2508485523 0.4118619046
0.3948667492 0.7855244058 0.0002889516 0.2996329866 0.2172910265 0.2788247992 0.1325861970 0.3355635251 0.0000000000 0.6642572307 0.0151115531 0.0149264358 0.3769902665 0.8868262748 0.6219585724 0.2726445772 0.1054373693 0.4453803303 0.5915199174
0.3293246202 0.1414177121 0.6493229278 0.2043128594 0.0382151009 0.0776517532 0.7381444976 0.1898893393 0.6642572307 0.0000000000 0.5508248135 0.1894544268 0.6680767583 0.6952394178 0.3383554659 0.5404321014 0.6612557018 0.0675176095 0.5188353855
0.9699664481 0.7091197162 0.1997184696 0.7127037694 0.9923223840 0.6919299558 0.9275953145 0.6840810297 0.0151115531 0.5508248135 0.0000000000 0.0730832195 0.8437653997 0.8703788353 0.8960536035 0.7960366075 0.5670583512 0.5368059966 0.8687313899
0.7914487930 0.7510977493 0.0232115094 0.8427405612 0.7085826733 0.3139261761 0.6096247308 0.4095174439 0.0149264358 0.1894544268 0.0730832195 0.0000000000 0.6868022882 0.0850042793 0.0102540568 0.9213051128 0.3159823815 0.2633436206 0.1253921413
0.6256947942 0.1089249929 0.2587666009 0.9030292748 0.0287258180 0.8042337393 0.8986978968 0.5765025073 0.3769902665 0.6680767583 0.8437653997 0.6868022882 0.0000000000 0.4891305529 0.3037658939 0.3259308032 0.0339134135 0.9293396567 0.3411599933
0.5515904906 0.0367118705 0.0345357176 0.6222184992 0.9712560980 0.7475709729 0.9442977011 0.3485213345 0.8868262748 0.6952394178 0.8703788353 0.0850042793 0.4891305529 0.0000000000 0.6233934620 0.3692908589 0.7826836733 0.6890739389 0.8795609662
0.0455532804 0.9848901519 0.0443827086 0.0719002807 0.6278792232 0.9798469532 0.3271395074 0.3368728991 0.6219585724 0.3383554659 0.8960536035 0.0102540568 0.3037658939 0.6233934620 0.0000000000 0.6656464541 0.2470469597 0.7802865690 0.6219907528
0.5675561103 0.3134621045 0.4689685260 0.6209070714 0.2531614530 0.9001705812 0.9438201766 0.8599239024 0.2726445772 0.5404321014 0.7960366075 0.9213051128 0.3259308032 0.3692908589 0.6656464541 0.0000000000 0.3984396131 0.7999181055 0.7924914500
0.6901507055 0.9528436659 0.7616976539 0.1744760099 0.0341002244 0.3845868350 0.5627971208 0.5552702141 0.1054373693 0.6612557018 0.5670583512 0.3159823815 0.0339134135 0.7826836733 0.2470469597 0.3984396131 0.0000000000 0.5351490813 0.8984706506
0.5549099741 0.1037891751 0.1787402637 0.8837479388 0.7863391904 0.4956347932 0.5584613836 0.2508485523 0.4453803303 0.0675176095 0.5368059966 0.2633436206 0.9293396567 0.6890739389 0.7802865690 0.7999181055 0.5351490813 0.0000000000 0.2049562525
0.4143043525 0.4112194215 0.2794489662 0.3725770536 0.9598509572 0.0584504456 0.7824923632 0.4118619046 0.5915199174 0.5188353855 0.8687313899 0.1253921413 0.3411599933 0.8795609662 0.6219907528 0.7924914500 0.8984706506 0.2049562525 0.0000000000
