# MCW Instance
# Type: UNIFORM
# N: 19
# Optimal cost: 1.1932495303679844
# Optimal tour (permutation): [0, 15, 7, 2, 17, 5, 13, 8, 6, 14, 18, 4, 3, 11, 9, 1, 12, 16, 10, 0]
# Optimal walk (full path): [0, 15, 7, 2, 17, 5, 13, 8, 6, 8, 14, 18, 4, 18, 3, 11, 9, 12, 1, 12, 16, 10, 0]
# Walk size: 23
# Is walk (has repeats): true

# Distance Matrix
0.0000000000 0.5399938322 0.5805403288 0.0762407761 0.5269203255 0.4242825445 0.9332966113 0.0327485121 0.2547788908 0.8352146290 0.0169010844 0.6093399555 0.8267624645 0.4392633991 0.6659657040 0.0109320184 0.5404770639 0.4484304717 0.9915230280
0.5399938322 0.0000000000 0.6561588173 0.2869186198 0.3553435624 0.1038342409 0.6479624338 0.3626139562 0.4764451794 0.3981479636 0.5088333064 0.5723892410 0.0174146059 0.5914293630 0.2507986856 0.4362730207 0.6571910706 0.8318666044 0.3981097889
0.5805403288 0.6561588173 0.0000000000 0.3384548475 0.7104435092 0.3680022517 0.4096798832 0.0118850356 0.7730579885 0.4606252647 0.0586763784 0.8390143546 0.3811914587 0.4480985663 0.7182724732 0.0673373482 0.6216659051 0.1345866118 0.1754148454
0.0762407761 0.2869186198 0.3384548475 0.0000000000 0.1878165046 0.8199546006 0.9606858734 0.5485657746 0.4049289360 0.4017378665 0.7372505111 0.1207291913 0.3389906088 0.7749830126 0.0757446618 0.4156725505 0.8445783697 0.6117290917 0.0322415663
0.5269203255 0.3553435624 0.7104435092 0.1878165046 0.0000000000 0.6431069592 0.1032828164 0.2222341782 0.8972289002 0.7176904135 0.9546901234 0.8088688913 0.5096692321 0.4170699932 0.7664043178 0.2631171922 0.9513023948 0.8857807300 0.0120860097
0.4242825445 0.1038342409 0.3680022517 0.8199546006 0.6431069592 0.0000000000 0.8262711352 0.9859671690 0.6146703557 0.1258974496 0.3728838242 0.1487574031 0.2296207367 0.1324077015 0.2957701530 0.9611175593 0.9086880172 0.0129262388 0.9723229882
0.9332966113 0.6479624338 0.4096798832 0.9606858734 0.1032828164 0.8262711352 0.0000000000 0.3505215154 0.0133857962 0.7623967507 0.5741376247 0.9871671521 0.5676864070 0.6153974788 0.5454145456 0.9151592693 0.5474174542 0.9754582678 0.4203374268
0.0327485121 0.3626139562 0.0118850356 0.5485657746 0.2222341782 0.9859671690 0.3505215154 0.0000000000 0.5519410026 0.5530822244 0.1688185831 0.7755988914 0.8572746028 0.3307338728 0.2619146508 0.0214741176 0.2318600986 0.7783855012 0.8312985718
0.2547788908 0.4764451794 0.7730579885 0.4049289360 0.8972289002 0.6146703557 0.0133857962 0.5519410026 0.0000000000 0.4233184373 0.4957203521 0.5295387723 0.7553552799 0.2150914697 0.1177694882 0.9407665022 0.8090983389 0.9174874657 0.7205212805
0.8352146290 0.3981479636 0.4606252647 0.4017378665 0.7176904135 0.1258974496 0.7623967507 0.5530822244 0.4233184373 0.0000000000 0.3268851521 0.0864888741 0.0054775293 0.7676826177 0.5851053860 0.0491364737 0.8835463093 0.2574166112 0.9286500926
0.0169010844 0.5088333064 0.0586763784 0.7372505111 0.9546901234 0.3728838242 0.5741376247 0.1688185831 0.4957203521 0.3268851521 0.0000000000 0.3059044915 0.7216321561 0.1903486946 0.3106810877 0.0648569118 0.0807563384 0.5589285008 0.2609767979
0.6093399555 0.5723892410 0.8390143546 0.1207291913 0.8088688913 0.1487574031 0.9871671521 0.7755988914 0.5295387723 0.0864888741 0.3059044915 0.0000000000 0.5671472809 0.4145534567 0.6135488218 0.2806556208 0.7118646794 0.4713918687 0.2008626253
0.8267624645 0.0174146059 0.3811914587 0.3389906088 0.5096692321 0.2296207367 0.5676864070 0.8572746028 0.7553552799 0.0054775293 0.7216321561 0.5671472809 0.0000000000 0.6443401436 0.5115157654 0.3414992511 0.0410275762 0.4445100438 0.9797358679
0.4392633991 0.5914293630 0.4480985663 0.7749830126 0.4170699932 0.1324077015 0.6153974788 0.3307338728 0.2150914697 0.7676826177 0.1903486946 0.4145534567 0.6443401436 0.0000000000 0.3944853135 0.9131471602 0.9793921502 0.5459862489 0.6348799487
0.6659657040 0.2507986856 0.7182724732 0.0757446618 0.7664043178 0.2957701530 0.5454145456 0.2619146508 0.1177694882 0.5851053860 0.3106810877 0.6135488218 0.5115157654 0.3944853135 0.0000000000 0.8519659647 0.1335883403 0.1164083905 0.0667818652
0.0109320184 0.4362730207 0.0673373482 0.4156725505 0.2631171922 0.9611175593 0.9151592693 0.0214741176 0.9407665022 0.0491364737 0.0648569118 0.2806556208 0.3414992511 0.9131471602 0.8519659647 0.0000000000 0.6239163487 0.2297432671 0.4556711059
0.5404770639 0.6571910706 0.6216659051 0.8445783697 0.9513023948 0.9086880172 0.5474174542 0.2318600986 0.8090983389 0.8835463093 0.0807563384 0.7118646794 0.0410275762 0.9793921502 0.1335883403 0.6239163487 0.0000000000 0.5034391134 0.9469021998
0.4484304717 0.8318666044 0.1345866118 0.6117290917 0.8857807300 0.0129262388 0.9754582678 0.7783855012 0.9174874657 0.2574166112 0.5589285008 0.4713918687 0.4445100438 0.5459862489 0.1164083905 0.2297432671 0.5034391134 0.0000000000 0.9399053332
0.9915230280 0.3981097889 0.1754148454 0.0322415663 0.0120860097 0.9723229882 0.4203374268 0.8312985718 0.7205212805 0.9286500926 0.2609767979 0.2008626253 0.9797358679 0.6348799487 0.0667818652 0.4556711059 0.9469021998 0.9399053332 0.0000000000
