# Graph size: 19
# Optimal cost: 1.467348701014234

# Distance Matrix
0.0 0.29189514995041443 0.4537866345544782 0.8596849749209787 0.6532340441655413 0.2941465671681813 0.01687390435922198 0.16838220671421578 0.674435934506991 0.2843395810033986 0.3026958411161491 0.049406333487052034 0.9434543282817266 0.6932229540279705 0.597090205212661 0.733230189371348 0.78727695150079 0.43444618422290615 0.3412532807331
0.29189514995041443 0.0 0.06475778072670846 0.3102489364426064 0.5069645562526187 0.22819881495814776 0.7539038253047625 0.8762744992357836 0.2498191414781329 0.8791815700504255 0.23193310436845815 0.9404075575112572 0.7188050005587296 0.3520692079306048 0.6499667429321009 0.7557409186459465 0.7336422130954492 0.5393101624672592 0.6507896296248763
0.4537866345544782 0.06475778072670846 0.0 0.927792510270904 0.5046153368213016 0.8500591742325888 0.4210697201017891 0.2661260166248368 0.38924958540572685 0.43918652553478477 0.18832601093712686 0.8917327336383404 0.252442206887345 0.6453106592437002 0.7654591785656162 0.0987403000446283 0.10757038497995064 0.23065831399812953 0.9653851937251318
0.8596849749209787 0.3102489364426064 0.927792510270904 0.0 0.0403028867823928 0.201447719541626 0.4774700259007385 0.7092885400718172 0.9110667156077449 0.47260301019263473 0.1888331738750615 0.4342386865383576 0.9323939831301273 0.3602072809842505 0.1662387437048204 0.9693894431530502 0.11156673278057327 0.27007538977437573 0.7918219524223565
0.6532340441655413 0.5069645562526187 0.5046153368213016 0.0403028867823928 0.0 0.3947083622332922 0.4424818816606604 0.6145214401900003 0.9301609889741274 0.5221583630951468 0.9428875644583379 0.23444759466454512 0.4826722101530775 0.5464822489475507 0.6819996049838544 0.1848982741806191 0.5770543018595311 0.10121541809418932 0.7423764743693223
0.2941465671681813 0.22819881495814776 0.8500591742325888 0.201447719541626 0.3947083622332922 0.0 0.31941297988067885 0.5548976085899537 0.42528029852868277 0.8812200534729188 0.8438623651293775 0.632489494069118 0.5964912840674044 0.508808272963526 0.027054156055695167 0.3530099283570737 0.8205265112312358 0.4855551967069075 0.5532467080646013
0.01687390435922198 0.7539038253047625 0.4210697201017891 0.4774700259007385 0.4424818816606604 0.31941297988067885 0.0 0.7227262582926691 0.5773986509481377 0.15423276290722632 0.5808098406996288 0.22945973087933347 0.022183799220916955 0.970177961314845 0.43162378735600593 0.7785104423041148 0.412744329194917 0.06984770693731068 0.977409224113141
0.16838220671421578 0.8762744992357836 0.2661260166248368 0.7092885400718172 0.6145214401900003 0.5548976085899537 0.7227262582926691 0.0 0.9493918594983088 0.49440745360934735 0.12687318705011563 0.21203210859645727 0.8761394312824418 0.7100384616966057 0.8848042505602037 0.20292962433800965 0.4846223818698612 0.823673947735539 0.8270237882304596
0.674435934506991 0.2498191414781329 0.38924958540572685 0.9110667156077449 0.9301609889741274 0.42528029852868277 0.5773986509481377 0.9493918594983088 0.0 0.6001541483915223 0.7822019366051994 0.04685670393449737 0.5468504841079633 0.14813416292940662 0.3882426553620837 0.0390409190658465 0.5146384104158274 0.19310271647458133 0.5183982844777922
0.2843395810033986 0.8791815700504255 0.43918652553478477 0.47260301019263473 0.5221583630951468 0.8812200534729188 0.15423276290722632 0.49440745360934735 0.6001541483915223 0.0 0.21691223736528664 0.10371974136024353 0.008245302990393388 0.19125733338573592 0.6521948314605266 0.9333270249332376 0.8689708209419403 0.512847465399805 0.4634930840049928
0.3026958411161491 0.23193310436845815 0.18832601093712686 0.1888331738750615 0.9428875644583379 0.8438623651293775 0.5808098406996288 0.12687318705011563 0.7822019366051994 0.21691223736528664 0.0 0.8141698333347582 0.20231067577963724 0.5126622104426095 0.014942569960588514 0.841130132722701 0.8073025749180969 0.15428734330534988 0.4229218628492557
0.049406333487052034 0.9404075575112572 0.8917327336383404 0.4342386865383576 0.23444759466454512 0.632489494069118 0.22945973087933347 0.21203210859645727 0.04685670393449737 0.10371974136024353 0.8141698333347582 0.0 0.46757919605675513 0.09731762592864446 0.8243682544373959 0.8418027918402348 0.7171086385115469 0.5506402577973378 0.8155741438176536
0.9434543282817266 0.7188050005587296 0.252442206887345 0.9323939831301273 0.4826722101530775 0.5964912840674044 0.022183799220916955 0.8761394312824418 0.5468504841079633 0.008245302990393388 0.20231067577963724 0.46757919605675513 0.0 0.750693314549049 0.04100670970367937 0.07221235768713208 0.062378148721592974 0.9953541726976664 0.7136000593406315
0.6932229540279705 0.3520692079306048 0.6453106592437002 0.3602072809842505 0.5464822489475507 0.508808272963526 0.970177961314845 0.7100384616966057 0.14813416292940662 0.19125733338573592 0.5126622104426095 0.09731762592864446 0.750693314549049 0.0 0.7673046893922164 0.6628875235973228 0.6529466381196803 0.0726208922640521 0.7069801196834127
0.597090205212661 0.6499667429321009 0.7654591785656162 0.1662387437048204 0.6819996049838544 0.027054156055695167 0.43162378735600593 0.8848042505602037 0.3882426553620837 0.6521948314605266 0.014942569960588514 0.8243682544373959 0.04100670970367937 0.7673046893922164 0.0 0.5256213273365729 0.881995633722073 0.35804734613880373 0.625564439917016
0.733230189371348 0.7557409186459465 0.0987403000446283 0.9693894431530502 0.1848982741806191 0.3530099283570737 0.7785104423041148 0.20292962433800965 0.0390409190658465 0.9333270249332376 0.841130132722701 0.8418027918402348 0.07221235768713208 0.6628875235973228 0.5256213273365729 0.0 0.8170473774774103 0.7959283460817361 0.3804051431503592
0.78727695150079 0.7336422130954492 0.10757038497995064 0.11156673278057327 0.5770543018595311 0.8205265112312358 0.412744329194917 0.4846223818698612 0.5146384104158274 0.8689708209419403 0.8073025749180969 0.7171086385115469 0.062378148721592974 0.6529466381196803 0.881995633722073 0.8170473774774103 0.0 0.13194279490615446 0.7538543400144075
0.43444618422290615 0.5393101624672592 0.23065831399812953 0.27007538977437573 0.10121541809418932 0.4855551967069075 0.06984770693731068 0.823673947735539 0.19310271647458133 0.512847465399805 0.15428734330534988 0.5506402577973378 0.9953541726976664 0.0726208922640521 0.35804734613880373 0.7959283460817361 0.13194279490615446 0.0 0.05577602418570993
0.3412532807331 0.6507896296248763 0.9653851937251318 0.7918219524223565 0.7423764743693223 0.5532467080646013 0.977409224113141 0.8270237882304596 0.5183982844777922 0.4634930840049928 0.4229218628492557 0.8155741438176536 0.7136000593406315 0.7069801196834127 0.625564439917016 0.3804051431503592 0.7538543400144075 0.05577602418570993 0.0

# Optimal Walk
0 7 10 14 5 1 2 15 8 11 13 18 17 4 3 16 12 9 6 0
