# Graph size: 19
# Optimal cost: 1.220029085714799

# Distance Matrix
0.0 0.5889079574662844 0.18558079128849114 0.686701649886057 0.5986660327535938 0.2448020517060382 0.03678737243445562 0.32774435086337705 0.8178978305346076 0.22861162549787772 0.29738482701218705 0.4674499483332103 0.8692348309374234 0.47901432636781527 0.12697771596949492 0.9571190123575144 0.4694890296628309 0.08922754799630628 0.2894239783374454
0.5889079574662844 0.0 0.3483322936398038 0.9315907874267926 0.5168670843216792 0.11373224789658609 0.8722227789082379 0.6123870896477035 0.15386843472141998 0.021786262867828365 0.012224210498630761 0.9747672414901936 0.07901098131820294 0.6927506975738793 0.8331681115260955 0.31883411659241867 0.8165618905989455 0.5365523614939787 0.9962033237530498
0.18558079128849114 0.3483322936398038 0.0 0.2300027641222271 0.706783075993242 0.782619573705933 0.4368635192185757 0.3163228025021948 0.057521462076431495 0.15510183636910624 0.012709580627956796 0.862984577557549 0.5908286245261519 0.8020804330514288 0.03732550213831387 0.618883713543961 0.8245334144855149 0.8738203376040237 0.5090479156678656
0.686701649886057 0.9315907874267926 0.2300027641222271 0.0 0.04828178509740888 0.935916805489992 0.9039023782471236 0.01566088563263679 0.03001615660956103 0.3431154571739331 0.9371138072945627 0.7503893562847147 0.16737499821293123 0.7096065860692029 0.16926469836596802 0.8098758355323533 0.5836680730704401 0.3281036666983218 0.7166361402543263
0.5986660327535938 0.5168670843216792 0.706783075993242 0.04828178509740888 0.0 0.9614269728746684 0.3216882065565191 0.8724187657316058 0.0165560165874421 0.36466771463254055 0.23967150012183447 0.3193239365999314 0.2756364069231553 0.31184278316523617 0.6020295299995919 0.4371708481144675 0.328496283281133 0.9113562122642654 0.40003996502583916
0.2448020517060382 0.11373224789658609 0.782619573705933 0.935916805489992 0.9614269728746684 0.0 0.6140041071967538 0.247332075472523 0.7807420371037194 0.8058466759762967 0.9551305760458024 0.05148762870431778 0.23810979515128183 0.06253391306712064 0.5185831262659353 0.9062142268195293 0.1852110292012159 0.5437038530101143 0.27664462399846346
0.03678737243445562 0.8722227789082379 0.4368635192185757 0.9039023782471236 0.3216882065565191 0.6140041071967538 0.0 0.27110058497792766 0.8606238294942566 0.6779003482661338 0.8925733269947406 0.5611912517247694 0.9081545442682225 0.9263859115489341 0.6838987075812867 0.01760177349804637 0.7534066832468849 0.027193257050187603 0.2071323007338155
0.32774435086337705 0.6123870896477035 0.3163228025021948 0.01566088563263679 0.8724187657316058 0.247332075472523 0.27110058497792766 0.0 0.6494770758398127 0.11056956774380566 0.2740363214244885 0.7434651945829085 0.30542935138047944 0.5518298679538053 0.6855805394418035 0.5910004136781092 0.16013037952782905 0.4634111802898667 0.5387349731285581
0.8178978305346076 0.15386843472141998 0.057521462076431495 0.03001615660956103 0.0165560165874421 0.7807420371037194 0.8606238294942566 0.6494770758398127 0.0 0.4762945740300689 0.16052242485425716 0.3850986855768693 0.8890443830431589 0.5864603034481713 0.266150850872513 0.6842067984658924 0.3819222706608061 0.6928070540405344 0.6394107753556719
0.22861162549787772 0.021786262867828365 0.15510183636910624 0.3431154571739331 0.36466771463254055 0.8058466759762967 0.6779003482661338 0.11056956774380566 0.4762945740300689 0.0 0.7502995663395424 0.8703805585068998 0.587974650566348 0.2940388865447803 0.41357561247829266 0.09807554039355748 0.5907405331737441 0.09397105408464712 0.0876801383329
0.29738482701218705 0.012224210498630761 0.012709580627956796 0.9371138072945627 0.23967150012183447 0.9551305760458024 0.8925733269947406 0.2740363214244885 0.16052242485425716 0.7502995663395424 0.0 0.9809035941238582 0.186158300030267 0.4097248459976144 0.216808689915722 0.8260443950717351 0.9634111639052488 0.1857557386209775 0.9673186693984116
0.4674499483332103 0.9747672414901936 0.862984577557549 0.7503893562847147 0.3193239365999314 0.05148762870431778 0.5611912517247694 0.7434651945829085 0.3850986855768693 0.8703805585068998 0.9809035941238582 0.0 0.16426361369176323 0.889741363254265 0.649774296010277 0.7456664847057746 0.7394506229078502 0.6160426113670167 0.40380110421978266
0.8692348309374234 0.07901098131820294 0.5908286245261519 0.16737499821293123 0.2756364069231553 0.23810979515128183 0.9081545442682225 0.30542935138047944 0.8890443830431589 0.587974650566348 0.186158300030267 0.16426361369176323 0.0 0.04733884007458822 0.5987812663042561 0.948178906194571 0.17677522439239057 0.3455499578119313 0.15755968047451652
0.47901432636781527 0.6927506975738793 0.8020804330514288 0.7096065860692029 0.31184278316523617 0.06253391306712064 0.9263859115489341 0.5518298679538053 0.5864603034481713 0.2940388865447803 0.4097248459976144 0.889741363254265 0.04733884007458822 0.0 0.8378206506627675 0.0898204512296501 0.21382604853843334 0.574707016512039 0.24756421900734404
0.12697771596949492 0.8331681115260955 0.03732550213831387 0.16926469836596802 0.6020295299995919 0.5185831262659353 0.6838987075812867 0.6855805394418035 0.266150850872513 0.41357561247829266 0.216808689915722 0.649774296010277 0.5987812663042561 0.8378206506627675 0.0 0.8878138163313004 0.6432014603102808 0.7680293817061261 0.027328974932411043
0.9571190123575144 0.31883411659241867 0.618883713543961 0.8098758355323533 0.4371708481144675 0.9062142268195293 0.01760177349804637 0.5910004136781092 0.6842067984658924 0.09807554039355748 0.8260443950717351 0.7456664847057746 0.948178906194571 0.0898204512296501 0.8878138163313004 0.0 0.22468872949410235 0.5626018694304437 0.9228109180216648
0.4694890296628309 0.8165618905989455 0.8245334144855149 0.5836680730704401 0.328496283281133 0.1852110292012159 0.7534066832468849 0.16013037952782905 0.3819222706608061 0.5907405331737441 0.9634111639052488 0.7394506229078502 0.17677522439239057 0.21382604853843334 0.6432014603102808 0.22468872949410235 0.0 0.5025013252094479 0.7549447349403201
0.08922754799630628 0.5365523614939787 0.8738203376040237 0.3281036666983218 0.9113562122642654 0.5437038530101143 0.027193257050187603 0.4634111802898667 0.6928070540405344 0.09397105408464712 0.1857557386209775 0.6160426113670167 0.3455499578119313 0.574707016512039 0.7680293817061261 0.5626018694304437 0.5025013252094479 0.0 0.9000914587050215
0.2894239783374454 0.9962033237530498 0.5090479156678656 0.7166361402543263 0.40003996502583916 0.27664462399846346 0.2071323007338155 0.5387349731285581 0.6394107753556719 0.0876801383329 0.9673186693984116 0.40380110421978266 0.15755968047451652 0.24756421900734404 0.027328974932411043 0.9228109180216648 0.7549447349403201 0.9000914587050215 0.0

# Optimal Walk
0 17 9 1 10 18 14 2 8 4 3 7 16 11 5 13 12 15 6 0
