# MCW Instance
# Type: UNIFORM
# N: 19
# Optimal cost: 1.1438384081758102
# Optimal tour (permutation): [0, 16, 5, 3, 9, 7, 15, 10, 13, 4, 6, 18, 14, 17, 11, 12, 2, 8, 1, 0]
# Optimal walk (full path): [0, 16, 5, 16, 3, 9, 7, 15, 10, 15, 13, 4, 13, 6, 18, 14, 18, 17, 11, 12, 2, 8, 1, 0]
# Walk size: 24
# Is walk (has repeats): true

# Distance Matrix
0.0000000000 0.0006590160 0.1084038376 0.5670571571 0.8964430300 0.3297291845 0.3518604352 0.9657897205 0.6227785664 0.4153329378 0.2371311401 0.3929394910 0.8059022546 0.9164593038 0.8601895154 0.3205197284 0.0748133131 0.7589552043 0.5618922613
0.0006590160 0.0000000000 0.0115771567 0.8246394699 0.1223761493 0.5721412551 0.3999757698 0.5282266043 0.0141636770 0.8805100950 0.4974644346 0.2587050364 0.0964636029 0.3944006175 0.0680488804 0.5783365988 0.6506253277 0.0170837953 0.7950404437
0.1084038376 0.0115771567 0.0000000000 0.4108599296 0.5653989484 0.8805195781 0.9327553013 0.5077167341 0.0170736254 0.6016375488 0.4826899803 0.6429546592 0.0732771619 0.0958013587 0.2630997667 0.7272672381 0.7968834901 0.1774670502 0.8512586791
0.5670571571 0.8246394699 0.4108599296 0.0000000000 0.6185450494 0.5524507196 0.9055858223 0.2692813457 0.5244765651 0.1248401276 0.3900901712 0.4572382918 0.5421509069 0.9481414672 0.5658416975 0.0313977361 0.0602790746 0.2127580592 0.2617076178
0.8964430300 0.1223761493 0.5653989484 0.6185450494 0.0000000000 0.5607790578 0.4615641567 0.8694806814 0.7449724759 0.6118041720 0.8059150814 0.5816062490 0.8050802975 0.1086845388 0.9496124960 0.4896336820 0.3557417330 0.1362836390 0.8611996331
0.3297291845 0.5721412551 0.8805195781 0.5524507196 0.5607790578 0.0000000000 0.2477961279 0.4807293927 0.1725458547 0.7317847959 0.1676650298 0.8262244274 0.8791842098 0.8456062706 0.4612882159 0.2513653322 0.0021713987 0.0761247256 0.5148008087
0.3518604352 0.3999757698 0.9327553013 0.9055858223 0.4615641567 0.2477961279 0.0000000000 0.6886902768 0.6376798733 0.3035718661 0.8431740453 0.2374521563 0.1044679356 0.0117985237 0.8777440943 0.6153255956 0.9303113026 0.8154290414 0.0203892119
0.9657897205 0.5282266043 0.5077167341 0.2692813457 0.8694806814 0.4807293927 0.6886902768 0.0000000000 0.2278133575 0.0079298979 0.6927434426 0.4616999069 0.2796995955 0.8049625561 0.2553721632 0.1052142505 0.5491853540 0.6228926562 0.4728030081
0.6227785664 0.0141636770 0.0170736254 0.5244765651 0.7449724759 0.1725458547 0.6376798733 0.2278133575 0.0000000000 0.5657658042 0.6728818088 0.2914300900 0.8878633655 0.6172192130 0.0486251493 0.3577062888 0.5087552538 0.6533446103 0.7531163609
0.4153329378 0.8805100950 0.6016375488 0.1248401276 0.6118041720 0.7317847959 0.3035718661 0.0079298979 0.5657658042 0.0000000000 0.7837402909 0.2438846490 0.6953084155 0.1926781048 0.4009859930 0.9576404083 0.2302352220 0.5579598941 0.8873717670
0.2371311401 0.4974644346 0.4826899803 0.3900901712 0.8059150814 0.1676650298 0.8431740453 0.6927434426 0.6728818088 0.7837402909 0.0000000000 0.9684426047 0.6975214182 0.5372122791 0.8300953851 0.0847939639 0.7530579669 0.1577889039 0.5165388222
0.3929394910 0.2587050364 0.6429546592 0.4572382918 0.5816062490 0.8262244274 0.2374521563 0.4616999069 0.2914300900 0.2438846490 0.9684426047 0.0000000000 0.0807316690 0.5362467563 0.0718255395 0.4560189742 0.8489918498 0.0406705949 0.0795830911
0.8059022546 0.0964636029 0.0732771619 0.5421509069 0.8050802975 0.8791842098 0.1044679356 0.2796995955 0.8878633655 0.6953084155 0.6975214182 0.0807316690 0.0000000000 0.2766919714 0.3383623156 0.3465044648 0.1927315927 0.5647800513 0.7811133050
0.9164593038 0.3944006175 0.0958013587 0.9481414672 0.1086845388 0.8456062706 0.0117985237 0.8049625561 0.6172192130 0.1926781048 0.5372122791 0.5362467563 0.2766919714 0.0000000000 0.9112314002 0.0798907210 0.4173921814 0.6470605781 0.3349536231
0.8601895154 0.0680488804 0.2630997667 0.5658416975 0.9496124960 0.4612882159 0.8777440943 0.2553721632 0.0486251493 0.4009859930 0.8300953851 0.0718255395 0.3383623156 0.9112314002 0.0000000000 0.3080313702 0.9655602226 0.2227283881 0.0175654286
0.3205197284 0.5783365988 0.7272672381 0.0313977361 0.4896336820 0.2513653322 0.6153255956 0.1052142505 0.3577062888 0.9576404083 0.0847939639 0.4560189742 0.3465044648 0.0798907210 0.3080313702 0.0000000000 0.3958825410 0.8907149135 0.7072449261
0.0748133131 0.6506253277 0.7968834901 0.0602790746 0.3557417330 0.0021713987 0.9303113026 0.5491853540 0.5087552538 0.2302352220 0.7530579669 0.8489918498 0.1927315927 0.4173921814 0.9655602226 0.3958825410 0.0000000000 0.9072813735 0.3292758503
0.7589552043 0.0170837953 0.1774670502 0.2127580592 0.1362836390 0.0761247256 0.8154290414 0.6228926562 0.6533446103 0.5579598941 0.1577889039 0.0406705949 0.5647800513 0.6470605781 0.2227283881 0.8907149135 0.9072813735 0.0000000000 0.0056768841
0.5618922613 0.7950404437 0.8512586791 0.2617076178 0.8611996331 0.5148008087 0.0203892119 0.4728030081 0.7531163609 0.8873717670 0.5165388222 0.0795830911 0.7811133050 0.3349536231 0.0175654286 0.7072449261 0.3292758503 0.0056768841 0.0000000000
