# MCW Instance
# Type: UNIFORM
# N: 19
# Optimal cost: 1.486883540468732
# Optimal tour (permutation): [0, 15, 8, 7, 4, 12, 13, 1, 18, 10, 3, 2, 17, 11, 6, 5, 14, 16, 9, 0]
# Optimal walk (full path): [0, 15, 0, 7, 8, 7, 4, 12, 1, 13, 1, 18, 10, 3, 10, 2, 17, 11, 18, 6, 14, 5, 14, 16, 9, 16, 0]
# Walk size: 27
# Is walk (has repeats): true

# Distance Matrix
0.0000000000 0.8021264179 0.6785360382 0.9200044430 0.2484114638 0.5886468255 0.6248465233 0.0372411874 0.2933406059 0.5285552382 0.7109122391 0.8489490629 0.7888955163 0.9199092174 0.3242515832 0.0460006084 0.0789176066 0.5260513315 0.9678577882
0.8021264179 0.0000000000 0.7997618202 0.7471193160 0.4504936366 0.5146162269 0.9720944881 0.9604835707 0.4842302516 0.4831996790 0.5634268913 0.2654307951 0.0780969715 0.0634989976 0.6730937382 0.5809243329 0.1562722810 0.7846863039 0.0752468838
0.6785360382 0.7997618202 0.0000000000 0.6883495865 0.8317418358 0.9152966346 0.6239907672 0.6049161432 0.7105241117 0.9122531821 0.0929976249 0.8454963620 0.8786821261 0.4945500264 0.7277089666 0.7272273941 0.8546223836 0.2073458443 0.7423317837
0.9200044430 0.7471193160 0.6883495865 0.0000000000 0.5518686303 0.7589087199 0.6635104818 0.2291892285 0.7128196461 0.7047955551 0.0022060355 0.4645870633 0.5168685881 0.9449114104 0.4878724882 0.3932090730 0.7851542539 0.6230000611 0.5880275805
0.2484114638 0.4504936366 0.8317418358 0.5518686303 0.0000000000 0.1521555168 0.1034900050 0.0743535347 0.3145792220 0.8560911447 0.9291108541 0.4945473890 0.0908881246 0.5065701022 0.6290698912 0.4533154587 0.9156071233 0.8114569933 0.9249237711
0.5886468255 0.5146162269 0.9152966346 0.7589087199 0.1521555168 0.0000000000 0.1688779619 0.1343630130 0.9044648915 0.1490112830 0.6777630253 0.7016355971 0.4401825768 0.1795429068 0.0361384657 0.4177275580 0.3065648896 0.9148836747 0.4708975676
0.6248465233 0.9720944881 0.6239907672 0.6635104818 0.1034900050 0.1688779619 0.0000000000 0.2595083692 0.2447116177 0.6718251338 0.9622183393 0.5886538295 0.9948619613 0.9483069786 0.0840432749 0.7173924334 0.1978831699 0.5779624072 0.0549022652
0.0372411874 0.9604835707 0.6049161432 0.2291892285 0.0743535347 0.1343630130 0.2595083692 0.0000000000 0.0393085120 0.1731332026 0.4220254754 0.8587286392 0.6915412146 0.8664296379 0.3935531152 0.9837944909 0.5047577446 0.7159575165 0.7895779553
0.2933406059 0.4842302516 0.7105241117 0.7128196461 0.3145792220 0.9044648915 0.2447116177 0.0393085120 0.0000000000 0.7976178366 0.8185677276 0.9193013148 0.6187226508 0.8266713950 0.5925853605 0.6013872730 0.8549703125 0.2419484671 0.1271344383
0.5285552382 0.4831996790 0.9122531821 0.7047955551 0.8560911447 0.1490112830 0.6718251338 0.1731332026 0.7976178366 0.0000000000 0.6809739729 0.3226995250 0.6649185961 0.6226308393 0.8124308664 0.2237568148 0.0031320342 0.7529658384 0.6398955343
0.7109122391 0.5634268913 0.0929976249 0.0022060355 0.9291108541 0.6777630253 0.9622183393 0.4220254754 0.8185677276 0.6809739729 0.0000000000 0.1542533233 0.4007086249 0.4057530228 0.7425025944 0.8269363488 0.5461731054 0.7510899860 0.0722281851
0.8489490629 0.2654307951 0.8454963620 0.4645870633 0.4945473890 0.7016355971 0.5886538295 0.8587286392 0.9193013148 0.3226995250 0.1542533233 0.0000000000 0.6144008338 0.5185757632 0.8405260324 0.3899960080 0.4590697357 0.0725636314 0.0092152080
0.7888955163 0.0780969715 0.8786821261 0.5168685881 0.0908881246 0.4401825768 0.9948619613 0.6915412146 0.6187226508 0.6649185961 0.4007086249 0.6144008338 0.0000000000 0.1910421019 0.6577862397 0.7640439566 0.4567735684 0.8771371938 0.5220247380
0.9199092174 0.0634989976 0.4945500264 0.9449114104 0.5065701022 0.1795429068 0.9483069786 0.8664296379 0.8266713950 0.6226308393 0.4057530228 0.5185757632 0.1910421019 0.0000000000 0.6003086545 0.5161485984 0.4811172062 0.9391421864 0.9619642804
0.3242515832 0.6730937382 0.7277089666 0.4878724882 0.6290698912 0.0361384657 0.0840432749 0.3935531152 0.5925853605 0.8124308664 0.7425025944 0.8405260324 0.6577862397 0.6003086545 0.0000000000 0.2848477818 0.0782738912 0.4157544730 0.3887395650
0.0460006084 0.5809243329 0.7272273941 0.3932090730 0.4533154587 0.4177275580 0.7173924334 0.9837944909 0.6013872730 0.2237568148 0.8269363488 0.3899960080 0.7640439566 0.5161485984 0.2848477818 0.0000000000 0.4891619793 0.1295089295 0.2712374625
0.0789176066 0.1562722810 0.8546223836 0.7851542539 0.9156071233 0.3065648896 0.1978831699 0.5047577446 0.8549703125 0.0031320342 0.5461731054 0.4590697357 0.4567735684 0.4811172062 0.0782738912 0.4891619793 0.0000000000 0.4472180946 0.6795590994
0.5260513315 0.7846863039 0.2073458443 0.6230000611 0.8114569933 0.9148836747 0.5779624072 0.7159575165 0.2419484671 0.7529658384 0.7510899860 0.0725636314 0.8771371938 0.9391421864 0.4157544730 0.1295089295 0.4472180946 0.0000000000 0.3927570483
0.9678577882 0.0752468838 0.7423317837 0.5880275805 0.9249237711 0.4708975676 0.0549022652 0.7895779553 0.1271344383 0.6398955343 0.0722281851 0.0092152080 0.5220247380 0.9619642804 0.3887395650 0.2712374625 0.6795590994 0.3927570483 0.0000000000
