# MCW Instance
# Type: UNIFORM
# N: 19
# Optimal cost: 1.509868224887145
# Optimal tour (permutation): [0, 17, 6, 11, 13, 3, 18, 16, 14, 15, 2, 9, 4, 7, 10, 8, 12, 1, 5, 0]
# Optimal walk (full path): [0, 17, 0, 6, 0, 11, 13, 3, 13, 18, 16, 18, 14, 18, 15, 2, 9, 4, 9, 7, 10, 8, 1, 12, 1, 5, 0]
# Walk size: 27
# Is walk (has repeats): true

# Distance Matrix
0.0000000000 0.8804118099 0.5185150057 0.6561426710 0.3881216756 0.0675430211 0.0172104448 0.8890816428 0.8201482709 0.9275026177 0.5923976676 0.1399634329 0.1357967018 0.6516033304 0.9593114879 0.7510451462 0.7654720795 0.0762477176 0.3160381334
0.8804118099 0.0000000000 0.2912051204 0.9970983614 0.0972041166 0.0763271587 0.6873098102 0.7566680474 0.0216734530 0.8150736552 0.1220002914 0.8965211412 0.0195543208 0.5773804485 0.8715124758 0.6740014956 0.9300405353 0.1483981756 0.6174975039
0.5185150057 0.2912051204 0.0000000000 0.4400522023 0.5556615428 0.3586815179 0.4084096250 0.4254756794 0.2331030605 0.0085875822 0.3688808215 0.9119985743 0.9086215536 0.5352823161 0.4596031896 0.0059453620 0.1655927433 0.1172100455 0.0755908809
0.6561426710 0.9970983614 0.4400522023 0.0000000000 0.6942385519 0.6527112089 0.5134192330 0.0372960761 0.8556077552 0.1435843469 0.5689279990 0.5769039321 0.4243036715 0.0219406322 0.9823507826 0.2512337860 0.9592771378 0.3313988540 0.6282977120
0.3881216756 0.0972041166 0.5556615428 0.6942385519 0.0000000000 0.3230250476 0.4586976022 0.6547212800 0.4545959374 0.0439880944 0.3778494221 0.9947004373 0.7331729910 0.4458516061 0.4578580232 0.5173058855 0.2334795376 0.6997396651 0.1533629573
0.0675430211 0.0763271587 0.3586815179 0.6527112089 0.3230250476 0.0000000000 0.4874434861 0.7086191464 0.8395636850 0.1591677557 0.9786567371 0.9368913547 0.6617150820 0.7790616992 0.9703260075 0.4452433066 0.9111971042 0.6544216442 0.2593982200
0.0172104448 0.6873098102 0.4084096250 0.5134192330 0.4586976022 0.4874434861 0.0000000000 0.9561644525 0.4434350164 0.6758671460 0.2084056957 0.5458477004 0.9113558058 0.7381551075 0.7275103383 0.4789797006 0.6689299137 0.3666651770 0.0455346982
0.8890816428 0.7566680474 0.4254756794 0.0372960761 0.6547212800 0.7086191464 0.9561644525 0.0000000000 0.6943117575 0.0052195300 0.1432407108 0.7634190346 0.9552021794 0.5270787641 0.2898140385 0.4032696170 0.7506095828 0.4940032691 0.7301592978
0.8201482709 0.0216734530 0.2331030605 0.8556077552 0.4545959374 0.8395636850 0.4434350164 0.6943117575 0.0000000000 0.1671397936 0.1345562059 0.1752281353 0.4432798880 0.9019127824 0.8258689140 0.8470245277 0.9463514331 0.3301306511 0.0550448160
0.9275026177 0.8150736552 0.0085875822 0.1435843469 0.0439880944 0.1591677557 0.6758671460 0.0052195300 0.1671397936 0.0000000000 0.8772469233 0.3008058964 0.4513412105 0.8413777235 0.4545347741 0.1220556972 0.6445110882 0.6110201267 0.9111734399
0.5923976676 0.1220002914 0.3688808215 0.5689279990 0.3778494221 0.9786567371 0.2084056957 0.1432407108 0.1345562059 0.8772469233 0.0000000000 0.6915214155 0.4092792433 0.3254450288 0.2614713271 0.4190402951 0.8723026871 0.5798109279 0.5316111923
0.1399634329 0.8965211412 0.9119985743 0.5769039321 0.9947004373 0.9368913547 0.5458477004 0.7634190346 0.1752281353 0.3008058964 0.6915214155 0.0000000000 0.5843972473 0.1546715008 0.4520217659 0.6922858765 0.4986336198 0.4473482127 0.2358136229
0.1357967018 0.0195543208 0.9086215536 0.4243036715 0.7331729910 0.6617150820 0.9113558058 0.9552021794 0.4432798880 0.4513412105 0.4092792433 0.5843972473 0.0000000000 0.5220292530 0.9689533824 0.1738119714 0.5749882402 0.5270059495 0.2254605935
0.6516033304 0.5773804485 0.5352823161 0.0219406322 0.4458516061 0.7790616992 0.7381551075 0.5270787641 0.9019127824 0.8413777235 0.3254450288 0.1546715008 0.5220292530 0.0000000000 0.9325649902 0.9309527545 0.1221237910 0.2736254133 0.0068858173
0.9593114879 0.8715124758 0.4596031896 0.9823507826 0.4578580232 0.9703260075 0.7275103383 0.2898140385 0.8258689140 0.4545347741 0.2614713271 0.4520217659 0.9689533824 0.9325649902 0.0000000000 0.7620143865 0.6386854532 0.9732908852 0.1051891163
0.7510451462 0.6740014956 0.0059453620 0.2512337860 0.5173058855 0.4452433066 0.4789797006 0.4032696170 0.8470245277 0.1220556972 0.4190402951 0.6922858765 0.1738119714 0.9309527545 0.7620143865 0.0000000000 0.2704173919 0.3653967736 0.0131959694
0.7654720795 0.9300405353 0.1655927433 0.9592771378 0.2334795376 0.9111971042 0.6689299137 0.7506095828 0.9463514331 0.6445110882 0.8723026871 0.4986336198 0.5749882402 0.1221237910 0.6386854532 0.2704173919 0.0000000000 0.6525801031 0.0818989144
0.0762477176 0.1483981756 0.1172100455 0.3313988540 0.6997396651 0.6544216442 0.3666651770 0.4940032691 0.3301306511 0.6110201267 0.5798109279 0.4473482127 0.5270059495 0.2736254133 0.9732908852 0.3653967736 0.6525801031 0.0000000000 0.7524007621
0.3160381334 0.6174975039 0.0755908809 0.6282977120 0.1533629573 0.2593982200 0.0455346982 0.7301592978 0.0550448160 0.9111734399 0.5316111923 0.2358136229 0.2254605935 0.0068858173 0.1051891163 0.0131959694 0.0818989144 0.7524007621 0.0000000000
