# MCW Instance
# Type: UNIFORM
# N: 19
# Optimal cost: 2.0426426550953307
# Optimal tour (permutation): [0, 9, 2, 8, 17, 10, 13, 15, 18, 14, 12, 11, 7, 6, 1, 16, 5, 3, 4, 0]
# Optimal walk (full path): [0, 2, 9, 2, 8, 17, 10, 13, 15, 18, 14, 12, 14, 11, 7, 11, 14, 6, 14, 1, 16, 5, 3, 5, 4, 0]
# Walk size: 26
# Is walk (has repeats): true

# Distance Matrix
0.0000000000 0.9887073486 0.0380249485 0.8821825784 0.1765760932 0.8190718527 0.3671497911 0.7222611614 0.2736833030 0.3697768283 0.6109336416 0.6141185217 0.2043731663 0.4007516210 0.9027432767 0.9637302449 0.1383462136 0.5877795507 0.1948388251
0.9887073486 0.0000000000 0.7057470716 0.8268586145 0.9741156189 0.5078064803 0.2288569231 0.3796898540 0.7765216201 0.7008888845 0.4939577374 0.8834578946 0.3829063958 0.8711541011 0.0070371453 0.8134611688 0.0984871208 0.5607329807 0.2940062174
0.0380249485 0.7057470716 0.0000000000 0.1531400664 0.6983632314 0.0538934238 0.7913362793 0.6284152928 0.1266215395 0.1795097065 0.6141988366 0.4885740569 0.7455672900 0.1995236253 0.4929112967 0.8210393700 0.3834029234 0.5602834589 0.2788412145
0.8821825784 0.8268586145 0.1531400664 0.0000000000 0.4742716883 0.0546525468 0.5111858554 0.8125250343 0.2812163190 0.6348567272 0.8538347822 0.6196073126 0.4251237787 0.9595388543 0.3749704874 0.8543090791 0.4702348332 0.7871709335 0.8377110706
0.1765760932 0.9741156189 0.6983632314 0.4742716883 0.0000000000 0.1454850943 0.7917355400 0.8168430257 0.7581876557 0.5169313099 0.8825518780 0.4835673633 0.5784436680 0.3514553145 0.2889676639 0.5676245160 0.2615075879 0.4473247111 0.7327136401
0.8190718527 0.5078064803 0.0538934238 0.0546525468 0.1454850943 0.0000000000 0.7490856781 0.7808377622 0.5760590951 0.3140890291 0.1146217525 0.4538766316 0.5921332738 0.5588418386 0.2809361770 0.5782412817 0.0680112897 0.4709476225 0.2376355223
0.3671497911 0.2288569231 0.7913362793 0.5111858554 0.7917355400 0.7490856781 0.0000000000 0.3691155669 0.6320314598 0.6840906893 0.2320777490 0.7676990516 0.6720152550 0.2665657195 0.0197154753 0.2931061555 0.8340735268 0.7274818724 0.5856771206
0.7222611614 0.3796898540 0.6284152928 0.8125250343 0.8168430257 0.7808377622 0.3691155669 0.0000000000 0.7438984979 0.7939356690 0.2965656842 0.0068062650 0.2204724810 0.1072288117 0.6055227272 0.4681057071 0.6358129415 0.5554853922 0.4858324878
0.2736833030 0.7765216201 0.1266215395 0.2812163190 0.7581876557 0.5760590951 0.6320314598 0.7438984979 0.0000000000 0.5735091508 0.6096630086 0.2962593807 0.7160146599 0.9981303639 0.3999491505 0.2985828547 0.2008193726 0.2176158618 0.3153398665
0.3697768283 0.7008888845 0.1795097065 0.6348567272 0.5169313099 0.3140890291 0.6840906893 0.7939356690 0.5735091508 0.0000000000 0.9990961210 0.2454576201 0.5199541463 0.8741049012 0.8495360947 0.2999027818 0.7560704801 0.8269815094 0.4428696764
0.6109336416 0.4939577374 0.6141988366 0.8538347822 0.8825518780 0.1146217525 0.2320777490 0.2965656842 0.6096630086 0.9990961210 0.0000000000 0.7914571341 0.3177635127 0.0455431661 0.2032095632 0.4381929617 0.6450158946 0.1926049285 0.2037524124
0.6141185217 0.8834578946 0.4885740569 0.6196073126 0.4835673633 0.4538766316 0.7676990516 0.0068062650 0.2962593807 0.2454576201 0.7914571341 0.0000000000 0.7415398911 0.1594380607 0.0374891163 0.5373302322 0.1932062126 0.8965808905 0.2565138617
0.2043731663 0.3829063958 0.7455672900 0.4251237787 0.5784436680 0.5921332738 0.6720152550 0.2204724810 0.7160146599 0.5199541463 0.3177635127 0.7415398911 0.0000000000 0.8057676268 0.0997842897 0.2670791029 0.5678559701 0.7170891430 0.8278053681
0.4007516210 0.8711541011 0.1995236253 0.9595388543 0.3514553145 0.5588418386 0.2665657195 0.1072288117 0.9981303639 0.8741049012 0.0455431661 0.1594380607 0.8057676268 0.0000000000 0.3150643894 0.0899790261 0.4837224079 0.7026723942 0.5620134310
0.9027432767 0.0070371453 0.4929112967 0.3749704874 0.2889676639 0.2809361770 0.0197154753 0.6055227272 0.3999491505 0.8495360947 0.2032095632 0.0374891163 0.0997842897 0.3150643894 0.0000000000 0.8841061943 0.7001944621 0.7568144272 0.0251726715
0.9637302449 0.8134611688 0.8210393700 0.8543090791 0.5676245160 0.5782412817 0.2931061555 0.4681057071 0.2985828547 0.2999027818 0.4381929617 0.5373302322 0.2670791029 0.0899790261 0.8841061943 0.0000000000 0.7437567874 0.6454200805 0.0155689705
0.1383462136 0.0984871208 0.3834029234 0.4702348332 0.2615075879 0.0680112897 0.8340735268 0.6358129415 0.2008193726 0.7560704801 0.6450158946 0.1932062126 0.5678559701 0.4837224079 0.7001944621 0.7437567874 0.0000000000 0.2819282737 0.4281542174
0.5877795507 0.5607329807 0.5602834589 0.7871709335 0.4473247111 0.4709476225 0.7274818724 0.5554853922 0.2176158618 0.8269815094 0.1926049285 0.8965808905 0.7170891430 0.7026723942 0.7568144272 0.6454200805 0.2819282737 0.0000000000 0.5025325465
0.1948388251 0.2940062174 0.2788412145 0.8377110706 0.7327136401 0.2376355223 0.5856771206 0.4858324878 0.3153398665 0.4428696764 0.2037524124 0.2565138617 0.8278053681 0.5620134310 0.0251726715 0.0155689705 0.4281542174 0.5025325465 0.0000000000
