# MCW Instance
# Type: UNIFORM
# N: 19
# Optimal cost: 1.972032640604958
# Optimal tour (permutation): [0, 12, 18, 9, 15, 6, 13, 2, 5, 3, 8, 4, 7, 10, 14, 16, 11, 1, 17, 0]
# Optimal walk (full path): [0, 12, 0, 11, 18, 9, 15, 6, 13, 2, 3, 5, 3, 8, 4, 7, 10, 14, 16, 14, 11, 1, 11, 17, 11, 0]
# Walk size: 26
# Is walk (has repeats): true

# Distance Matrix
0.0000000000 0.7101485129 0.4701501296 0.7088249168 0.9360037888 0.7533061244 0.5691782231 0.5180479459 0.4319766508 0.2348582674 0.4693822311 0.0549899072 0.0238205599 0.2878845033 0.7181212709 0.7340163615 0.7094007171 0.8660332971 0.7472859338
0.7101485129 0.0000000000 0.4236122533 0.3767342700 0.6991226164 0.2362105083 0.7949157625 0.3343298940 0.8360673355 0.7010493804 0.1975358337 0.0525042275 0.4404476723 0.3716836306 0.8026742725 0.2709788225 0.7237582216 0.9885119370 0.2389243418
0.4701501296 0.4236122533 0.0000000000 0.0899754200 0.9023553287 0.7540203464 0.7127202050 0.6551924039 0.8463452717 0.3078130402 0.6532622141 0.5714573588 0.6521339384 0.2588266406 0.2508454392 0.2355173418 0.7150842332 0.5047386280 0.8678696577
0.7088249168 0.3767342700 0.0899754200 0.0000000000 0.8653398443 0.0047042971 0.2961200512 0.1934111737 0.1214636381 0.1520162242 0.7616717787 0.1850880919 0.8653516340 0.6472316470 0.4009221012 0.2960521598 0.7803620774 0.9155865985 0.8720534430
0.9360037888 0.6991226164 0.9023553287 0.8653398443 0.0000000000 0.2202923111 0.2928686827 0.2901656043 0.2550639733 0.4060358034 0.4742244710 0.9327701928 0.8542597813 0.8848854828 0.3786776323 0.5673648608 0.5191119942 0.5434321711 0.5780123749
0.7533061244 0.2362105083 0.7540203464 0.0047042971 0.2202923111 0.0000000000 0.4853592906 0.4088021921 0.8244334137 0.4906013629 0.6579623518 0.1033188596 0.9862514007 0.4707207758 0.9480702597 0.9727563287 0.4720940112 0.5233925269 0.3526274785
0.5691782231 0.7949157625 0.7127202050 0.2961200512 0.2928686827 0.4853592906 0.0000000000 0.7565070251 0.6447046640 0.9406830634 0.9261254903 0.3753265088 0.1274987094 0.1173013210 0.5368817109 0.1017905287 0.2597447120 0.2965033140 0.8899664460
0.5180479459 0.3343298940 0.6551924039 0.1934111737 0.2901656043 0.4088021921 0.7565070251 0.0000000000 0.3484514206 0.7212415124 0.0217240346 0.3141233773 0.4980413210 0.2110427240 0.6250224057 0.6547545542 0.3963577164 0.1751324279 0.1703381306
0.4319766508 0.8360673355 0.8463452717 0.1214636381 0.2550639733 0.8244334137 0.6447046640 0.3484514206 0.0000000000 0.2410184645 0.3560066596 0.9695572465 0.8877239506 0.3023156953 0.7779676568 0.5183711632 0.2841306587 0.3979131392 0.7879834253
0.2348582674 0.7010493804 0.3078130402 0.1520162242 0.4060358034 0.4906013629 0.9406830634 0.7212415124 0.2410184645 0.0000000000 0.4798517699 0.7969864252 0.3931850086 0.6060668085 0.1697974758 0.0687257785 0.2669246284 0.7199559718 0.0073170500
0.4693822311 0.1975358337 0.6532622141 0.7616717787 0.4742244710 0.6579623518 0.9261254903 0.0217240346 0.3560066596 0.4798517699 0.0000000000 0.6635879224 0.5664079622 0.3171385036 0.0463746085 0.3224180368 0.6403666226 0.8451035517 0.2354544475
0.0549899072 0.0525042275 0.5714573588 0.1850880919 0.9327701928 0.1033188596 0.3753265088 0.3141233773 0.9695572465 0.7969864252 0.6635879224 0.0000000000 0.6568693331 0.8747539644 0.0157708164 0.4080616883 0.5213173178 0.0321652513 0.0475835783
0.0238205599 0.4404476723 0.6521339384 0.8653516340 0.8542597813 0.9862514007 0.1274987094 0.4980413210 0.8877239506 0.3931850086 0.5664079622 0.6568693331 0.0000000000 0.6483766075 0.1689626420 0.4529988589 0.4475426833 0.5992316003 0.6980118195
0.2878845033 0.3716836306 0.2588266406 0.6472316470 0.8848854828 0.4707207758 0.1173013210 0.2110427240 0.3023156953 0.6060668085 0.3171385036 0.8747539644 0.6483766075 0.0000000000 0.3149221618 0.1754970458 0.4836816408 0.2244903461 0.3669326185
0.7181212709 0.8026742725 0.2508454392 0.4009221012 0.3786776323 0.9480702597 0.5368817109 0.6250224057 0.7779676568 0.1697974758 0.0463746085 0.0157708164 0.1689626420 0.3149221618 0.0000000000 0.6042952890 0.0967905811 0.6801556241 0.5552807253
0.7340163615 0.2709788225 0.2355173418 0.2960521598 0.5673648608 0.9727563287 0.1017905287 0.6547545542 0.5183711632 0.0687257785 0.3224180368 0.4080616883 0.4529988589 0.1754970458 0.6042952890 0.0000000000 0.2919424752 0.7908570621 0.1271424199
0.7094007171 0.7237582216 0.7150842332 0.7803620774 0.5191119942 0.4720940112 0.2597447120 0.3963577164 0.2841306587 0.2669246284 0.6403666226 0.5213173178 0.4475426833 0.4836816408 0.0967905811 0.2919424752 0.0000000000 0.7407482289 0.2156948433
0.8660332971 0.9885119370 0.5047386280 0.9155865985 0.5434321711 0.5233925269 0.2965033140 0.1751324279 0.3979131392 0.7199559718 0.8451035517 0.0321652513 0.5992316003 0.2244903461 0.6801556241 0.7908570621 0.7407482289 0.0000000000 0.5251556483
0.7472859338 0.2389243418 0.8678696577 0.8720534430 0.5780123749 0.3526274785 0.8899664460 0.1703381306 0.7879834253 0.0073170500 0.2354544475 0.0475835783 0.6980118195 0.3669326185 0.5552807253 0.1271424199 0.2156948433 0.5251556483 0.0000000000
