# MCW Instance
# Type: UNIFORM
# N: 19
# Optimal cost: 1.862912351871789
# Optimal tour (permutation): [0, 8, 16, 11, 9, 12, 1, 18, 7, 13, 4, 14, 5, 3, 17, 6, 15, 2, 10, 0]
# Optimal walk (full path): [0, 8, 16, 11, 9, 12, 1, 18, 7, 13, 4, 14, 5, 14, 3, 2, 6, 17, 6, 2, 15, 2, 10, 0]
# Walk size: 24
# Is walk (has repeats): true

# Distance Matrix
0.0000000000 0.8619161145 0.2057467259 0.9293059239 0.7633657247 0.0608280363 0.2882039595 0.3743272833 0.0148630385 0.7820597133 0.0966169317 0.7467740756 0.4749773656 0.4445661982 0.8920636713 0.3461598946 0.6040569505 0.5308849864 0.8259754563
0.8619161145 0.0000000000 0.8161200512 0.9837587771 0.7078231200 0.2592276802 0.7090880270 0.8675623184 0.1331654558 0.8267989950 0.9904260997 0.3764030230 0.0062954351 0.5297675342 0.3958590612 0.7466824808 0.7028469904 0.2702020801 0.1039110108
0.2057467259 0.8161200512 0.0000000000 0.0623264815 0.8969826297 0.4095450695 0.0141478967 0.4582262304 0.9196189371 0.1273734786 0.0323787995 0.8693118382 0.2268979871 0.5849625606 0.1555713053 0.0176715745 0.2604289858 0.1568666054 0.8220877723
0.9293059239 0.9837587771 0.0623264815 0.0000000000 0.4795441979 0.1693015526 0.2837698916 0.9469506109 0.3546757604 0.8335982924 0.8211500870 0.2971962340 0.2724465667 0.3801112640 0.1108352386 0.3789795162 0.2123376788 0.9131928068 0.3863249754
0.7633657247 0.7078231200 0.8969826297 0.4795441979 0.0000000000 0.8059411164 0.8907207994 0.4971486808 0.5377851883 0.1974526814 0.2716189869 0.5213072188 0.7089145938 0.0157057056 0.0960003763 0.4548752720 0.6754209984 0.3922117321 0.1923301766
0.0608280363 0.2592276802 0.4095450695 0.1693015526 0.8059411164 0.0000000000 0.6559178616 0.4636334727 0.9171329943 0.7305213799 0.3372757328 0.2078166822 0.5689646666 0.5120878022 0.0119605183 0.8160414270 0.4474403524 0.8512175803 0.7415446984
0.2882039595 0.7090880270 0.0141478967 0.2837698916 0.8907207994 0.6559178616 0.0000000000 0.6170058063 0.7391352887 0.5946492202 0.2932897913 0.7939893450 0.3930924214 0.3526462615 0.8752325598 0.0771625726 0.3128983735 0.0690309283 0.4631758971
0.3743272833 0.8675623184 0.4582262304 0.9469506109 0.4971486808 0.4636334727 0.6170058063 0.0000000000 0.8617624479 0.4819879796 0.6451507792 0.8595073970 0.6471840828 0.3305573512 0.4508169385 0.5309954351 0.4508277777 0.8253173460 0.2046661755
0.0148630385 0.1331654558 0.9196189371 0.3546757604 0.5377851883 0.9171329943 0.7391352887 0.8617624479 0.0000000000 0.9611886666 0.6405794949 0.2174204455 0.8870632491 0.7227721496 0.4510919328 0.1192462879 0.0605741643 0.7262090730 0.3015727571
0.7820597133 0.8267989950 0.1273734786 0.8335982924 0.1974526814 0.7305213799 0.5946492202 0.4819879796 0.9611886666 0.0000000000 0.5973315679 0.2162048137 0.1332241076 0.9165750867 0.2665830071 0.5380136530 0.2371610547 0.1663247833 0.9500122403
0.0966169317 0.9904260997 0.0323787995 0.8211500870 0.2716189869 0.3372757328 0.2932897913 0.6451507792 0.6405794949 0.5973315679 0.0000000000 0.7843712274 0.2069734356 0.4894080166 0.3285841467 0.8210531094 0.9675839963 0.7381816736 0.1473709282
0.7467740756 0.3764030230 0.8693118382 0.2971962340 0.5213072188 0.2078166822 0.7939893450 0.8595073970 0.2174204455 0.2162048137 0.7843712274 0.0000000000 0.7095173127 0.6465749743 0.2960580503 0.9670563569 0.1531308864 0.9556482171 0.3558549269
0.4749773656 0.0062954351 0.2268979871 0.2724465667 0.7089145938 0.5689646666 0.3930924214 0.6471840828 0.8870632491 0.1332241076 0.2069734356 0.7095173127 0.0000000000 0.1539357669 0.5347748034 0.5950199259 0.3196901451 0.7869093089 0.7411699988
0.4445661982 0.5297675342 0.5849625606 0.3801112640 0.0157057056 0.5120878022 0.3526462615 0.3305573512 0.7227721496 0.9165750867 0.4894080166 0.6465749743 0.1539357669 0.0000000000 0.2698924206 0.3834401510 0.4265671004 0.4624317332 0.1903708887
0.8920636713 0.3958590612 0.1555713053 0.1108352386 0.0960003763 0.0119605183 0.8752325598 0.4508169385 0.4510919328 0.2665830071 0.3285841467 0.2960580503 0.5347748034 0.2698924206 0.0000000000 0.5025696994 0.2393168678 0.6797734592 0.9896704403
0.3461598946 0.7466824808 0.0176715745 0.3789795162 0.4548752720 0.8160414270 0.0771625726 0.5309954351 0.1192462879 0.5380136530 0.8210531094 0.9670563569 0.5950199259 0.3834401510 0.5025696994 0.0000000000 0.1011802854 0.7986061207 0.6099452582
0.6040569505 0.7028469904 0.2604289858 0.2123376788 0.6754209984 0.4474403524 0.3128983735 0.4508277777 0.0605741643 0.2371610547 0.9675839963 0.1531308864 0.3196901451 0.4265671004 0.2393168678 0.1011802854 0.0000000000 0.8401845873 0.0824128555
0.5308849864 0.2702020801 0.1568666054 0.9131928068 0.3922117321 0.8512175803 0.0690309283 0.8253173460 0.7262090730 0.1663247833 0.7381816736 0.9556482171 0.7869093089 0.4624317332 0.6797734592 0.7986061207 0.8401845873 0.0000000000 0.9956422155
0.8259754563 0.1039110108 0.8220877723 0.3863249754 0.1923301766 0.7415446984 0.4631758971 0.2046661755 0.3015727571 0.9500122403 0.1473709282 0.3558549269 0.7411699988 0.1903708887 0.9896704403 0.6099452582 0.0824128555 0.9956422155 0.0000000000
