# MCW Instance
# Type: UNIFORM
# N: 19
# Optimal cost: 1.8477630758805257
# Optimal tour (permutation): [0, 15, 7, 16, 11, 14, 2, 18, 5, 6, 4, 9, 8, 3, 1, 13, 12, 17, 10, 0]
# Optimal walk (full path): [0, 15, 7, 16, 11, 14, 2, 18, 5, 6, 4, 6, 9, 8, 9, 3, 1, 3, 13, 12, 17, 10, 0]
# Walk size: 23
# Is walk (has repeats): true

# Distance Matrix
0.0000000000 0.8601741347 0.1781382028 0.3251701089 0.8444156087 0.2309847521 0.8964045479 0.3866191808 0.3644719777 0.9914873013 0.0908634051 0.8166259126 0.8479828802 0.7238725514 0.7342079925 0.1591880824 0.7597480031 0.9546087861 0.5233076726
0.8601741347 0.0000000000 0.4716799906 0.0312332324 0.3030045473 0.4863022212 0.4187089930 0.8759171869 0.5677909316 0.4123366270 0.7026887794 0.9545154636 0.2368619724 0.9965448267 0.6331617813 0.3066164936 0.4844117505 0.8985553788 0.2316296285
0.1781382028 0.4716799906 0.0000000000 0.4115526247 0.5800601299 0.7497054190 0.6446275180 0.7188692114 0.7761592008 0.5123142397 0.7950043469 0.9975429247 0.1623248049 0.4937809203 0.1398475750 0.8931402801 0.6803389585 0.7489353690 0.1232179240
0.3251701089 0.0312332324 0.4115526247 0.0000000000 0.1533959626 0.4779203766 0.5659853415 0.4128359158 0.0852298335 0.0464620025 0.2245670946 0.2920885467 0.9400103630 0.1356859704 0.2388201026 0.6422010257 0.0889115670 0.2672681517 0.8540718027
0.8444156087 0.3030045473 0.5800601299 0.1533959626 0.0000000000 0.7941453278 0.0464992770 0.7798355753 0.6526310404 0.1558333512 0.6282218772 0.7293420385 0.7423537850 0.9273696977 0.7862697441 0.6416786656 0.1510586639 0.4056148246 0.9583061684
0.2309847521 0.4863022212 0.7497054190 0.4779203766 0.7941453278 0.0000000000 0.0684774297 0.7305333331 0.3490370153 0.0848625022 0.1324175890 0.0857876754 0.6248066625 0.8037284727 0.7649464903 0.7883731336 0.8923146114 0.7134581012 0.1371775667
0.8964045479 0.4187089930 0.6446275180 0.5659853415 0.0464992770 0.0684774297 0.0000000000 0.4070018925 0.3907714554 0.0131507728 0.8638300265 0.6943635594 0.9932721559 0.2719558539 0.9204262742 0.6059512222 0.5656862528 0.5592882555 0.8555649402
0.3866191808 0.8759171869 0.7188692114 0.4128359158 0.7798355753 0.7305333331 0.4070018925 0.0000000000 0.6948726938 0.3259611976 0.6755318902 0.8029383815 0.8260366211 0.3379022929 0.7630464446 0.0018654292 0.0837677655 0.4932195505 0.1485822748
0.3644719777 0.5677909316 0.7761592008 0.0852298335 0.6526310404 0.3490370153 0.3907714554 0.6948726938 0.0000000000 0.0204621011 0.2088192388 0.3366082856 0.8707471055 0.6421736223 0.8939137794 0.8708571292 0.9799577739 0.4242435182 0.7913603262
0.9914873013 0.4123366270 0.5123142397 0.0464620025 0.1558333512 0.0848625022 0.0131507728 0.3259611976 0.0204621011 0.0000000000 0.0424528891 0.3633483557 0.2657966821 0.1419560273 0.9528794378 0.5433962988 0.9335650292 0.5212978751 0.9667831013
0.0908634051 0.7026887794 0.7950043469 0.2245670946 0.6282218772 0.1324175890 0.8638300265 0.6755318902 0.2088192388 0.0424528891 0.0000000000 0.6265659848 0.3848857743 0.3177924804 0.7954047688 0.3370594107 0.9004542358 0.2060662511 0.3221545001
0.8166259126 0.9545154636 0.9975429247 0.2920885467 0.7293420385 0.0857876754 0.6943635594 0.8029383815 0.3366082856 0.3633483557 0.6265659848 0.0000000000 0.8608017394 0.4934139440 0.0601423684 0.4069316243 0.0460790712 0.7967195695 0.4626653130
0.8479828802 0.2368619724 0.1623248049 0.9400103630 0.7423537850 0.6248066625 0.9932721559 0.8260366211 0.8707471055 0.2657966821 0.3848857743 0.8608017394 0.0000000000 0.1567697891 0.3597850018 0.6473084240 0.2096172064 0.1826124519 0.8820207763
0.7238725514 0.9965448267 0.4937809203 0.1356859704 0.9273696977 0.8037284727 0.2719558539 0.3379022929 0.6421736223 0.1419560273 0.3177924804 0.4934139440 0.1567697891 0.0000000000 0.8834687321 0.9843849037 0.1755018317 0.5368341483 0.4508942749
0.7342079925 0.6331617813 0.1398475750 0.2388201026 0.7862697441 0.7649464903 0.9204262742 0.7630464446 0.8939137794 0.9528794378 0.7954047688 0.0601423684 0.3597850018 0.8834687321 0.0000000000 0.6807004184 0.7301898866 0.7031696687 0.7732662654
0.1591880824 0.3066164936 0.8931402801 0.6422010257 0.6416786656 0.7883731336 0.6059512222 0.0018654292 0.8708571292 0.5433962988 0.3370594107 0.4069316243 0.6473084240 0.9843849037 0.6807004184 0.0000000000 0.6908913154 0.7201572341 0.3276437536
0.7597480031 0.4844117505 0.6803389585 0.0889115670 0.1510586639 0.8923146114 0.5656862528 0.0837677655 0.9799577739 0.9335650292 0.9004542358 0.0460790712 0.2096172064 0.1755018317 0.7301898866 0.6908913154 0.0000000000 0.4848051862 0.8440421555
0.9546087861 0.8985553788 0.7489353690 0.2672681517 0.4056148246 0.7134581012 0.5592882555 0.4932195505 0.4242435182 0.5212978751 0.2060662511 0.7967195695 0.1826124519 0.5368341483 0.7031696687 0.7201572341 0.4848051862 0.0000000000 0.6852519580
0.5233076726 0.2316296285 0.1232179240 0.8540718027 0.9583061684 0.1371775667 0.8555649402 0.1485822748 0.7913603262 0.9667831013 0.3221545001 0.4626653130 0.8820207763 0.4508942749 0.7732662654 0.3276437536 0.8440421555 0.6852519580 0.0000000000
