# MCW Instance
# Type: UNIFORM
# N: 19
# Optimal cost: 1.3100500755867575
# Optimal tour (permutation): [0, 18, 10, 9, 1, 8, 16, 11, 4, 17, 15, 6, 2, 3, 13, 7, 5, 14, 12, 0]
# Optimal walk (full path): [0, 18, 10, 18, 9, 1, 9, 8, 16, 4, 11, 4, 17, 15, 6, 2, 3, 13, 7, 5, 14, 0, 12, 0]
# Walk size: 24
# Is walk (has repeats): true

# Distance Matrix
0.0000000000 0.3038054232 0.4433666822 0.0627053764 0.2679865350 0.6189051749 0.2565903564 0.2319121172 0.7886400372 0.5143001856 0.4989826754 0.5197031366 0.0035189147 0.2324334002 0.0522440151 0.8500734367 0.5473283962 0.7394031828 0.0955052127
0.3038054232 0.0000000000 0.1645978785 0.2549731528 0.2419813357 0.6460896772 0.7406011989 0.7717397237 0.5109829677 0.0274536165 0.4397181860 0.6537827896 0.8647781271 0.6154096280 0.5809665129 0.7948834305 0.6677123393 0.8162770110 0.8990562672
0.4433666822 0.1645978785 0.0000000000 0.0086116514 0.9804293188 0.8643919929 0.0965113068 0.1194389064 0.5625658476 0.6914495995 0.8272797982 0.9720112565 0.7730153330 0.8164382507 0.5598619914 0.3547071664 0.0389331828 0.9324669586 0.6595860948
0.0627053764 0.2549731528 0.0086116514 0.0000000000 0.9517682225 0.4718836741 0.6255746604 0.2025131770 0.0877055656 0.8980044278 0.4506492222 0.4875548346 0.2083478299 0.0387913997 0.4108740521 0.9487383296 0.7548118514 0.8300836027 0.7396579129
0.2679865350 0.2419813357 0.9804293188 0.9517682225 0.0000000000 0.1861554782 0.3298400494 0.8990536984 0.7677940024 0.1319832725 0.8303636910 0.0324865919 0.5736321538 0.9470658442 0.5258142690 0.0643553452 0.0603378971 0.1038986978 0.8986201295
0.6189051749 0.6460896772 0.8643919929 0.4718836741 0.1861554782 0.0000000000 0.9866799337 0.0818509674 0.2534578894 0.4314889330 0.2448808249 0.2479448063 0.8961683611 0.4254910187 0.1173164384 0.0788275923 0.5814070963 0.3636224104 0.7984194834
0.2565903564 0.7406011989 0.0965113068 0.6255746604 0.3298400494 0.9866799337 0.0000000000 0.2510148452 0.3452886248 0.2964407903 0.3058241202 0.7787421620 0.3630814987 0.2195312223 0.6141023392 0.1089758928 0.3404562091 0.4369728751 0.4812046112
0.2319121172 0.7717397237 0.1194389064 0.2025131770 0.8990536984 0.0818509674 0.2510148452 0.0000000000 0.2731190716 0.9968669167 0.4606421022 0.2784261476 0.4347980378 0.1047198835 0.0821008356 0.7606971626 0.4006552327 0.9395844254 0.8719838939
0.7886400372 0.5109829677 0.5625658476 0.0877055656 0.7677940024 0.2534578894 0.3452886248 0.2731190716 0.0000000000 0.1212214764 0.9198621219 0.6695526379 0.5112125359 0.8629648406 0.8881053876 0.1659562636 0.0390255874 0.9892209161 0.8930885938
0.5143001856 0.0274536165 0.6914495995 0.8980044278 0.1319832725 0.4314889330 0.2964407903 0.9968669167 0.1212214764 0.0000000000 0.9530005790 0.3147338123 0.7664587625 0.8911308405 0.5304766315 0.7332669820 0.8448834879 0.1882325598 0.1015646677
0.4989826754 0.4397181860 0.8272797982 0.4506492222 0.8303636910 0.2448808249 0.3058241202 0.4606421022 0.9198621219 0.9530005790 0.0000000000 0.5089974973 0.8356168071 0.3140178416 0.8168435167 0.6479878842 0.5381318733 0.8232520270 0.0059716247
0.5197031366 0.6537827896 0.9720112565 0.4875548346 0.0324865919 0.2479448063 0.7787421620 0.2784261476 0.6695526379 0.3147338123 0.5089974973 0.0000000000 0.0657244039 0.8875531909 0.5371718260 0.5101077215 0.1755622602 0.3486582234 0.2456548139
0.0035189147 0.8647781271 0.7730153330 0.2083478299 0.5736321538 0.8961683611 0.3630814987 0.4347980378 0.5112125359 0.7664587625 0.8356168071 0.0657244039 0.0000000000 0.1509901720 0.6725223377 0.9218949476 0.4312937673 0.5766955507 0.1677436762
0.2324334002 0.6154096280 0.8164382507 0.0387913997 0.9470658442 0.4254910187 0.2195312223 0.1047198835 0.8629648406 0.8911308405 0.3140178416 0.8875531909 0.1509901720 0.0000000000 0.1464552975 0.1477308060 0.2094491981 0.7908093186 0.4864215183
0.0522440151 0.5809665129 0.5598619914 0.4108740521 0.5258142690 0.1173164384 0.6141023392 0.0821008356 0.8881053876 0.5304766315 0.8168435167 0.5371718260 0.6725223377 0.1464552975 0.0000000000 0.7871449274 0.7874611780 0.8703280512 0.2682287718
0.8500734367 0.7948834305 0.3547071664 0.9487383296 0.0643553452 0.0788275923 0.1089758928 0.7606971626 0.1659562636 0.7332669820 0.6479878842 0.5101077215 0.9218949476 0.1477308060 0.7871449274 0.0000000000 0.1055758266 0.0406134859 0.3275676107
0.5473283962 0.6677123393 0.0389331828 0.7548118514 0.0603378971 0.5814070963 0.3404562091 0.4006552327 0.0390255874 0.8448834879 0.5381318733 0.1755622602 0.4312937673 0.2094491981 0.7874611780 0.1055758266 0.0000000000 0.9011639861 0.5398062122
0.7394031828 0.8162770110 0.9324669586 0.8300836027 0.1038986978 0.3636224104 0.4369728751 0.9395844254 0.9892209161 0.1882325598 0.8232520270 0.3486582234 0.5766955507 0.7908093186 0.8703280512 0.0406134859 0.9011639861 0.0000000000 0.3689250822
0.0955052127 0.8990562672 0.6595860948 0.7396579129 0.8986201295 0.7984194834 0.4812046112 0.8719838939 0.8930885938 0.1015646677 0.0059716247 0.2456548139 0.1677436762 0.4864215183 0.2682287718 0.3275676107 0.5398062122 0.3689250822 0.0000000000
