# MCW Instance
# Type: UNIFORM
# N: 19
# Optimal cost: 1.7720721855852295
# Optimal tour (permutation): [0, 14, 2, 1, 17, 16, 12, 8, 5, 3, 15, 9, 4, 18, 13, 7, 6, 11, 10, 0]
# Optimal walk (full path): [0, 14, 2, 1, 16, 17, 16, 12, 8, 5, 3, 15, 9, 4, 13, 18, 13, 7, 6, 11, 10, 0]
# Walk size: 22
# Is walk (has repeats): true

# Distance Matrix
0.0000000000 0.7806625370 0.8179157636 0.6552509575 0.6146151871 0.9884163785 0.7801283946 0.9459553262 0.5419527366 0.9317532362 0.0489434885 0.2209850156 0.3880266147 0.8963123667 0.1807348653 0.8565289958 0.8474938889 0.7233835800 0.6090655791
0.7806625370 0.0000000000 0.1155632843 0.5646698851 0.6150256646 0.9725962882 0.2116253547 0.7797431519 0.4845194722 0.7602785229 0.9360050590 0.4799124370 0.9237197474 0.9911479400 0.4946225728 0.3669994237 0.0785954931 0.2173228726 0.6862160863
0.8179157636 0.1155632843 0.0000000000 0.4150053987 0.7252263052 0.7413513617 0.3200629879 0.7842438222 0.6207475686 0.5728400074 0.8193096080 0.3830951762 0.7672147418 0.3143364666 0.2850871423 0.4240939081 0.5710833112 0.8627263230 0.9069418039
0.6552509575 0.5646698851 0.4150053987 0.0000000000 0.9079720901 0.0069772810 0.5399447137 0.4967096465 0.0874479882 0.8016461533 0.0255916685 0.0958175756 0.6119618777 0.3424862385 0.2540792374 0.0600938369 0.2352256112 0.4847295724 0.2602279133
0.6146151871 0.6150256646 0.7252263052 0.9079720901 0.0000000000 0.7615229324 0.6793665685 0.6823793098 0.8097683769 0.0629810640 0.4926103534 0.9001977567 0.5349940840 0.0198403482 0.5118610341 0.5775295277 0.2108490234 0.8414311401 0.8472015489
0.9884163785 0.9725962882 0.7413513617 0.0069772810 0.7615229324 0.0000000000 0.5094686930 0.7530242455 0.0057033717 0.1422511904 0.8868557768 0.4971755972 0.5620300270 0.2324807129 0.8938163293 0.3271643180 0.0799463441 0.2230003411 0.2000303938
0.7801283946 0.2116253547 0.3200629879 0.5399447137 0.6793665685 0.5094686930 0.0000000000 0.2602612290 0.4057210037 0.4379992902 0.4046475780 0.1685441774 0.3740061572 0.6559299151 0.9897399542 0.4182574859 0.8884156997 0.5376938270 0.6234109395
0.9459553262 0.7797431519 0.7842438222 0.4967096465 0.6823793098 0.7530242455 0.2602612290 0.0000000000 0.3426914029 0.3327316577 0.1795006026 0.7161554267 0.6291784488 0.1035411505 0.2777348487 0.9787924291 0.8970925028 0.1654572663 0.4800804486
0.5419527366 0.4845194722 0.6207475686 0.0874479882 0.8097683769 0.0057033717 0.4057210037 0.3426914029 0.0000000000 0.3562683235 0.9712759071 0.9216790478 0.1153156230 0.1188556860 0.6141084083 0.3654971415 0.6436059591 0.0807484837 0.7694715147
0.9317532362 0.7602785229 0.5728400074 0.8016461533 0.0629810640 0.1422511904 0.4379992902 0.3327316577 0.3562683235 0.0000000000 0.4324536587 0.8497871289 0.8857818470 0.6931500443 0.7082157461 0.0140425053 0.0509803503 0.6967525305 0.1638244453
0.0489434885 0.9360050590 0.8193096080 0.0255916685 0.4926103534 0.8868557768 0.4046475780 0.1795006026 0.9712759071 0.4324536587 0.0000000000 0.0375455228 0.9908660293 0.6160205357 0.3878316340 0.7750503254 0.5589335183 0.5294368176 0.8639397334
0.2209850156 0.4799124370 0.3830951762 0.0958175756 0.9001977567 0.4971755972 0.1685441774 0.7161554267 0.9216790478 0.8497871289 0.0375455228 0.0000000000 0.6320782645 0.7374262358 0.6993300288 0.2031101108 0.8212623722 0.9825242432 0.1852142225
0.3880266147 0.9237197474 0.7672147418 0.6119618777 0.5349940840 0.5620300270 0.3740061572 0.6291784488 0.1153156230 0.8857818470 0.9908660293 0.6320782645 0.0000000000 0.8807077075 0.5405751587 0.3892811745 0.0878895906 0.9521014762 0.7355801209
0.8963123667 0.9911479400 0.3143364666 0.3424862385 0.0198403482 0.2324807129 0.6559299151 0.1035411505 0.1188556860 0.6931500443 0.6160205357 0.7374262358 0.8807077075 0.0000000000 0.2791235909 0.9228696581 0.4242408334 0.0385105559 0.0324532786
0.1807348653 0.4946225728 0.2850871423 0.2540792374 0.5118610341 0.8938163293 0.9897399542 0.2777348487 0.6141084083 0.7082157461 0.3878316340 0.6993300288 0.5405751587 0.2791235909 0.0000000000 0.1929904411 0.4460809265 0.9388938144 0.9898692095
0.8565289958 0.3669994237 0.4240939081 0.0600938369 0.5775295277 0.3271643180 0.4182574859 0.9787924291 0.3654971415 0.0140425053 0.7750503254 0.2031101108 0.3892811745 0.9228696581 0.1929904411 0.0000000000 0.8325947229 0.2473302478 0.2336031548
0.8474938889 0.0785954931 0.5710833112 0.2352256112 0.2108490234 0.0799463441 0.8884156997 0.8970925028 0.6436059591 0.0509803503 0.5589335183 0.8212623722 0.0878895906 0.4242408334 0.4460809265 0.8325947229 0.0000000000 0.0277528273 0.8294745555
0.7233835800 0.2173228726 0.8627263230 0.4847295724 0.8414311401 0.2230003411 0.5376938270 0.1654572663 0.0807484837 0.6967525305 0.5294368176 0.9825242432 0.9521014762 0.0385105559 0.9388938144 0.2473302478 0.0277528273 0.0000000000 0.8028462488
0.6090655791 0.6862160863 0.9069418039 0.2602279133 0.8472015489 0.2000303938 0.6234109395 0.4800804486 0.7694715147 0.1638244453 0.8639397334 0.1852142225 0.7355801209 0.0324532786 0.9898692095 0.2336031548 0.8294745555 0.8028462488 0.0000000000
