# Graph size: 19
# Optimal cost: 1.6804512081523046

# Distance Matrix
0.0 0.21819679059134012 0.018138860573734927 0.6817700145082067 0.34105805806278566 0.9712043300880453 0.4026573703535057 0.2183321144431597 0.472301737882347 0.8753803014000336 0.5793827005665457 0.20270483479083345 0.26911358574702504 0.5159425447650555 0.7992070802529138 0.7277138340229997 0.40847911066538634 0.41780516613063545 0.5779485651112624
0.21819679059134012 0.0 0.2474293518006908 0.3524961337904754 0.6080548490813944 0.38352724534201577 0.08939206734700378 0.11788805305698935 0.5560222441972252 0.6136774425036717 0.24508402158177545 0.568367892583138 0.5112424931808837 0.9482107574799987 0.33833309629892305 0.9002941627038833 0.9637006304844775 0.5905087666374709 0.3910665822622488
0.018138860573734927 0.2474293518006908 0.0 0.06334810149248982 0.9361092109271835 0.8748387077844747 0.5068056490596103 0.9605010455199269 0.08456693362315504 0.20924877408032538 0.8745187234407882 0.40532992015250524 0.13179889627778385 0.34821472712332235 0.5589294691942458 0.9797776859612272 0.9862803466786254 0.5448724565617418 0.38810020217758034
0.6817700145082067 0.3524961337904754 0.06334810149248982 0.0 0.13174480267204391 0.01089739838221604 0.2195862038588845 0.8750892800040972 0.07943664536766293 0.29640016008082415 0.39976551329767673 0.5177069706680243 0.3481810893179419 0.467754602807811 0.33525844985596254 0.008870927150362085 0.055469409908027845 0.5056016848959628 0.37431244308119627
0.34105805806278566 0.6080548490813944 0.9361092109271835 0.13174480267204391 0.0 0.8597893032572159 0.3812627143895755 0.30038335745181666 0.3970082918216947 0.6891756071144256 0.01314515378665615 0.17329700530040493 0.8462370688054008 0.963926316509931 0.7396944840699181 0.3960911646740435 0.6707031962416622 0.29016874843524676 0.7804790678853913
0.9712043300880453 0.38352724534201577 0.8748387077844747 0.01089739838221604 0.8597893032572159 0.0 0.8208168934354602 0.3001018653159284 0.4483130860610136 0.8873801284436591 0.0910011758571061 0.10953217401231108 0.24171938623297706 0.7294766014551456 0.547309731808811 0.6983720479831228 0.8858164782894041 0.5825192908947654 0.8636184471813346
0.4026573703535057 0.08939206734700378 0.5068056490596103 0.2195862038588845 0.3812627143895755 0.8208168934354602 0.0 0.7082547741997114 0.1029866640147532 0.88405987878962 0.6535142607090622 0.8354510089580179 0.308256355026133 0.7865898006350854 0.772597881062715 0.154874465178804 0.2718095789432494 0.44358236282395114 0.8085619287439025
0.2183321144431597 0.11788805305698935 0.9605010455199269 0.8750892800040972 0.30038335745181666 0.3001018653159284 0.7082547741997114 0.0 0.8660931404586115 0.42656784465641784 0.39712147353276006 0.2988702665263462 0.09614243691167534 0.552556075572707 0.10083833306465961 0.5449653584945642 0.44960026697212996 0.9145014048814165 0.30816764543101327
0.472301737882347 0.5560222441972252 0.08456693362315504 0.07943664536766293 0.3970082918216947 0.4483130860610136 0.1029866640147532 0.8660931404586115 0.0 0.5022822096644256 0.5832983833893318 0.055087894805671445 0.7834730188256656 0.11694905557435686 0.20120825471097936 0.35351661636893306 0.5523807203789862 0.6529065686169248 0.5144541574344819
0.8753803014000336 0.6136774425036717 0.20924877408032538 0.29640016008082415 0.6891756071144256 0.8873801284436591 0.88405987878962 0.42656784465641784 0.5022822096644256 0.0 0.14749755874663595 0.6977001116389409 0.007278657017124601 0.39206944651337905 0.6865261121836643 0.5285979007122866 0.7471797579186732 0.14002698354966792 0.43527330960995614
0.5793827005665457 0.24508402158177545 0.8745187234407882 0.39976551329767673 0.01314515378665615 0.0910011758571061 0.6535142607090622 0.39712147353276006 0.5832983833893318 0.14749755874663595 0.0 0.8032324456604988 0.6177450484490802 0.08923794501179028 0.2781459175024097 0.5688435825705929 0.569021530822632 0.9476280092495479 0.9895487335355203
0.20270483479083345 0.568367892583138 0.40532992015250524 0.5177069706680243 0.17329700530040493 0.10953217401231108 0.8354510089580179 0.2988702665263462 0.055087894805671445 0.6977001116389409 0.8032324456604988 0.0 0.09833239857693554 0.9284593255948964 0.17706326560026342 0.9291082543275448 0.34865430811850184 0.20609438675403735 0.49281282840760365
0.26911358574702504 0.5112424931808837 0.13179889627778385 0.3481810893179419 0.8462370688054008 0.24171938623297706 0.308256355026133 0.09614243691167534 0.7834730188256656 0.007278657017124601 0.6177450484490802 0.09833239857693554 0.0 0.2970930439317342 0.3438881818128374 0.1611152797488007 0.9513990616488529 0.4424933315733408 0.8946329145191536
0.5159425447650555 0.9482107574799987 0.34821472712332235 0.467754602807811 0.963926316509931 0.7294766014551456 0.7865898006350854 0.552556075572707 0.11694905557435686 0.39206944651337905 0.08923794501179028 0.9284593255948964 0.2970930439317342 0.0 0.18135805604300448 0.9920999582217511 0.654698241109244 0.10542228197162273 0.7313752412005186
0.7992070802529138 0.33833309629892305 0.5589294691942458 0.33525844985596254 0.7396944840699181 0.547309731808811 0.772597881062715 0.10083833306465961 0.20120825471097936 0.6865261121836643 0.2781459175024097 0.17706326560026342 0.3438881818128374 0.18135805604300448 0.0 0.2280330916967348 0.5894361379855267 0.19313776347624056 0.6100758440118201
0.7277138340229997 0.9002941627038833 0.9797776859612272 0.008870927150362085 0.3960911646740435 0.6983720479831228 0.154874465178804 0.5449653584945642 0.35351661636893306 0.5285979007122866 0.5688435825705929 0.9291082543275448 0.1611152797488007 0.9920999582217511 0.2280330916967348 0.0 0.7446637319657785 0.9806197263219834 0.24193812545258453
0.40847911066538634 0.9637006304844775 0.9862803466786254 0.055469409908027845 0.6707031962416622 0.8858164782894041 0.2718095789432494 0.44960026697212996 0.5523807203789862 0.7471797579186732 0.569021530822632 0.34865430811850184 0.9513990616488529 0.654698241109244 0.5894361379855267 0.7446637319657785 0.0 0.02553577398229756 0.15674454247630887
0.41780516613063545 0.5905087666374709 0.5448724565617418 0.5056016848959628 0.29016874843524676 0.5825192908947654 0.44358236282395114 0.9145014048814165 0.6529065686169248 0.14002698354966792 0.9476280092495479 0.20609438675403735 0.4424933315733408 0.10542228197162273 0.19313776347624056 0.9806197263219834 0.02553577398229756 0.0 0.571964616707647
0.5779485651112624 0.3910665822622488 0.38810020217758034 0.37431244308119627 0.7804790678853913 0.8636184471813346 0.8085619287439025 0.30816764543101327 0.5144541574344819 0.43527330960995614 0.9895487335355203 0.49281282840760365 0.8946329145191536 0.7313752412005186 0.6100758440118201 0.24193812545258453 0.15674454247630887 0.571964616707647 0.0

# Optimal Walk
0 8 6 1 7 14 11 12 9 10 4 13 17 16 18 5 3 15 2 0
