# MCW Instance
# Type: UNIFORM
# N: 19
# Optimal cost: 1.3700236251332314
# Optimal tour (permutation): [0, 6, 4, 14, 1, 7, 13, 3, 10, 2, 11, 17, 15, 5, 16, 8, 9, 12, 18, 0]
# Optimal walk (full path): [0, 6, 4, 14, 1, 14, 7, 13, 3, 10, 2, 11, 17, 15, 5, 15, 16, 9, 8, 9, 12, 18, 0]
# Walk size: 23
# Is walk (has repeats): true

# Distance Matrix
0.0000000000 0.6976225572 0.9367536863 0.9211604000 0.9594863083 0.5463726129 0.0960664690 0.3468764231 0.8519317173 0.4948994324 0.8829365032 0.6188079405 0.3768376653 0.6395409495 0.8120737317 0.4391957004 0.4938496849 0.8918817288 0.1300602403
0.6976225572 0.0000000000 0.4084248215 0.9105473615 0.7104093166 0.3670036104 0.3688755651 0.1325417537 0.7978392348 0.3952179989 0.9773976614 0.7949078142 0.5558872436 0.0848070289 0.0213310144 0.5450017145 0.9808690452 0.7641870276 0.9002227450
0.9367536863 0.4084248215 0.0000000000 0.5055021096 0.8563588663 0.3430027274 0.3838662373 0.1365537400 0.5532405640 0.1355521272 0.2270157519 0.1371804236 0.4828356655 0.1347509240 0.4721052127 0.8786737716 0.2653950788 0.7298311595 0.3035275696
0.9211604000 0.9105473615 0.5055021096 0.0000000000 0.7464530350 0.9740921333 0.6353825848 0.1305069636 0.6819305095 0.3937565549 0.1050096292 0.1703228415 0.1622058975 0.0939405884 0.3397905639 0.1796215027 0.8329522931 0.2575095527 0.3698898921
0.9594863083 0.7104093166 0.8563588663 0.7464530350 0.0000000000 0.1387773233 0.0186453655 0.6288014145 0.5870886685 0.6327425074 0.3743262252 0.6495007727 0.5366618009 0.3915502589 0.0143781363 0.8357249208 0.5389452616 0.9546136442 0.5563354306
0.5463726129 0.3670036104 0.3430027274 0.9740921333 0.1387773233 0.0000000000 0.7164204392 0.2041005605 0.7051882895 0.6515326692 0.2010211937 0.9279971662 0.5848440227 0.7394411826 0.0734194828 0.0127985190 0.6425167996 0.9588283897 0.4196539699
0.0960664690 0.3688755651 0.3838662373 0.6353825848 0.0186453655 0.7164204392 0.0000000000 0.1427506256 0.1986894240 0.3764157964 0.1883194250 0.5638367061 0.8124751037 0.9524988713 0.7555551298 0.4653751806 0.4278557136 0.9530327012 0.3205702475
0.3468764231 0.1325417537 0.1365537400 0.1305069636 0.6288014145 0.2041005605 0.1427506256 0.0000000000 0.7423025982 0.0450519067 0.8389752673 0.1930156102 0.5287968816 0.0139801529 0.0162197778 0.5501136336 0.6370604650 0.5789768649 0.2132363265
0.8519317173 0.7978392348 0.5532405640 0.6819305095 0.5870886685 0.7051882895 0.1986894240 0.7423025982 0.0000000000 0.0393093721 0.3094971681 0.6174475640 0.6685824837 0.6813067529 0.4981802049 0.6098249755 0.7567310325 0.8887065739 0.2224234073
0.4948994324 0.3952179989 0.1355521272 0.3937565549 0.6327425074 0.6515326692 0.3764157964 0.0450519067 0.0393093721 0.0000000000 0.7541967557 0.1582027123 0.0570635959 0.4234312537 0.7961896565 0.1887803145 0.1080319828 0.1344176697 0.5831743813
0.8829365032 0.9773976614 0.2270157519 0.1050096292 0.3743262252 0.2010211937 0.1883194250 0.8389752673 0.3094971681 0.7541967557 0.0000000000 0.4426199445 0.5683698285 0.7152476755 0.5715809676 0.4753641287 0.2539251812 0.3625696535 0.5170917485
0.6188079405 0.7949078142 0.1371804236 0.1703228415 0.6495007727 0.9279971662 0.5638367061 0.1930156102 0.6174475640 0.1582027123 0.4426199445 0.0000000000 0.8559006022 0.3943272990 0.0995705959 0.3597052475 0.5491997253 0.0819586866 0.9739002665
0.3768376653 0.5558872436 0.4828356655 0.1622058975 0.5366618009 0.5848440227 0.8124751037 0.5287968816 0.6685824837 0.0570635959 0.5683698285 0.8559006022 0.0000000000 0.8791411034 0.2577021406 0.2578847876 0.2479744954 0.0407822363 0.0450180484
0.6395409495 0.0848070289 0.1347509240 0.0939405884 0.3915502589 0.7394411826 0.9524988713 0.0139801529 0.6813067529 0.4234312537 0.7152476755 0.3943272990 0.8791411034 0.0000000000 0.0577701461 0.9527820695 0.0783277954 0.2932379582 0.2324107963
0.8120737317 0.0213310144 0.4721052127 0.3397905639 0.0143781363 0.0734194828 0.7555551298 0.0162197778 0.4981802049 0.7961896565 0.5715809676 0.0995705959 0.2577021406 0.0577701461 0.0000000000 0.2944832778 0.2665561134 0.8039438978 0.5303649669
0.4391957004 0.5450017145 0.8786737716 0.1796215027 0.8357249208 0.0127985190 0.4653751806 0.5501136336 0.6098249755 0.1887803145 0.4753641287 0.3597052475 0.2578847876 0.9527820695 0.2944832778 0.0000000000 0.0525027088 0.0260742569 0.6430495671
0.4938496849 0.9808690452 0.2653950788 0.8329522931 0.5389452616 0.6425167996 0.4278557136 0.6370604650 0.7567310325 0.1080319828 0.2539251812 0.5491997253 0.2479744954 0.0783277954 0.2665561134 0.0525027088 0.0000000000 0.3842650487 0.2884826392
0.8918817288 0.7641870276 0.7298311595 0.2575095527 0.9546136442 0.9588283897 0.9530327012 0.5789768649 0.8887065739 0.1344176697 0.3625696535 0.0819586866 0.0407822363 0.2932379582 0.8039438978 0.0260742569 0.3842650487 0.0000000000 0.4716566337
0.1300602403 0.9002227450 0.3035275696 0.3698898921 0.5563354306 0.4196539699 0.3205702475 0.2132363265 0.2224234073 0.5831743813 0.5170917485 0.9739002665 0.0450180484 0.2324107963 0.5303649669 0.6430495671 0.2884826392 0.4716566337 0.0000000000
