# MCW Instance
# Type: UNIFORM
# N: 19
# Optimal cost: 1.9857207536960892
# Optimal tour (permutation): [0, 14, 4, 7, 2, 17, 18, 5, 3, 16, 1, 11, 9, 13, 10, 12, 15, 8, 6, 0]
# Optimal walk (full path): [0, 14, 0, 4, 7, 2, 17, 18, 5, 18, 3, 16, 1, 11, 9, 13, 10, 12, 15, 8, 15, 12, 6, 0]
# Walk size: 24
# Is walk (has repeats): true

# Distance Matrix
0.0000000000 0.3710121188 0.6408911935 0.4252879328 0.0392033957 0.8622392838 0.1379680454 0.1557370214 0.7341897498 0.5797224799 0.9222686292 0.4275459610 0.2933510776 0.8030883136 0.0303404380 0.1896863483 0.4434499653 0.4075492321 0.9284700385
0.3710121188 0.0000000000 0.9487143829 0.6613162652 0.8441222374 0.4829620115 0.7491921982 0.6842036035 0.4270842922 0.7161469608 0.1229821946 0.0667547416 0.8342123242 0.6337943039 0.3314196186 0.2582391635 0.1325829093 0.6683933516 0.8972198318
0.6408911935 0.9487143829 0.0000000000 0.8231404124 0.8311823068 0.5728063340 0.3770787763 0.1088344579 0.4313052185 0.9200852681 0.5612763957 0.8760147170 0.6966960798 0.7177842018 0.8031941641 0.1506832412 0.3976141829 0.0288870084 0.9795099994
0.4252879328 0.6613162652 0.8231404124 0.0000000000 0.8309417852 0.5964799257 0.9065103769 0.6609348175 0.3874803777 0.6374861575 0.3958301468 0.4337069638 0.3335752122 0.8785354236 0.8342189321 0.9536618756 0.0085718311 0.8610901634 0.1893713899
0.0392033957 0.8441222374 0.8311823068 0.8309417852 0.0000000000 0.2375466435 0.6182430294 0.0519993915 0.7152327914 0.9003496058 0.4060761543 0.5110925304 0.7768358832 0.5327678887 0.2914569922 0.8393069618 0.2976894804 0.1795362798 0.3038831600
0.8622392838 0.4829620115 0.5728063340 0.5964799257 0.2375466435 0.0000000000 0.5443426456 0.9171519284 0.9271932734 0.6667523495 0.5243141815 0.6102613518 0.9389610111 0.4399363528 0.7145963405 0.2187834075 0.8847676857 0.2172644933 0.0690364203
0.1379680454 0.7491921982 0.3770787763 0.9065103769 0.6182430294 0.5443426456 0.0000000000 0.0697769004 0.6060429357 0.4932053615 0.9539332127 0.6167662534 0.0277671806 0.9624487063 0.7216585096 0.8286489392 0.7843589421 0.1967545132 0.7005240195
0.1557370214 0.6842036035 0.1088344579 0.6609348175 0.0519993915 0.9171519284 0.0697769004 0.0000000000 0.8727552249 0.7613344724 0.8553491281 0.0884733510 0.4910164226 0.7712761166 0.8283138113 0.2704043719 0.3519871114 0.8804975873 0.4868233745
0.7341897498 0.4270842922 0.4313052185 0.3874803777 0.7152327914 0.9271932734 0.6060429357 0.8727552249 0.0000000000 0.8924049673 0.5765057102 0.4818953116 0.5197586886 0.6209110243 0.5810667652 0.0698273010 0.6731288949 0.8907720744 0.3605177967
0.5797224799 0.7161469608 0.9200852681 0.6374861575 0.9003496058 0.6667523495 0.4932053615 0.7613344724 0.8924049673 0.0000000000 0.8144618305 0.0769047007 0.1034370543 0.3404820056 0.4558903052 0.7432775230 0.6749487923 0.9699476517 0.7423999728
0.9222686292 0.1229821946 0.5612763957 0.3958301468 0.4060761543 0.5243141815 0.9539332127 0.8553491281 0.5765057102 0.8144618305 0.0000000000 0.2510232864 0.0531622056 0.2957539489 0.6226538710 0.5925641786 0.3245786728 0.8632419343 0.6681269188
0.4275459610 0.0667547416 0.8760147170 0.4337069638 0.5110925304 0.6102613518 0.6167662534 0.0884733510 0.4818953116 0.0769047007 0.2510232864 0.0000000000 0.6534850941 0.3134143688 0.4211286975 0.7499984075 0.8186762601 0.1389979382 0.0737013366
0.2933510776 0.8342123242 0.6966960798 0.3335752122 0.7768358832 0.9389610111 0.0277671806 0.4910164226 0.5197586886 0.1034370543 0.0531622056 0.6534850941 0.0000000000 0.8238030930 0.7549369493 0.0423188518 0.7197169329 0.7854943482 0.5067898245
0.8030883136 0.6337943039 0.7177842018 0.8785354236 0.5327678887 0.4399363528 0.9624487063 0.7712761166 0.6209110243 0.3404820056 0.2957539489 0.3134143688 0.8238030930 0.0000000000 0.9185246376 0.8449337560 0.7541745068 0.6604188665 0.3993914829
0.0303404380 0.3314196186 0.8031941641 0.8342189321 0.2914569922 0.7145963405 0.7216585096 0.8283138113 0.5810667652 0.4558903052 0.6226538710 0.4211286975 0.7549369493 0.9185246376 0.0000000000 0.9939872805 0.8095992186 0.4800587910 0.5182697128
0.1896863483 0.2582391635 0.1506832412 0.9536618756 0.8393069618 0.2187834075 0.8286489392 0.2704043719 0.0698273010 0.7432775230 0.5925641786 0.7499984075 0.0423188518 0.8449337560 0.9939872805 0.0000000000 0.5373647661 0.1666637509 0.6018269767
0.4434499653 0.1325829093 0.3976141829 0.0085718311 0.2976894804 0.8847676857 0.7843589421 0.3519871114 0.6731288949 0.6749487923 0.3245786728 0.8186762601 0.7197169329 0.7541745068 0.8095992186 0.5373647661 0.0000000000 0.9597316392 0.6705202069
0.4075492321 0.6683933516 0.0288870084 0.8610901634 0.1795362798 0.2172644933 0.1967545132 0.8804975873 0.8907720744 0.9699476517 0.8632419343 0.1389979382 0.7854943482 0.6604188665 0.4800587910 0.1666637509 0.9597316392 0.0000000000 0.0044315194
0.9284700385 0.8972198318 0.9795099994 0.1893713899 0.3038831600 0.0690364203 0.7005240195 0.4868233745 0.3605177967 0.7423999728 0.6681269188 0.0737013366 0.5067898245 0.3993914829 0.5182697128 0.6018269767 0.6705202069 0.0044315194 0.0000000000
