# Graph size: 19
# Optimal cost: 1.6699195605465709

# Distance Matrix
0.0 0.15822471658842807 0.7274971256571462 0.6232192263050428 0.2283615630682443 0.04683342853549055 0.1737950412867436 0.4512148564516314 0.37787473933093296 0.8191604004484261 0.5568520921394811 0.4094382091607893 0.41833453562353107 0.7918081566105195 0.33993544043011725 0.15774013321418323 0.8773764732793292 0.9661916232203485 0.7984217327996987
0.15822471658842807 0.0 0.2743358804131394 0.6045595352774548 0.7599360563761398 0.8826926997654444 0.05986198153259337 0.27053836400548126 0.4883978414152703 0.15888950971785054 0.8354679097940089 0.4688900313564687 0.9203136591934294 0.3011895491698181 0.04771728340592585 0.9650592003283919 0.9044344044637418 0.7586827344269589 0.6815494450384754
0.7274971256571462 0.2743358804131394 0.0 0.9269252022464218 0.01810212434745917 0.9005889200957391 0.4522798646626224 0.2927830428394078 0.4240799735852553 0.15547207106876548 0.9985928600779093 0.7850696204267724 0.638546444897309 0.4032704280103776 0.8307084132257613 0.46195561124236184 0.7110166724193034 0.15337665044548066 0.10137986823155576
0.6232192263050428 0.6045595352774548 0.9269252022464218 0.0 0.11396250573411115 0.3960557218434204 0.8476654970456085 0.3621069746009492 0.2590530761257166 0.25699940131697196 0.9642808026490431 0.3429246008648983 0.9671829689750494 0.28350067960354997 0.4661575759872246 0.45135444065330244 0.2540900889313412 0.5275706168068441 0.5376691796339085
0.2283615630682443 0.7599360563761398 0.01810212434745917 0.11396250573411115 0.0 0.12458340634222753 0.324137269402463 0.4668846740196845 0.4834534067187114 0.38865888522113756 0.5133130382436533 0.28947676226499974 0.12538579112713522 0.9794679622911648 0.38603448582340294 0.060544656459825985 0.026831756995083222 0.16249354261244142 0.0731846434574418
0.04683342853549055 0.8826926997654444 0.9005889200957391 0.3960557218434204 0.12458340634222753 0.0 0.7799426289511457 0.3977240754190754 0.9518179849977898 0.6038568707218247 0.6680378907515911 0.5896758841359684 0.7735701409707078 0.6795665817532589 0.627959736583111 0.6772532825592783 0.7449894211449613 0.06723105619644865 0.72387123668882
0.1737950412867436 0.05986198153259337 0.4522798646626224 0.8476654970456085 0.324137269402463 0.7799426289511457 0.0 0.7396959701500926 0.6475061704893716 0.5460058198544396 0.6877453627890324 0.1067883883584625 0.36071480059325434 0.13310629914051642 0.9212288042987209 0.01324766822047363 0.993842312551493 0.13503147315451092 0.19452806474030526
0.4512148564516314 0.27053836400548126 0.2927830428394078 0.3621069746009492 0.4668846740196845 0.3977240754190754 0.7396959701500926 0.0 0.8179089880845196 0.20229174717581178 0.4231462995422055 0.26085448713694115 0.18715306811770482 0.2090661403873415 0.21636793074427219 0.9028160615343018 0.41643394866914707 0.8643559611280822 0.5687403844516946
0.37787473933093296 0.4883978414152703 0.4240799735852553 0.2590530761257166 0.4834534067187114 0.9518179849977898 0.6475061704893716 0.8179089880845196 0.0 0.5062453799637661 0.36943052594444525 0.671298429085242 0.7059709273662765 0.11730498373160725 0.3512577675019757 0.0818949308940653 0.3325408671651242 0.0803126710252241 0.6003391963919138
0.8191604004484261 0.15888950971785054 0.15547207106876548 0.25699940131697196 0.38865888522113756 0.6038568707218247 0.5460058198544396 0.20229174717581178 0.5062453799637661 0.0 0.5242982675047205 0.039792442387028504 0.7765808743290356 0.9829550217480166 0.5611586208748108 0.9854322326104148 0.6886659919405564 0.9051450034841504 0.2984434663895036
0.5568520921394811 0.8354679097940089 0.9985928600779093 0.9642808026490431 0.5133130382436533 0.6680378907515911 0.6877453627890324 0.4231462995422055 0.36943052594444525 0.5242982675047205 0.0 0.08618105466056258 0.9997748656167897 0.4185592660472267 0.6651233556078888 0.06783902554041044 0.2046774354402202 0.9900138209356171 0.46634198584283015
0.4094382091607893 0.4688900313564687 0.7850696204267724 0.3429246008648983 0.28947676226499974 0.5896758841359684 0.1067883883584625 0.26085448713694115 0.671298429085242 0.039792442387028504 0.08618105466056258 0.0 0.8508236259231364 0.7563258110817997 0.4289222484419555 0.17616522889996322 0.9142780105619257 0.6014818572552343 0.022438486339189878
0.41833453562353107 0.9203136591934294 0.638546444897309 0.9671829689750494 0.12538579112713522 0.7735701409707078 0.36071480059325434 0.18715306811770482 0.7059709273662765 0.7765808743290356 0.9997748656167897 0.8508236259231364 0.0 0.2807312713434036 0.478134829833996 0.5690070360352809 0.015060167469521657 0.608599176444801 0.5700615625625485
0.7918081566105195 0.3011895491698181 0.4032704280103776 0.28350067960354997 0.9794679622911648 0.6795665817532589 0.13310629914051642 0.2090661403873415 0.11730498373160725 0.9829550217480166 0.4185592660472267 0.7563258110817997 0.2807312713434036 0.0 0.9660692179166194 0.18760575558624404 0.4923212885196673 0.30300060046762123 0.4103735680829351
0.33993544043011725 0.04771728340592585 0.8307084132257613 0.4661575759872246 0.38603448582340294 0.627959736583111 0.9212288042987209 0.21636793074427219 0.3512577675019757 0.5611586208748108 0.6651233556078888 0.4289222484419555 0.478134829833996 0.9660692179166194 0.0 0.4398928924197476 0.7937400777017525 0.9790578938166803 0.8806255733151616
0.15774013321418323 0.9650592003283919 0.46195561124236184 0.45135444065330244 0.060544656459825985 0.6772532825592783 0.01324766822047363 0.9028160615343018 0.0818949308940653 0.9854322326104148 0.06783902554041044 0.17616522889996322 0.5690070360352809 0.18760575558624404 0.4398928924197476 0.0 0.9621094119539506 0.7952376317706695 0.9567819950206677
0.8773764732793292 0.9044344044637418 0.7110166724193034 0.2540900889313412 0.026831756995083222 0.7449894211449613 0.993842312551493 0.41643394866914707 0.3325408671651242 0.6886659919405564 0.2046774354402202 0.9142780105619257 0.015060167469521657 0.4923212885196673 0.7937400777017525 0.9621094119539506 0.0 0.20278592915944804 0.7917824897150876
0.9661916232203485 0.7586827344269589 0.15337665044548066 0.5275706168068441 0.16249354261244142 0.06723105619644865 0.13503147315451092 0.8643559611280822 0.0803126710252241 0.9051450034841504 0.9900138209356171 0.6014818572552343 0.608599176444801 0.30300060046762123 0.9790578938166803 0.7952376317706695 0.20278592915944804 0.0 0.7101420032152909
0.7984217327996987 0.6815494450384754 0.10137986823155576 0.5376691796339085 0.0731846434574418 0.72387123668882 0.19452806474030526 0.5687403844516946 0.6003391963919138 0.2984434663895036 0.46634198584283015 0.022438486339189878 0.5700615625625485 0.4103735680829351 0.8806255733151616 0.9567819950206677 0.7917824897150876 0.7101420032152909 0.0

# Optimal Walk
0 5 17 8 13 7 12 16 4 3 2 18 9 11 10 15 6 14 1 0
