# MCW Instance
# Type: UNIFORM
# N: 19
# Optimal cost: 2.298283899357615
# Optimal tour (permutation): [0, 12, 14, 11, 1, 10, 4, 16, 6, 8, 9, 7, 3, 17, 18, 15, 13, 2, 5, 0]
# Optimal walk (full path): [0, 12, 0, 14, 11, 1, 10, 4, 16, 6, 8, 9, 7, 3, 17, 18, 15, 13, 2, 5, 0]
# Walk size: 21
# Is walk (has repeats): true

# Distance Matrix
0.0000000000 0.5689600574 0.9584336700 0.8438745526 0.6952453049 0.0022629013 0.9356376046 0.2416094706 0.5203656498 0.1266820054 0.9052466124 0.8308829516 0.1498606969 0.6706850912 0.0692870981 0.9722255334 0.1815713993 0.9059377035 0.5704715573
0.5689600574 0.0000000000 0.3823194279 0.2694531068 0.4205422177 0.8614393866 0.3482053205 0.6726340932 0.5473527404 0.8516093129 0.2767565475 0.2912073950 0.9368985676 0.4356782259 0.3311596210 0.5745289416 0.3591752248 0.9540893519 0.7664924447
0.9584336700 0.3823194279 0.0000000000 0.5247084170 0.1945385036 0.1133328686 0.7180928997 0.3861440366 0.2311638829 0.9027301793 0.6192616948 0.5113657918 0.3250099557 0.0843926739 0.1289455076 0.3241164562 0.1979510588 0.9043347996 0.4353977505
0.8438745526 0.2694531068 0.5247084170 0.0000000000 0.2625130138 0.1507211333 0.7752600791 0.0684155233 0.0782959203 0.7495371157 0.8153279312 0.9006035365 0.8925871241 0.6087467545 0.2922484095 0.8472168127 0.9642420592 0.2365725737 0.2183406639
0.6952453049 0.4205422177 0.1945385036 0.2625130138 0.0000000000 0.8844858126 0.2137951389 0.5369999041 0.5697302351 0.3979291519 0.1641616074 0.9680838079 0.8616493214 0.5450103688 0.1086736524 0.5454259278 0.1018431600 0.2705972460 0.9976918578
0.0022629013 0.8614393866 0.1133328686 0.1507211333 0.8844858126 0.0000000000 0.8492991689 0.4653746629 0.8490335063 0.7469477152 0.9448745856 0.3866588347 0.3432340628 0.4139366087 0.6572312240 0.1483472249 0.1690668003 0.9630952044 0.9563065824
0.9356376046 0.3482053205 0.7180928997 0.7752600791 0.2137951389 0.8492991689 0.0000000000 0.4617216092 0.0323856072 0.1461605726 0.3016716319 0.9795458689 0.8664305774 0.3610231065 0.6729909142 0.1598631006 0.0389127842 0.2205489485 0.6692550092
0.2416094706 0.6726340932 0.3861440366 0.0684155233 0.5369999041 0.4653746629 0.4617216092 0.0000000000 0.4080150004 0.0209532733 0.9622618176 0.4983490952 0.9641988759 0.9141467543 0.7604381643 0.8982476867 0.5751672200 0.7173721422 0.4640837858
0.5203656498 0.5473527404 0.2311638829 0.0782959203 0.5697302351 0.8490335063 0.0323856072 0.4080150004 0.0000000000 0.0321026979 0.5912135326 0.9815742865 0.2774238881 0.1817179427 0.7633773406 0.5485919097 0.4239527107 0.6273803088 0.6808403262
0.1266820054 0.8516093129 0.9027301793 0.7495371157 0.3979291519 0.7469477152 0.1461605726 0.0209532733 0.0321026979 0.0000000000 0.3992088925 0.8907529620 0.4467438577 0.4847743459 0.2459576961 0.9367095004 0.0914402177 0.2224417812 0.3978044815
0.9052466124 0.2767565475 0.6192616948 0.8153279312 0.1641616074 0.9448745856 0.3016716319 0.9622618176 0.5912135326 0.3992088925 0.0000000000 0.1664051117 0.5073148484 0.9641370675 0.5966983188 0.6209014584 0.2526651328 0.5955974446 0.9800672637
0.8308829516 0.2912073950 0.5113657918 0.9006035365 0.9680838079 0.3866588347 0.9795458689 0.4983490952 0.9815742865 0.8907529620 0.1664051117 0.0000000000 0.5172709150 0.5385835696 0.0198005207 0.0586961599 0.9806605694 0.3664849767 0.3546048078
0.1498606969 0.9368985676 0.3250099557 0.8925871241 0.8616493214 0.3432340628 0.8664305774 0.9641988759 0.2774238881 0.4467438577 0.5073148484 0.5172709150 0.0000000000 0.6160227997 0.3558321869 0.9701238625 0.5964783265 0.7327400711 0.4595375099
0.6706850912 0.4356782259 0.0843926739 0.6087467545 0.5450103688 0.4139366087 0.3610231065 0.9141467543 0.1817179427 0.4847743459 0.9641370675 0.5385835696 0.6160227997 0.0000000000 0.5828843319 0.1356001585 0.7196937839 0.4407510637 0.1458515484
0.0692870981 0.3311596210 0.1289455076 0.2922484095 0.1086736524 0.6572312240 0.6729909142 0.7604381643 0.7633773406 0.2459576961 0.5966983188 0.0198005207 0.3558321869 0.5828843319 0.0000000000 0.4539081079 0.6024173008 0.7526974695 0.9481504636
0.9722255334 0.5745289416 0.3241164562 0.8472168127 0.5454259278 0.1483472249 0.1598631006 0.8982476867 0.5485919097 0.9367095004 0.6209014584 0.0586961599 0.9701238625 0.1356001585 0.4539081079 0.0000000000 0.3152050996 0.9422452695 0.1087740854
0.1815713993 0.3591752248 0.1979510588 0.9642420592 0.1018431600 0.1690668003 0.0389127842 0.5751672200 0.4239527107 0.0914402177 0.2526651328 0.9806605694 0.5964783265 0.7196937839 0.6024173008 0.3152050996 0.0000000000 0.3482638887 0.7652259645
0.9059377035 0.9540893519 0.9043347996 0.2365725737 0.2705972460 0.9630952044 0.2205489485 0.7173721422 0.6273803088 0.2224417812 0.5955974446 0.3664849767 0.7327400711 0.4407510637 0.7526974695 0.9422452695 0.3482638887 0.0000000000 0.2018010295
0.5704715573 0.7664924447 0.4353977505 0.2183406639 0.9976918578 0.9563065824 0.6692550092 0.4640837858 0.6808403262 0.3978044815 0.9800672637 0.3546048078 0.4595375099 0.1458515484 0.9481504636 0.1087740854 0.7652259645 0.2018010295 0.0000000000
