# Graph size: 19
# Optimal cost: 1.597478593520721

# Distance Matrix
0.0 0.6869232262883773 0.14837001617734902 0.15918005016793757 0.032053738833713874 0.5787060704670272 0.5168734898449673 0.05637862858271636 0.6715360598348953 0.9663304255300049 0.36133871821358043 0.745966102866073 0.23572202372699125 0.7772268691003326 0.8356524295783647 0.9573569481113194 0.3169910774346323 0.7173926619629699 0.9485772664187196
0.6869232262883773 0.0 0.9981858768111315 0.5330460113486256 0.15733925203778143 0.301327729297752 0.5819481852737682 0.8758786391371771 0.3131152389317151 0.2011315008413881 0.6560530128398331 0.16122325245773983 0.22707377887615166 0.09416554506944486 0.364353238846859 0.8583133015773262 0.25715562423752314 0.1919213628644263 0.4979424158055593
0.14837001617734902 0.9981858768111315 0.0 0.15104633353006058 0.2688095321191256 0.6269672634629769 0.788985380962784 0.6842007630340013 0.4902744128433173 0.46723960050471447 0.18457613482028967 0.08213748020462819 0.03979841721179189 0.4424093958561629 0.8010928831508886 0.9924581230237373 0.46247202750911665 0.29153424933572547 0.6042467771798419
0.15918005016793757 0.5330460113486256 0.15104633353006058 0.0 0.1033811046311075 0.2247036907297687 0.2281201278720809 0.9859973780423616 0.311135202325558 0.005968090308627216 0.13688101033566957 0.31673473792841955 0.9724602513138244 0.800308854323955 0.7658991165000628 0.23960403939083585 0.9673426787303306 0.29417891158663056 0.3585518583056405
0.032053738833713874 0.15733925203778143 0.2688095321191256 0.1033811046311075 0.0 0.9435756648542145 0.11840334680877129 0.7225531749564972 0.8814863861200029 0.9028401883278019 0.3658939747247111 0.42185014106636 0.24808599471004422 0.602334045991299 0.9810473941342192 0.5960501999969744 0.7112870724442651 0.5826782669447832 0.015566406533613741
0.5787060704670272 0.301327729297752 0.6269672634629769 0.2247036907297687 0.9435756648542145 0.0 0.39150019902987665 0.9052696350459115 0.7325396597945184 0.13132400980060344 0.2362453712521997 0.8524576793319889 0.13239954125201614 0.9318885530830586 0.5413311224987075 0.6204306477358276 0.910942663303912 0.9262743772650915 0.28436905434457505
0.5168734898449673 0.5819481852737682 0.788985380962784 0.2281201278720809 0.11840334680877129 0.39150019902987665 0.0 0.21276060494064786 0.5137547353759013 0.2953595256706827 0.6997628541196863 0.7084543334854038 0.5037438722008579 0.7026995221670814 0.2853412886780732 0.6265929821492773 0.513678011199037 0.49400664242035264 0.6017474373199068
0.05637862858271636 0.8758786391371771 0.6842007630340013 0.9859973780423616 0.7225531749564972 0.9052696350459115 0.21276060494064786 0.0 0.985926846387764 0.2534563731509162 0.7633520204029431 0.8887843136364634 0.5535959415177107 0.538210323941746 0.9291878514098387 0.35201910818282867 0.3328120167247479 0.14805476156524922 0.6595755369456706
0.6715360598348953 0.3131152389317151 0.4902744128433173 0.311135202325558 0.8814863861200029 0.7325396597945184 0.5137547353759013 0.985926846387764 0.0 0.08329942212201458 0.4262508260039801 0.9562885008336798 0.21354489245792618 0.9704367997635062 0.03006839712226972 0.17006809302152703 0.5242983586218208 0.6241641151229063 0.4628684135501556
0.9663304255300049 0.2011315008413881 0.46723960050471447 0.005968090308627216 0.9028401883278019 0.13132400980060344 0.2953595256706827 0.2534563731509162 0.08329942212201458 0.0 0.7160563192435749 0.6400136979221154 0.30457507164672404 0.8146122994601149 0.773273191653484 0.4592870877834081 0.06460587744958124 0.012377490494264842 0.2063538196570327
0.36133871821358043 0.6560530128398331 0.18457613482028967 0.13688101033566957 0.3658939747247111 0.2362453712521997 0.6997628541196863 0.7633520204029431 0.4262508260039801 0.7160563192435749 0.0 0.05079808954851317 0.8447199432131067 0.8430334132256149 0.184644023770426 0.23056692085745245 0.05080910712181641 0.7473189436772782 0.586041077716334
0.745966102866073 0.16122325245773983 0.08213748020462819 0.31673473792841955 0.42185014106636 0.8524576793319889 0.7084543334854038 0.8887843136364634 0.9562885008336798 0.6400136979221154 0.05079808954851317 0.0 0.4852131748675197 0.2264255763617603 0.005468958975997196 0.8792138470710791 0.7759147457660747 0.7908107809392652 0.2714517067522162
0.23572202372699125 0.22707377887615166 0.03979841721179189 0.9724602513138244 0.24808599471004422 0.13239954125201614 0.5037438722008579 0.5535959415177107 0.21354489245792618 0.30457507164672404 0.8447199432131067 0.4852131748675197 0.0 0.05381266326158185 0.23530450762749278 0.45578851712251256 0.2810429452471104 0.8255061938903663 0.2783310575167436
0.7772268691003326 0.09416554506944486 0.4424093958561629 0.800308854323955 0.602334045991299 0.9318885530830586 0.7026995221670814 0.538210323941746 0.9704367997635062 0.8146122994601149 0.8430334132256149 0.2264255763617603 0.05381266326158185 0.0 0.8574419773131172 0.958376706212626 0.7811591074447282 0.1881495871233464 0.14259515133366474
0.8356524295783647 0.364353238846859 0.8010928831508886 0.7658991165000628 0.9810473941342192 0.5413311224987075 0.2853412886780732 0.9291878514098387 0.03006839712226972 0.773273191653484 0.184644023770426 0.005468958975997196 0.23530450762749278 0.8574419773131172 0.0 0.07627654962854458 0.3491907953464757 0.8093973208363388 0.7354708016387242
0.9573569481113194 0.8583133015773262 0.9924581230237373 0.23960403939083585 0.5960501999969744 0.6204306477358276 0.6265929821492773 0.35201910818282867 0.17006809302152703 0.4592870877834081 0.23056692085745245 0.8792138470710791 0.45578851712251256 0.958376706212626 0.07627654962854458 0.0 0.08758534381315874 0.4811316729110048 0.5837474852407869
0.3169910774346323 0.25715562423752314 0.46247202750911665 0.9673426787303306 0.7112870724442651 0.910942663303912 0.513678011199037 0.3328120167247479 0.5242983586218208 0.06460587744958124 0.05080910712181641 0.7759147457660747 0.2810429452471104 0.7811591074447282 0.3491907953464757 0.08758534381315874 0.0 0.276499284984 0.7378758868690435
0.7173926619629699 0.1919213628644263 0.29153424933572547 0.29417891158663056 0.5826782669447832 0.9262743772650915 0.49400664242035264 0.14805476156524922 0.6241641151229063 0.012377490494264842 0.7473189436772782 0.7908107809392652 0.8255061938903663 0.1881495871233464 0.8093973208363388 0.4811316729110048 0.276499284984 0.0 0.7126211232249962
0.9485772664187196 0.4979424158055593 0.6042467771798419 0.3585518583056405 0.015566406533613741 0.28436905434457505 0.6017474373199068 0.6595755369456706 0.4628684135501556 0.2063538196570327 0.586041077716334 0.2714517067522162 0.2783310575167436 0.14259515133366474 0.7354708016387242 0.5837474852407869 0.7378758868690435 0.7126211232249962 0.0

# Optimal Walk
0 7 17 9 5 3 8 14 15 16 10 11 2 12 13 1 18 6 4 0
