# Graph size: 19
# Optimal cost: 2.6905065236856394

# Distance Matrix
0.0 0.2854527036281047 0.2508108541706303 0.5788556341105263 0.9063077757681741 0.2995215014749212 0.5057573339923369 0.8134601347108799 0.19792667520563623 0.8756971586590729 0.6051633164493692 0.6487606786192694 0.9399657382140102 0.5723551984333333 0.6293094736864179 0.24496285829241837 0.3191939033519796 0.9375887738397555 0.6366702671245932
0.2854527036281047 0.0 0.6387402765477144 0.28433862042436653 0.4727274219402243 0.12924969146853726 0.050843462998249045 0.011231353627310314 0.43290845584453297 0.26241738858942976 0.28663570129904214 0.018352473794784663 0.9415375588850027 0.5702714012081648 0.015475114417166758 0.40741515713922005 0.33395279995154914 0.5175934704749677 0.9189634966370226
0.2508108541706303 0.6387402765477144 0.0 0.6342923867529512 0.8653321727561254 0.7607514531918254 0.1834346349753705 0.6775049898642412 0.918861318431042 0.6024427230754235 0.578655397888277 0.46465283679955716 0.6324051117655525 0.7589614767446115 0.4125658132255072 0.9415853999554168 0.4254030248517323 0.2237116741366093 0.9809842565021281
0.5788556341105263 0.28433862042436653 0.6342923867529512 0.0 0.22477168871804898 0.2524347157288601 0.7069769031880092 0.7415570726068204 0.8642440630593036 0.5358789151689507 0.8594968625115019 0.33283228997091296 0.3626541241689085 0.6373154169359823 0.24618996645686675 0.7321892945507017 0.7453930515550167 0.415796249433545 0.8263997694294148
0.9063077757681741 0.4727274219402243 0.8653321727561254 0.22477168871804898 0.0 0.30045777422266917 0.1573928512140298 0.8908389627114293 0.518332997324785 0.1964105184032311 0.17413931166133423 0.27897115263350725 0.2778950146180561 0.6609167016547479 0.7575906331176704 0.7048823388321145 0.005918301110178437 0.9683934844023565 0.5621110080191748
0.2995215014749212 0.12924969146853726 0.7607514531918254 0.2524347157288601 0.30045777422266917 0.0 0.7017156545741972 0.5128183697836872 0.42229530585342456 0.6011915371236077 0.20975812069054145 0.7160006144373197 0.6317322876958811 0.12264529639611743 0.15876550104458864 0.22288043042414662 0.44790989421167626 0.908127277831106 0.8763836235663213
0.5057573339923369 0.050843462998249045 0.1834346349753705 0.7069769031880092 0.1573928512140298 0.7017156545741972 0.0 0.46116866189261463 0.36193450451868325 0.11224444489059615 0.5036048487248355 0.5581125208316966 0.8696302992721278 0.18718446727345883 0.3179253165012549 0.2416720689207429 0.29436496165778825 0.4007062293608904 0.3658442580389679
0.8134601347108799 0.011231353627310314 0.6775049898642412 0.7415570726068204 0.8908389627114293 0.5128183697836872 0.46116866189261463 0.0 0.13915102343774666 0.8254830398300482 0.9484995561036424 0.08857444645785573 0.9825895483038813 0.0777973836638457 0.686334711343255 0.6883081187597592 0.39526625287099215 0.306690599480949 0.06308735994723347
0.19792667520563623 0.43290845584453297 0.918861318431042 0.8642440630593036 0.518332997324785 0.42229530585342456 0.36193450451868325 0.13915102343774666 0.0 0.8271103596082868 0.12994504125174033 0.5237302603009877 0.9226380766929534 0.8764878257120255 0.8570422521455396 0.1493028167901136 0.4608095902486764 0.34290753348881686 0.8596777527973715
0.8756971586590729 0.26241738858942976 0.6024427230754235 0.5358789151689507 0.1964105184032311 0.6011915371236077 0.11224444489059615 0.8254830398300482 0.8271103596082868 0.0 0.5116230271325878 0.7729194569480238 0.2830169362389473 0.2826136686034597 0.45557707044009654 0.10818941033092577 0.4920429335266353 0.9033724868549943 0.5602091178017354
0.6051633164493692 0.28663570129904214 0.578655397888277 0.8594968625115019 0.17413931166133423 0.20975812069054145 0.5036048487248355 0.9484995561036424 0.12994504125174033 0.5116230271325878 0.0 0.15916692736180027 0.9998244852166416 0.7463661540835622 0.9802629927631986 0.45747863716022197 0.9411593872991695 0.24465648140512308 0.7250415562208505
0.6487606786192694 0.018352473794784663 0.46465283679955716 0.33283228997091296 0.27897115263350725 0.7160006144373197 0.5581125208316966 0.08857444645785573 0.5237302603009877 0.7729194569480238 0.15916692736180027 0.0 0.22164925180453277 0.18062286064492994 0.06900617126935504 0.2669484024655361 0.8083835424808026 0.16674191040770658 0.19016899270104715
0.9399657382140102 0.9415375588850027 0.6324051117655525 0.3626541241689085 0.2778950146180561 0.6317322876958811 0.8696302992721278 0.9825895483038813 0.9226380766929534 0.2830169362389473 0.9998244852166416 0.22164925180453277 0.0 0.7324281464181527 0.2556234269190959 0.36638627403849866 0.21790682205133505 0.5696224507200333 0.2738556130409865
0.5723551984333333 0.5702714012081648 0.7589614767446115 0.6373154169359823 0.6609167016547479 0.12264529639611743 0.18718446727345883 0.0777973836638457 0.8764878257120255 0.2826136686034597 0.7463661540835622 0.18062286064492994 0.7324281464181527 0.0 0.28746262517139987 0.5690098662148484 0.5099116972874126 0.4415601561468754 0.5364764149109101
0.6293094736864179 0.015475114417166758 0.4125658132255072 0.24618996645686675 0.7575906331176704 0.15876550104458864 0.3179253165012549 0.686334711343255 0.8570422521455396 0.45557707044009654 0.9802629927631986 0.06900617126935504 0.2556234269190959 0.28746262517139987 0.0 0.5566358853303743 0.8446122169495389 0.29135340983994684 0.5772509154508203
0.24496285829241837 0.40741515713922005 0.9415853999554168 0.7321892945507017 0.7048823388321145 0.22288043042414662 0.2416720689207429 0.6883081187597592 0.1493028167901136 0.10818941033092577 0.45747863716022197 0.2669484024655361 0.36638627403849866 0.5690098662148484 0.5566358853303743 0.0 0.06457335066759196 0.5234521686253446 0.43529379029656046
0.3191939033519796 0.33395279995154914 0.4254030248517323 0.7453930515550167 0.005918301110178437 0.44790989421167626 0.29436496165778825 0.39526625287099215 0.4608095902486764 0.4920429335266353 0.9411593872991695 0.8083835424808026 0.21790682205133505 0.5099116972874126 0.8446122169495389 0.06457335066759196 0.0 0.8580710628053433 0.07257194248987342
0.9375887738397555 0.5175934704749677 0.2237116741366093 0.415796249433545 0.9683934844023565 0.908127277831106 0.4007062293608904 0.306690599480949 0.34290753348881686 0.9033724868549943 0.24465648140512308 0.16674191040770658 0.5696224507200333 0.4415601561468754 0.29135340983994684 0.5234521686253446 0.8580710628053433 0.0 0.3480493072709403
0.6366702671245932 0.9189634966370226 0.9809842565021281 0.8263997694294148 0.5621110080191748 0.8763836235663213 0.3658442580389679 0.06308735994723347 0.8596777527973715 0.5602091178017354 0.7250415562208505 0.19016899270104715 0.2738556130409865 0.5364764149109101 0.5772509154508203 0.43529379029656046 0.07257194248987342 0.3480493072709403 0.0

# Optimal Walk
0 2 6 9 15 16 4 12 3 5 13 18 7 14 1 11 17 10 8 0
