# MCW Instance
# Type: UNIFORM
# N: 19
# Optimal cost: 1.7755141835662545
# Optimal tour (permutation): [0, 12, 18, 1, 13, 2, 9, 10, 7, 14, 8, 15, 3, 6, 17, 16, 5, 4, 11, 0]
# Optimal walk (full path): [0, 12, 18, 1, 13, 2, 9, 10, 7, 14, 8, 15, 3, 15, 6, 17, 16, 5, 4, 11, 0]
# Walk size: 21
# Is walk (has repeats): true

# Distance Matrix
0.0000000000 0.3946622713 0.7471754906 0.7971423175 0.5228170069 0.6475141958 0.5152211573 0.3389876660 0.6256468468 0.3053029963 0.9999483116 0.0018036517 0.1869562885 0.9504438231 0.7768990374 0.9344282092 0.4034672959 0.6479117280 0.5745828742
0.3946622713 0.0000000000 0.6843770747 0.6728800438 0.1536831869 0.4586428942 0.1876922142 0.2273726496 0.3788090421 0.2738275065 0.8113119126 0.7374462452 0.8242373490 0.1343258819 0.2846630229 0.6927867955 0.7649810615 0.9180641574 0.1862774239
0.7471754906 0.6843770747 0.0000000000 0.9224787320 0.8069520158 0.9168480273 0.7615860642 0.7038197092 0.0657593513 0.0217771559 0.2396459524 0.5271497950 0.6239971723 0.0821453093 0.4894066592 0.7335224330 0.1120224423 0.3660792561 0.8102244628
0.7971423175 0.6728800438 0.9224787320 0.0000000000 0.9227088882 0.2269509268 0.3724591541 0.8866844185 0.2409411826 0.7555758448 0.5962009800 0.4543909678 0.4009638185 0.1991395861 0.2327722338 0.0212407810 0.5613771090 0.4113664782 0.2228495425
0.5228170069 0.1536831869 0.8069520158 0.9227088882 0.0000000000 0.0677918945 0.9979206075 0.7558903885 0.4843171753 0.5106953643 0.8362578273 0.1651877158 0.6563438107 0.8547569083 0.9839883238 0.1403531036 0.1890641493 0.3820480409 0.7990270956
0.6475141958 0.4586428942 0.9168480273 0.2269509268 0.0677918945 0.0000000000 0.1695314683 0.1524312310 0.9305870567 0.9621550271 0.2625466484 0.7090938180 0.3004625081 0.4834587042 0.3002435580 0.7986932143 0.0918728309 0.7655412939 0.6792871746
0.5152211573 0.1876922142 0.7615860642 0.3724591541 0.9979206075 0.1695314683 0.0000000000 0.2147617238 0.8274077642 0.1708010420 0.2966384580 0.9204452025 0.5399982701 0.5957372661 0.2626535913 0.1455604280 0.6183138504 0.1421583461 0.8577298036
0.3389876660 0.2273726496 0.7038197092 0.8866844185 0.7558903885 0.1524312310 0.2147617238 0.0000000000 0.5350374076 0.5929872363 0.0933298468 0.1546471487 0.3775856950 0.7198979196 0.0525151983 0.4172328773 0.7334629763 0.6708483648 0.2820257853
0.6256468468 0.3788090421 0.0657593513 0.2409411826 0.4843171753 0.9305870567 0.8274077642 0.5350374076 0.0000000000 0.8557008462 0.1015129797 0.3773169525 0.9928101198 0.5699953327 0.1181792799 0.0895747359 0.5777776106 0.5446954914 0.6649901807
0.3053029963 0.2738275065 0.0217771559 0.7555758448 0.5106953643 0.9621550271 0.1708010420 0.5929872363 0.8557008462 0.0000000000 0.0113034462 0.5564649233 0.3725123526 0.6760489713 0.4489545420 0.3043178478 0.9781380766 0.8833534577 0.2754402373
0.9999483116 0.8113119126 0.2396459524 0.5962009800 0.8362578273 0.2625466484 0.2966384580 0.0933298468 0.1015129797 0.0113034462 0.0000000000 0.4767757111 0.9901824823 0.7153068435 0.6493491167 0.4065084723 0.5661592618 0.5725718751 0.3537307030
0.0018036517 0.7374462452 0.5271497950 0.4543909678 0.1651877158 0.7090938180 0.9204452025 0.1546471487 0.3773169525 0.5564649233 0.4767757111 0.0000000000 0.6515722016 0.4139606400 0.7454589010 0.8225944277 0.3029113549 0.4729856842 0.3083273523
0.1869562885 0.8242373490 0.6239971723 0.4009638185 0.6563438107 0.3004625081 0.5399982701 0.3775856950 0.9928101198 0.3725123526 0.9901824823 0.6515722016 0.0000000000 0.9086206730 0.6215510109 0.2190640612 0.4290197605 0.7121824236 0.0689862876
0.9504438231 0.1343258819 0.0821453093 0.1991395861 0.8547569083 0.4834587042 0.5957372661 0.7198979196 0.5699953327 0.6760489713 0.7153068435 0.4139606400 0.9086206730 0.0000000000 0.8395438585 0.6651360004 0.3396282302 0.8186898334 0.5883879992
0.7768990374 0.2846630229 0.4894066592 0.2327722338 0.9839883238 0.3002435580 0.2626535913 0.0525151983 0.1181792799 0.4489545420 0.6493491167 0.7454589010 0.6215510109 0.8395438585 0.0000000000 0.9839946206 0.2878783425 0.3923227087 0.4758515318
0.9344282092 0.6927867955 0.7335224330 0.0212407810 0.1403531036 0.7986932143 0.1455604280 0.4172328773 0.0895747359 0.3043178478 0.4065084723 0.8225944277 0.2190640612 0.6651360004 0.9839946206 0.0000000000 0.4394174529 0.2627376351 0.1511481706
0.4034672959 0.7649810615 0.1120224423 0.5613771090 0.1890641493 0.0918728309 0.6183138504 0.7334629763 0.5777776106 0.9781380766 0.5661592618 0.3029113549 0.4290197605 0.3396282302 0.2878783425 0.4394174529 0.0000000000 0.0732869002 0.6660122820
0.6479117280 0.9180641574 0.3660792561 0.4113664782 0.3820480409 0.7655412939 0.1421583461 0.6708483648 0.5446954914 0.8833534577 0.5725718751 0.4729856842 0.7121824236 0.8186898334 0.3923227087 0.2627376351 0.0732869002 0.0000000000 0.6299304106
0.5745828742 0.1862774239 0.8102244628 0.2228495425 0.7990270956 0.6792871746 0.8577298036 0.2820257853 0.6649901807 0.2754402373 0.3537307030 0.3083273523 0.0689862876 0.5883879992 0.4758515318 0.1511481706 0.6660122820 0.6299304106 0.0000000000
