# Graph size: 19
# Optimal cost: 2.5209602076712243

# Distance Matrix
0.0 0.28185431148262363 0.34461460160485147 0.8407825295428135 0.8518145828808215 0.8215289524347037 0.024256372666482062 0.8159823595182065 0.10233234471142405 0.6081576493058164 0.29389544698795755 0.11352863509168298 0.7273854485117937 0.7007456347920462 0.05354048377674481 0.3367014766122731 0.3647097759181819 0.9829133057602352 0.4646488701395908
0.28185431148262363 0.0 0.37114269281413215 0.901717374667211 0.09068421914758473 0.19277720460976366 0.23604131288288088 0.5725940289114492 0.36462711905132905 0.553591402712035 0.38815526092733543 0.8634343056171189 0.22262275613158533 0.6237898581961074 0.519959242563599 0.2640193685117149 0.834877709751138 0.840408241598417 0.8941859616923886
0.34461460160485147 0.37114269281413215 0.0 0.5073808134972747 0.7494090015647416 0.6051376527677114 0.03925368886326153 0.5720839235161423 0.16407532437307693 0.9347023633762863 0.193550553673138 0.3872017303123946 0.8703314585369127 0.2540074712945928 0.23127184161592584 0.8762414565127052 0.5042346519189557 0.01568051553788996 0.9284834844755595
0.8407825295428135 0.901717374667211 0.5073808134972747 0.0 0.7038227043976927 0.6318331034055156 0.9477956454914807 0.3353113824225905 0.8476972538458205 0.36891810862711016 0.3809824088383237 0.7086327218763977 0.9087378985677993 0.6892233614825168 0.2867859734329623 0.9293722347450651 0.8928142281653401 0.310505791852587 0.37105900668435854
0.8518145828808215 0.09068421914758473 0.7494090015647416 0.7038227043976927 0.0 0.5794825175856555 0.051011095610918655 0.06454495988670772 0.809329990321301 0.8859145836550967 0.24843553833230803 0.9549482332298074 0.9855065264677692 0.5523608195952612 0.24689634640092706 0.6857518566295556 0.9009361911297811 0.09427968188804658 0.2330299159708964
0.8215289524347037 0.19277720460976366 0.6051376527677114 0.6318331034055156 0.5794825175856555 0.0 0.3041585618305851 0.7577622052281549 0.6686873971404351 0.900984657253271 0.7423544785305444 0.5886739687965744 0.5474292771222875 0.4075660555939896 0.4661997678836697 0.7045681688775979 0.32111879072905314 0.5577825314223982 0.14268825096346083
0.024256372666482062 0.23604131288288088 0.03925368886326153 0.9477956454914807 0.051011095610918655 0.3041585618305851 0.0 0.16229884003211636 0.6406603037934864 0.6500222650424098 0.2234238640332037 0.41660959893318117 0.8042466951579155 0.5126293009508381 0.6079623151312115 0.8135051769003996 0.7799508904317797 0.3974375170984178 0.09871888057142586
0.8159823595182065 0.5725940289114492 0.5720839235161423 0.3353113824225905 0.06454495988670772 0.7577622052281549 0.16229884003211636 0.0 0.6067333795275173 0.3175056868055396 0.5608585794799273 0.18824390178056627 0.7347124872459526 0.6475938862467513 0.5594104342896074 0.8300199328294644 0.682153739018277 0.8929466274489044 0.5141110777060974
0.10233234471142405 0.36462711905132905 0.16407532437307693 0.8476972538458205 0.809329990321301 0.6686873971404351 0.6406603037934864 0.6067333795275173 0.0 0.23553524960383232 0.3687917676007153 0.7227743677301519 0.856952012467701 0.41324087085625627 0.15705082309770946 0.9705322146873102 0.36270419404910925 0.11909891721846588 0.7511379194885144
0.6081576493058164 0.553591402712035 0.9347023633762863 0.36891810862711016 0.8859145836550967 0.900984657253271 0.6500222650424098 0.3175056868055396 0.23553524960383232 0.0 0.9047470384286285 0.5905989653556536 0.12378244409563477 0.971968601964432 0.5936106163400078 0.21296521243421973 0.21818793738736908 0.13549476021193263 0.33627025832788393
0.29389544698795755 0.38815526092733543 0.193550553673138 0.3809824088383237 0.24843553833230803 0.7423544785305444 0.2234238640332037 0.5608585794799273 0.3687917676007153 0.9047470384286285 0.0 0.09169314547028384 0.1767734390375555 0.03641838373461059 0.4472236067466989 0.37843395933891777 0.977336952943524 0.34493858178636994 0.774952429736019
0.11352863509168298 0.8634343056171189 0.3872017303123946 0.7086327218763977 0.9549482332298074 0.5886739687965744 0.41660959893318117 0.18824390178056627 0.7227743677301519 0.5905989653556536 0.09169314547028384 0.0 0.36073410987835375 0.9362009386203404 0.5610941056868097 0.2119054031078822 0.2538414912358953 0.059370745828806415 0.5394267518531878
0.7273854485117937 0.22262275613158533 0.8703314585369127 0.9087378985677993 0.9855065264677692 0.5474292771222875 0.8042466951579155 0.7347124872459526 0.856952012467701 0.12378244409563477 0.1767734390375555 0.36073410987835375 0.0 0.11016731964528614 0.6467104277543482 0.8330860794035244 0.9961057872763411 0.955628537837759 0.8507708061439224
0.7007456347920462 0.6237898581961074 0.2540074712945928 0.6892233614825168 0.5523608195952612 0.4075660555939896 0.5126293009508381 0.6475938862467513 0.41324087085625627 0.971968601964432 0.03641838373461059 0.9362009386203404 0.11016731964528614 0.0 0.8812862316554079 0.3413174070942835 0.8731945297477471 0.9713163884159434 0.4028613733317966
0.05354048377674481 0.519959242563599 0.23127184161592584 0.2867859734329623 0.24689634640092706 0.4661997678836697 0.6079623151312115 0.5594104342896074 0.15705082309770946 0.5936106163400078 0.4472236067466989 0.5610941056868097 0.6467104277543482 0.8812862316554079 0.0 0.641637055743069 0.5365529427149326 0.1239059343514547 0.06816410023170938
0.3367014766122731 0.2640193685117149 0.8762414565127052 0.9293722347450651 0.6857518566295556 0.7045681688775979 0.8135051769003996 0.8300199328294644 0.9705322146873102 0.21296521243421973 0.37843395933891777 0.2119054031078822 0.8330860794035244 0.3413174070942835 0.641637055743069 0.0 0.5102667106282447 0.8382411650928376 0.8519600718838626
0.3647097759181819 0.834877709751138 0.5042346519189557 0.8928142281653401 0.9009361911297811 0.32111879072905314 0.7799508904317797 0.682153739018277 0.36270419404910925 0.21818793738736908 0.977336952943524 0.2538414912358953 0.9961057872763411 0.8731945297477471 0.5365529427149326 0.5102667106282447 0.0 0.10210597756020179 0.24743356783275694
0.9829133057602352 0.840408241598417 0.01568051553788996 0.310505791852587 0.09427968188804658 0.5577825314223982 0.3974375170984178 0.8929466274489044 0.11909891721846588 0.13549476021193263 0.34493858178636994 0.059370745828806415 0.955628537837759 0.9713163884159434 0.1239059343514547 0.8382411650928376 0.10210597756020179 0.0 0.23923445414374456
0.4646488701395908 0.8941859616923886 0.9284834844755595 0.37105900668435854 0.2330299159708964 0.14268825096346083 0.09871888057142586 0.5141110777060974 0.7511379194885144 0.33627025832788393 0.774952429736019 0.5394267518531878 0.8507708061439224 0.4028613733317966 0.06816410023170938 0.8519600718838626 0.24743356783275694 0.23923445414374456 0.0

# Optimal Walk
0 6 4 7 3 14 18 5 1 15 9 12 13 10 11 16 17 2 8 0
