# Graph size: 19
# Optimal cost: 1.5875496878839839

# Distance Matrix
0.0 0.869834377978554 0.6103555129347584 0.9055266456530443 0.5561099885812069 0.8209014265298312 0.49530622974122596 0.5798374358006521 0.6524656381058784 0.5610976297893479 0.40543372909093744 0.7926580846532669 0.9650110338895371 0.470827544699553 0.6157340894965292 0.2877862478205434 0.48768746291276766 0.8011982546893449 0.04795180191681092
0.869834377978554 0.0 0.977138327127319 0.5691742716348239 0.6080739879696277 0.21370283827472747 0.5520316060941814 0.6672920503182223 0.42395516504125064 0.4597308815547676 0.27786262226486813 0.8546503312593371 0.9965699157591528 0.0016544631565639234 0.11796458328606818 0.5858241974523651 0.0021673502405693545 0.5382280795589158 0.9271525006364145
0.6103555129347584 0.977138327127319 0.0 0.18263349385026306 0.5018539262907604 0.07505416541054111 0.83144164220341 0.47163684531454364 0.05091526620178943 0.954846574026618 0.06765181963614275 0.01674238051944077 0.7939177941186171 0.9907603761661512 0.49508579606965 0.4298758980358156 0.5824858631275132 0.02996725938856515 0.7111974513361803
0.9055266456530443 0.5691742716348239 0.18263349385026306 0.0 0.31393574090925425 0.13800175129275882 0.23656917762838325 0.20414125021367713 0.4948037170090853 0.5480773127930874 0.8761075927736746 0.25732164721690687 0.33296978070854344 0.9334977701357355 0.40833931260366085 0.3845373470573683 0.07036699302591298 0.9514397238219979 0.25061420156121816
0.5561099885812069 0.6080739879696277 0.5018539262907604 0.31393574090925425 0.0 0.9190417917599065 0.36430342608419697 0.911116862297991 0.6611039539314902 0.005818280759337324 0.38791556755166645 0.6696083755711619 0.8092954032253671 0.6535940801793068 0.13535740511874494 0.1484770532336268 0.25057555815300236 0.6915948876852853 0.859978569379711
0.8209014265298312 0.21370283827472747 0.07505416541054111 0.13800175129275882 0.9190417917599065 0.0 0.2658851407031918 0.7024000009188818 0.4457674059728022 0.8950335665113561 0.31426766678336693 0.23145005696705567 0.7001744649727651 0.4590035511772125 0.33022496234089127 0.7043483941424229 0.04149334536759686 0.43140081482145853 0.8011468397766932
0.49530622974122596 0.5520316060941814 0.83144164220341 0.23656917762838325 0.36430342608419697 0.2658851407031918 0.0 0.6289165990463735 0.9980251692299141 0.4999656403637657 0.13218336135486197 0.31862250950724735 0.47934894902565406 0.5264538068409058 0.6575279832963532 0.6497790883138042 0.8987312233074495 0.4557523813848392 0.6215809530603903
0.5798374358006521 0.6672920503182223 0.47163684531454364 0.20414125021367713 0.911116862297991 0.7024000009188818 0.6289165990463735 0.0 0.5492205536848596 0.017628339842198693 0.6018505127024248 0.47841176033992294 0.7495958281087229 0.990094939291098 0.6842306654230604 0.062041850394744746 0.28008307119963916 0.30463929821063873 0.559535210993363
0.6524656381058784 0.42395516504125064 0.05091526620178943 0.4948037170090853 0.6611039539314902 0.4457674059728022 0.9980251692299141 0.5492205536848596 0.0 0.6654196466989153 0.6222434800907634 0.32204200172059116 0.1959021473156507 0.8325616571795712 0.45389636131208244 0.8898814072825549 0.0711527756133098 0.716185547932568 0.4283115504533479
0.5610976297893479 0.4597308815547676 0.954846574026618 0.5480773127930874 0.005818280759337324 0.8950335665113561 0.4999656403637657 0.017628339842198693 0.6654196466989153 0.0 0.07798629485387842 0.8410532253460669 0.18226153365874576 0.4916795950876458 0.4237615298139944 0.8201609354033197 0.45326136789344773 0.8287337091517524 0.20231045721237095
0.40543372909093744 0.27786262226486813 0.06765181963614275 0.8761075927736746 0.38791556755166645 0.31426766678336693 0.13218336135486197 0.6018505127024248 0.6222434800907634 0.07798629485387842 0.0 0.545305946425257 0.9734844775006266 0.6445619476691483 0.14350334558890898 0.4505463866370537 0.3526931879465206 0.6400621621687574 0.7066182460601912
0.7926580846532669 0.8546503312593371 0.01674238051944077 0.25732164721690687 0.6696083755711619 0.23145005696705567 0.31862250950724735 0.47841176033992294 0.32204200172059116 0.8410532253460669 0.545305946425257 0.0 0.4724760091881346 0.6983903248068072 0.21915579627508108 0.49290690727548936 0.22605128293937404 0.3824239299870823 0.17779143467668312
0.9650110338895371 0.9965699157591528 0.7939177941186171 0.33296978070854344 0.8092954032253671 0.7001744649727651 0.47934894902565406 0.7495958281087229 0.1959021473156507 0.18226153365874576 0.9734844775006266 0.4724760091881346 0.0 0.6274153048351725 0.24364416046545445 0.3042053833483127 0.8679324852062933 0.9736145041219794 0.6538160199756106
0.470827544699553 0.0016544631565639234 0.9907603761661512 0.9334977701357355 0.6535940801793068 0.4590035511772125 0.5264538068409058 0.990094939291098 0.8325616571795712 0.4916795950876458 0.6445619476691483 0.6983903248068072 0.6274153048351725 0.0 0.010679095343972489 0.6041375988543465 0.8578743789316834 0.5913471204037889 0.6122830610103123
0.6157340894965292 0.11796458328606818 0.49508579606965 0.40833931260366085 0.13535740511874494 0.33022496234089127 0.6575279832963532 0.6842306654230604 0.45389636131208244 0.4237615298139944 0.14350334558890898 0.21915579627508108 0.24364416046545445 0.010679095343972489 0.0 0.3860066860316609 0.5755392756354617 0.5763450555438737 0.2944914750252119
0.2877862478205434 0.5858241974523651 0.4298758980358156 0.3845373470573683 0.1484770532336268 0.7043483941424229 0.6497790883138042 0.062041850394744746 0.8898814072825549 0.8201609354033197 0.4505463866370537 0.49290690727548936 0.3042053833483127 0.6041375988543465 0.3860066860316609 0.0 0.8466792818659952 0.32634113326876435 0.07779468187107763
0.48768746291276766 0.0021673502405693545 0.5824858631275132 0.07036699302591298 0.25057555815300236 0.04149334536759686 0.8987312233074495 0.28008307119963916 0.0711527756133098 0.45326136789344773 0.3526931879465206 0.22605128293937404 0.8679324852062933 0.8578743789316834 0.5755392756354617 0.8466792818659952 0.0 0.3661319753609935 0.7057358020811451
0.8011982546893449 0.5382280795589158 0.02996725938856515 0.9514397238219979 0.6915948876852853 0.43140081482145853 0.4557523813848392 0.30463929821063873 0.716185547932568 0.8287337091517524 0.6400621621687574 0.3824239299870823 0.9736145041219794 0.5913471204037889 0.5763450555438737 0.32634113326876435 0.3661319753609935 0.0 0.3841123803624604
0.04795180191681092 0.9271525006364145 0.7111974513361803 0.25061420156121816 0.859978569379711 0.8011468397766932 0.6215809530603903 0.559535210993363 0.4283115504533479 0.20231045721237095 0.7066182460601912 0.17779143467668312 0.6538160199756106 0.6122830610103123 0.2944914750252119 0.07779468187107763 0.7057358020811451 0.3841123803624604 0.0

# Optimal Walk
0 18 11 17 2 10 6 3 16 5 14 13 1 8 12 4 9 7 15 0
