# MCW Instance
# Type: UNIFORM
# N: 19
# Optimal cost: 1.6920183545056136
# Optimal tour (permutation): [0, 9, 1, 7, 5, 10, 18, 11, 14, 16, 15, 2, 12, 17, 13, 6, 3, 8, 4, 0]
# Optimal walk (full path): [0, 9, 1, 9, 5, 7, 5, 10, 18, 11, 14, 2, 16, 15, 16, 2, 12, 2, 13, 17, 13, 6, 3, 6, 13, 8, 4, 0]
# Walk size: 28
# Is walk (has repeats): true

# Distance Matrix
0.0000000000 0.3411414007 0.2092421312 0.8052045638 0.1600627594 0.2479241331 0.9474181512 0.4212595649 0.6979329517 0.0179656587 0.1957428374 0.9111937671 0.3316715544 0.9827349947 0.3774484177 0.5278782440 0.5316732646 0.2110649644 0.4335378740
0.3411414007 0.0000000000 0.9361147904 0.6009061005 0.4762443406 0.8112789797 0.7365105549 0.4880900094 0.5644046696 0.0019774205 0.8184549905 0.1590810781 0.2008428149 0.8785479553 0.1747984520 0.4024682555 0.1531483162 0.2171915115 0.3586823830
0.2092421312 0.9361147904 0.0000000000 0.9698042087 0.1334801393 0.9525249470 0.5920734870 0.5065548894 0.9670645439 0.9117997866 0.6459052704 0.8167676907 0.1199620156 0.0013846009 0.0033320401 0.6226209110 0.0863780628 0.0774753839 0.4904522400
0.8052045638 0.6009061005 0.9698042087 0.0000000000 0.1294326870 0.3242690061 0.0230372129 0.5129591039 0.3873698420 0.3977205598 0.8742689509 0.2725287601 0.6530132857 0.7355535968 0.1924228989 0.8533568753 0.6970985666 0.9478379909 0.2605992409
0.1600627594 0.4762443406 0.1334801393 0.1294326870 0.0000000000 0.8671068654 0.2791658596 0.9554718631 0.1001751534 0.4236343691 0.8155168874 0.2827105536 0.7478164994 0.5552037350 0.6037903705 0.7385056965 0.7115604265 0.8635143154 0.8356321116
0.2479241331 0.8112789797 0.9525249470 0.3242690061 0.8671068654 0.0000000000 0.3697414565 0.0332446552 0.0817058976 0.0283495709 0.0079321368 0.9245998461 0.4476136076 0.4371046275 0.9506706982 0.5156091227 0.2698950716 0.4711128161 0.3200958076
0.9474181512 0.7365105549 0.5920734870 0.0230372129 0.2791658596 0.3697414565 0.0000000000 0.8562792338 0.8352534515 0.1304810930 0.4228702640 0.9467556571 0.8528317844 0.0047300756 0.9996409915 0.2357538307 0.9609557416 0.4297112486 0.5966770919
0.4212595649 0.4880900094 0.5065548894 0.5129591039 0.9554718631 0.0332446552 0.8562792338 0.0000000000 0.7235674196 0.4317533223 0.9865430450 0.4183591862 0.5334538145 0.1007815110 0.6443546701 0.9264194956 0.5739856859 0.7216418806 0.4980392498
0.6979329517 0.5644046696 0.9670645439 0.3873698420 0.1001751534 0.0817058976 0.8352534515 0.7235674196 0.0000000000 0.1403088932 0.7049970767 0.3996679733 0.2328837653 0.0627940590 0.6410410061 0.4941196506 0.1598553212 0.9058634600 0.6788151694
0.0179656587 0.0019774205 0.9117997866 0.3977205598 0.4236343691 0.0283495709 0.1304810930 0.4317533223 0.1403088932 0.0000000000 0.3949205165 0.9084891126 0.8242487114 0.2188007770 0.8778265724 0.6387360880 0.6773433904 0.9663991666 0.3210154596
0.1957428374 0.8184549905 0.6459052704 0.8742689509 0.8155168874 0.0079321368 0.4228702640 0.9865430450 0.7049970767 0.3949205165 0.0000000000 0.9387936032 0.9350283947 0.6441396704 0.9264373630 0.4128552837 0.2188895624 0.0240711478 0.2308703128
0.9111937671 0.1590810781 0.8167676907 0.2725287601 0.2827105536 0.9245998461 0.9467556571 0.4183591862 0.3996679733 0.9084891126 0.9387936032 0.0000000000 0.3308814026 0.1275396059 0.0982389467 0.6144739284 0.6119043724 0.9332331363 0.2451879089
0.3316715544 0.2008428149 0.1199620156 0.6530132857 0.7478164994 0.4476136076 0.8528317844 0.5334538145 0.2328837653 0.8242487114 0.9350283947 0.3308814026 0.0000000000 0.2187374623 0.8430482896 0.4566900392 0.3217211168 0.6710694349 0.9983558207
0.9827349947 0.8785479553 0.0013846009 0.7355535968 0.5552037350 0.4371046275 0.0047300756 0.1007815110 0.0627940590 0.2188007770 0.6441396704 0.1275396059 0.2187374623 0.0000000000 0.9280189558 0.7116831341 0.2798776865 0.0146791725 0.9238595447
0.3774484177 0.1747984520 0.0033320401 0.1924228989 0.6037903705 0.9506706982 0.9996409915 0.6443546701 0.6410410061 0.8778265724 0.9264373630 0.0982389467 0.8430482896 0.9280189558 0.0000000000 0.4973259621 0.9118403332 0.4063066270 0.5343381887
0.5278782440 0.4024682555 0.6226209110 0.8533568753 0.7385056965 0.5156091227 0.2357538307 0.9264194956 0.4941196506 0.6387360880 0.4128552837 0.6144739284 0.4566900392 0.7116831341 0.4973259621 0.0000000000 0.0838539884 0.5921696548 0.6556595276
0.5316732646 0.1531483162 0.0863780628 0.6970985666 0.7115604265 0.2698950716 0.9609557416 0.5739856859 0.1598553212 0.6773433904 0.2188895624 0.6119043724 0.3217211168 0.2798776865 0.9118403332 0.0838539884 0.0000000000 0.7581587843 0.8040345612
0.2110649644 0.2171915115 0.0774753839 0.9478379909 0.8635143154 0.4711128161 0.4297112486 0.7216418806 0.9058634600 0.9663991666 0.0240711478 0.9332331363 0.6710694349 0.0146791725 0.4063066270 0.5921696548 0.7581587843 0.0000000000 0.9790224253
0.4335378740 0.3586823830 0.4904522400 0.2605992409 0.8356321116 0.3200958076 0.5966770919 0.4980392498 0.6788151694 0.3210154596 0.2308703128 0.2451879089 0.9983558207 0.9238595447 0.5343381887 0.6556595276 0.8040345612 0.9790224253 0.0000000000
