# MCW Instance
# Type: UNIFORM
# N: 19
# Optimal cost: 1.6070114108291258
# Optimal tour (permutation): [0, 3, 10, 11, 14, 12, 17, 13, 16, 2, 4, 18, 9, 1, 8, 7, 6, 15, 5, 0]
# Optimal walk (full path): [0, 3, 10, 11, 14, 12, 17, 13, 16, 2, 4, 18, 9, 18, 1, 8, 7, 6, 7, 15, 5, 0]
# Walk size: 22
# Is walk (has repeats): true

# Distance Matrix
0.0000000000 0.2835068413 0.7156332350 0.0243496258 0.2581340222 0.0198721480 0.8920738626 0.4973153058 0.3473401354 0.9381314834 0.4802877875 0.3319409262 0.4167398603 0.9818665731 0.2130850693 0.8822785649 0.5821931443 0.1797286028 0.4143747831
0.2835068413 0.0000000000 0.2713766603 0.8094259451 0.2872332262 0.0702060537 0.9034100102 0.4281183751 0.0192700027 0.1538309173 0.9434927187 0.5207573368 0.5298508020 0.8430028611 0.6057805818 0.4030810625 0.9840987785 0.5577642575 0.0445713113
0.7156332350 0.2713766603 0.0000000000 0.0936067322 0.0372052683 0.0682649760 0.8784623411 0.8816471453 0.7860592399 0.2746935496 0.8942275036 0.8463856121 0.2914800735 0.6451910553 0.2749257754 0.4539929406 0.0824612489 0.7126573010 0.7758564099
0.0243496258 0.8094259451 0.0936067322 0.0000000000 0.1654341636 0.1485587882 0.4776476907 0.6323263927 0.3245267324 0.8025353514 0.0420985253 0.6247981413 0.4639760989 0.4525967320 0.3074070061 0.6498365490 0.5665284231 0.7620349034 0.1104319016
0.2581340222 0.2872332262 0.0372052683 0.1654341636 0.0000000000 0.3493758946 0.7490445709 0.8938176024 0.7422695550 0.8361792322 0.2992133496 0.5386413534 0.3971989749 0.3199640496 0.9877857454 0.2071915146 0.7329787778 0.4865194544 0.1036269697
0.0198721480 0.0702060537 0.0682649760 0.1485587882 0.3493758946 0.0000000000 0.8308290387 0.3887182613 0.8112422036 0.7145458355 0.0596506419 0.0028330743 0.5988699089 0.2437760984 0.7728456200 0.0011360855 0.4327915704 0.5701481806 0.2234985877
0.8920738626 0.9034100102 0.8784623411 0.4776476907 0.7490445709 0.8308290387 0.0000000000 0.1839020417 0.8901671933 0.5094032573 0.9284647132 0.9307846347 0.8331898020 0.7147665851 0.8836700900 0.6637528967 0.3221744416 0.7468104337 0.9361664769
0.4973153058 0.4281183751 0.8816471453 0.6323263927 0.8938176024 0.3887182613 0.1839020417 0.0000000000 0.0607533172 0.2127607399 0.3058009856 0.1764967346 0.3965932815 0.7973669879 0.3941383606 0.0284027827 0.3025797386 0.4301350278 0.4821618476
0.3473401354 0.0192700027 0.7860592399 0.3245267324 0.7422695550 0.8112422036 0.8901671933 0.0607533172 0.0000000000 0.3076356723 0.1827371204 0.9349572543 0.5875076048 0.8976031659 0.5019666738 0.7377781904 0.5463694718 0.8468168171 0.1702991530
0.9381314834 0.1538309173 0.2746935496 0.8025353514 0.8361792322 0.7145458355 0.5094032573 0.2127607399 0.3076356723 0.0000000000 0.0872149271 0.6544277014 0.6315776695 0.2874310725 0.4316421017 0.2858746641 0.0470653606 0.5830249082 0.0062388444
0.4802877875 0.9434927187 0.8942275036 0.0420985253 0.2992133496 0.0596506419 0.9284647132 0.3058009856 0.1827371204 0.0872149271 0.0000000000 0.0608806307 0.6909729499 0.9907913943 0.9500963367 0.6250065098 0.2860555223 0.9281621986 0.8213368015
0.3319409262 0.5207573368 0.8463856121 0.6247981413 0.5386413534 0.0028330743 0.9307846347 0.1764967346 0.9349572543 0.6544277014 0.0608806307 0.0000000000 0.1284848507 0.1514378263 0.0183997362 0.2072954855 0.0489542191 0.9772520654 0.1882802217
0.4167398603 0.5298508020 0.2914800735 0.4639760989 0.3971989749 0.5988699089 0.8331898020 0.3965932815 0.5875076048 0.6315776695 0.6909729499 0.1284848507 0.0000000000 0.2371695405 0.0881462362 0.6831545728 0.3020247128 0.1961388122 0.4911886580
0.9818665731 0.8430028611 0.6451910553 0.4525967320 0.3199640496 0.2437760984 0.7147665851 0.7973669879 0.8976031659 0.2874310725 0.9907913943 0.1514378263 0.2371695405 0.0000000000 0.5484953390 0.7509427886 0.1128150924 0.2866018458 0.9903921879
0.2130850693 0.6057805818 0.2749257754 0.3074070061 0.9877857454 0.7728456200 0.8836700900 0.3941383606 0.5019666738 0.4316421017 0.9500963367 0.0183997362 0.0881462362 0.5484953390 0.0000000000 0.7082914552 0.1459784049 0.6257301086 0.3356868476
0.8822785649 0.4030810625 0.4539929406 0.6498365490 0.2071915146 0.0011360855 0.6637528967 0.0284027827 0.7377781904 0.2858746641 0.6250065098 0.2072954855 0.6831545728 0.7509427886 0.7082914552 0.0000000000 0.0801418311 0.8319097768 0.6122632921
0.5821931443 0.9840987785 0.0824612489 0.5665284231 0.7329787778 0.4327915704 0.3221744416 0.3025797386 0.5463694718 0.0470653606 0.2860555223 0.0489542191 0.3020247128 0.1128150924 0.1459784049 0.0801418311 0.0000000000 0.6837378751 0.5355850540
0.1797286028 0.5577642575 0.7126573010 0.7620349034 0.4865194544 0.5701481806 0.7468104337 0.4301350278 0.8468168171 0.5830249082 0.9281621986 0.9772520654 0.1961388122 0.2866018458 0.6257301086 0.8319097768 0.6837378751 0.0000000000 0.7702321614
0.4143747831 0.0445713113 0.7758564099 0.1104319016 0.1036269697 0.2234985877 0.9361664769 0.4821618476 0.1702991530 0.0062388444 0.8213368015 0.1882802217 0.4911886580 0.9903921879 0.3356868476 0.6122632921 0.5355850540 0.7702321614 0.0000000000
