# Graph size: 10
# Optimal cost: 0.8367841593289871

# Distance Matrix
0.0 0.9547072239379857 0.7395110347402498 0.8142418175807962 0.052971504901111244 0.12868796366279356 0.36604710732421397 0.0020199934857404456 0.9062105914429522 0.11363071411102166
0.9547072239379857 0.0 0.31168733680429606 0.36655850722879335 0.287130022660137 3.32142583271966E-4 0.059966321300485737 0.8421248029212907 0.5240268629529686 0.002419184460760726
0.7395110347402498 0.31168733680429606 0.0 0.5992443198941368 0.7449737832909242 0.19770040226732277 0.11714644435817756 0.13524462250233482 0.8728016195208917 0.8731091944127436
0.8142418175807962 0.36655850722879335 0.5992443198941368 0.0 0.17895581715975162 0.5148116304814294 0.007474820939492255 0.5602084517763837 0.1786314104327933 0.46150604736814127
0.052971504901111244 0.287130022660137 0.7449737832909242 0.17895581715975162 0.0 0.9638878207682944 0.606634997558466 0.45623488388419975 0.4355679113572972 0.5787780153293637
0.12868796366279356 3.32142583271966E-4 0.19770040226732277 0.5148116304814294 0.9638878207682944 0.0 0.5774461349210983 0.39260724788844537 0.17394181665317188 0.06555447205694531
0.36604710732421397 0.059966321300485737 0.11714644435817756 0.007474820939492255 0.606634997558466 0.5774461349210983 0.0 0.5609077630469305 0.5220753807573475 0.7404731641408625
0.0020199934857404456 0.8421248029212907 0.13524462250233482 0.5602084517763837 0.45623488388419975 0.39260724788844537 0.5609077630469305 0.0 0.9746724161242285 0.2543659275531006
0.9062105914429522 0.5240268629529686 0.8728016195208917 0.1786314104327933 0.4355679113572972 0.17394181665317188 0.5220753807573475 0.9746724161242285 0.0 0.5681025448485089
0.11363071411102166 0.002419184460760726 0.8731091944127436 0.46150604736814127 0.5787780153293637 0.06555447205694531 0.7404731641408625 0.2543659275531006 0.5681025448485089 0.0

# Optimal Walk
0 9 1 5 8 3 6 2 7 4 0
