# MCW Instance
# Type: UNIFORM
# N: 10
# Optimal cost: 2.1054660180554223
# Optimal tour (permutation): [0, 6, 5, 3, 7, 4, 2, 8, 9, 1, 0]
# Optimal walk (full path): [0, 6, 5, 3, 4, 7, 4, 2, 8, 9, 1, 9, 0]
# Walk size: 13
# Is walk (has repeats): true

# Distance Matrix
0.0000000000 0.4400224161 0.9149625295 0.1712156176 0.1676431382 0.9161423334 0.1065906919 0.8096774877 0.8482992656 0.0492919386
0.4400224161 0.0000000000 0.9022594553 0.4372084373 0.1157436043 0.6917876585 0.7113052823 0.6866571947 0.3524165695 0.0202399664
0.9149625295 0.9022594553 0.0000000000 0.8175976370 0.0615678766 0.5684453187 0.5803063220 0.3334269601 0.2351179705 0.7590889491
0.1712156176 0.4372084373 0.8175976370 0.0000000000 0.0658351703 0.3059738787 0.9779941467 0.3812109685 0.3053321292 0.3372299137
0.1676431382 0.1157436043 0.0615678766 0.0658351703 0.0000000000 0.4347187517 0.4507624644 0.2421558401 0.4932792901 0.5470413461
0.9161423334 0.6917876585 0.5684453187 0.3059738787 0.4347187517 0.0000000000 0.5689236908 0.7895773400 0.7251401018 0.7833616060
0.1065906919 0.7113052823 0.5803063220 0.9779941467 0.4507624644 0.5689236908 0.0000000000 0.5214661372 0.3178137474 0.5009027330
0.8096774877 0.6866571947 0.3334269601 0.3812109685 0.2421558401 0.7895773400 0.5214661372 0.0000000000 0.9747509740 0.9640604816
0.8482992656 0.3524165695 0.2351179705 0.3053321292 0.4932792901 0.7251401018 0.3178137474 0.9747509740 0.0000000000 0.1873731876
0.0492919386 0.0202399664 0.7590889491 0.3372299137 0.5470413461 0.7833616060 0.5009027330 0.9640604816 0.1873731876 0.0000000000
