# MCW Instance
# Type: UNIFORM
# N: 10
# Optimal cost: 1.419950213373238
# Optimal tour (permutation): [0, 5, 6, 8, 7, 3, 1, 9, 2, 4, 0]
# Optimal walk (full path): [0, 5, 6, 1, 8, 3, 7, 3, 8, 1, 2, 9, 2, 4, 0]
# Walk size: 15
# Is walk (has repeats): true

# Distance Matrix
0.0000000000 0.3535457670 0.7903094232 0.9263958152 0.1536458557 0.0828254282 0.8561611952 0.6951567822 0.6326347222 0.9263276187
0.3535457670 0.0000000000 0.1737478952 0.2031617804 0.2411570204 0.5939157387 0.2728842641 0.7281979179 0.0051180720 0.7914032521
0.7903094232 0.1737478952 0.0000000000 0.7711914666 0.0423746927 0.7942423909 0.8368207275 0.4131405415 0.6504350626 0.1086076456
0.9263958152 0.2031617804 0.7711914666 0.0000000000 0.9606589447 0.9055979595 0.7061986465 0.0871107836 0.0559879294 0.6724624062
0.1536458557 0.2411570204 0.0423746927 0.9606589447 0.0000000000 0.3071185441 0.1890692321 0.3328280058 0.4410210532 0.3210352653
0.0828254282 0.5939157387 0.7942423909 0.9055979595 0.3071185441 0.0000000000 0.1808232164 0.8008756932 0.3939422277 0.6345624194
0.8561611952 0.2728842641 0.8368207275 0.7061986465 0.1890692321 0.1808232164 0.0000000000 0.7711197756 0.7556636993 0.4733613515
0.6951567822 0.7281979179 0.4131405415 0.0871107836 0.3328280058 0.8008756932 0.7711197756 0.0000000000 0.7291406174 0.4822233881
0.6326347222 0.0051180720 0.6504350626 0.0559879294 0.4410210532 0.3939422277 0.7556636993 0.7291406174 0.0000000000 0.4754612427
0.9263276187 0.7914032521 0.1086076456 0.6724624062 0.3210352653 0.6345624194 0.4733613515 0.4822233881 0.4754612427 0.0000000000
