# Graph size: 10
# Optimal cost: 1.6750596839539915

# Distance Matrix
0.0 0.35853659020437567 0.6772373883209994 0.2425681292772962 0.4054514687646438 0.3029693148506396 0.05052054360900737 0.31048492957074125 0.5361147450233701 0.5430031369970965
0.35853659020437567 0.0 0.5694972538310958 0.36943753792475276 0.5367164036485297 0.1461611384007493 0.44260190363978524 0.35919341260005755 0.37642828707343756 0.014193047311848117
0.6772373883209994 0.5694972538310958 0.0 0.4732800734692926 0.914557214173921 0.2732543188887582 0.5203003341865431 0.9519601570957388 0.6572326530942298 0.19323368414908326
0.2425681292772962 0.36943753792475276 0.4732800734692926 0.0 0.0732570364609656 0.7261188645545849 0.1079549903031436 0.3711371703758912 0.9602642234281955 0.09446727335769944
0.4054514687646438 0.5367164036485297 0.914557214173921 0.0732570364609656 0.0 0.8798135139286383 0.2022959942143655 0.2588511933317055 0.7113230992756824 0.0177846502559037
0.3029693148506396 0.1461611384007493 0.2732543188887582 0.7261188645545849 0.8798135139286383 0.0 0.7858678116451737 0.8278639878693026 0.25852387232788476 0.8348480400086242
0.05052054360900737 0.44260190363978524 0.5203003341865431 0.1079549903031436 0.2022959942143655 0.7858678116451737 0.0 0.861757373495739 0.3885580381116194 0.24477481345994345
0.31048492957074125 0.35919341260005755 0.9519601570957388 0.3711371703758912 0.2588511933317055 0.8278639878693026 0.861757373495739 0.0 0.3616595637648078 0.8765739875929348
0.5361147450233701 0.37642828707343756 0.6572326530942298 0.9602642234281955 0.7113230992756824 0.25852387232788476 0.3885580381116194 0.3616595637648078 0.0 0.4890383148030888
0.5430031369970965 0.014193047311848117 0.19323368414908326 0.09446727335769944 0.0177846502559037 0.8348480400086242 0.24477481345994345 0.8765739875929348 0.4890383148030888 0.0

# Optimal Walk
0 6 3 4 9 1 2 5 8 7 0
