# MCW Instance
# Type: UNIFORM
# N: 10
# Optimal cost: 1.2222440014285185
# Optimal tour (permutation): [0, 1, 5, 9, 6, 7, 4, 3, 2, 8, 0]
# Optimal walk (full path): [0, 1, 5, 9, 6, 7, 3, 4, 3, 2, 8, 0]
# Walk size: 12
# Is walk (has repeats): true

# Distance Matrix
0.0000000000 0.0326033270 0.5145526377 0.8825723391 0.2780593207 0.7408734039 0.6818831802 0.4756068714 0.0570142778 0.1795398353
0.0326033270 0.0000000000 0.5869448172 0.9389826482 0.6193052146 0.2095438821 0.9025434345 0.7752349764 0.5433569839 0.3576708224
0.5145526377 0.5869448172 0.0000000000 0.0629584196 0.9601820083 0.0873938943 0.8066225454 0.4947046591 0.1112471433 0.4560147112
0.8825723391 0.9389826482 0.0629584196 0.0000000000 0.0045977692 0.8355538992 0.3668572345 0.0837285495 0.4761978199 0.6857911884
0.2780593207 0.6193052146 0.9601820083 0.0045977692 0.0000000000 0.6725035615 0.6752286104 0.3393268932 0.8350965435 0.6075296402
0.7408734039 0.2095438821 0.0873938943 0.8355538992 0.6725035615 0.0000000000 0.2822192248 0.2368578873 0.8391053246 0.1064358491
0.6818831802 0.9025434345 0.8066225454 0.3668572345 0.6752286104 0.2822192248 0.0000000000 0.2679011191 0.8771855862 0.2816158956
0.4756068714 0.7752349764 0.4947046591 0.0837285495 0.3393268932 0.2368578873 0.2679011191 0.0000000000 0.4294679763 0.6127584753
0.0570142778 0.5433569839 0.1112471433 0.4761978199 0.8350965435 0.8391053246 0.8771855862 0.4294679763 0.0000000000 0.1443917001
0.1795398353 0.3576708224 0.4560147112 0.6857911884 0.6075296402 0.1064358491 0.2816158956 0.6127584753 0.1443917001 0.0000000000
