# Graph size: 10
# Optimal cost: 2.239700872835336

# Distance Matrix
0.0 0.17798178364820605 0.3097024013099777 0.16655887242829126 0.9666086705032821 0.1991064723195375 0.3927479778244667 0.6243874981309275 0.9508726438809713 0.5034611307254823
0.17798178364820605 0.0 0.510139982620417 0.2571147999402137 0.04551442590000021 0.3752170107006987 0.8501079013257408 0.9503889838320586 0.6511406634441874 0.20373163119543936
0.3097024013099777 0.510139982620417 0.0 0.1467402792552701 0.8882431881791125 0.6824913264362625 0.9713752865988544 0.42541520635625696 0.3128760617037072 0.07143899327862335
0.16655887242829126 0.2571147999402137 0.1467402792552701 0.0 0.9342603268840173 0.8335665875944651 0.7041570424245647 0.835685950667088 0.8872607553862111 0.6056446941722664
0.9666086705032821 0.04551442590000021 0.8882431881791125 0.9342603268840173 0.0 0.5871383668484966 0.7859431960372392 0.9838119621501621 0.5167939083768185 0.770583031852875
0.1991064723195375 0.3752170107006987 0.6824913264362625 0.8335665875944651 0.5871383668484966 0.0 0.8906651884751866 0.941331485690884 0.01668423090685256 0.1954945609833928
0.3927479778244667 0.8501079013257408 0.9713752865988544 0.7041570424245647 0.7859431960372392 0.8906651884751866 0.0 0.2949526313470535 0.604703481055232 0.6030974447323283
0.6243874981309275 0.9503889838320586 0.42541520635625696 0.835685950667088 0.9838119621501621 0.941331485690884 0.2949526313470535 0.0 0.729860224033653 0.9990249819530546
0.9508726438809713 0.6511406634441874 0.3128760617037072 0.8872607553862111 0.5167939083768185 0.01668423090685256 0.604703481055232 0.729860224033653 0.0 0.2631210390670531
0.5034611307254823 0.20373163119543936 0.07143899327862335 0.6056446941722664 0.770583031852875 0.1954945609833928 0.6030974447323283 0.9990249819530546 0.2631210390670531 0.0

# Optimal Walk
0 6 7 2 3 4 1 9 5 8 0
