# MCW Instance
# Type: UNIFORM
# N: 10
# Optimal cost: 1.868490317222708
# Optimal tour (permutation): [0, 8, 6, 4, 1, 9, 2, 5, 7, 3, 0]
# Optimal walk (full path): [0, 8, 6, 4, 1, 4, 9, 2, 9, 5, 3, 7, 3, 0]
# Walk size: 14
# Is walk (has repeats): true

# Distance Matrix
0.0000000000 0.8015308391 0.3444491272 0.3583948607 0.5789571753 0.3996770553 0.6742961155 0.5259264349 0.0432165541 0.0730604085
0.8015308391 0.0000000000 0.4536968197 0.7888144982 0.2412143487 0.3697313774 0.9536752057 0.8763488532 0.9888301365 0.4683204109
0.3444491272 0.4536968197 0.0000000000 0.9467590719 0.6407702191 0.3655360238 0.9804679036 0.8702815902 0.4432614204 0.0688835614
0.3583948607 0.7888144982 0.9467590719 0.0000000000 0.8461047797 0.4367585774 0.9970626738 0.0038015630 0.9995928855 0.5854151674
0.5789571753 0.2412143487 0.6407702191 0.8461047797 0.0000000000 0.3735514268 0.1731415813 0.8607106290 0.6464744580 0.0187298032
0.3996770553 0.3697313774 0.3655360238 0.4367585774 0.3735514268 0.0000000000 0.3040715824 0.8616960882 0.5986094294 0.0504135967
0.6742961155 0.9536752057 0.9804679036 0.9970626738 0.1731415813 0.3040715824 0.0000000000 0.5443332667 0.1600363976 0.3399992098
0.5259264349 0.8763488532 0.8702815902 0.0038015630 0.8607106290 0.8616960882 0.5443332667 0.0000000000 0.8105187094 0.9930413449
0.0432165541 0.9888301365 0.4432614204 0.9995928855 0.6464744580 0.5986094294 0.1600363976 0.8105187094 0.0000000000 0.4064185017
0.0730604085 0.4683204109 0.0688835614 0.5854151674 0.0187298032 0.0504135967 0.3399992098 0.9930413449 0.4064185017 0.0000000000
