# MCW Instance
# Type: UNIFORM
# N: 10
# Optimal cost: 1.5897271134217998
# Optimal tour (permutation): [0, 9, 4, 5, 6, 8, 2, 7, 3, 1, 0]
# Optimal walk (full path): [0, 9, 4, 5, 6, 8, 2, 7, 3, 1, 3, 0]
# Walk size: 12
# Is walk (has repeats): true

# Distance Matrix
0.0000000000 0.6157386880 0.2632022015 0.0604192161 0.3133971302 0.9660163661 0.5296510486 0.5257333910 0.8657875921 0.3397552335
0.6157386880 0.0000000000 0.3546032669 0.0759554358 0.3669041987 0.6364833197 0.1342098279 0.8412974027 0.5278135789 0.6458196046
0.2632022015 0.3546032669 0.0000000000 0.3629244511 0.5439820879 0.3679260373 0.8522538707 0.0591646368 0.0726194622 0.6155335463
0.0604192161 0.0759554358 0.3629244511 0.0000000000 0.0564099238 0.1194940809 0.5654646434 0.2777288710 0.3970514809 0.6516494926
0.3133971302 0.3669041987 0.5439820879 0.0564099238 0.0000000000 0.1146483280 0.1023926627 0.7340661016 0.3142747282 0.3450728611
0.9660163661 0.6364833197 0.3679260373 0.1194940809 0.1146483280 0.0000000000 0.0230991736 0.5098894277 0.7000136301 0.5445172206
0.5296510486 0.1342098279 0.8522538707 0.5654646434 0.1023926627 0.0230991736 0.0000000000 0.5772057809 0.1453084597 0.8386526007
0.5257333910 0.8412974027 0.0591646368 0.2777288710 0.7340661016 0.5098894277 0.5772057809 0.0000000000 0.7255978579 0.7180548904
0.8657875921 0.5278135789 0.0726194622 0.3970514809 0.3142747282 0.7000136301 0.1453084597 0.7255978579 0.0000000000 0.7453090037
0.3397552335 0.6458196046 0.6155335463 0.6516494926 0.3450728611 0.5445172206 0.8386526007 0.7180548904 0.7453090037 0.0000000000
