# MCW Instance
# Type: UNIFORM
# N: 10
# Optimal cost: 1.6011747669023904
# Optimal tour (permutation): [0, 9, 8, 1, 6, 3, 7, 5, 2, 4, 0]
# Optimal walk (full path): [0, 9, 1, 8, 1, 6, 3, 7, 5, 2, 0, 4, 0]
# Walk size: 13
# Is walk (has repeats): true

# Distance Matrix
0.0000000000 0.8649663606 0.1481902441 0.8637189905 0.0225845866 0.0321450476 0.4080287463 0.2058500108 0.1408730551 0.0835819052
0.8649663606 0.0000000000 0.4284255727 0.9913334197 0.1245729172 0.4643407970 0.2936417038 0.3345785638 0.0149567934 0.1183482696
0.1481902441 0.4284255727 0.0000000000 0.5314037630 0.5196810025 0.1353775136 0.9108704682 0.7017066931 0.3475025261 0.7470269110
0.8637189905 0.9913334197 0.5314037630 0.0000000000 0.4134484877 0.9367972025 0.3786719143 0.3335027662 0.4622109703 0.5319773178
0.0225845866 0.1245729172 0.5196810025 0.4134484877 0.0000000000 0.6128201818 0.4502494159 0.1045850675 0.6175323640 0.3640906218
0.0321450476 0.4643407970 0.1353775136 0.9367972025 0.6128201818 0.0000000000 0.6462267573 0.0347776901 0.4040012925 0.0939404005
0.4080287463 0.2936417038 0.9108704682 0.3786719143 0.4502494159 0.6462267573 0.0000000000 0.5677016147 0.3850012512 0.4861713204
0.2058500108 0.3345785638 0.7017066931 0.3335027662 0.1045850675 0.0347776901 0.5677016147 0.0000000000 0.7444770996 0.9878439465
0.1408730551 0.0149567934 0.3475025261 0.4622109703 0.6175323640 0.4040012925 0.3850012512 0.7444770996 0.0000000000 0.7872691267
0.0835819052 0.1183482696 0.7470269110 0.5319773178 0.3640906218 0.0939404005 0.4861713204 0.9878439465 0.7872691267 0.0000000000
