# MCW Instance
# Type: UNIFORM
# N: 10
# Optimal cost: 2.2286626115235686
# Optimal tour (permutation): [0, 8, 9, 7, 6, 3, 4, 2, 5, 1, 0]
# Optimal walk (full path): [0, 8, 9, 7, 9, 8, 6, 3, 4, 2, 5, 1, 5, 8, 0]
# Walk size: 15
# Is walk (has repeats): true

# Distance Matrix
0.0000000000 0.9513173009 0.7564791854 0.3345191282 0.1711870828 0.7493464379 0.4854698353 0.4783365865 0.0935473444 0.1272509306
0.9513173009 0.0000000000 0.5986120220 0.9123635491 0.4113775772 0.1268205585 0.6664980716 0.5750304269 0.5345684740 0.5758160093
0.7564791854 0.5986120220 0.0000000000 0.3781802131 0.2154466295 0.4321672747 0.9128980156 0.6645320760 0.3396107696 0.9699959249
0.3345191282 0.9123635491 0.3781802131 0.0000000000 0.1281120505 0.7777194374 0.1872308382 0.8241449350 0.4110004982 0.1974158490
0.1711870828 0.4113775772 0.2154466295 0.1281120505 0.0000000000 0.9840582231 0.6383415016 0.7243900290 0.4619384919 0.1062403662
0.7493464379 0.1268205585 0.4321672747 0.7777194374 0.9840582231 0.0000000000 0.7113555996 0.9291292000 0.2812680591 0.4660488639
0.4854698353 0.6664980716 0.9128980156 0.1872308382 0.6383415016 0.7113555996 0.0000000000 0.6500213691 0.2735273132 0.5789561814
0.4783365865 0.5750304269 0.6645320760 0.8241449350 0.7243900290 0.9291292000 0.6500213691 0.0000000000 0.3824413684 0.1041151755
0.0935473444 0.5345684740 0.3396107696 0.4110004982 0.4619384919 0.2812680591 0.2735273132 0.3824413684 0.0000000000 0.0309721447
0.1272509306 0.5758160093 0.9699959249 0.1974158490 0.1062403662 0.4660488639 0.5789561814 0.1041151755 0.0309721447 0.0000000000
