# MCW Instance
# Type: UNIFORM
# N: 10
# Optimal cost: 1.6562795147653333
# Optimal tour (permutation): [0, 7, 6, 8, 1, 3, 4, 2, 9, 5, 0]
# Optimal walk (full path): [0, 7, 6, 8, 1, 7, 3, 2, 4, 2, 3, 7, 9, 5, 9, 0]
# Walk size: 16
# Is walk (has repeats): true

# Distance Matrix
0.0000000000 0.7336965560 0.9163117215 0.7560868021 0.4164699433 0.6363167279 0.8956173597 0.1132924775 0.5002251324 0.1186867421
0.7336965560 0.0000000000 0.8850757680 0.6512645715 0.7662827358 0.4081191546 0.7328426907 0.2491916084 0.3542096496 0.9037285655
0.9163117215 0.8850757680 0.0000000000 0.1454622086 0.0063508005 0.5397434571 0.8583934942 0.8035760062 0.7949849750 0.8388063030
0.7560868021 0.6512645715 0.1454622086 0.0000000000 0.7634320602 0.2103531376 0.5129786259 0.0772867407 0.5046258387 0.1823386288
0.4164699433 0.7662827358 0.0063508005 0.7634320602 0.0000000000 0.3827999830 0.7586511680 0.2342021686 0.3699583444 0.2847760730
0.6363167279 0.4081191546 0.5397434571 0.2103531376 0.3827999830 0.0000000000 0.9296107741 0.5606122921 0.7037071265 0.0356201272
0.8956173597 0.7328426907 0.8583934942 0.5129786259 0.7586511680 0.9296107741 0.0000000000 0.1434836836 0.0964190169 0.2020853896
0.1132924775 0.2491916084 0.8035760062 0.0772867407 0.2342021686 0.5606122921 0.1434836836 0.0000000000 0.7272324914 0.0515565825
0.5002251324 0.3542096496 0.7949849750 0.5046258387 0.3699583444 0.7037071265 0.0964190169 0.7272324914 0.0000000000 0.6243338945
0.1186867421 0.9037285655 0.8388063030 0.1823386288 0.2847760730 0.0356201272 0.2020853896 0.0515565825 0.6243338945 0.0000000000
