# Graph size: 10
# Optimal cost: 1.1717354696424698

# Distance Matrix
0.0 0.05804575343797114 0.5910989787275803 0.15090477991812035 0.13781937703521419 0.020471731854155517 0.7146971540153255 0.15278610412567062 0.11865350927076479 0.45818020910632273
0.05804575343797114 0.0 0.03400567436101465 0.11438098376872863 0.6542273649125332 0.9231482043606821 0.4727821413980362 0.5902093901853532 0.7527899306503671 0.9392678327799205
0.5910989787275803 0.03400567436101465 0.0 0.8955873001284631 0.02154802885124607 0.5101854587664971 0.961802063620461 0.7448809632320018 0.7846583789452543 0.3251204974112818
0.15090477991812035 0.11438098376872863 0.8955873001284631 0.0 0.2520024939811816 0.5850784442309604 0.2887136584437324 0.5618122878018795 0.02214456533590281 0.3084808084658871
0.13781937703521419 0.6542273649125332 0.02154802885124607 0.2520024939811816 0.0 0.967449077465246 0.9857319624099204 0.8790863160403132 0.9074063846554745 0.19703708060232028
0.020471731854155517 0.9231482043606821 0.5101854587664971 0.5850784442309604 0.967449077465246 0.0 0.5881963984124944 0.5485596889166003 0.397514888718856 0.14241474177414926
0.7146971540153255 0.4727821413980362 0.961802063620461 0.2887136584437324 0.9857319624099204 0.5881963984124944 0.0 0.7368502353266306 0.09775347278642332 0.6892297170691949
0.15278610412567062 0.5902093901853532 0.7448809632320018 0.5618122878018795 0.8790863160403132 0.5485596889166003 0.7368502353266306 0.0 0.285268324445496 0.9416200725686845
0.11865350927076479 0.7527899306503671 0.7846583789452543 0.02214456533590281 0.9074063846554745 0.397514888718856 0.09775347278642332 0.285268324445496 0.0 0.390349827787423
0.45818020910632273 0.9392678327799205 0.3251204974112818 0.3084808084658871 0.19703708060232028 0.14241474177414926 0.6892297170691949 0.9416200725686845 0.390349827787423 0.0

# Optimal Walk
0 7 8 6 3 1 2 4 9 5 0
