# Graph size: 10
# Optimal cost: 1.842308517955796

# Distance Matrix
0.0 0.5201976798165523 0.3264272580944415 0.015709517459273847 0.1987111785494846 0.354401975260192 0.8857442481227247 0.8279520593354442 0.464181317102472 0.051471632695449965
0.5201976798165523 0.0 0.763506669883721 0.7836624217485858 0.27301298118203365 0.32795809808224297 0.9722269495513604 0.2637453572020184 0.9158695282641518 0.8554539295791043
0.3264272580944415 0.763506669883721 0.0 0.9337079832249762 0.9923147075836823 0.6538363363729074 0.9082552934778468 0.18692185899825908 0.7207140944235382 0.32131958952372963
0.015709517459273847 0.7836624217485858 0.9337079832249762 0.0 0.2757042191807486 0.46784518242362805 0.17647711483011974 0.9922011506745696 0.7524739262087711 0.006985094714406226
0.1987111785494846 0.27301298118203365 0.9923147075836823 0.2757042191807486 0.0 0.15738407584991998 0.3289090516586637 0.5991612660832836 0.6959933206926943 0.7454997986616559
0.354401975260192 0.32795809808224297 0.6538363363729074 0.46784518242362805 0.15738407584991998 0.0 0.6803523432523966 0.7259026708820265 0.11168015596270153 0.49205266236897605
0.8857442481227247 0.9722269495513604 0.9082552934778468 0.17647711483011974 0.3289090516586637 0.6803523432523966 0.0 0.47220747850368083 0.993331196716616 0.2539043225212213
0.8279520593354442 0.2637453572020184 0.18692185899825908 0.9922011506745696 0.5991612660832836 0.7259026708820265 0.47220747850368083 0.0 0.0812422922592475 0.9418332242797528
0.464181317102472 0.9158695282641518 0.7207140944235382 0.7524739262087711 0.6959933206926943 0.11168015596270153 0.993331196716616 0.0812422922592475 0.0 0.9480437248252565
0.051471632695449965 0.8554539295791043 0.32131958952372963 0.006985094714406226 0.7454997986616559 0.49205266236897605 0.2539043225212213 0.9418332242797528 0.9480437248252565 0.0

# Optimal Walk
0 9 3 6 4 1 5 8 7 2 0
