# MCW Instance
# Type: UNIFORM
# N: 10
# Optimal cost: 1.5232008628109366
# Optimal tour (permutation): [0, 3, 9, 4, 1, 2, 5, 6, 8, 7, 0]
# Optimal walk (full path): [0, 3, 9, 4, 1, 4, 2, 5, 6, 5, 8, 7, 9, 0]
# Walk size: 14
# Is walk (has repeats): true

# Distance Matrix
0.0000000000 0.9070705892 0.2537476004 0.2203360856 0.5247131160 0.8997103236 0.6552395781 0.5866691306 0.9267349858 0.1647576633
0.9070705892 0.0000000000 0.7316335212 0.9681004072 0.1023864410 0.7511021636 0.9079678979 0.4292012025 0.4980759106 0.2709497593
0.2537476004 0.7316335212 0.0000000000 0.2284412691 0.0865079119 0.0218219528 0.8615717028 0.1046461877 0.3391655478 0.3957890768
0.2203360856 0.9681004072 0.2284412691 0.0000000000 0.8805901964 0.9391624605 0.9327326627 0.8838320318 0.9991376943 0.0830367393
0.5247131160 0.1023864410 0.0865079119 0.8805901964 0.0000000000 0.8295668338 0.5561886243 0.7957041731 0.1257138411 0.0633112761
0.8997103236 0.7511021636 0.0218219528 0.9391624605 0.8295668338 0.0000000000 0.1841249665 0.1732119439 0.0872745773 0.2403553065
0.6552395781 0.9079678979 0.8615717028 0.9327326627 0.5561886243 0.1841249665 0.0000000000 0.3192512223 0.9228353430 0.6853740174
0.5866691306 0.4292012025 0.1046461877 0.8838320318 0.7957041731 0.1732119439 0.3192512223 0.0000000000 0.1177421346 0.1053897070
0.9267349858 0.4980759106 0.3391655478 0.9991376943 0.1257138411 0.0872745773 0.9228353430 0.1177421346 0.0000000000 0.5403086301
0.1647576633 0.2709497593 0.3957890768 0.0830367393 0.0633112761 0.2403553065 0.6853740174 0.1053897070 0.5403086301 0.0000000000
