# MCW Instance
# Type: UNIFORM
# N: 10
# Optimal cost: 1.615218754440737
# Optimal tour (permutation): [0, 7, 8, 1, 5, 6, 4, 3, 9, 2, 0]
# Optimal walk (full path): [0, 7, 8, 1, 5, 6, 4, 3, 9, 2, 9, 0]
# Walk size: 12
# Is walk (has repeats): true

# Distance Matrix
0.0000000000 0.6206717270 0.4613305729 0.8283464638 0.9599991187 0.5260610021 0.5348305471 0.2935879875 0.4259403258 0.1793288259
0.6206717270 0.0000000000 0.2870573501 0.8329643496 0.3929302814 0.0463514018 0.4155858972 0.6283319977 0.1721207587 0.2598908021
0.4613305729 0.2870573501 0.0000000000 0.5933609795 0.3062991182 0.1564111794 0.7378766106 0.3767483810 0.0817571606 0.0196377877
0.8283464638 0.8329643496 0.5933609795 0.0000000000 0.2101662288 0.2094195472 0.2984320096 0.9724273698 0.2561094038 0.2193665289
0.9599991187 0.3929302814 0.3062991182 0.2101662288 0.0000000000 0.6606740708 0.1709373117 0.7843440461 0.5620066944 0.7954346955
0.5260610021 0.0463514018 0.1564111794 0.2094195472 0.6606740708 0.0000000000 0.0709930589 0.9966016126 0.6492520287 0.9093512502
0.5348305471 0.4155858972 0.7378766106 0.2984320096 0.1709373117 0.0709930589 0.0000000000 0.2476729587 0.7689025092 0.7225812165
0.2935879875 0.6283319977 0.3767483810 0.9724273698 0.7843440461 0.9966016126 0.2476729587 0.0000000000 0.2130910769 0.9591797212
0.4259403258 0.1721207587 0.0817571606 0.2561094038 0.5620066944 0.6492520287 0.7689025092 0.2130910769 0.0000000000 0.5563728997
0.1793288259 0.2598908021 0.0196377877 0.2193665289 0.7954346955 0.9093512502 0.7225812165 0.9591797212 0.5563728997 0.0000000000
