# Graph size: 10
# Optimal cost: 2.191927263016543

# Distance Matrix
0.0 0.5189509282159851 0.5484866670533352 0.18880623771430805 0.7929108603781169 0.4434639471629318 0.6022095238144474 0.24809704588075654 0.05572082327596917 0.7724096150275517
0.5189509282159851 0.0 0.4706962483641305 0.22271731341742618 0.9024126353226437 0.2555174698430426 0.9083945539923759 0.5891876147684212 0.4181418887740337 0.6305886602274805
0.5484866670533352 0.4706962483641305 0.0 0.9177723433054101 0.6940953658202466 0.5470850262752719 0.6660320373000197 0.7953910393679892 0.7273830966489936 0.5933318998315831
0.18880623771430805 0.22271731341742618 0.9177723433054101 0.0 0.22732689456071165 0.9427277211704174 0.7505848019000989 0.1578069538672745 0.35938643455351227 0.052127723710678864
0.7929108603781169 0.9024126353226437 0.6940953658202466 0.22732689456071165 0.0 0.4482531811124235 0.37990174071534066 0.4246471523625981 0.8026842250952546 0.8342984687939348
0.4434639471629318 0.2555174698430426 0.5470850262752719 0.9427277211704174 0.4482531811124235 0.0 0.01754067333053677 0.6658113261700721 0.25650465405764566 0.4896847914734265
0.6022095238144474 0.9083945539923759 0.6660320373000197 0.7505848019000989 0.37990174071534066 0.01754067333053677 0.0 0.5956909586099812 0.1725212488158504 0.7327384914035528
0.24809704588075654 0.5891876147684212 0.7953910393679892 0.1578069538672745 0.4246471523625981 0.6658113261700721 0.5956909586099812 0.0 0.03390750857583125 0.5808670122745305
0.05572082327596917 0.4181418887740337 0.7273830966489936 0.35938643455351227 0.8026842250952546 0.25650465405764566 0.1725212488158504 0.03390750857583125 0.0 0.12284497486774493
0.7724096150275517 0.6305886602274805 0.5933318998315831 0.052127723710678864 0.8342984687939348 0.4896847914734265 0.7327384914035528 0.5808670122745305 0.12284497486774493 0.0

# Optimal Walk
0 8 7 9 3 4 2 1 5 6 0
