# MCW Instance
# Type: UNIFORM
# N: 10
# Optimal cost: 1.1506534597839377
# Optimal tour (permutation): [0, 8, 7, 6, 9, 1, 2, 5, 4, 3, 0]
# Optimal walk (full path): [0, 8, 7, 6, 7, 1, 9, 1, 2, 4, 5, 4, 3, 0]
# Walk size: 14
# Is walk (has repeats): true

# Distance Matrix
0.0000000000 0.5864380931 0.0590355858 0.1105028055 0.3383076581 0.6744826597 0.3262804217 0.3158454674 0.0444797505 0.9785793403
0.5864380931 0.0000000000 0.1961583609 0.8767213183 0.7570321635 0.4534602841 0.8655264418 0.3772322543 0.8913216862 0.0505314924
0.0590355858 0.1961583609 0.0000000000 0.9853402493 0.0018791764 0.8382378631 0.2874984402 0.4005001595 0.4133431812 0.9385544388
0.1105028055 0.8767213183 0.9853402493 0.0000000000 0.0824427028 0.6516844001 0.3249088941 0.6783892504 0.8418822132 0.3432031543
0.3383076581 0.7570321635 0.0018791764 0.0824427028 0.0000000000 0.0192691295 0.9915451950 0.3870738847 0.4271973229 0.9258025427
0.6744826597 0.4534602841 0.8382378631 0.6516844001 0.0192691295 0.0000000000 0.3914191683 0.6787944807 0.4320445910 0.5100161411
0.3262804217 0.8655264418 0.2874984402 0.3249088941 0.9915451950 0.3914191683 0.0000000000 0.0233297917 0.4580617433 0.6716241126
0.3158454674 0.3772322543 0.4005001595 0.6783892504 0.3870738847 0.6787944807 0.0233297917 0.0000000000 0.1516975823 0.6275285794
0.0444797505 0.8913216862 0.4133431812 0.8418822132 0.4271973229 0.4320445910 0.4580617433 0.1516975823 0.0000000000 0.8587344647
0.9785793403 0.0505314924 0.9385544388 0.3432031543 0.9258025427 0.5100161411 0.6716241126 0.6275285794 0.8587344647 0.0000000000
