# Graph size: 10
# Optimal cost: 1.2948182565243203

# Distance Matrix
0.0 0.19679371208379393 0.36949584259546386 0.058154750541789535 0.869718484177994 0.8940531502514368 0.5562744818443558 0.2397411980225319 0.9161712394186715 0.7590676890147757
0.19679371208379393 0.0 0.18166969476293637 0.8838623080816409 0.7642528507607087 0.17431068939872174 0.22248731966742807 0.3472999166420826 0.9648407943059861 0.3066808386039721
0.36949584259546386 0.18166969476293637 0.0 0.15478881802189015 0.11810131666900481 0.49083950761591255 0.9837387802462738 0.8122152156709926 0.4367543594985781 0.8562699233133035
0.058154750541789535 0.8838623080816409 0.15478881802189015 0.0 0.25507975327773946 0.13132851780865729 0.8183338816933903 0.32417388476045284 0.6449759276896649 0.1311687545685175
0.869718484177994 0.7642528507607087 0.11810131666900481 0.25507975327773946 0.0 0.7595857435200167 0.9728950128947566 0.9783993280697508 0.9517643318788163 0.5565158423816681
0.8940531502514368 0.17431068939872174 0.49083950761591255 0.13132851780865729 0.7595857435200167 0.0 0.258461911058399 0.3197624132082513 0.28512230488934065 0.08090352013046409
0.5562744818443558 0.22248731966742807 0.9837387802462738 0.8183338816933903 0.9728950128947566 0.258461911058399 0.0 0.11021352358657288 0.002189842519577767 0.07226412509540392
0.2397411980225319 0.3472999166420826 0.8122152156709926 0.32417388476045284 0.9783993280697508 0.3197624132082513 0.11021352358657288 0.0 0.5682599544847488 0.5274709129903411
0.9161712394186715 0.9648407943059861 0.4367543594985781 0.6449759276896649 0.9517643318788163 0.28512230488934065 0.002189842519577767 0.5682599544847488 0.0 0.9448620358937956
0.7590676890147757 0.3066808386039721 0.8562699233133035 0.1311687545685175 0.5565158423816681 0.08090352013046409 0.07226412509540392 0.5274709129903411 0.9448620358937956 0.0

# Optimal Walk
0 7 8 6 9 5 1 2 4 3 0
