# MCW Instance
# Type: UNIFORM
# N: 10
# Optimal cost: 1.3357316631865248
# Optimal tour (permutation): [0, 9, 7, 6, 4, 3, 1, 5, 8, 2, 0]
# Optimal walk (full path): [0, 9, 7, 6, 4, 6, 3, 6, 1, 5, 2, 8, 2, 5, 0]
# Walk size: 15
# Is walk (has repeats): true

# Distance Matrix
0.0000000000 0.9925267579 0.7873459512 0.3865929478 0.3457053992 0.2968569435 0.6465263941 0.4697362872 0.8621110650 0.1474939995
0.9925267579 0.0000000000 0.4450135268 0.8337467693 0.7443186074 0.0730064271 0.1145016570 0.8024023625 0.4804070017 0.6029015509
0.7873459512 0.4450135268 0.0000000000 0.1568773471 0.4397365029 0.0014478074 0.3633474245 0.4308224496 0.0345431304 0.5747446500
0.3865929478 0.8337467693 0.1568773471 0.0000000000 0.7480148346 0.6331432214 0.0296456833 0.9934986201 0.5637279493 0.6452658201
0.3457053992 0.7443186074 0.4397365029 0.7480148346 0.0000000000 0.6203262323 0.0775783216 0.7703389715 0.9866284317 0.2316615147
0.2968569435 0.0730064271 0.0014478074 0.6331432214 0.6203262323 0.0000000000 0.4619878860 0.9352185431 0.7192385896 0.3511154203
0.6465263941 0.1145016570 0.3633474245 0.0296456833 0.0775783216 0.4619878860 0.0000000000 0.1427896692 0.3049804648 0.2814533716
0.4697362872 0.8024023625 0.4308224496 0.9934986201 0.7703389715 0.9352185431 0.1427896692 0.0000000000 0.7405875588 0.2746530816
0.8621110650 0.4804070017 0.0345431304 0.5637279493 0.9866284317 0.7192385896 0.3049804648 0.7405875588 0.0000000000 0.4605355690
0.1474939995 0.6029015509 0.5747446500 0.6452658201 0.2316615147 0.3511154203 0.2814533716 0.2746530816 0.4605355690 0.0000000000
