# MCW Instance
# Type: UNIFORM
# N: 10
# Optimal cost: 1.9640626320985528
# Optimal tour (permutation): [0, 5, 7, 3, 8, 4, 9, 6, 2, 1, 0]
# Optimal walk (full path): [0, 5, 7, 3, 8, 4, 8, 9, 2, 6, 2, 1, 0]
# Walk size: 13
# Is walk (has repeats): true

# Distance Matrix
0.0000000000 0.2555749600 0.4240391881 0.8800650047 0.8406550075 0.2392911874 0.3597681657 0.5547412127 0.3521383671 0.3375201199
0.2555749600 0.0000000000 0.1459022423 0.8142629503 0.5275404308 0.5570946882 0.6217950765 0.3603998799 0.6139189895 0.7749060307
0.4240391881 0.1459022423 0.0000000000 0.8064191698 0.4133233748 0.9673359871 0.0418730454 0.6649871155 0.9444516637 0.2725433172
0.8800650047 0.8142629503 0.8064191698 0.0000000000 0.2325246313 0.9329543359 0.8313387621 0.0093961004 0.2245511037 0.3079808920
0.8406550075 0.5275404308 0.4133233748 0.2325246313 0.0000000000 0.6233582307 0.6879975185 0.7467830100 0.0010937059 0.5766601238
0.2392911874 0.5570946882 0.9673359871 0.9329543359 0.6233582307 0.0000000000 0.6958667091 0.2694072625 0.8502049201 0.3678546875
0.3597681657 0.6217950765 0.0418730454 0.8313387621 0.6879975185 0.6958667091 0.0000000000 0.9529615113 0.8268320152 0.9423056838
0.5547412127 0.3603998799 0.6649871155 0.0093961004 0.7467830100 0.2694072625 0.9529615113 0.0000000000 0.4281044152 0.9541760090
0.3521383671 0.6139189895 0.9444516637 0.2245511037 0.0010937059 0.8502049201 0.8268320152 0.4281044152 0.0000000000 0.4614629561
0.3375201199 0.7749060307 0.2725433172 0.3079808920 0.5766601238 0.3678546875 0.9423056838 0.9541760090 0.4614629561 0.0000000000
