# MCW Instance
# Type: UNIFORM
# N: 10
# Optimal cost: 1.5719365865238957
# Optimal tour (permutation): [0, 1, 6, 8, 5, 7, 9, 4, 3, 2, 0]
# Optimal walk (full path): [0, 1, 6, 8, 5, 7, 4, 9, 4, 3, 2, 0]
# Walk size: 12
# Is walk (has repeats): true

# Distance Matrix
0.0000000000 0.1651318635 0.1355404211 0.9162504071 0.8666936457 0.6212032649 0.6025814610 0.6482553041 0.9703957513 0.9731217700
0.1651318635 0.0000000000 0.6990437373 0.4587045105 0.9657486620 0.7548752273 0.2619415210 0.9526789293 0.3823545091 0.9149317418
0.1355404211 0.6990437373 0.0000000000 0.0991470646 0.0621860619 0.9837472684 0.1641580266 0.8791650942 0.4823088801 0.7917425422
0.9162504071 0.4587045105 0.0991470646 0.0000000000 0.0553213229 0.6911884574 0.4073130177 0.4994676448 0.8960120193 0.6714619752
0.8666936457 0.9657486620 0.0621860619 0.0553213229 0.0000000000 0.9776312415 0.3727122509 0.0353007304 0.6320198515 0.0527462883
0.6212032649 0.7548752273 0.9837472684 0.6911884574 0.9776312415 0.0000000000 0.6699030652 0.2841702961 0.1991516650 0.4103439792
0.6025814610 0.2619415210 0.1641580266 0.4073130177 0.3727122509 0.6699030652 0.0000000000 0.0729211185 0.2307391254 0.5714904378
0.6482553041 0.9526789293 0.8791650942 0.4994676448 0.0353007304 0.2841702961 0.0729211185 0.0000000000 0.2387108737 0.6141433104
0.9703957513 0.3823545091 0.4823088801 0.8960120193 0.6320198515 0.1991516650 0.2307391254 0.2387108737 0.0000000000 0.9935198195
0.9731217700 0.9149317418 0.7917425422 0.6714619752 0.0527462883 0.4103439792 0.5714904378 0.6141433104 0.9935198195 0.0000000000
