# MCW Instance
# Type: UNIFORM
# N: 10
# Optimal cost: 1.320490980781245
# Optimal tour (permutation): [0, 3, 7, 6, 5, 2, 4, 8, 9, 1, 0]
# Optimal walk (full path): [0, 3, 7, 6, 5, 2, 4, 8, 9, 1, 0]
# Walk size: 11
# Is walk (has repeats): false

# Distance Matrix
0.0000000000 0.1138319840 0.9772979100 0.0147495353 0.5444671568 0.5120482243 0.6295854704 0.5925660341 0.4518107163 0.9423320810
0.1138319840 0.0000000000 0.1159690797 0.3361457186 0.9094235026 0.9693380786 0.1085676066 0.2860603413 0.1228134752 0.0716426102
0.9772979100 0.1159690797 0.0000000000 0.9809158451 0.2156097493 0.2111410823 0.9146753022 0.8575581977 0.9849418923 0.6246417496
0.0147495353 0.3361457186 0.9809158451 0.0000000000 0.9687136143 0.2570954397 0.4485033292 0.1876212399 0.2793441620 0.0591842962
0.5444671568 0.9094235026 0.2156097493 0.9687136143 0.0000000000 0.6963680861 0.9276993941 0.5893959962 0.1441530365 0.8172200560
0.5120482243 0.9693380786 0.2111410823 0.2570954397 0.6963680861 0.0000000000 0.1107661690 0.6842024387 0.2033104013 0.5592392760
0.6295854704 0.1085676066 0.9146753022 0.4485033292 0.9276993941 0.1107661690 0.0000000000 0.1911530544 0.7861497616 0.8986894818
0.5925660341 0.2860603413 0.8575581977 0.1876212399 0.5893959962 0.6842024387 0.1911530544 0.0000000000 0.2348708773 0.7078124084
0.4518107163 0.1228134752 0.9849418923 0.2793441620 0.1441530365 0.2033104013 0.7861497616 0.2348708773 0.0000000000 0.0598225199
0.9423320810 0.0716426102 0.6246417496 0.0591842962 0.8172200560 0.5592392760 0.8986894818 0.7078124084 0.0598225199 0.0000000000
