# MCW Instance
# Type: UNIFORM
# N: 10
# Optimal cost: 1.6917799960157747
# Optimal tour (permutation): [0, 4, 3, 6, 8, 7, 5, 2, 9, 1, 0]
# Optimal walk (full path): [0, 4, 3, 6, 2, 8, 5, 7, 5, 8, 2, 9, 1, 0]
# Walk size: 14
# Is walk (has repeats): true

# Distance Matrix
0.0000000000 0.1560770704 0.6608649252 0.7497799756 0.3107091339 0.2726522490 0.4394256453 0.4402792181 0.4003204975 0.9767373927
0.1560770704 0.0000000000 0.3554278934 0.7097369071 0.6178574060 0.5723891634 0.2430068136 0.6759174442 0.2769720845 0.1558407173
0.6608649252 0.3554278934 0.0000000000 0.4049920784 0.9552854889 0.6393465058 0.0940934066 0.7473159425 0.0478975510 0.3387813622
0.7497799756 0.7097369071 0.4049920784 0.0000000000 0.4095610391 0.5435720280 0.0741625722 0.5351825920 0.3415493331 0.4650094400
0.3107091339 0.6178574060 0.9552854889 0.4095610391 0.0000000000 0.8964602830 0.7154680192 0.9500792806 0.4575354224 0.5189591060
0.2726522490 0.5723891634 0.6393465058 0.5435720280 0.8964602830 0.0000000000 0.8953310233 0.0035403575 0.0248394387 0.8005756224
0.4394256453 0.2430068136 0.0940934066 0.0741625722 0.7154680192 0.8953310233 0.0000000000 0.3439620185 0.5488854642 0.4855399449
0.4402792181 0.6759174442 0.7473159425 0.5351825920 0.9500792806 0.0035403575 0.3439620185 0.0000000000 0.9388701186 0.8532426368
0.4003204975 0.2769720845 0.0478975510 0.3415493331 0.4575354224 0.0248394387 0.5488854642 0.9388701186 0.0000000000 0.5015564447
0.9767373927 0.1558407173 0.3387813622 0.4650094400 0.5189591060 0.8005756224 0.4855399449 0.8532426368 0.5015564447 0.0000000000
