# Graph size: 10
# Optimal cost: 1.6810358817163542

# Distance Matrix
0.0 0.30450142484559484 0.807666628265021 0.7848740894117958 0.961686244933442 0.5304316373548087 0.8437957650924806 0.3116992872423827 0.7589927001671652 0.18159356590642273
0.30450142484559484 0.0 0.888084171205579 0.9888059740636174 0.7113117539066923 0.20302906635346496 0.08523724912876518 0.024711721139749843 0.6837606395781094 0.7505083293167659
0.807666628265021 0.888084171205579 0.0 0.4578398825120037 0.32311084671194756 0.5681994730752415 0.2398215404801498 0.956713727485445 0.8727695355638906 0.04152065238956071
0.7848740894117958 0.9888059740636174 0.4578398825120037 0.0 0.37544205684660437 0.5351784969950448 0.8411727662622881 0.8218562437896736 0.13100289767401807 0.8068177894466779
0.961686244933442 0.7113117539066923 0.32311084671194756 0.37544205684660437 0.0 0.7081346651365282 0.4281053776818019 0.07688136552562441 0.7457646199171039 0.7140616128806374
0.5304316373548087 0.20302906635346496 0.5681994730752415 0.5351784969950448 0.7081346651365282 0.0 0.4882217542833066 0.15428718067412062 0.3191853597415092 0.617282829127999
0.8437957650924806 0.08523724912876518 0.2398215404801498 0.8411727662622881 0.4281053776818019 0.4882217542833066 0.0 0.7129915731616058 0.9806016394019195 0.9035552603137444
0.3116992872423827 0.024711721139749843 0.956713727485445 0.8218562437896736 0.07688136552562441 0.15428718067412062 0.7129915731616058 0.0 0.2558406930109228 0.7545701705893807
0.7589927001671652 0.6837606395781094 0.8727695355638906 0.13100289767401807 0.7457646199171039 0.3191853597415092 0.9806016394019195 0.2558406930109228 0.0 0.03731651995036844
0.18159356590642273 0.7505083293167659 0.04152065238956071 0.8068177894466779 0.7140616128806374 0.617282829127999 0.9035552603137444 0.7545701705893807 0.03731651995036844 0.0

# Optimal Walk
0 9 8 3 5 7 4 1 6 2 0
