# MCW Instance
# Type: UNIFORM
# N: 10
# Optimal cost: 1.9177050397236286
# Optimal tour (permutation): [0, 8, 5, 9, 7, 2, 1, 4, 6, 3, 0]
# Optimal walk (full path): [0, 8, 5, 9, 7, 2, 1, 4, 3, 6, 3, 0]
# Walk size: 12
# Is walk (has repeats): true

# Distance Matrix
0.0000000000 0.9828454440 0.3385943548 0.1549018291 0.4656806299 0.9682470876 0.2175213929 0.7506429942 0.2334898263 0.6938477119
0.9828454440 0.0000000000 0.2292078162 0.3343859563 0.0672539078 0.9178256562 0.9665805505 0.7674644462 0.5578115889 0.7674076545
0.3385943548 0.2292078162 0.0000000000 0.3858511889 0.2740029887 0.0767477696 0.1113368374 0.1219367938 0.2244688220 0.6298702000
0.1549018291 0.3343859563 0.3858511889 0.0000000000 0.2623898296 0.3832957353 0.0610552339 0.6913617059 0.1806267705 0.3012096221
0.4656806299 0.0672539078 0.2740029887 0.2623898296 0.0000000000 0.3212257489 0.6363143771 0.3646613292 0.8517054318 0.7479748036
0.9682470876 0.9178256562 0.0767477696 0.3832957353 0.3212257489 0.0000000000 0.2731412520 0.9160883399 0.2427268714 0.2888376965
0.2175213929 0.9665805505 0.1113368374 0.0610552339 0.6363143771 0.2731412520 0.0000000000 0.8923997009 0.8413086404 0.9648274490
0.7506429942 0.7674644462 0.1219367938 0.6913617059 0.3646613292 0.9160883399 0.8923997009 0.0000000000 0.3804085094 0.1948500011
0.2334898263 0.5578115889 0.2244688220 0.1806267705 0.8517054318 0.2427268714 0.8413086404 0.3804085094 0.0000000000 0.5153422012
0.6938477119 0.7674076545 0.6298702000 0.3012096221 0.7479748036 0.2888376965 0.9648274490 0.1948500011 0.5153422012 0.0000000000
