# MCW Instance
# Type: UNIFORM
# N: 10
# Optimal cost: 2.135993465249055
# Optimal tour (permutation): [0, 2, 4, 9, 6, 7, 5, 1, 8, 3, 0]
# Optimal walk (full path): [0, 2, 4, 9, 6, 7, 5, 1, 8, 3, 0]
# Walk size: 11
# Is walk (has repeats): false

# Distance Matrix
0.0000000000 0.5739971684 0.3802451015 0.1126500386 0.7320133763 0.6256392453 0.5739356618 0.9243871226 0.4393971191 0.7825268201
0.5739971684 0.0000000000 0.4449010387 0.5161876765 0.8191015970 0.0338373010 0.3938853995 0.0902002946 0.0538267319 0.4497861976
0.3802451015 0.4449010387 0.0000000000 0.8876290907 0.1874131685 0.5271430611 0.7236624171 0.6706325580 0.2259171383 0.9821861527
0.1126500386 0.5161876765 0.8876290907 0.0000000000 0.2796299670 0.7442017815 0.8444524925 0.7610020546 0.3161996001 0.9057744098
0.7320133763 0.8191015970 0.1874131685 0.2796299670 0.0000000000 0.3942870933 0.3477193473 0.5468754030 0.2596901910 0.3297011385
0.6256392453 0.0338373010 0.5271430611 0.7442017815 0.3942870933 0.0000000000 0.6975113970 0.0723332285 0.2599828251 0.4358291718
0.5739356618 0.3938853995 0.7236624171 0.8444524925 0.3477193473 0.6975113970 0.0000000000 0.1233523516 0.7725888343 0.5264348050
0.9243871226 0.0902002946 0.6706325580 0.7610020546 0.5468754030 0.0723332285 0.1233523516 0.0000000000 0.8023375579 0.8338589712
0.4393971191 0.0538267319 0.2259171383 0.3161996001 0.2596901910 0.2599828251 0.7725888343 0.8023375579 0.0000000000 0.8429661957
0.7825268201 0.4497861976 0.9821861527 0.9057744098 0.3297011385 0.4358291718 0.5264348050 0.8338589712 0.8429661957 0.0000000000
