# Graph size: 10
# Optimal cost: 1.8655413697198153

# Distance Matrix
0.0 0.5337485951397032 0.18212638811254234 0.8209565140480866 0.2971393700938545 0.019440589959139887 0.24156136719471522 0.8896997024360586 0.30673172438384677 0.6973848006092954
0.5337485951397032 0.0 0.7760509817587038 0.5076064568654947 0.35475563110549024 0.9937200550412011 0.7753617618035606 0.24734739865487065 0.2926430610085381 0.5412421010924249
0.18212638811254234 0.7760509817587038 0.0 0.6007686530186531 0.9917878112068572 0.8653556143723544 0.8131609703083625 0.6359797121979444 0.8358463741283698 0.8520481514348313
0.8209565140480866 0.5076064568654947 0.6007686530186531 0.0 0.17923782793624388 0.5794116589161976 0.1880921334877117 0.5098416194956896 0.7478573186149641 0.2543113256849141
0.2971393700938545 0.35475563110549024 0.9917878112068572 0.17923782793624388 0.0 0.9322180749812004 0.588313703867723 0.1710676842781047 0.7282578152256136 0.08763070210943424
0.019440589959139887 0.9937200550412011 0.8653556143723544 0.5794116589161976 0.9322180749812004 0.0 0.4879799598260124 0.18434773655187786 0.47986861976810824 0.26874634969207156
0.24156136719471522 0.7753617618035606 0.8131609703083625 0.1880921334877117 0.588313703867723 0.4879799598260124 0.0 0.9729522602962377 0.028836618725882723 0.328072258971255
0.8896997024360586 0.24734739865487065 0.6359797121979444 0.5098416194956896 0.1710676842781047 0.18434773655187786 0.9729522602962377 0.0 0.38418752295281733 0.2161253466999058
0.30673172438384677 0.2926430610085381 0.8358463741283698 0.7478573186149641 0.7282578152256136 0.47986861976810824 0.028836618725882723 0.38418752295281733 0.0 0.06098777659219912
0.6973848006092954 0.5412421010924249 0.8520481514348313 0.2543113256849141 0.08763070210943424 0.26874634969207156 0.328072258971255 0.2161253466999058 0.06098777659219912 0.0

# Optimal Walk
0 6 3 4 9 8 1 7 5 2 0
