# Graph size: 10
# Optimal cost: 1.727082191145081

# Distance Matrix
0.0 0.19572847029597207 0.7969679302968068 0.14271522585702912 0.7019699063148109 0.4094220045610292 0.7061333387667598 0.5973565657861308 0.7469440923421609 0.1324343383126967
0.19572847029597207 0.0 0.7305864696583462 0.7949854402083185 0.6627625791410081 0.874393604885747 0.5172658928457751 0.2831717641081388 0.5970303589010694 0.4617428873912385
0.7969679302968068 0.7305864696583462 0.0 0.21833791766011135 0.3441021026823894 0.23768334971791827 0.34936456211701283 0.6575049970828114 0.39405301346497834 0.0972553995871579
0.14271522585702912 0.7949854402083185 0.21833791766011135 0.0 0.3795779704189629 0.7463990984618643 0.8590618420273908 0.8627971317045715 0.5034336608151101 0.4211098359956277
0.7019699063148109 0.6627625791410081 0.3441021026823894 0.3795779704189629 0.0 0.2101747541446799 0.01948505015580204 0.8864536834460945 0.1276867920731245 0.014503861534994389
0.4094220045610292 0.874393604885747 0.23768334971791827 0.7463990984618643 0.2101747541446799 0.0 0.6053733024358557 0.5094443174966484 0.6754940642767301 0.3124266819230679
0.7061333387667598 0.5172658928457751 0.34936456211701283 0.8590618420273908 0.01948505015580204 0.6053733024358557 0.0 0.13540435198919198 0.8447339168854379 0.09858410785644245
0.5973565657861308 0.2831717641081388 0.6575049970828114 0.8627971317045715 0.8864536834460945 0.5094443174966484 0.13540435198919198 0.0 0.36661267190751856 0.4447094739773585
0.7469440923421609 0.5970303589010694 0.39405301346497834 0.5034336608151101 0.1276867920731245 0.6754940642767301 0.8447339168854379 0.36661267190751856 0.0 0.4391652391008227
0.1324343383126967 0.4617428873912385 0.0972553995871579 0.4211098359956277 0.014503861534994389 0.3124266819230679 0.09858410785644245 0.4447094739773585 0.4391652391008227 0.0

# Optimal Walk
0 3 2 5 9 8 4 6 7 1 0
