# Graph size: 10
# Optimal cost: 1.710703614387131

# Distance Matrix
0.0 0.004387441308179918 0.5330340737781774 0.4412792391149246 0.6819531292428028 0.8681108942841732 0.23536722657199816 0.7960487268606672 0.6775982131366398 0.16616150467457758
0.004387441308179918 0.0 0.5113524584647283 0.34353088347695104 0.7242618743570276 0.47030390669436173 0.9297294315654016 0.6843063122195957 0.8210165637196448 0.47094767009516825
0.5330340737781774 0.5113524584647283 0.0 0.9415576570566868 0.6040800761031051 0.6107638794183166 0.8096992066984714 0.31812375021313954 0.2839995344513776 0.5648846365487683
0.4412792391149246 0.34353088347695104 0.9415576570566868 0.0 0.35904259058912635 0.18829876272400636 0.045519212374784956 0.7352495583355242 0.5187605844422402 0.6875832734824598
0.6819531292428028 0.7242618743570276 0.6040800761031051 0.35904259058912635 0.0 0.24287985695894332 0.8988169145513899 0.7559323581012808 0.7398665636448976 0.8391214259839508
0.8681108942841732 0.47030390669436173 0.6107638794183166 0.18829876272400636 0.24287985695894332 0.0 0.3194567207969954 0.05382206999255834 0.032965955145214276 0.4056503749507624
0.23536722657199816 0.9297294315654016 0.8096992066984714 0.045519212374784956 0.8988169145513899 0.3194567207969954 0.0 0.2823054123678933 0.15469851472784346 0.8203006611677164
0.7960487268606672 0.6843063122195957 0.31812375021313954 0.7352495583355242 0.7559323581012808 0.05382206999255834 0.2823054123678933 0.0 0.7707336237361533 0.017869100791609416
0.6775982131366398 0.8210165637196448 0.2839995344513776 0.5187605844422402 0.7398665636448976 0.032965955145214276 0.15469851472784346 0.7707336237361533 0.0 0.48260250747549693
0.16616150467457758 0.47094767009516825 0.5648846365487683 0.6875832734824598 0.8391214259839508 0.4056503749507624 0.8203006611677164 0.017869100791609416 0.48260250747549693 0.0

# Optimal Walk
0 9 7 2 8 5 4 3 6 1 0
