# MCW Instance
# Type: UNIFORM
# N: 8
# Optimal cost: 0.9199893875860433
# Optimal tour (permutation): [0, 3, 7, 6, 5, 4, 1, 2, 0]
# Optimal walk (full path): [0, 3, 0, 7, 6, 5, 4, 1, 2, 7, 0]
# Walk size: 11
# Is walk (has repeats): true

# Distance Matrix
0.0000000000 0.0509444121 0.2813111335 0.0927292164 0.2667020361 0.7001674328 0.1437626479 0.0169842174
0.0509444121 0.0000000000 0.0294420745 0.2311870890 0.1357402895 0.4304863329 0.6895156790 0.4736298332
0.2813111335 0.0294420745 0.0000000000 0.3580654644 0.5897992170 0.5522270231 0.9150446108 0.0306625111
0.0927292164 0.2311870890 0.3580654644 0.0000000000 0.5261179431 0.6652418594 0.1452280217 0.3068192632
0.2667020361 0.1357402895 0.5897992170 0.5261179431 0.0000000000 0.2370350720 0.5626197103 0.8901042977
0.7001674328 0.4304863329 0.5522270231 0.6652418594 0.2370350720 0.0000000000 0.2509540584 0.6231501778
0.1437626479 0.6895156790 0.9150446108 0.1452280217 0.5626197103 0.2509540584 0.0000000000 0.0167285145
0.0169842174 0.4736298332 0.0306625111 0.3068192632 0.8901042977 0.6231501778 0.0167285145 0.0000000000
