# Graph size: 8
# Optimal cost: 2.1832281493460277

# Distance Matrix
0.0 0.3801928909922524 0.5972964204626043 0.6445876381363908 0.7333062994669477 0.18491329098314147 0.017410525049711967 0.7306469671169993
0.3801928909922524 0.0 0.7149276971848479 0.7095709856284668 0.5338450662826456 0.4307063239510195 0.8984033418994757 0.553175122499289
0.5972964204626043 0.7149276971848479 0.0 0.8171620188295134 0.18910627460903207 0.5700268053902913 0.3846375793837693 0.6158185628380523
0.6445876381363908 0.7095709856284668 0.8171620188295134 0.0 0.6874265120327806 0.13945301150217693 0.12096346275567371 0.32134845200001316
0.7333062994669477 0.5338450662826456 0.18910627460903207 0.6874265120327806 0.0 0.24011087432959566 0.16757216531318153 0.39902164276202345
0.18491329098314147 0.4307063239510195 0.5700268053902913 0.13945301150217693 0.24011087432959566 0.0 0.9243903260049137 0.7978965349724494
0.017410525049711967 0.8984033418994757 0.3846375793837693 0.12096346275567371 0.16757216531318153 0.9243903260049137 0.0 0.19283908196533617
0.7306469671169993 0.553175122499289 0.6158185628380523 0.32134845200001316 0.39902164276202345 0.7978965349724494 0.19283908196533617 0.0

# Optimal Walk
0 7 6 3 5 1 2 4 0
