# Graph size: 8
# Optimal cost: 1.8734902994275155

# Distance Matrix
0.0 0.9155480510755701 0.09216406217651796 0.2984654486018812 0.379070531370182 0.5290057941425104 0.9224377745311136 0.920400422893874
0.9155480510755701 0.0 0.6579618799518372 0.06626080619210639 0.5139066218135128 0.5553047599342934 0.03755232919625262 0.9476921214714387
0.09216406217651796 0.6579618799518372 0.0 0.8042612422659359 0.7681121334932867 0.5637893858019634 0.10493639538151556 0.14497703776782034
0.2984654486018812 0.06626080619210639 0.8042612422659359 0.0 0.6315615536158791 0.5898127083298197 0.7521170401599991 0.31425507173986467
0.379070531370182 0.5139066218135128 0.7681121334932867 0.6315615536158791 0.0 0.4012318020522808 0.42990203711059416 0.3443910961546842
0.5290057941425104 0.5553047599342934 0.5637893858019634 0.5898127083298197 0.4012318020522808 0.0 0.7320283959887565 0.6950473490675216
0.9224377745311136 0.03755232919625262 0.10493639538151556 0.7521170401599991 0.42990203711059416 0.7320283959887565 0.0 0.43071578653615405
0.920400422893874 0.9476921214714387 0.14497703776782034 0.31425507173986467 0.3443910961546842 0.6950473490675216 0.43071578653615405 0.0

# Optimal Walk
0 7 4 5 3 1 6 2 0
