# MCW Instance
# Type: UNIFORM
# N: 8
# Optimal cost: 2.449728746428985
# Optimal tour (permutation): [0, 7, 5, 6, 2, 3, 1, 4, 0]
# Optimal walk (full path): [0, 7, 5, 6, 2, 3, 1, 3, 4, 0]
# Walk size: 10
# Is walk (has repeats): true

# Distance Matrix
0.0000000000 0.8808892772 0.8669071621 0.6042588787 0.5838621649 0.9616432619 0.7087447839 0.8094876628
0.8808892772 0.0000000000 0.2917411880 0.0014453082 0.8216082717 0.4432111203 0.3322422426 0.4319792308
0.8669071621 0.2917411880 0.0000000000 0.1249921116 0.7993420306 0.2570609063 0.0222051071 0.8854592940
0.6042588787 0.0014453082 0.1249921116 0.0000000000 0.2244131469 0.9497481210 0.3944961610 0.9090183455
0.5838621649 0.8216082717 0.7993420306 0.2244131469 0.0000000000 0.9901027291 0.5936232927 0.7007650977
0.9616432619 0.4432111203 0.2570609063 0.9497481210 0.9901027291 0.0000000000 0.1051368146 0.5767411220
0.7087447839 0.3322422426 0.0222051071 0.3944961610 0.5936232927 0.1051368146 0.0000000000 0.9045276572
0.8094876628 0.4319792308 0.8854592940 0.9090183455 0.7007650977 0.5767411220 0.9045276572 0.0000000000
