# Graph size: 8
# Optimal cost: 1.9959305210470941

# Distance Matrix
0.0 0.40844055636137444 0.3102443479676106 0.527227460319329 0.26292631950601053 0.6027559364655201 0.19951208395408626 0.8001141471191742
0.40844055636137444 0.0 0.278219247954149 0.4709000313473404 0.6556043882417607 0.1840866726022834 0.842031873563576 0.5092873556951788
0.3102443479676106 0.278219247954149 0.0 0.29672291068985346 0.1252397950029882 0.32500530683629314 0.6368787603910581 0.457972355888867
0.527227460319329 0.4709000313473404 0.29672291068985346 0.0 0.8565023074795073 0.23496694449026045 0.9579824372984995 0.7434234879271592
0.26292631950601053 0.6556043882417607 0.1252397950029882 0.8565023074795073 0.0 0.8330801676077324 0.360539027095495 0.6666726489596388
0.6027559364655201 0.1840866726022834 0.32500530683629314 0.23496694449026045 0.8330801676077324 0.0 0.9895464136246611 0.4696890000055045
0.19951208395408626 0.842031873563576 0.6368787603910581 0.9579824372984995 0.360539027095495 0.9895464136246611 0.0 0.18318843910643312
0.8001141471191742 0.5092873556951788 0.457972355888867 0.7434234879271592 0.6666726489596388 0.4696890000055045 0.18318843910643312 0.0

# Optimal Walk
0 4 2 3 5 1 7 6 0
