# MCW Instance
# Type: UNIFORM
# N: 8
# Optimal cost: 1.4006519855138437
# Optimal tour (permutation): [0, 6, 2, 1, 5, 7, 4, 3, 0]
# Optimal walk (full path): [0, 6, 0, 2, 7, 1, 5, 1, 7, 4, 3, 4, 0]
# Walk size: 13
# Is walk (has repeats): true

# Distance Matrix
0.0000000000 0.5752129338 0.0692043637 0.7491289348 0.1570272791 0.8887092125 0.0806013153 0.5376866527
0.5752129338 0.0000000000 0.5961845323 0.3509170716 0.2085441903 0.3105069690 0.7508325567 0.0536206269
0.0692043637 0.5961845323 0.0000000000 0.6842635941 0.3139243140 0.8334706730 0.7960106644 0.1087859970
0.7491289348 0.3509170716 0.6842635941 0.0000000000 0.0404937782 0.9590392672 0.4664966431 0.6691126528
0.1570272791 0.2085441903 0.3139243140 0.0404937782 0.0000000000 0.5333229761 0.8773267024 0.0951889669
0.8887092125 0.3105069690 0.8334706730 0.9590392672 0.5333229761 0.0000000000 0.6913059272 0.5485900692
0.0806013153 0.7508325567 0.7960106644 0.4664966431 0.8773267024 0.6913059272 0.0000000000 0.7704487411
0.5376866527 0.0536206269 0.1087859970 0.6691126528 0.0951889669 0.5485900692 0.7704487411 0.0000000000
