# Graph size: 8
# Optimal cost: 2.025175441064743

# Distance Matrix
0.0 0.403287703809299 0.8762857245012595 0.696749604502082 0.5286448200299241 0.838430990021374 0.6313178692556656 0.5114078389943605
0.403287703809299 0.0 0.5376065467445799 0.5607204777021323 0.39826710453109826 0.04538649689891572 0.7818845432102871 0.15059011805047318
0.8762857245012595 0.5376065467445799 0.0 0.2589420456404057 0.6919205397489069 0.8905900102489587 0.4874204446240161 0.02488375998173664
0.696749604502082 0.5607204777021323 0.2589420456404057 0.0 0.4777013666896526 0.7851053370517311 0.09358832207998236 0.8173747988950438
0.5286448200299241 0.39826710453109826 0.6919205397489069 0.4777013666896526 0.0 0.9743976043540161 0.5693811294322714 0.9633808166862485
0.838430990021374 0.04538649689891572 0.8905900102489587 0.7851053370517311 0.9743976043540161 0.0 0.8106342720252547 0.10106116319220804
0.6313178692556656 0.7818845432102871 0.4874204446240161 0.09358832207998236 0.5693811294322714 0.8106342720252547 0.0 0.6296990537840331
0.5114078389943605 0.15059011805047318 0.02488375998173664 0.8173747988950438 0.9633808166862485 0.10106116319220804 0.6296990537840331 0.0

# Optimal Walk
0 4 6 3 2 7 5 1 0
