# Graph size: 8
# Optimal cost: 1.932533112402299

# Distance Matrix
0.0 0.29352600937375506 0.3892727838947385 0.4677287311305881 0.24036733555269296 0.5226942857257724 0.2930051046541602 0.8842543639008101
0.29352600937375506 0.0 0.22098744238846357 0.6332706941392136 0.13491794129752555 0.9357138816875199 0.15420909442456987 0.7119923391945903
0.3892727838947385 0.22098744238846357 0.0 0.67461668954692 0.7313188988583567 0.954827712291317 0.32752635508994443 0.9584062654420143
0.4677287311305881 0.6332706941392136 0.67461668954692 0.0 0.4873737953466061 0.4770963480617415 0.09949838307449821 0.46813207944440105
0.24036733555269296 0.13491794129752555 0.7313188988583567 0.4873737953466061 0.0 0.37586501891455815 0.6924747279520648 0.5875754372058314
0.5226942857257724 0.9357138816875199 0.954827712291317 0.4770963480617415 0.37586501891455815 0.0 0.2140756824703729 0.27856876100567085
0.2930051046541602 0.15420909442456987 0.32752635508994443 0.09949838307449821 0.6924747279520648 0.2140756824703729 0.0 0.07426591007260874
0.8842543639008101 0.7119923391945903 0.9584062654420143 0.46813207944440105 0.5875754372058314 0.27856876100567085 0.07426591007260874 0.0

# Optimal Walk
0 2 1 6 3 7 5 4 0
