# MCW Instance
# Type: UNIFORM
# N: 8
# Optimal cost: 2.037062783860247
# Optimal tour (permutation): [0, 4, 6, 3, 2, 5, 7, 1, 0]
# Optimal walk (full path): [0, 4, 0, 3, 6, 3, 2, 5, 7, 1, 7, 0]
# Walk size: 12
# Is walk (has repeats): true

# Distance Matrix
0.0000000000 0.7039556591 0.4341153788 0.2360373607 0.1468743396 0.8963075235 0.8264046560 0.1126406838
0.7039556591 0.0000000000 0.7994040972 0.9023235785 0.8892567955 0.7811246231 0.9047140971 0.0257262862
0.4341153788 0.7994040972 0.0000000000 0.4342237760 0.8324206072 0.2752704942 0.6247497560 0.3961792814
0.2360373607 0.9023235785 0.4342237760 0.0000000000 0.7187101832 0.8984245496 0.1790813747 0.9199947961
0.1468743396 0.8892567955 0.8324206072 0.7187101832 0.0000000000 0.9328662490 0.8348262023 0.7498401226
0.8963075235 0.7811246231 0.2752704942 0.8984245496 0.9328662490 0.0000000000 0.8904006383 0.2755264682
0.8264046560 0.9047140971 0.6247497560 0.1790813747 0.8348262023 0.8904006383 0.0000000000 0.6565956615
0.1126406838 0.0257262862 0.3961792814 0.9199947961 0.7498401226 0.2755264682 0.6565956615 0.0000000000
