# MCW Instance
# Type: UNIFORM
# N: 8
# Optimal cost: 1.1325850741811585
# Optimal tour (permutation): [0, 5, 2, 4, 6, 3, 7, 1, 0]
# Optimal walk (full path): [0, 5, 2, 4, 3, 6, 3, 1, 7, 1, 0]
# Walk size: 11
# Is walk (has repeats): true

# Distance Matrix
0.0000000000 0.1290434010 0.3079445421 0.8386744109 0.6947669035 0.1555781007 0.3717452395 0.6928901658
0.1290434010 0.0000000000 0.9209181411 0.1906822460 0.6602300900 0.9270852054 0.9178437188 0.0008716460
0.3079445421 0.9209181411 0.0000000000 0.3391315810 0.0485319725 0.2127463813 0.6490065951 0.9941582779
0.8386744109 0.1906822460 0.3391315810 0.0000000000 0.3223169834 0.6632126316 0.0359713487 0.8947635570
0.6947669035 0.6602300900 0.0485319725 0.3223169834 0.0000000000 0.9024336233 0.5070690359 0.9549891667
0.1555781007 0.9270852054 0.2127463813 0.6632126316 0.9024336233 0.0000000000 0.4308049632 0.7164923305
0.3717452395 0.9178437188 0.6490065951 0.0359713487 0.5070690359 0.4308049632 0.0000000000 0.8023073044
0.6928901658 0.0008716460 0.9941582779 0.8947635570 0.9549891667 0.7164923305 0.8023073044 0.0000000000
