# Graph size: 8
# Optimal cost: 1.6720176776917457

# Distance Matrix
0.0 0.5242002163007168 0.22925633462975015 0.6079938663575029 0.7614467127418393 0.493762650640875 0.23915358380249163 0.0011006941503579615
0.5242002163007168 0.0 0.6747696562767235 0.40709820779967765 0.28861712346039503 0.046098991478712326 0.46223739211621784 0.785923167090784
0.22925633462975015 0.6747696562767235 0.0 0.5655500176748556 0.20892867198037324 0.7724418680021358 0.3038270453194807 0.131115888731954
0.6079938663575029 0.40709820779967765 0.5655500176748556 0.0 0.9351725233701764 0.7267905500431677 0.7716307501891503 0.5863878178287645
0.7614467127418393 0.28861712346039503 0.20892867198037324 0.9351725233701764 0.0 0.4568602081441848 0.7395904995124783 0.8490791490847925
0.493762650640875 0.046098991478712326 0.7724418680021358 0.7267905500431677 0.4568602081441848 0.0 0.4206312048102153 0.15374695582067133
0.23915358380249163 0.46223739211621784 0.3038270453194807 0.7716307501891503 0.7395904995124783 0.4206312048102153 0.0 0.013556121159784329
0.0011006941503579615 0.785923167090784 0.131115888731954 0.5863878178287645 0.8490791490847925 0.15374695582067133 0.013556121159784329 0.0

# Optimal Walk
0 7 6 5 3 1 4 2 0
