# MCW Instance
# Type: UNIFORM
# N: 8
# Optimal cost: 1.3869104338564142
# Optimal tour (permutation): [0, 5, 4, 7, 3, 6, 2, 1, 0]
# Optimal walk (full path): [0, 5, 4, 7, 3, 6, 2, 6, 3, 5, 1, 5, 0]
# Walk size: 13
# Is walk (has repeats): true

# Distance Matrix
0.0000000000 0.5683326726 0.6843976525 0.3055533981 0.7100531926 0.1761372355 0.5149057106 0.3962183747
0.5683326726 0.0000000000 0.9782851395 0.8832573730 0.9890033369 0.1338972177 0.9382137543 0.3103772314
0.6843976525 0.9782851395 0.0000000000 0.6114448696 0.4684265283 0.2185406492 0.1514953606 0.3069289091
0.3055533981 0.8832573730 0.6114448696 0.0000000000 0.3974741912 0.0491560931 0.0088038196 0.0606388729
0.7100531926 0.9890033369 0.4684265283 0.3974741912 0.0000000000 0.1948172653 0.3093798391 0.1416309358
0.1761372355 0.1338972177 0.2185406492 0.0491560931 0.1948172653 0.0000000000 0.5378876975 0.9508921303
0.5149057106 0.9382137543 0.1514953606 0.0088038196 0.3093798391 0.5378876975 0.0000000000 0.7812731729
0.3962183747 0.3103772314 0.3069289091 0.0606388729 0.1416309358 0.9508921303 0.7812731729 0.0000000000
