# MCW Instance
# Type: UNIFORM
# N: 8
# Optimal cost: 1.4532127960450159
# Optimal tour (permutation): [0, 3, 4, 5, 2, 6, 7, 1, 0]
# Optimal walk (full path): [0, 3, 4, 5, 2, 5, 4, 6, 7, 1, 7, 0]
# Walk size: 12
# Is walk (has repeats): true

# Distance Matrix
0.0000000000 0.9152104586 0.7056013257 0.4572889804 0.8837345028 0.9767244154 0.6012334656 0.4590258027
0.9152104586 0.0000000000 0.3225655634 0.6612535050 0.3608659635 0.7425628148 0.8139142093 0.0385341238
0.7056013257 0.3225655634 0.0000000000 0.7847376178 0.2091900917 0.0719362404 0.5390660796 0.1759916844
0.4572889804 0.6612535050 0.7847376178 0.0000000000 0.1781413389 0.2926246268 0.2108300541 0.1802420236
0.8837345028 0.3608659635 0.2091900917 0.1781413389 0.0000000000 0.0181782935 0.0138306434 0.8631368574
0.9767244154 0.7425628148 0.0719362404 0.2926246268 0.0181782935 0.0000000000 0.8310958543 0.6531385557
0.6012334656 0.8139142093 0.5390660796 0.2108300541 0.0138306434 0.8310958543 0.0000000000 0.0876287152
0.4590258027 0.0385341238 0.1759916844 0.1802420236 0.8631368574 0.6531385557 0.0876287152 0.0000000000
