# MCW Instance
# Type: UNIFORM
# N: 8
# Optimal cost: 1.4432035019038154
# Optimal tour (permutation): [0, 2, 5, 7, 4, 3, 1, 6, 0]
# Optimal walk (full path): [0, 2, 5, 7, 4, 7, 3, 1, 6, 0]
# Walk size: 10
# Is walk (has repeats): true

# Distance Matrix
0.0000000000 0.3127419116 0.1541626179 0.5396652669 0.6380704109 0.5080559346 0.2184256070 0.0646499642
0.3127419116 0.0000000000 0.8091339466 0.0459500732 0.6852977872 0.2986935667 0.0674197904 0.4790744610
0.1541626179 0.8091339466 0.0000000000 0.1794306237 0.4370976248 0.2769764896 0.6864160828 0.5818887660
0.5396652669 0.0459500732 0.1794306237 0.0000000000 0.6940759336 0.8650069146 0.3747445978 0.0700718405
0.6380704109 0.6852977872 0.4370976248 0.6940759336 0.0000000000 0.8818257258 0.7344177988 0.2105975748
0.5080559346 0.2986935667 0.2769764896 0.8650069146 0.8818257258 0.0000000000 0.5464540263 0.1890019336
0.2184256070 0.0674197904 0.6864160828 0.3747445978 0.7344177988 0.5464540263 0.0000000000 0.5848556439
0.0646499642 0.4790744610 0.5818887660 0.0700718405 0.2105975748 0.1890019336 0.5848556439 0.0000000000
