# MCW Instance
# Type: UNIFORM
# N: 8
# Optimal cost: 1.7099186091781036
# Optimal tour (permutation): [0, 3, 2, 7, 5, 1, 4, 6, 0]
# Optimal walk (full path): [0, 3, 2, 7, 4, 5, 4, 1, 4, 6, 0]
# Walk size: 11
# Is walk (has repeats): true

# Distance Matrix
0.0000000000 0.9838450489 0.6600664613 0.0340283588 0.7964692701 0.5229226191 0.2357174367 0.2967841548
0.9838450489 0.0000000000 0.6897376889 0.8920038832 0.3429626912 0.7348804399 0.8789890261 0.4251254473
0.6600664613 0.6897376889 0.0000000000 0.2465108440 0.5332003505 0.8802983631 0.9360097381 0.2361524130
0.0340283588 0.8920038832 0.2465108440 0.0000000000 0.2416031327 0.6268511390 0.2029668485 0.5772809982
0.7964692701 0.3429626912 0.5332003505 0.2416031327 0.0000000000 0.1009479643 0.0099951209 0.0596931248
0.5229226191 0.7348804399 0.8802983631 0.6268511390 0.1009479643 0.0000000000 0.1767853568 0.8331843214
0.2357174367 0.8789890261 0.9360097381 0.2029668485 0.0099951209 0.1767853568 0.0000000000 0.1575293893
0.2967841548 0.4251254473 0.2361524130 0.5772809982 0.0596931248 0.8331843214 0.1575293893 0.0000000000
