# Graph size: 8
# Optimal cost: 1.5932639639639472

# Distance Matrix
0.0 0.8050749703257136 0.004503959396780166 0.8967483926257347 0.7151039585929897 0.7655710398800432 0.41361500796103656 0.4194326092522197
0.8050749703257136 0.0 0.9681850006069268 0.8981707697055978 0.8263331383219074 0.17950087784068403 0.22939330391290214 0.4422642830422169
0.004503959396780166 0.9681850006069268 0.0 0.7755576164724804 0.1925464798620391 0.12392997209923606 0.5256750382399719 0.9125520649427568
0.8967483926257347 0.8981707697055978 0.7755576164724804 0.0 0.46794929743424163 0.7552068895456122 0.604652658954961 0.2749794697024063
0.7151039585929897 0.8263331383219074 0.1925464798620391 0.46794929743424163 0.0 0.5095568609295611 0.707722701093228 0.31547230000117865
0.7655710398800432 0.17950087784068403 0.12392997209923606 0.7552068895456122 0.5095568609295611 0.0 0.4870287943369721 0.8407806804911261
0.41361500796103656 0.22939330391290214 0.5256750382399719 0.604652658954961 0.707722701093228 0.4870287943369721 0.0 0.11595664431887787
0.4194326092522197 0.4422642830422169 0.9125520649427568 0.2749794697024063 0.31547230000117865 0.8407806804911261 0.11595664431887787 0.0

# Optimal Walk
0 2 4 3 7 6 1 5 0
