# Graph size: 8
# Optimal cost: 0.7122282834036885

# Distance Matrix
0.0 0.09679857504680689 0.0370310337492723 0.18429060182609935 0.7612846841155462 0.025678785298288598 0.030428804238594176 0.8318507825723508
0.09679857504680689 0.0 0.9310595740980756 0.7773857737060119 0.29394080767321196 0.33469690058211443 0.6895651276892932 0.5599982753373965
0.0370310337492723 0.9310595740980756 0.0 0.629602024985252 0.41117467485121273 0.8830710546651872 0.6521845701921368 0.49757065332340944
0.18429060182609935 0.7773857737060119 0.629602024985252 0.0 0.07441206134569889 0.5830904427192678 0.8465028868946453 0.09950161107660549
0.7612846841155462 0.29394080767321196 0.41117467485121273 0.07441206134569889 0.0 0.010400167174657748 0.36004621036055784 0.9578885607991586
0.025678785298288598 0.33469690058211443 0.8830710546651872 0.5830904427192678 0.010400167174657748 0.0 0.18394417404085917 0.1499384147337932
0.030428804238594176 0.6895651276892932 0.6521845701921368 0.8465028868946453 0.36004621036055784 0.18394417404085917 0.0 0.2041476366776852
0.8318507825723508 0.5599982753373965 0.49757065332340944 0.09950161107660549 0.9578885607991586 0.1499384147337932 0.2041476366776852 0.0

# Optimal Walk
0 6 7 3 4 5 2 1 0
