# MCW Instance
# Type: UNIFORM
# N: 8
# Optimal cost: 1.5757886334685374
# Optimal tour (permutation): [0, 7, 6, 5, 4, 3, 2, 1, 0]
# Optimal walk (full path): [0, 7, 0, 6, 0, 5, 4, 2, 3, 2, 1, 2, 0]
# Walk size: 13
# Is walk (has repeats): true

# Distance Matrix
0.0000000000 0.8182718464 0.0306368543 0.9004795357 0.3550633935 0.2745698754 0.0729279514 0.1810713112
0.8182718464 0.0000000000 0.1543154811 0.4583475907 0.4983240259 0.9534648387 0.4615993061 0.7447130407
0.0306368543 0.1543154811 0.0000000000 0.0407174885 0.2129762404 0.3291913366 0.8285548831 0.2489991727
0.9004795357 0.4583475907 0.0407174885 0.0000000000 0.8846728116 0.2897241707 0.3565970136 0.6000596546
0.3550633935 0.4983240259 0.2129762404 0.8846728116 0.0000000000 0.1595411990 0.9316212364 0.6484128514
0.2745698754 0.9534648387 0.3291913366 0.2897241707 0.1595411990 0.0000000000 0.6893749782 0.5927260622
0.0729279514 0.4615993061 0.8285548831 0.3565970136 0.9316212364 0.6893749782 0.0000000000 0.3928293373
0.1810713112 0.7447130407 0.2489991727 0.6000596546 0.6484128514 0.5927260622 0.3928293373 0.0000000000
