# Graph size: 8
# Optimal cost: 2.5350126063786704

# Distance Matrix
0.0 0.23698245916875205 0.2987213869761328 0.7148139700756679 0.4309349936638256 0.044099830027636955 0.7195609055701663 0.7485926871711133
0.23698245916875205 0.0 0.6577128341152476 0.9123496530930242 0.3643221421951004 0.8757304466204335 0.9563116441759895 0.4754811004612334
0.2987213869761328 0.6577128341152476 0.0 0.0024238748001736976 0.7370263062035202 0.7071773582938804 0.7021222106794914 0.9236548374927955
0.7148139700756679 0.9123496530930242 0.0024238748001736976 0.0 0.9370240687003982 0.3326916569126942 0.8412789486976485 0.3810725061159216
0.4309349936638256 0.3643221421951004 0.7370263062035202 0.9370240687003982 0.0 0.5567612489785123 0.4607210644943355 0.4678569091237267
0.044099830027636955 0.8757304466204335 0.7071773582938804 0.3326916569126942 0.5567612489785123 0.0 0.5933740043602931 0.6596221407222923
0.7195609055701663 0.9563116441759895 0.7021222106794914 0.8412789486976485 0.4607210644943355 0.5933740043602931 0.0 0.7102751978638823
0.7485926871711133 0.4754811004612334 0.9236548374927955 0.3810725061159216 0.4678569091237267 0.6596221407222923 0.7102751978638823 0.0

# Optimal Walk
0 1 4 6 7 3 2 5 0
