# MCW Instance
# Type: UNIFORM
# N: 8
# Optimal cost: 1.009439550730273
# Optimal tour (permutation): [0, 4, 6, 2, 7, 3, 5, 1, 0]
# Optimal walk (full path): [0, 4, 0, 1, 6, 2, 7, 3, 5, 1, 0]
# Walk size: 11
# Is walk (has repeats): true

# Distance Matrix
0.0000000000 0.0951967048 0.4446842477 0.3150029624 0.0870799536 0.4345097669 0.2630426258 0.5961201066
0.0951967048 0.0000000000 0.2516343429 0.3266882390 0.4164697956 0.2175058582 0.1246653426 0.2889827968
0.4446842477 0.2516343429 0.0000000000 0.9704966350 0.7469012033 0.6360342891 0.1295451725 0.0289846368
0.3150029624 0.3266882390 0.9704966350 0.0000000000 0.5496019773 0.0800617120 0.4305959846 0.0641235118
0.0870799536 0.4164697956 0.7469012033 0.5496019773 0.0000000000 0.4194810552 0.4773095072 0.8852313679
0.4345097669 0.2175058582 0.6360342891 0.0800617120 0.4194810552 0.0000000000 0.1934282281 0.9638110647
0.2630426258 0.1246653426 0.1295451725 0.4305959846 0.4773095072 0.1934282281 0.0000000000 0.8144080536
0.5961201066 0.2889827968 0.0289846368 0.0641235118 0.8852313679 0.9638110647 0.8144080536 0.0000000000
