# MCW Instance
# Type: UNIFORM
# N: 8
# Optimal cost: 1.6678604555370984
# Optimal tour (permutation): [0, 7, 5, 4, 1, 6, 2, 3, 0]
# Optimal walk (full path): [0, 7, 5, 7, 4, 1, 4, 6, 2, 3, 0]
# Walk size: 11
# Is walk (has repeats): true

# Distance Matrix
0.0000000000 0.7556742460 0.8662551505 0.2465559665 0.9352119510 0.9736245262 0.5883767247 0.4912852112
0.7556742460 0.0000000000 0.6777773297 0.7555661745 0.1011916808 0.2960334729 0.8996058064 0.9945282544
0.8662551505 0.6777773297 0.0000000000 0.1284933432 0.4412838870 0.5410652998 0.0358239953 0.7060852105
0.2465559665 0.7555661745 0.1284933432 0.0000000000 0.5485076090 0.8440121059 0.8690285613 0.4900355923
0.9352119510 0.1011916808 0.4412838870 0.5485076090 0.0000000000 0.7665688346 0.3085446312 0.0642510895
0.9736245262 0.2960334729 0.5410652998 0.8440121059 0.7665688346 0.0000000000 0.6088863203 0.0952614285
0.5883767247 0.8996058064 0.0358239953 0.8690285613 0.3085446312 0.6088863203 0.0000000000 0.6057136691
0.4912852112 0.9945282544 0.7060852105 0.4900355923 0.0642510895 0.0952614285 0.6057136691 0.0000000000
