# Graph size: 8
# Optimal cost: 1.6753595857307948

# Distance Matrix
0.0 0.26007864982161877 0.2786872360203958 0.6262672072339925 0.42890542649654384 0.2413286711631526 0.39418068784721094 0.8443243983477732
0.26007864982161877 0.0 0.2954667123542736 0.8708967922664977 0.837732503218559 0.6412648155992272 0.35542156925058643 0.4054880802502159
0.2786872360203958 0.2954667123542736 0.0 0.571809451933361 0.7714929288107879 0.013397136382010899 0.14743771267214156 0.7314496930070421
0.6262672072339925 0.8708967922664977 0.571809451933361 0.0 0.5699266053836183 0.9042715725398622 0.03934194104408739 0.0033416798943362025
0.42890542649654384 0.837732503218559 0.7714929288107879 0.5699266053836183 0.0 0.3847518492310462 0.8721755023049005 0.8906938231574361
0.2413286711631526 0.6412648155992272 0.013397136382010899 0.9042715725398622 0.3847518492310462 0.0 0.2975294837003911 0.8594827732451432
0.39418068784721094 0.35542156925058643 0.14743771267214156 0.03934194104408739 0.8721755023049005 0.2975294837003911 0.0 0.3477260874371355
0.8443243983477732 0.4054880802502159 0.7314496930070421 0.0033416798943362025 0.8906938231574361 0.8594827732451432 0.3477260874371355 0.0

# Optimal Walk
0 4 5 2 6 7 3 1 0
