# MCW Instance
# Type: UNIFORM
# N: 8
# Optimal cost: 1.1968854877371102
# Optimal tour (permutation): [0, 4, 6, 2, 7, 3, 5, 1, 0]
# Optimal walk (full path): [0, 4, 6, 2, 6, 7, 3, 5, 1, 0]
# Walk size: 10
# Is walk (has repeats): true

# Distance Matrix
0.0000000000 0.2756606823 0.5052591327 0.9695328392 0.2809283998 0.6935129766 0.5427501628 0.7946087270
0.2756606823 0.0000000000 0.3785574959 0.5467484345 0.6478987891 0.1923018881 0.9838382616 0.4492403061
0.5052591327 0.3785574959 0.0000000000 0.8180566325 0.9573593877 0.6021936597 0.0525194421 0.2889110877
0.9695328392 0.5467484345 0.8180566325 0.0000000000 0.5396606024 0.1414991483 0.3781515437 0.0072904029
0.2809283998 0.6478987891 0.9573593877 0.5396606024 0.0000000000 0.2571836338 0.1545950767 0.3003990577
0.6935129766 0.1923018881 0.6021936597 0.1414991483 0.2571836338 0.0000000000 0.6128731791 0.7393495526
0.5427501628 0.9838382616 0.0525194421 0.3781515437 0.1545950767 0.6128731791 0.0000000000 0.0395710053
0.7946087270 0.4492403061 0.2889110877 0.0072904029 0.3003990577 0.7393495526 0.0395710053 0.0000000000
