# Graph size: 8
# Optimal cost: 1.4483230724824825

# Distance Matrix
0.0 0.8873129741904663 0.6795562653443972 0.6097609363514088 0.659666447725096 0.20200506744863234 0.34021376110803236 0.9774286012597644
0.8873129741904663 0.0 0.13949248658767832 0.2062372030751366 0.4957795297486327 0.6170663419845988 0.4694656061381326 0.0037978531778228852
0.6795562653443972 0.13949248658767832 0.0 0.3212596786941835 0.4123707318458071 0.8687308742365011 0.4398090851398263 0.49544560463408227
0.6097609363514088 0.2062372030751366 0.3212596786941835 0.0 0.0437829390597948 0.8239555762257054 0.35861669030036647 0.16530619166913185
0.659666447725096 0.4957795297486327 0.4123707318458071 0.0437829390597948 0.0 0.2812416256829412 0.9636033387887998 0.7322559664277295
0.20200506744863234 0.6170663419845988 0.8687308742365011 0.8239555762257054 0.2812416256829412 0.0 0.9951664724813868 0.23273228522679001
0.34021376110803236 0.4694656061381326 0.4398090851398263 0.35861669030036647 0.9636033387887998 0.9951664724813868 0.0 0.12919280798294763
0.9774286012597644 0.0037978531778228852 0.49544560463408227 0.16530619166913185 0.7322559664277295 0.23273228522679001 0.12919280798294763 0.0

# Optimal Walk
0 6 7 2 1 3 4 5 0
