# MCW Instance
# Type: UNIFORM
# N: 8
# Optimal cost: 2.4469479163963204
# Optimal tour (permutation): [0, 4, 2, 6, 3, 7, 5, 1, 0]
# Optimal walk (full path): [0, 4, 2, 6, 3, 7, 5, 1, 0]
# Walk size: 9
# Is walk (has repeats): false

# Distance Matrix
0.0000000000 0.3602576377 0.7975390390 0.5475290652 0.2225338142 0.4371750900 0.5884031296 0.9275759987
0.3602576377 0.0000000000 0.2691702016 0.3467063994 0.3614349127 0.2844590384 0.8959526445 0.6279466323
0.7975390390 0.2691702016 0.0000000000 0.5790949326 0.0756837018 0.8431095679 0.4459216962 0.9091197422
0.5475290652 0.3467063994 0.5790949326 0.0000000000 0.2783750847 0.8302640159 0.3549829459 0.3586949096
0.2225338142 0.3614349127 0.0756837018 0.2783750847 0.0000000000 0.1476793989 0.3843631249 0.9184954776
0.4371750900 0.2844590384 0.8431095679 0.8302640159 0.1476793989 0.0000000000 0.4312805317 0.3444141727
0.5884031296 0.8959526445 0.4459216962 0.3549829459 0.3843631249 0.4312805317 0.0000000000 0.7145675769
0.9275759987 0.6279466323 0.9091197422 0.3586949096 0.9184954776 0.3444141727 0.7145675769 0.0000000000
