# Graph size: 8
# Optimal cost: 1.5804621063470816

# Distance Matrix
0.0 0.8880984799437057 0.9061252526728146 0.16253102005213993 0.2416341836413498 0.33745039985248704 0.7864481029201357 0.9755208149865787
0.8880984799437057 0.0 0.7241323193816523 0.7913280882590604 0.6332940711616895 0.222957424298607 0.02906085033336081 0.6185429818230485
0.9061252526728146 0.7241323193816523 0.0 0.8990339661470561 0.5425012656018675 0.7895701833214356 0.0500351656659801 0.42747809198025855
0.16253102005213993 0.7913280882590604 0.8990339661470561 0.0 0.6859095710963578 0.11914747058396713 0.685426961499165 0.10629736308490478
0.2416341836413498 0.6332940711616895 0.5425012656018675 0.6859095710963578 0.0 0.40857463262364546 0.9180983682005499 0.45470114891588476
0.33745039985248704 0.222957424298607 0.7895701833214356 0.11914747058396713 0.40857463262364546 0.0 0.4271829013365339 0.4826588583443341
0.7864481029201357 0.02906085033336081 0.0500351656659801 0.685426961499165 0.9180983682005499 0.4271829013365339 0.0 0.5664205624760027
0.9755208149865787 0.6185429818230485 0.42747809198025855 0.10629736308490478 0.45470114891588476 0.4826588583443341 0.5664205624760027 0.0

# Optimal Walk
0 4 2 6 1 5 7 3 0
