# MCW Instance
# Type: UNIFORM
# N: 8
# Optimal cost: 1.0104847527632606
# Optimal tour (permutation): [0, 5, 6, 7, 2, 3, 4, 1, 0]
# Optimal walk (full path): [0, 5, 0, 6, 7, 2, 3, 4, 1, 0]
# Walk size: 10
# Is walk (has repeats): true

# Distance Matrix
0.0000000000 0.0085282386 0.6543590236 0.5153991949 0.4927355836 0.0702725519 0.0625071406 0.0410977436
0.0085282386 0.0000000000 0.8534000315 0.2113778030 0.2728229673 0.9777949847 0.1986545773 0.0191088572
0.6543590236 0.8534000315 0.0000000000 0.0675846534 0.5597559040 0.9361833941 0.7970782830 0.2078274314
0.5153991949 0.2113778030 0.0675846534 0.0000000000 0.1804986356 0.8891778092 0.7908364395 0.3182480939
0.4927355836 0.2728229673 0.5597559040 0.1804986356 0.0000000000 0.8505589024 0.9260074998 0.4489237586
0.0702725519 0.9777949847 0.9361833941 0.8891778092 0.8505589024 0.0000000000 0.2793507108 0.4531831893
0.0625071406 0.1986545773 0.7970782830 0.7908364395 0.9260074998 0.2793507108 0.0000000000 0.0701705821
0.0410977436 0.0191088572 0.2078274314 0.3182480939 0.4489237586 0.4531831893 0.0701705821 0.0000000000
