# Graph size: 8
# Optimal cost: 1.955452639564268

# Distance Matrix
0.0 0.3595059022053615 0.9105558902948336 0.8299037127471115 0.5411667307234029 0.4243065110821511 0.7862616053883598 0.014753742058838504
0.3595059022053615 0.0 0.8943813560318572 0.7330543717302773 0.7633505824301322 0.1729142776853867 0.33452190311592667 0.1346008679041849
0.9105558902948336 0.8943813560318572 0.0 0.9424807644186312 0.5160767576570273 0.5980993349180177 0.9230434629130668 0.26110907841900777
0.8299037127471115 0.7330543717302773 0.9424807644186312 0.0 0.1902747182075739 0.29285679299995615 0.4352111165366682 0.47940556245442056
0.5411667307234029 0.7633505824301322 0.5160767576570273 0.1902747182075739 0.0 0.9248870752772475 0.17905633128672716 0.8673430376072528
0.4243065110821511 0.1729142776853867 0.5980993349180177 0.29285679299995615 0.9248870752772475 0.0 0.3167347639576914 0.942842232335238
0.7862616053883598 0.33452190311592667 0.9230434629130668 0.4352111165366682 0.17905633128672716 0.3167347639576914 0.0 0.5511771084062848
0.014753742058838504 0.1346008679041849 0.26110907841900777 0.47940556245442056 0.8673430376072528 0.942842232335238 0.5511771084062848 0.0

# Optimal Walk
0 7 1 5 3 6 4 2 0
