# Graph size: 8
# Optimal cost: 0.8282453964431803

# Distance Matrix
0.0 0.12456869912932644 0.48402394142897054 0.1471934692396315 0.9524470197599616 0.19363811784741147 0.5035322242460516 0.6100718801265976
0.12456869912932644 0.0 0.013687436673969877 0.05664290083657264 0.16244291011382805 0.6175333410695146 0.9224664427560637 0.99416788087177
0.48402394142897054 0.013687436673969877 0.0 0.247409200310298 0.26064855679903287 0.18661850064448637 0.06387390598990605 0.6772122135365165
0.1471934692396315 0.05664290083657264 0.247409200310298 0.0 0.33549652690311593 0.4793750207473293 0.5342320321242531 0.09192633230527625
0.9524470197599616 0.16244291011382805 0.26064855679903287 0.33549652690311593 0.0 0.6560304650899326 0.11476070168066244 0.002859495387866451
0.19363811784741147 0.6175333410695146 0.18661850064448637 0.4793750207473293 0.6560304650899326 0.0 0.9058380278125191 0.2705551380999299
0.5035322242460516 0.9224664427560637 0.06387390598990605 0.5342320321242531 0.11476070168066244 0.9058380278125191 0.0 0.6467927676436569
0.6100718801265976 0.99416788087177 0.6772122135365165 0.09192633230527625 0.002859495387866451 0.2705551380999299 0.6467927676436569 0.0

# Optimal Walk
0 5 2 1 6 4 7 3 0
