# Graph size: 8
# Optimal cost: 2.4860987557175114

# Distance Matrix
0.0 0.7562966991689098 0.21563378581404646 0.6419785838286713 0.8955323480222697 0.1172860779184336 0.818288444820998 0.1443542338076691
0.7562966991689098 0.0 0.8125217041091127 0.87635276640743 0.06669090293721869 0.868703006315314 0.46540625089676146 0.9041775231418492
0.21563378581404646 0.8125217041091127 0.0 0.5171403265160308 0.23904986978704268 0.47416984107677707 0.9881711280792193 0.28608122532368363
0.6419785838286713 0.87635276640743 0.5171403265160308 0.0 0.30105773310123907 0.6922693811562693 0.799133282382281 0.8834667782993694
0.8955323480222697 0.06669090293721869 0.23904986978704268 0.30105773310123907 0.0 0.8221515960484224 0.724995905415708 0.511141133957468
0.1172860779184336 0.868703006315314 0.47416984107677707 0.6922693811562693 0.8221515960484224 0.0 0.9033079896949612 0.793178687004561
0.818288444820998 0.46540625089676146 0.9881711280792193 0.799133282382281 0.724995905415708 0.9033079896949612 0.0 0.5412433668076789
0.1443542338076691 0.9041775231418492 0.28608122532368363 0.8834667782993694 0.511141133957468 0.793178687004561 0.5412433668076789 0.0

# Optimal Walk
0 7 6 1 4 3 2 5 0
