# Graph size: 8
# Optimal cost: 2.04626027314498

# Distance Matrix
0.0 0.17083656853135998 0.6740500231930096 0.19393192438873408 0.20942901651364887 0.8926509197454616 0.37349099513724093 0.4503607079117653
0.17083656853135998 0.0 0.9259483625405552 0.2356661747708697 0.15846953205864123 0.9258851520158288 0.33685339099464173 0.892014530679365
0.6740500231930096 0.9259483625405552 0.0 0.6106688815148846 0.72246146323041 0.8250316521399359 0.785461044145626 0.025729981114943623
0.19393192438873408 0.2356661747708697 0.6106688815148846 0.0 0.911014023001233 0.5794396646087108 0.12895643280451308 0.47844626426568815
0.20942901651364887 0.15846953205864123 0.72246146323041 0.911014023001233 0.0 0.462641918966749 0.9479110594005891 0.8455328025788384
0.8926509197454616 0.9258851520158288 0.8250316521399359 0.5794396646087108 0.462641918966749 0.0 0.19768967371359436 0.6142287731420607
0.37349099513724093 0.33685339099464173 0.785461044145626 0.12895643280451308 0.9479110594005891 0.19768967371359436 0.0 0.4750774666334161
0.4503607079117653 0.892014530679365 0.025729981114943623 0.47844626426568815 0.8455328025788384 0.6142287731420607 0.4750774666334161 0.0

# Optimal Walk
0 7 2 5 6 3 1 4 0
