# MCW Instance
# Type: UNIFORM
# N: 8
# Optimal cost: 1.534453585470235
# Optimal tour (permutation): [0, 1, 7, 3, 6, 5, 4, 2, 0]
# Optimal walk (full path): [0, 1, 7, 3, 6, 5, 2, 4, 2, 0]
# Walk size: 10
# Is walk (has repeats): true

# Distance Matrix
0.0000000000 0.3357846512 0.4382532893 0.3338281969 0.5460100867 0.3458170878 0.4842026954 0.7503148380
0.3357846512 0.0000000000 0.5971518381 0.2014111017 0.6842209439 0.6798908423 0.6218785111 0.1549062186
0.4382532893 0.5971518381 0.0000000000 0.5686633518 0.0253710522 0.2249100369 0.3408074461 0.9260717907
0.3338281969 0.2014111017 0.5686633518 0.0000000000 0.9034284827 0.3239765600 0.0559426132 0.1100323672
0.5460100867 0.6842209439 0.0253710522 0.9034284827 0.0000000000 0.6076402781 0.3545493263 0.5551237408
0.3458170878 0.6798908423 0.2249100369 0.3239765600 0.6076402781 0.0000000000 0.1638823045 0.1395428675
0.4842026954 0.6218785111 0.3408074461 0.0559426132 0.3545493263 0.1638823045 0.0000000000 0.2195602943
0.7503148380 0.1549062186 0.9260717907 0.1100323672 0.5551237408 0.1395428675 0.2195602943 0.0000000000
