# MCW Instance
# Type: UNIFORM
# N: 8
# Optimal cost: 1.3825075837897636
# Optimal tour (permutation): [0, 4, 6, 1, 7, 5, 3, 2, 0]
# Optimal walk (full path): [0, 4, 6, 1, 5, 7, 5, 3, 2, 0]
# Walk size: 10
# Is walk (has repeats): true

# Distance Matrix
0.0000000000 0.8557105264 0.4047650993 0.8192103562 0.0096832553 0.1130481853 0.2385094200 0.8401405690
0.8557105264 0.0000000000 0.8007729034 0.5933491707 0.7840569241 0.2071822129 0.1316304376 0.9490795060
0.4047650993 0.8007729034 0.0000000000 0.2040034663 0.7111408539 0.6160893031 0.5376367743 0.5279580550
0.8192103562 0.5933491707 0.2040034663 0.0000000000 0.3169303958 0.1848758242 0.6638916047 0.7133573412
0.0096832553 0.7840569241 0.7111408539 0.3169303958 0.0000000000 0.4214768240 0.0868539074 0.0844794733
0.1130481853 0.2071822129 0.6160893031 0.1848758242 0.4214768240 0.0000000000 0.2706195883 0.0767566904
0.2385094200 0.1316304376 0.5376367743 0.6638916047 0.0868539074 0.2706195883 0.0000000000 0.9740336263
0.8401405690 0.9490795060 0.5279580550 0.7133573412 0.0844794733 0.0767566904 0.9740336263 0.0000000000
