# MCW Instance
# Type: EXPONENTIAL
# N: 11
# Optimal cost: 2.2395358309942144
# Optimal tour (permutation): [0, 9, 6, 5, 4, 7, 8, 3, 10, 2, 1, 0]
# Optimal walk (full path): [0, 9, 6, 5, 4, 7, 8, 3, 10, 3, 2, 3, 8, 1, 0]
# Walk size: 15
# Is walk (has repeats): true

# Distance Matrix
0.0000000000 0.2060380721 0.6464903357 0.8363123047 0.1621142033 0.7183149829 1.4526089442 0.7681374720 0.4032805161 0.3026090154 2.8068645505
0.2060380721 0.0000000000 3.0437425743 1.8066033024 2.6879581658 0.5578706892 1.1703116442 2.3042916869 0.1271681527 1.7782651715 0.5463054880
0.6464903357 3.0437425743 0.0000000000 0.1356428717 0.8377043626 1.4644748906 1.0018810510 2.0255929731 1.4121825101 2.5756647998 1.0237693611
0.8363123047 1.8066033024 0.1356428717 0.0000000000 0.9539414304 0.8878869753 4.4779335117 0.6882810615 0.2853366191 0.8961980933 0.0432227651
0.1621142033 2.6879581658 0.8377043626 0.9539414304 0.0000000000 0.0726910998 5.5065636698 0.2414835563 0.3083829448 1.2505450437 2.8205052193
0.7183149829 0.5578706892 1.4644748906 0.8878869753 0.0726910998 0.0000000000 0.2152392196 1.5750938172 2.4304119349 3.5231618385 1.1878248207
1.4526089442 1.1703116442 1.0018810510 4.4779335117 5.5065636698 0.2152392196 0.0000000000 2.8332908853 3.5753464294 0.1452691066 2.3143934705
0.7681374720 2.3042916869 2.0255929731 0.6882810615 0.2414835563 1.5750938172 2.8332908853 0.0000000000 0.0006330968 0.4482454898 0.6230668940
0.4032805161 0.1271681527 1.4121825101 0.2853366191 0.3083829448 2.4304119349 3.5753464294 0.0006330968 0.0000000000 4.7572823668 0.3389409864
0.3026090154 1.7782651715 2.5756647998 0.8961980933 1.2505450437 3.5231618385 0.1452691066 0.4482454898 4.7572823668 0.0000000000 0.8223985829
2.8068645505 0.5463054880 1.0237693611 0.0432227651 2.8205052193 1.1878248207 2.3143934705 0.6230668940 0.3389409864 0.8223985829 0.0000000000
