# MCW Instance
# Type: EXPONENTIAL
# N: 11
# Optimal cost: 1.2870950457007582
# Optimal tour (permutation): [0, 3, 5, 4, 1, 9, 8, 10, 6, 7, 2, 0]
# Optimal walk (full path): [0, 3, 4, 5, 4, 1, 9, 8, 10, 6, 7, 2, 7, 0]
# Walk size: 14
# Is walk (has repeats): true

# Distance Matrix
0.0000000000 0.9023449459 1.6983458321 0.0609187744 0.8564369970 0.7987175926 1.1487685812 0.1673516415 4.0214881153 0.9992703600 0.4776045875
0.9023449459 0.0000000000 0.2950229401 1.1613861650 0.1066600648 1.9797167956 1.6735231192 0.1251957581 0.8504737602 0.2178022958 0.2610071768
1.6983458321 0.2950229401 0.0000000000 3.1259005204 0.9185731284 0.8093526890 1.0328099512 0.0139767269 0.8390623359 0.2653735210 0.0656994783
0.0609187744 1.1613861650 3.1259005204 0.0000000000 0.1344415643 0.9265917128 2.3041963507 0.5830265772 1.4772219290 0.3132289579 2.6519967252
0.8564369970 0.1066600648 0.9185731284 0.1344415643 0.0000000000 0.0189860893 0.1408025102 0.7023482523 0.3010127773 0.3799565634 1.6097448918
0.7987175926 1.9797167956 0.8093526890 0.9265917128 0.0189860893 0.0000000000 2.7900446502 2.5174978652 0.6850439072 0.5989283355 3.0948140599
1.1487685812 1.6735231192 1.0328099512 2.3041963507 0.1408025102 2.7900446502 0.0000000000 0.0340774328 0.5256622509 0.3725884583 0.0822399721
0.1673516415 0.1251957581 0.0139767269 0.5830265772 0.7023482523 2.5174978652 0.0340774328 0.0000000000 2.0545316908 0.7853229212 0.5959197969
4.0214881153 0.8504737602 0.8390623359 1.4772219290 0.3010127773 0.6850439072 0.5256622509 2.0545316908 0.0000000000 0.1433233191 0.2743543486
0.9992703600 0.2178022958 0.2653735210 0.3132289579 0.3799565634 0.5989283355 0.3725884583 0.7853229212 0.1433233191 0.0000000000 0.3145703343
0.4776045875 0.2610071768 0.0656994783 2.6519967252 1.6097448918 3.0948140599 0.0822399721 0.5959197969 0.2743543486 0.3145703343 0.0000000000
