# MCW Instance
# Type: EXPONENTIAL
# N: 11
# Optimal cost: 1.4179135703428818
# Optimal tour (permutation): [0, 7, 6, 10, 3, 8, 1, 9, 5, 2, 4, 0]
# Optimal walk (full path): [0, 7, 0, 6, 0, 10, 3, 8, 1, 9, 5, 2, 4, 10, 0]
# Walk size: 15
# Is walk (has repeats): true

# Distance Matrix
0.0000000000 0.3267710899 1.3556799393 0.4062195932 1.2884700533 0.8393875674 0.0487210306 0.0283817746 1.0379835529 1.1008091465 0.0617949558
0.3267710899 0.0000000000 1.0501502743 2.4530427409 0.3766199666 0.4745055553 2.4156490319 0.3083408952 0.1377732920 0.3912946051 2.3443595789
1.3556799393 1.0501502743 0.0000000000 0.4253749828 0.0540285128 0.1148213951 1.1481699431 0.7848700263 0.4795163126 1.1927387050 0.6208977463
0.4062195932 2.4530427409 0.4253749828 0.0000000000 0.8796475821 0.9810468193 0.4962057150 0.8630570093 0.1668992638 0.5255505168 0.1175394014
1.2884700533 0.3766199666 0.0540285128 0.8796475821 0.0000000000 1.6601616287 1.9731061839 2.0852556469 1.7827235709 4.1206648558 0.0546875103
0.8393875674 0.4745055553 0.1148213951 0.9810468193 1.6601616287 0.0000000000 1.0030465857 1.1600232590 1.6656135604 0.1030740676 0.0884660480
0.0487210306 2.4156490319 1.1481699431 0.4962057150 1.9731061839 1.0030465857 0.0000000000 1.4747144747 1.5041643823 4.3981181304 0.1216868833
0.0283817746 0.3083408952 0.7848700263 0.8630570093 2.0852556469 1.1600232590 1.4747144747 0.0000000000 1.5942698000 0.7408449633 0.3989066912
1.0379835529 0.1377732920 0.4795163126 0.1668992638 1.7827235709 1.6656135604 1.5041643823 1.5942698000 0.0000000000 0.6574699508 0.4170498004
1.1008091465 0.3912946051 1.1927387050 0.5255505168 4.1206648558 0.1030740676 4.3981181304 0.7408449633 0.6574699508 0.0000000000 0.7923835315
0.0617949558 2.3443595789 0.6208977463 0.1175394014 0.0546875103 0.0884660480 0.1216868833 0.3989066912 0.4170498004 0.7923835315 0.0000000000
