# MCW Instance
# Type: EXPONENTIAL
# N: 11
# Optimal cost: 1.3663505700651783
# Optimal tour (permutation): [0, 10, 7, 3, 1, 2, 9, 4, 6, 8, 5, 0]
# Optimal walk (full path): [0, 5, 10, 7, 10, 3, 1, 2, 9, 4, 6, 4, 8, 5, 0]
# Walk size: 15
# Is walk (has repeats): true

# Distance Matrix
0.0000000000 2.0064146327 3.4545806795 3.2717611238 2.6012441963 0.0878240383 1.3271149106 0.4583106322 1.1975846839 0.3223367258 1.1992698032
2.0064146327 0.0000000000 0.1979829362 0.1709570658 1.3477191674 0.9925942910 0.9015594063 0.2372580649 0.2070501150 1.8178274096 1.5715184861
3.4545806795 0.1979829362 0.0000000000 0.4035747362 0.6118161877 0.3296636200 2.8503262265 0.2189947902 0.7623800767 0.1239220749 2.1572163225
3.2717611238 0.1709570658 0.4035747362 0.0000000000 0.7089212172 1.8798511931 1.5417554473 0.5144749739 1.0918669382 0.9782294892 0.1546327304
2.6012441963 1.3477191674 0.6118161877 0.7089212172 0.0000000000 1.1894531923 0.0231590356 3.1690549646 0.1127499655 0.1970974515 0.9022622641
0.0878240383 0.9925942910 0.3296636200 1.8798511931 1.1894531923 0.0000000000 0.9336073455 1.6171945375 0.0049610475 0.1685445812 0.0236667431
1.3271149106 0.9015594063 2.8503262265 1.5417554473 0.0231590356 0.9336073455 0.0000000000 0.2105204585 1.5253917768 2.4542622917 3.8687550437
0.4583106322 0.2372580649 0.2189947902 0.5144749739 3.1690549646 1.6171945375 0.2105204585 0.0000000000 1.3263892324 1.5918065020 0.0792072037
1.1975846839 0.2070501150 0.7623800767 1.0918669382 0.1127499655 0.0049610475 1.5253917768 1.3263892324 0.0000000000 0.2802347701 1.3377403234
0.3223367258 1.8178274096 0.1239220749 0.9782294892 0.1970974515 0.1685445812 2.4542622917 1.5918065020 0.2802347701 0.0000000000 1.1060555923
1.1992698032 1.5715184861 2.1572163225 0.1546327304 0.9022622641 0.0236667431 3.8687550437 0.0792072037 1.3377403234 1.1060555923 0.0000000000
