# MCW Instance
# Type: EXPONENTIAL
# N: 11
# Optimal cost: 2.455775108917452
# Optimal tour (permutation): [0, 9, 4, 8, 3, 6, 5, 1, 10, 7, 2, 0]
# Optimal walk (full path): [0, 4, 9, 4, 8, 3, 5, 6, 5, 1, 10, 7, 10, 2, 0]
# Walk size: 15
# Is walk (has repeats): true

# Distance Matrix
0.0000000000 0.8110521716 0.1122785559 1.0711967598 0.1193757993 0.4298873899 0.4324880680 1.5841087599 0.1239677201 0.3506672795 2.0002827922
0.8110521716 0.0000000000 7.2324828624 0.6281907126 2.8604561896 0.2473056756 0.4142569346 1.4708048559 2.4379116530 2.5570907965 0.5249166841
0.1122785559 7.2324828624 0.0000000000 1.2422458646 0.8493794544 0.4606351032 0.5052035905 0.9761949423 4.6552490450 2.7892746964 0.3766965606
1.0711967598 0.6281907126 1.2422458646 0.0000000000 1.0784434453 0.2499319160 1.4950892242 1.7978822234 0.1033183609 0.6921739437 1.6594018550
0.1193757993 2.8604561896 0.8493794544 1.0784434453 0.0000000000 0.3395389928 0.6578341858 1.4545937049 0.1299390197 0.1896020987 0.7082963232
0.4298873899 0.2473056756 0.4606351032 0.2499319160 0.3395389928 0.0000000000 0.0489856993 1.9957146077 0.2086684784 1.5107195635 0.9296573787
0.4324880680 0.4142569346 0.5052035905 1.4950892242 0.6578341858 0.0489856993 0.0000000000 0.7855914517 0.2177472899 1.7504679720 0.6006628744
1.5841087599 1.4708048559 0.9761949423 1.7978822234 1.4545937049 1.9957146077 0.7855914517 0.0000000000 1.0337586436 1.2001840973 0.0574184704
0.1239677201 2.4379116530 4.6552490450 0.1033183609 0.1299390197 0.2086684784 0.2177472899 1.0337586436 0.0000000000 1.4775200711 0.2505561688
0.3506672795 2.5570907965 2.7892746964 0.6921739437 0.1896020987 1.5107195635 1.7504679720 1.2001840973 1.4775200711 0.0000000000 0.5341785879
2.0002827922 0.5249166841 0.3766965606 1.6594018550 0.7082963232 0.9296573787 0.6006628744 0.0574184704 0.2505561688 0.5341785879 0.0000000000
