# MCW Instance
# Type: EXPONENTIAL
# N: 11
# Optimal cost: 2.018945929801085
# Optimal tour (permutation): [0, 7, 10, 2, 5, 8, 3, 9, 1, 6, 4, 0]
# Optimal walk (full path): [0, 7, 10, 2, 5, 8, 3, 9, 1, 9, 3, 6, 4, 6, 0]
# Walk size: 15
# Is walk (has repeats): true

# Distance Matrix
0.0000000000 1.3758861357 1.0748069746 2.1598743502 0.7646153678 0.7795580418 0.4066953883 0.2185990908 1.2354638527 2.4126869171 1.2733668837
1.3758861357 0.0000000000 0.4567441228 1.2889170127 0.3893556054 1.0497035845 1.4858648103 0.5589480281 0.6233795875 0.0767119427 0.6910015497
1.0748069746 0.4567441228 0.0000000000 0.2426362908 0.9559105643 0.3550554968 1.3945204000 0.0664707625 1.0026079859 1.3744969094 0.0309108655
2.1598743502 1.2889170127 0.2426362908 0.0000000000 0.1896446869 1.0221967487 0.0511146529 0.3908348105 0.2654621986 0.0166281002 0.1273230175
0.7646153678 0.3893556054 0.9559105643 0.1896446869 0.0000000000 0.5236225281 0.0997987159 0.7148264159 1.1715362098 0.3480260877 1.6536577651
0.7795580418 1.0497035845 0.3550554968 1.0221967487 0.5236225281 0.0000000000 0.4202882755 1.2168006858 0.2095295285 1.7049904436 3.6460306093
0.4066953883 1.4858648103 1.3945204000 0.0511146529 0.0997987159 0.4202882755 0.0000000000 1.8060664717 2.3881092737 0.4720118432 1.6572933449
0.2185990908 0.5589480281 0.0664707625 0.3908348105 0.7148264159 1.2168006858 1.8060664717 0.0000000000 0.4993154329 0.7766628133 0.0953011906
1.2354638527 0.6233795875 1.0026079859 0.2654621986 1.1715362098 0.2095295285 2.3881092737 0.4993154329 0.0000000000 0.6808893099 1.6389198271
2.4126869171 0.0767119427 1.3744969094 0.0166281002 0.3480260877 1.7049904436 0.4720118432 0.7766628133 0.6808893099 0.0000000000 0.3632699638
1.2733668837 0.6910015497 0.0309108655 0.1273230175 1.6536577651 3.6460306093 1.6572933449 0.0953011906 1.6389198271 0.3632699638 0.0000000000
