# MCW Instance
# Type: EXPONENTIAL
# N: 11
# Optimal cost: 1.9354017994830264
# Optimal tour (permutation): [0, 5, 1, 9, 7, 4, 3, 8, 10, 6, 2, 0]
# Optimal walk (full path): [0, 5, 1, 9, 7, 4, 8, 3, 8, 10, 6, 2, 5, 0]
# Walk size: 14
# Is walk (has repeats): true

# Distance Matrix
0.0000000000 0.4058665799 0.3203778269 2.6375149618 1.2082661090 0.0076038496 0.3004734996 1.2956597920 0.9427504041 0.3468827634 0.9679784385
0.4058665799 0.0000000000 0.5331063732 0.5543670840 3.5032501976 0.0168382003 1.8704169284 0.1605296967 1.7591136145 0.0370207923 1.5920156531
0.3203778269 0.5331063732 0.0000000000 1.1106732970 1.0234407299 0.0388207380 0.0477197123 1.8451510597 0.0602925753 1.6638588077 1.9525991226
2.6375149618 0.5543670840 1.1106732970 0.0000000000 1.1358717273 2.3053225297 1.7512228168 0.5765813975 0.1719216042 1.1170976208 0.8495677466
1.2082661090 3.5032501976 1.0234407299 1.1358717273 0.0000000000 0.9916859599 0.9669055071 0.3134833945 0.1787815401 2.8567430723 2.6323762497
0.0076038496 0.0168382003 0.0388207380 2.3053225297 0.9916859599 0.0000000000 1.2229807142 0.2336943868 0.2662467757 0.1997257432 0.5905299668
0.3004734996 1.8704169284 0.0477197123 1.7512228168 0.9669055071 1.2229807142 0.0000000000 1.1336474751 1.4321959446 2.9609102109 0.3996036395
1.2956597920 0.1605296967 1.8451510597 0.5765813975 0.3134833945 0.2336943868 1.1336474751 0.0000000000 0.4515594808 0.1245208045 1.2819439241
0.9427504041 1.7591136145 0.0602925753 0.1719216042 0.1787815401 0.2662467757 1.4321959446 0.4515594808 0.0000000000 0.4673128502 0.4195620703
0.3468827634 0.0370207923 1.6638588077 1.1170976208 2.8567430723 0.1997257432 2.9609102109 0.1245208045 0.4673128502 0.0000000000 0.7483341338
0.9679784385 1.5920156531 1.9525991226 0.8495677466 2.6323762497 0.5905299668 0.3996036395 1.2819439241 0.4195620703 0.7483341338 0.0000000000
