# MCW Instance
# Type: EXPONENTIAL
# N: 11
# Optimal cost: 1.9615006023809622
# Optimal tour (permutation): [0, 6, 5, 2, 1, 10, 8, 7, 4, 9, 3, 0]
# Optimal walk (full path): [0, 5, 6, 5, 1, 2, 1, 5, 10, 8, 7, 4, 9, 3, 5, 0]
# Walk size: 16
# Is walk (has repeats): true

# Distance Matrix
0.0000000000 0.5101377782 0.7340845210 3.9497628312 1.3170736155 0.0131935756 1.2332438131 1.6718130583 1.3773203882 0.3235765146 2.2200331529
0.5101377782 0.0000000000 0.0203620206 4.0321100129 3.2392211411 0.0921324818 2.8278193676 0.6570230282 0.2643617897 1.3370022056 0.6121711863
0.7340845210 0.0203620206 0.0000000000 0.6951375521 1.8087525429 0.2879030789 0.3185857327 2.3622752411 1.3261072471 1.0412767831 0.4985265400
3.9497628312 4.0321100129 0.6951375521 0.0000000000 0.3304354400 0.0491407791 0.2517243497 0.6156997262 0.9551980344 0.0267984555 1.0627289774
1.3170736155 3.2392211411 1.8087525429 0.3304354400 0.0000000000 0.2197483494 0.3324324756 0.5666980200 0.6624649869 0.1725432005 0.6307598515
0.0131935756 0.0921324818 0.2879030789 0.0491407791 0.2197483494 0.0000000000 0.1735297675 0.5762359037 0.1969733723 0.0821983969 0.1307068527
1.2332438131 2.8278193676 0.3185857327 0.2517243497 0.3324324756 0.1735297675 0.0000000000 0.9754606871 0.5296740870 1.1581817529 0.6383659603
1.6718130583 0.6570230282 2.3622752411 0.6156997262 0.5666980200 0.5762359037 0.9754606871 0.0000000000 0.2829184675 0.8997993562 4.8753693094
1.3773203882 0.2643617897 1.3261072471 0.9551980344 0.6624649869 0.1969733723 0.5296740870 0.2829184675 0.0000000000 2.8670058481 0.1342591362
0.3235765146 1.3370022056 1.0412767831 0.0267984555 0.1725432005 0.0821983969 1.1581817529 0.8997993562 2.8670058481 0.0000000000 0.2775453572
2.2200331529 0.6121711863 0.4985265400 1.0627289774 0.6307598515 0.1307068527 0.6383659603 4.8753693094 0.1342591362 0.2775453572 0.0000000000
