# MCW Instance
# Type: EXPONENTIAL
# N: 11
# Optimal cost: 1.4700898102529947
# Optimal tour (permutation): [0, 10, 2, 3, 9, 4, 6, 5, 8, 1, 7, 0]
# Optimal walk (full path): [0, 10, 0, 2, 3, 6, 9, 4, 9, 6, 5, 8, 1, 0, 7, 0]
# Walk size: 16
# Is walk (has repeats): true

# Distance Matrix
0.0000000000 0.0979076129 0.0357669006 1.1433488714 0.3186396477 0.8210682633 0.0176065385 0.0168824201 1.3469386720 0.3771564890 0.1933195098
0.0979076129 0.0000000000 0.2055971027 0.4502050293 1.9282687596 0.1515061460 0.1071228411 0.1693866605 0.0437464111 1.3151379779 1.4631669794
0.0357669006 0.2055971027 0.0000000000 0.2451877066 2.5776435671 1.3256513252 0.6785003474 0.1981894916 0.3895115624 0.1363040958 0.5756117889
1.1433488714 0.4502050293 0.2451877066 0.0000000000 2.8157426798 0.6926977408 0.2740261785 0.4445185414 0.6198716785 1.7147791337 1.7677905235
0.3186396477 1.9282687596 2.5776435671 2.8157426798 0.0000000000 0.3144674543 1.8387863822 1.6575694611 0.9486394451 0.0001047397 1.4259897189
0.8210682633 0.1515061460 1.3256513252 0.6926977408 0.3144674543 0.0000000000 0.2361282746 0.4243947979 0.0929202326 2.4906774251 1.0125935723
0.0176065385 0.1071228411 0.6785003474 0.2740261785 1.8387863822 0.2361282746 0.0000000000 0.1743994967 0.2531645411 0.0118965772 0.2451772968
0.0168824201 0.1693866605 0.1981894916 0.4445185414 1.6575694611 0.4243947979 0.1743994967 0.0000000000 0.6763140672 0.6655783677 0.4823584326
1.3469386720 0.0437464111 0.3895115624 0.6198716785 0.9486394451 0.0929202326 0.2531645411 0.6763140672 0.0000000000 0.1956382892 0.9301798739
0.3771564890 1.3151379779 0.1363040958 1.7147791337 0.0001047397 2.4906774251 0.0118965772 0.6655783677 0.1956382892 0.0000000000 4.3308679251
0.1933195098 1.4631669794 0.5756117889 1.7677905235 1.4259897189 1.0125935723 0.2451772968 0.4823584326 0.9301798739 4.3308679251 0.0000000000
