# MCW Instance
# Type: EXPONENTIAL
# N: 11
# Optimal cost: 2.1140975496552405
# Optimal tour (permutation): [0, 6, 10, 9, 8, 5, 1, 3, 7, 4, 2, 0]
# Optimal walk (full path): [0, 6, 2, 10, 9, 8, 5, 1, 3, 7, 4, 2, 6, 0]
# Walk size: 14
# Is walk (has repeats): true

# Distance Matrix
0.0000000000 0.4658776315 0.4436609915 1.8822058812 0.4222954518 0.6845041870 0.1869383895 0.5661626226 1.1480876014 1.8043009859 1.0908413182
0.4658776315 0.0000000000 3.4307574054 0.2581661949 0.7786504331 0.5735296576 2.2756427133 0.3990052649 3.5766315520 0.7787644228 0.5791692192
0.4436609915 3.4307574054 0.0000000000 2.7913064885 0.0601621909 2.9038230666 0.0622491692 1.7047427659 0.6846693541 2.1781387437 0.0435806053
1.8822058812 0.2581661949 2.7913064885 0.0000000000 0.6328407293 1.3606226023 1.4748468185 0.0093644717 1.7804702755 1.0092232091 0.5967790724
0.4222954518 0.7786504331 0.0601621909 0.6328407293 0.0000000000 0.4460933354 2.2265375244 0.0412877502 2.8637838526 3.8182321416 3.0252980982
0.6845041870 0.5735296576 2.9038230666 1.3606226023 0.4460933354 0.0000000000 0.5379709043 2.8492482827 0.2715489317 0.6141990138 0.3417491445
0.1869383895 2.2756427133 0.0622491692 1.4748468185 2.2265375244 0.5379709043 0.0000000000 1.1814694808 0.3428674121 6.5616267552 1.0965951985
0.5661626226 0.3990052649 1.7047427659 0.0093644717 0.0412877502 2.8492482827 1.1814694808 0.0000000000 0.2373629991 1.8883348205 0.2524567427
1.1480876014 3.5766315520 0.6846693541 1.7804702755 2.8637838526 0.2715489317 0.3428674121 0.2373629991 0.0000000000 0.1274478729 0.1154182770
1.8043009859 0.7787644228 2.1781387437 1.0092232091 3.8182321416 0.6141990138 6.5616267552 1.8883348205 0.1274478729 0.0000000000 0.2306347571
1.0908413182 0.5791692192 0.0435806053 0.5967790724 3.0252980982 0.3417491445 1.0965951985 0.2524567427 0.1154182770 0.2306347571 0.0000000000
