# MCW Instance
# Type: EXPONENTIAL
# N: 11
# Optimal cost: 1.7657757373306333
# Optimal tour (permutation): [0, 9, 8, 7, 6, 3, 5, 10, 2, 1, 4, 0]
# Optimal walk (full path): [0, 9, 8, 9, 0, 7, 0, 3, 6, 3, 5, 10, 2, 1, 4, 0]
# Walk size: 16
# Is walk (has repeats): true

# Distance Matrix
0.0000000000 0.9964222854 0.3835135058 0.1069554616 0.1997936271 1.2939512136 1.0593433532 0.1023582074 0.0275811782 0.0130530418 0.1242877329
0.9964222854 0.0000000000 0.2545107608 0.3217756263 0.1034820776 1.2385847493 1.8306677208 0.6029966204 0.7900067346 0.3820092662 0.2415394847
0.3835135058 0.2545107608 0.0000000000 1.1105783364 0.9481850013 4.7641004254 4.1774447691 1.2270341539 0.4029218692 1.9351947201 0.1482496855
0.1069554616 0.3217756263 1.1105783364 0.0000000000 2.8969871344 0.1281475667 0.2043240220 1.5458663065 1.6981959450 0.3369594849 1.5913224306
0.1997936271 0.1034820776 0.9481850013 2.8969871344 0.0000000000 0.5991952550 2.0638574316 1.7404521669 0.6661876816 0.4082847634 0.8735005353
1.2939512136 1.2385847493 4.7641004254 0.1281475667 0.5991952550 0.0000000000 1.1213496872 2.1222070882 0.1675334513 0.7068407286 0.1746144704
1.0593433532 1.8306677208 4.1774447691 0.2043240220 2.0638574316 1.1213496872 0.0000000000 1.3136284673 0.4466967863 0.7568048206 1.2204844165
0.1023582074 0.6029966204 1.2270341539 1.5458663065 1.7404521669 2.1222070882 1.3136284673 0.0000000000 0.5042706849 0.3045817095 0.5655682537
0.0275811782 0.7900067346 0.4029218692 1.6981959450 0.6661876816 0.1675334513 0.4466967863 0.5042706849 0.0000000000 0.0052757726 2.9413192563
0.0130530418 0.3820092662 1.9351947201 0.3369594849 0.4082847634 0.7068407286 0.7568048206 0.3045817095 0.0052757726 0.0000000000 0.5194411124
0.1242877329 0.2415394847 0.1482496855 1.5913224306 0.8735005353 0.1746144704 1.2204844165 0.5655682537 2.9413192563 0.5194411124 0.0000000000
