# MCW Instance
# Type: EXPONENTIAL
# N: 11
# Optimal cost: 2.2016838587798566
# Optimal tour (permutation): [0, 10, 9, 7, 2, 6, 4, 8, 1, 3, 5, 0]
# Optimal walk (full path): [0, 10, 9, 7, 2, 6, 8, 4, 8, 1, 3, 5, 0]
# Walk size: 13
# Is walk (has repeats): true

# Distance Matrix
0.0000000000 0.7004531637 4.8247652072 1.4039584307 0.7666272995 0.3785953510 0.7673473945 0.2262875104 1.7694171424 2.2349067661 0.4193643792
0.7004531637 0.0000000000 1.2945433762 0.0800297079 0.3318048591 0.7095715782 0.6675287475 0.1259446845 0.1953609209 0.8696153721 0.6567083599
4.8247652072 1.2945433762 0.0000000000 0.5608363884 0.2109395919 1.4324455514 0.0629602798 0.1712526805 0.8113551013 2.6209417398 0.4405740555
1.4039584307 0.0800297079 0.5608363884 0.0000000000 0.8721042721 0.3625023941 4.8071357612 0.5091970969 0.9248456164 1.0826656837 1.6694615111
0.7666272995 0.3318048591 0.2109395919 0.8721042721 0.0000000000 5.0442283608 1.2922625559 0.6212653567 0.1153049472 0.5461785743 2.0648750821
0.3785953510 0.7095715782 1.4324455514 0.3625023941 5.0442283608 0.0000000000 1.0662952810 1.0284689472 2.0361892441 0.3717627170 0.8004240732
0.7673473945 0.6675287475 0.0629602798 4.8071357612 1.2922625559 1.0662952810 0.0000000000 0.1868850735 0.0889147186 1.9628620919 0.4149438294
0.2262875104 0.1259446845 0.1712526805 0.5091970969 0.6212653567 1.0284689472 0.1868850735 0.0000000000 0.8758925806 0.1101122121 0.9409616868
1.7694171424 0.1953609209 0.8113551013 0.9248456164 0.1153049472 2.0361892441 0.0889147186 0.8758925806 0.0000000000 0.7729470246 3.1022233776
2.2349067661 0.8696153721 2.6209417398 1.0826656837 0.5461785743 0.3717627170 1.9628620919 0.1101122121 0.7729470246 0.0000000000 0.1019813205
0.4193643792 0.6567083599 0.4405740555 1.6694615111 2.0648750821 0.8004240732 0.4149438294 0.9409616868 3.1022233776 0.1019813205 0.0000000000
