# MCW Instance
# Type: EXPONENTIAL
# N: 11
# Optimal cost: 2.461158290689675
# Optimal tour (permutation): [0, 6, 5, 9, 7, 4, 3, 2, 8, 10, 1, 0]
# Optimal walk (full path): [0, 6, 5, 9, 7, 4, 3, 2, 3, 8, 10, 1, 10, 0]
# Walk size: 14
# Is walk (has repeats): true

# Distance Matrix
0.0000000000 2.9041359540 4.8992541821 0.1929783060 0.3348453525 0.2796301979 0.1273363444 0.7267315319 0.4930475580 7.0088001567 0.2607316421
2.9041359540 0.0000000000 1.1306332173 0.4718776303 2.1227556061 0.5800724846 0.8388856655 2.1761409133 0.4491787141 1.6261604680 0.0840325835
4.8992541821 1.1306332173 0.0000000000 0.2269619238 1.0127244163 2.3273553520 0.5421991589 1.0596026203 0.9981308190 0.6411538346 1.5427258081
0.1929783060 0.4718776303 0.2269619238 0.0000000000 0.2966839923 0.3845186502 0.1005955194 1.3739451592 0.0369912756 0.3770144211 1.0132770988
0.3348453525 2.1227556061 1.0127244163 0.2966839923 0.0000000000 0.9119901689 2.9164203690 0.3398796475 1.5793316325 0.5944817965 0.5310377977
0.2796301979 0.5800724846 2.3273553520 0.3845186502 0.9119901689 0.0000000000 0.1077963874 1.4920874063 0.3313100499 0.0867555179 1.0914509141
0.1273363444 0.8388856655 0.5421991589 0.1005955194 2.9164203690 0.1077963874 0.0000000000 2.2482557793 0.2304639229 0.6782013896 0.5766515726
0.7267315319 2.1761409133 1.0596026203 1.3739451592 0.3398796475 1.4920874063 2.2482557793 0.0000000000 0.9255494004 0.2487563807 5.0058429549
0.4930475580 0.4491787141 0.9981308190 0.0369912756 1.5793316325 0.3313100499 0.2304639229 0.9255494004 0.0000000000 0.2394617571 0.3342380883
7.0088001567 1.6261604680 0.6411538346 0.3770144211 0.5944817965 0.0867555179 0.6782013896 0.2487563807 0.2394617571 0.0000000000 0.4101712694
0.2607316421 0.0840325835 1.5427258081 1.0132770988 0.5310377977 1.0914509141 0.5766515726 5.0058429549 0.3342380883 0.4101712694 0.0000000000
