# MCW Instance
# Type: EXPONENTIAL
# N: 11
# Optimal cost: 1.1674514166855379
# Optimal tour (permutation): [0, 7, 10, 8, 4, 9, 2, 1, 3, 5, 6, 0]
# Optimal walk (full path): [0, 7, 10, 8, 4, 8, 9, 2, 9, 1, 3, 5, 6, 0]
# Walk size: 14
# Is walk (has repeats): true

# Distance Matrix
0.0000000000 0.1872442892 0.3372469871 1.4760963879 0.6590341572 0.5399606101 0.0173708027 0.0269369595 0.3207019954 0.2658678322 1.7326177141
0.1872442892 0.0000000000 0.3227413784 0.0899741140 0.5994479971 3.6439182811 1.4823871364 0.5639081401 0.5924237591 0.0336957363 0.5235900935
0.3372469871 0.3227413784 0.0000000000 1.9410027801 1.3791167961 2.5926698453 2.7489429127 1.0911645335 0.3921158158 0.1111917098 0.6492639170
1.4760963879 0.0899741140 1.9410027801 0.0000000000 1.1166536008 0.0519826431 0.5128651366 0.7599911407 0.7089501867 1.1604293006 0.8429854256
0.6590341572 0.5994479971 1.3791167961 1.1166536008 0.0000000000 0.5313302469 1.5157345703 0.4805741233 0.1250383586 2.3391652597 2.3402727049
0.5399606101 3.6439182811 2.5926698453 0.0519826431 0.5313302469 0.0000000000 0.1645605546 0.6622255220 0.2021207470 0.2758680859 5.7066347022
0.0173708027 1.4823871364 2.7489429127 0.5128651366 1.5157345703 0.1645605546 0.0000000000 0.2804589135 0.6761813304 1.3047621455 0.3874885682
0.0269369595 0.5639081401 1.0911645335 0.7599911407 0.4805741233 0.6622255220 0.2804589135 0.0000000000 0.9179821877 1.8432446929 0.1251686752
0.3207019954 0.5924237591 0.3921158158 0.7089501867 0.1250383586 0.2021207470 0.6761813304 0.9179821877 0.0000000000 0.1199672952 0.0653344993
0.2658678322 0.0336957363 0.1111917098 1.1604293006 2.3391652597 0.2758680859 1.3047621455 1.8432446929 0.1199672952 0.0000000000 0.0823180056
1.7326177141 0.5235900935 0.6492639170 0.8429854256 2.3402727049 5.7066347022 0.3874885682 0.1251686752 0.0653344993 0.0823180056 0.0000000000
