# MCW Instance
# Type: EXPONENTIAL
# N: 11
# Optimal cost: 1.7486669915652973
# Optimal tour (permutation): [0, 10, 7, 3, 2, 9, 8, 1, 6, 5, 4, 0]
# Optimal walk (full path): [0, 10, 5, 7, 5, 8, 3, 2, 9, 8, 1, 8, 6, 5, 10, 4, 10, 0]
# Walk size: 18
# Is walk (has repeats): true

# Distance Matrix
0.0000000000 2.6230351929 4.2877967910 3.0966567252 0.3947193516 1.7731326280 0.4979387214 3.6028174385 1.3106677678 1.2686854034 0.0735057248
2.6230351929 0.0000000000 4.7449708864 0.1813064337 0.9039653856 1.8143817015 0.5675366449 0.6373178873 0.0055014442 0.0952565165 0.7982635577
4.2877967910 4.7449708864 0.0000000000 0.2373095188 0.7746689720 2.0245431432 2.3185463472 0.6861879516 3.8598995688 0.2371376558 0.9292284067
3.0966567252 0.1813064337 0.2373095188 0.0000000000 0.7326616763 1.4354553386 0.9096100342 0.7868726652 0.0309747585 2.5323268446 2.2803732718
0.3947193516 0.9039653856 0.7746689720 0.7326616763 0.0000000000 0.3087715724 0.4592361397 0.6397874245 0.9757080241 0.8880436883 0.0686749796
1.7731326280 1.8143817015 2.0245431432 1.4354553386 0.3087715724 0.0000000000 0.3733804998 0.0113538854 0.0780176770 0.7185631244 0.0033102389
0.4979387214 0.5675366449 2.3185463472 0.9096100342 0.4592361397 0.3733804998 0.0000000000 1.9170327351 0.4339248626 0.9339496675 0.7788894528
3.6028174385 0.6373178873 0.6861879516 0.7868726652 0.6397874245 0.0113538854 1.9170327351 0.0000000000 1.6949180247 3.1849284381 2.1218845429
1.3106677678 0.0055014442 3.8598995688 0.0309747585 0.9757080241 0.0780176770 0.4339248626 1.6949180247 0.0000000000 0.0332294732 0.5708970786
1.2686854034 0.0952565165 0.2371376558 2.5323268446 0.8880436883 0.7185631244 0.9339496675 3.1849284381 0.0332294732 0.0000000000 1.7088548099
0.0735057248 0.7982635577 0.9292284067 2.2803732718 0.0686749796 0.0033102389 0.7788894528 2.1218845429 0.5708970786 1.7088548099 0.0000000000
