# MCW Instance
# Type: EXPONENTIAL
# N: 11
# Optimal cost: 2.3945168739757743
# Optimal tour (permutation): [0, 7, 5, 8, 9, 4, 6, 2, 1, 10, 3, 0]
# Optimal walk (full path): [0, 7, 0, 5, 9, 8, 9, 4, 6, 2, 6, 1, 10, 3, 0]
# Walk size: 15
# Is walk (has repeats): true

# Distance Matrix
0.0000000000 1.0123495634 1.6185227975 0.0331751005 1.9350692265 0.1783460359 0.4659890106 0.3251669548 1.1940301836 1.6707250556 0.3486839314
1.0123495634 0.0000000000 0.2893730553 0.1065505583 0.6332397317 0.1817452505 0.0809799795 1.7237020212 0.2757539951 1.3168115665 0.1925930045
1.6185227975 0.2893730553 0.0000000000 0.3250624638 0.4612715109 0.6125103016 0.0788209882 1.1164814811 0.3713539317 0.6876048308 2.8390669390
0.0331751005 0.1065505583 0.3250624638 0.0000000000 1.5295044493 0.1605506115 1.3394384999 1.9877082685 3.8571050442 1.6053250278 0.1330947415
1.9350692265 0.6332397317 0.4612715109 1.5295044493 0.0000000000 0.3770027831 0.1842308754 4.2125220975 0.6213053560 0.2189007178 0.7736330124
0.1783460359 0.1817452505 0.6125103016 0.1605506115 0.3770027831 0.0000000000 1.6718051945 0.6515661073 1.4050609799 0.1523917714 2.0905473009
0.4659890106 0.0809799795 0.0788209882 1.3394384999 0.1842308754 1.6718051945 0.0000000000 4.4178125473 0.3070294326 0.9458132488 0.2590438014
0.3251669548 1.7237020212 1.1164814811 1.9877082685 4.2125220975 0.6515661073 4.4178125473 0.0000000000 1.0371664562 1.6695898976 0.8377322841
1.1940301836 0.2757539951 0.3713539317 3.8571050442 0.6213053560 1.4050609799 0.3070294326 1.0371664562 0.0000000000 0.2064143807 2.3410775379
1.6707250556 1.3168115665 0.6876048308 1.6053250278 0.2189007178 0.1523917714 0.9458132488 1.6695898976 0.2064143807 0.0000000000 1.0767640400
0.3486839314 0.1925930045 2.8390669390 0.1330947415 0.7736330124 2.0905473009 0.2590438014 0.8377322841 2.3410775379 1.0767640400 0.0000000000
