# MCW Instance
# Type: EXPONENTIAL
# N: 11
# Optimal cost: 1.1305710480115803
# Optimal tour (permutation): [0, 9, 6, 10, 7, 3, 2, 8, 1, 5, 4, 0]
# Optimal walk (full path): [0, 9, 6, 10, 3, 7, 3, 8, 2, 8, 1, 8, 4, 5, 4, 0]
# Walk size: 16
# Is walk (has repeats): true

# Distance Matrix
0.0000000000 1.2181343469 1.4576061818 0.3379860469 0.1640701845 1.0392842588 1.2744285554 0.6451512657 0.2913614558 0.1860816841 0.2824040339
1.2181343469 0.0000000000 0.2948252755 1.4508612664 2.3296932593 0.4924736877 2.2774027310 1.1461616498 0.0154416477 0.2753586195 0.2662666842
1.4576061818 0.2948252755 0.0000000000 0.5549597276 0.3396842127 0.4147318896 0.2226529781 0.6212277652 0.0439779766 0.8654464303 0.1090705651
0.3379860469 1.4508612664 0.5549597276 0.0000000000 1.6373875037 3.4504378946 0.9936783219 0.0062150788 0.0402343921 0.1519644713 0.0031699125
0.1640701845 2.3296932593 0.3396842127 1.6373875037 0.0000000000 0.1540859732 0.7287388612 0.9785390059 0.0643977274 0.1528035429 2.7003169264
1.0392842588 0.4924736877 0.4147318896 3.4504378946 0.1540859732 0.0000000000 1.9137829130 0.6380197408 2.4773244096 0.8226262607 1.0533179594
1.2744285554 2.2774027310 0.2226529781 0.9936783219 0.7287388612 1.9137829130 0.0000000000 1.6579737740 0.6649590520 0.0849093591 0.1482664357
0.6451512657 1.1461616498 0.6212277652 0.0062150788 0.9785390059 0.6380197408 1.6579737740 0.0000000000 0.3953532667 1.0951289875 0.0451487915
0.2913614558 0.0154416477 0.0439779766 0.0402343921 0.0643977274 2.4773244096 0.6649590520 0.3953532667 0.0000000000 2.9057908625 0.1293282942
0.1860816841 0.2753586195 0.8654464303 0.1519644713 0.1528035429 0.8226262607 0.0849093591 1.0951289875 2.9057908625 0.0000000000 0.7083464737
0.2824040339 0.2662666842 0.1090705651 0.0031699125 2.7003169264 1.0533179594 0.1482664357 0.0451487915 0.1293282942 0.7083464737 0.0000000000
