# MCW Instance
# Type: EXPONENTIAL
# N: 11
# Optimal cost: 2.227334389210363
# Optimal tour (permutation): [0, 10, 8, 4, 9, 5, 7, 6, 2, 1, 3, 0]
# Optimal walk (full path): [0, 10, 8, 4, 7, 9, 7, 5, 7, 6, 2, 1, 3, 0]
# Walk size: 14
# Is walk (has repeats): true

# Distance Matrix
0.0000000000 0.2599378426 1.0176637885 0.0677133128 0.5680521449 0.4541704097 0.8816431000 0.1134677400 2.4899465405 0.9330085818 0.1698460063
0.2599378426 0.0000000000 0.2930664258 0.2509050082 2.4516308946 2.1896800406 1.0158631947 1.0997252005 0.3332677601 4.1681128941 0.7779826619
1.0176637885 0.2930664258 0.0000000000 2.3595444603 2.4537435406 0.7566272195 0.2857053515 1.7747218245 0.4474594046 2.1432604231 0.4956454557
0.0677133128 0.2509050082 2.3595444603 0.0000000000 2.1126944358 0.3981367922 1.0435204005 0.2705321471 8.0039665466 0.6411620950 1.3808450526
0.5680521449 2.4516308946 2.4537435406 2.1126944358 0.0000000000 0.5302167588 0.7084421248 0.0870819184 0.1803750090 1.3978123021 0.7995579529
0.4541704097 2.1896800406 0.7566272195 0.3981367922 0.5302167588 0.0000000000 1.5605779482 0.0848647683 0.8952180372 2.6098779571 0.7481446844
0.8816431000 1.0158631947 0.2857053515 1.0435204005 0.7084421248 1.5605779482 0.0000000000 0.4048181427 0.7968131458 0.8108840566 1.5943520856
0.1134677400 1.0997252005 1.7747218245 0.2705321471 0.0870819184 0.0848647683 0.4048181427 0.0000000000 0.2751921061 0.0773462747 4.6724719037
2.4899465405 0.3332677601 0.4474594046 8.0039665466 0.1803750090 0.8952180372 0.7968131458 0.2751921061 0.0000000000 2.7434823095 0.1634011285
0.9330085818 4.1681128941 2.1432604231 0.6411620950 1.3978123021 2.6098779571 0.8108840566 0.0773462747 2.7434823095 0.0000000000 0.3820747062
0.1698460063 0.7779826619 0.4956454557 1.3808450526 0.7995579529 0.7481446844 1.5943520856 4.6724719037 0.1634011285 0.3820747062 0.0000000000
