# MCW Instance
# Type: EXPONENTIAL
# N: 11
# Optimal cost: 2.1479140611476786
# Optimal tour (permutation): [0, 7, 10, 6, 5, 9, 1, 3, 8, 4, 2, 0]
# Optimal walk (full path): [0, 7, 0, 2, 10, 5, 6, 5, 10, 9, 1, 3, 10, 8, 10, 4, 10, 2, 0]
# Walk size: 19
# Is walk (has repeats): true

# Distance Matrix
0.0000000000 0.7451053848 0.0336455871 3.4137942489 2.9242151249 1.5795347356 0.7192838131 0.2405374306 0.2278210832 3.1364123140 1.5673789891
0.7451053848 0.0000000000 1.0886971964 0.1985420942 2.1895519314 2.8880362807 1.6780782642 0.6161288987 1.5625979801 0.0396500075 0.1688541478
0.0336455871 1.0886971964 0.0000000000 1.8468611227 0.7858863463 4.6293942558 0.6836815014 0.7851493933 0.4315319089 0.4960181266 0.0095544623
3.4137942489 0.1985420942 1.8468611227 0.0000000000 0.4794008561 0.8779179242 1.8523109972 0.5057377615 0.3322114015 0.6409349234 0.1166939337
2.9242151249 2.1895519314 0.7858863463 0.4794008561 0.0000000000 2.7166599844 1.1405745159 1.1311957578 0.2632386400 3.8989812526 0.0160970320
1.5795347356 2.8880362807 4.6293942558 0.8779179242 2.7166599844 0.0000000000 0.1120940901 0.8908642506 0.6819035874 2.0247316183 0.4030728077
0.7192838131 1.6780782642 0.6836815014 1.8523109972 1.1405745159 0.1120940901 0.0000000000 1.6551534769 0.5589781049 3.2182220215 1.5139852203
0.2405374306 0.6161288987 0.7851493933 0.5057377615 1.1311957578 0.8908642506 1.6551534769 0.0000000000 0.3207808040 0.5515864574 0.9829819927
0.2278210832 1.5625979801 0.4315319089 0.3322114015 0.2632386400 0.6819035874 0.5589781049 0.3207808040 0.0000000000 0.6280064323 0.0123129404
3.1364123140 0.0396500075 0.4960181266 0.6409349234 3.8989812526 2.0247316183 3.2182220215 0.5515864574 0.6280064323 0.0000000000 0.1383993257
1.5673789891 0.1688541478 0.0095544623 0.1166939337 0.0160970320 0.4030728077 1.5139852203 0.9829819927 0.0123129404 0.1383993257 0.0000000000
