# MCW Instance
# Type: EXPONENTIAL
# N: 11
# Optimal cost: 1.8005572861243206
# Optimal tour (permutation): [0, 6, 8, 3, 5, 1, 2, 4, 7, 10, 9, 0]
# Optimal walk (full path): [0, 6, 8, 3, 1, 5, 1, 3, 2, 4, 7, 10, 9, 0]
# Walk size: 14
# Is walk (has repeats): true

# Distance Matrix
0.0000000000 0.5984326992 0.7306099175 0.2174711979 0.3132025402 0.1940870557 0.3741499342 3.4144040592 0.5972472454 0.0364825788 1.1222865896
0.5984326992 0.0000000000 2.4956722908 0.0146477478 0.9730771276 0.0485580138 1.6090826939 1.1180461312 2.1765039682 2.1649085567 0.9912026883
0.7306099175 2.4956722908 0.0000000000 0.0563373983 0.0707443669 0.2789349784 3.8212406801 0.3385278209 1.2395643744 0.6294188511 0.5997911072
0.2174711979 0.0146477478 0.0563373983 0.0000000000 0.0401134523 0.8341377399 0.5047259332 0.4927617162 0.2596249622 1.5459739875 0.5983402767
0.3132025402 0.9730771276 0.0707443669 0.0401134523 0.0000000000 1.3517570691 0.5564256746 0.1935094414 2.6761320397 0.1776884895 0.4571537846
0.1940870557 0.0485580138 0.2789349784 0.8341377399 1.3517570691 0.0000000000 0.5469943007 2.2725621888 1.7758884501 1.9437896205 0.2128734095
0.3741499342 1.6090826939 3.8212406801 0.5047259332 0.5564256746 0.5469943007 0.0000000000 4.8117689220 0.1852619077 1.7678229856 1.1236137115
3.4144040592 1.1180461312 0.3385278209 0.4927617162 0.1935094414 2.2725621888 4.8117689220 0.0000000000 1.1890293302 1.0923164437 0.2569188156
0.5972472454 2.1765039682 1.2395643744 0.2596249622 2.6761320397 1.7758884501 0.1852619077 1.1890293302 0.0000000000 1.0499219554 0.8055289442
0.0364825788 2.1649085567 0.6294188511 1.5459739875 0.1776884895 1.9437896205 1.7678229856 1.0923164437 1.0499219554 0.0000000000 0.2411163579
1.1222865896 0.9912026883 0.5997911072 0.5983402767 0.4571537846 0.2128734095 1.1236137115 0.2569188156 0.8055289442 0.2411163579 0.0000000000
