# MCW Instance
# Type: EXPONENTIAL
# N: 11
# Optimal cost: 2.2588970118658955
# Optimal tour (permutation): [0, 8, 10, 1, 9, 7, 2, 4, 5, 3, 6, 0]
# Optimal walk (full path): [0, 8, 0, 10, 1, 9, 7, 2, 7, 4, 5, 3, 5, 6, 0]
# Walk size: 15
# Is walk (has repeats): true

# Distance Matrix
0.0000000000 0.4455573192 0.3108723605 1.0776730113 0.2015184563 0.3146469932 0.4787358484 1.2837221157 0.0032472368 0.2719231446 0.5212543173
0.4455573192 0.0000000000 1.9861619747 2.4352360632 0.1880439946 0.4445961291 1.4613516343 0.2683344767 2.7726817742 0.0403629885 0.3008292637
0.3108723605 1.9861619747 0.0000000000 1.8145419966 0.4101136166 0.4662785699 3.4783507032 0.0465047285 3.0935216666 0.9632994391 2.2069447623
1.0776730113 2.4352360632 1.8145419966 0.0000000000 0.3860241622 0.0757451509 0.7765887630 0.3487753865 0.3189626242 0.4779246578 2.4433863001
0.2015184563 0.1880439946 0.4101136166 0.3860241622 0.0000000000 0.1014072800 0.8861660792 0.1093868582 0.9116156530 0.1307726752 0.4607970225
0.3146469932 0.4445961291 0.4662785699 0.0757451509 0.1014072800 0.0000000000 0.3774595747 1.4610692449 2.3952883214 0.6122255729 0.8584075807
0.4787358484 1.4613516343 3.4783507032 0.7765887630 0.8861660792 0.3774595747 0.0000000000 1.5189186990 0.8633406841 0.3364375728 1.7493599605
1.2837221157 0.2683344767 0.0465047285 0.3487753865 0.1093868582 1.4610692449 1.5189186990 0.0000000000 0.9660581191 0.0784666486 2.5562818032
0.0032472368 2.7726817742 3.0935216666 0.3189626242 0.9116156530 2.3952883214 0.8633406841 0.9660581191 0.0000000000 0.4297643337 1.4992655133
0.2719231446 0.0403629885 0.9632994391 0.4779246578 0.1307726752 0.6122255729 0.3364375728 0.0784666486 0.4297643337 0.0000000000 0.7659712949
0.5212543173 0.3008292637 2.2069447623 2.4433863001 0.4607970225 0.8584075807 1.7493599605 2.5562818032 1.4992655133 0.7659712949 0.0000000000
