# MCW Instance
# Type: EXPONENTIAL
# N: 11
# Optimal cost: 2.1299756050494305
# Optimal tour (permutation): [0, 9, 3, 1, 4, 6, 8, 5, 2, 10, 7, 0]
# Optimal walk (full path): [0, 9, 1, 3, 1, 4, 6, 4, 8, 5, 2, 10, 7, 0]
# Walk size: 14
# Is walk (has repeats): true

# Distance Matrix
0.0000000000 1.4684223529 1.1513617230 1.0930331018 1.1841818867 0.3238258928 1.3167282333 0.2630379210 0.5540916635 0.3344129612 1.0923644045
1.4684223529 0.0000000000 0.0635343583 0.1643255141 0.1550158396 0.7233882737 3.2735900225 1.8336506119 0.1677303171 0.1610152904 2.1775604039
1.1513617230 0.0635343583 0.0000000000 1.6883874134 0.9174244973 0.1283400986 1.5629212926 0.6219254225 2.9769030396 0.2302173809 0.1414808002
1.0930331018 0.1643255141 1.6883874134 0.0000000000 0.9474906229 1.0604392878 2.1374731576 2.4056428346 0.3947398946 3.4431147582 0.4343262599
1.1841818867 0.1550158396 0.9174244973 0.9474906229 0.0000000000 0.4459442740 0.0652437307 2.6705225642 0.0556722584 3.0160561927 2.3073304797
0.3238258928 0.7233882737 0.1283400986 1.0604392878 0.4459442740 0.0000000000 0.2398544911 4.4144190900 0.1284394293 1.5676623655 1.7996287763
1.3167282333 3.2735900225 1.5629212926 2.1374731576 0.0652437307 0.2398544911 0.0000000000 0.9304082197 0.3056955131 1.0047986405 1.8636372011
0.2630379210 1.8336506119 0.6219254225 2.4056428346 2.6705225642 4.4144190900 0.9304082197 0.0000000000 0.6035182080 1.9362369278 0.3034225170
0.5540916635 0.1677303171 2.9769030396 0.3947398946 0.0556722584 0.1284394293 0.3056955131 0.6035182080 0.0000000000 3.0193001090 0.2656524386
0.3344129612 0.1610152904 0.2302173809 3.4431147582 3.0160561927 1.5676623655 1.0047986405 1.9362369278 3.0193001090 0.0000000000 0.2622104798
1.0923644045 2.1775604039 0.1414808002 0.4343262599 2.3073304797 1.7996287763 1.8636372011 0.3034225170 0.2656524386 0.2622104798 0.0000000000
