# MCW Instance
# Type: EXPONENTIAL
# N: 11
# Optimal cost: 2.4391680974903793
# Optimal tour (permutation): [0, 5, 7, 10, 1, 3, 9, 2, 8, 6, 4, 0]
# Optimal walk (full path): [0, 5, 0, 7, 10, 1, 3, 9, 2, 8, 6, 8, 4, 8, 0]
# Walk size: 15
# Is walk (has repeats): true

# Distance Matrix
0.0000000000 0.1515631663 1.2842138417 1.8277716375 0.1770463034 0.1303641514 0.9056807556 0.0342693651 0.0244351916 1.0897245112 1.0975613457
0.1515631663 0.0000000000 1.3500133487 0.2057255572 2.3197030655 0.9312443074 0.4077137011 1.1270143414 2.5325429210 2.2346473015 0.5120923643
1.2842138417 1.3500133487 0.0000000000 2.5226728789 1.1108630554 0.6091237858 1.1700448348 0.6419670356 0.2307567060 0.3817453545 3.1898487264
1.8277716375 0.2057255572 2.5226728789 0.0000000000 0.3865044528 3.9334467648 4.7479752139 0.4273317045 0.4314091149 0.2376894199 2.2505555452
0.1770463034 2.3197030655 1.1108630554 0.3865044528 0.0000000000 0.2532531447 1.5525421828 2.0219823428 0.0384922840 0.6825198176 0.6765517419
0.1303641514 0.9312443074 0.6091237858 3.9334467648 0.2532531447 0.0000000000 1.0811798601 1.7857488414 0.2627400097 0.2724693466 0.7834370861
0.9056807556 0.4077137011 1.1700448348 4.7479752139 1.5525421828 1.0811798601 0.0000000000 2.6814179341 0.0675107713 0.4383668457 0.8936549853
0.0342693651 1.1270143414 0.6419670356 0.4273317045 2.0219823428 1.7857488414 2.6814179341 0.0000000000 1.0198677276 0.2787336951 0.3397197255
0.0244351916 2.5325429210 0.2307567060 0.4314091149 0.0384922840 0.2627400097 0.0675107713 1.0198677276 0.0000000000 1.8101499168 0.8547135034
1.0897245112 2.2346473015 0.3817453545 0.2376894199 0.6825198176 0.2724693466 0.4383668457 0.2787336951 1.8101499168 0.0000000000 0.4983925647
1.0975613457 0.5120923643 3.1898487264 2.2505555452 0.6765517419 0.7834370861 0.8936549853 0.3397197255 0.8547135034 0.4983925647 0.0000000000
