# MCW Instance
# Type: EXPONENTIAL
# N: 11
# Optimal cost: 1.3905286791279865
# Optimal tour (permutation): [0, 10, 6, 8, 5, 3, 4, 2, 9, 1, 7, 0]
# Optimal walk (full path): [0, 6, 10, 6, 8, 5, 8, 3, 4, 2, 7, 9, 1, 9, 7, 0]
# Walk size: 16
# Is walk (has repeats): true

# Distance Matrix
0.0000000000 0.4665086261 1.1527828320 0.3264763652 0.7772141743 0.4499753872 0.1514815907 0.0266527125 0.7514160386 2.2460040690 0.2954788792
0.4665086261 0.0000000000 0.7322961543 0.6360431449 2.5431412897 5.7347141750 1.6425545957 1.3205047544 0.4307407447 0.1263015981 0.5993621972
1.1527828320 0.7322961543 0.0000000000 4.2904586195 0.2269600562 0.4778949007 1.8066560914 0.0691821657 1.0654949166 0.9104447035 0.2250313746
0.3264763652 0.6360431449 4.2904586195 0.0000000000 0.1019168663 0.3594660045 0.1268600661 0.4853530507 0.1465403175 2.9004727068 1.1519293988
0.7772141743 2.5431412897 0.2269600562 0.1019168663 0.0000000000 1.1319330868 0.1940306843 0.4973192594 0.8727672351 0.5875899504 1.9533830751
0.4499753872 5.7347141750 0.4778949007 0.3594660045 1.1319330868 0.0000000000 0.2699221598 0.6456629352 0.1332526523 2.3096485789 0.4604272519
0.1514815907 1.6425545957 1.8066560914 0.1268600661 0.1940306843 0.2699221598 0.0000000000 0.2782957761 0.0511907947 1.9415260594 0.0002089141
0.0266527125 1.3205047544 0.0691821657 0.4853530507 0.4973192594 0.6456629352 0.2782957761 0.0000000000 1.3181639477 0.0485389233 0.6538910911
0.7514160386 0.4307407447 1.0654949166 0.1465403175 0.8727672351 0.1332526523 0.0511907947 1.3181639477 0.0000000000 0.3911527444 0.4532939185
2.2460040690 0.1263015981 0.9104447035 2.9004727068 0.5875899504 2.3096485789 1.9415260594 0.0485389233 0.3911527444 0.0000000000 0.1793083491
0.2954788792 0.5993621972 0.2250313746 1.1519293988 1.9533830751 0.4604272519 0.0002089141 0.6538910911 0.4532939185 0.1793083491 0.0000000000
