# MCW Instance
# Type: EXPONENTIAL
# N: 11
# Optimal cost: 1.61913764423774
# Optimal tour (permutation): [0, 7, 10, 8, 4, 3, 2, 5, 9, 6, 1, 0]
# Optimal walk (full path): [0, 7, 10, 8, 10, 2, 3, 4, 3, 2, 5, 6, 9, 6, 1, 0]
# Walk size: 16
# Is walk (has repeats): true

# Distance Matrix
0.0000000000 0.3888203670 0.7577590532 0.5457387453 1.9895255429 4.1458856370 0.6509936753 0.1883176643 1.0557754640 3.4282680610 1.1422945691
0.3888203670 0.0000000000 0.4011586522 1.2957552283 1.0150328225 1.4525195507 0.1737746746 1.1823180238 0.2928587128 1.7326571175 0.7661352205
0.7577590532 0.4011586522 0.0000000000 0.0337845602 0.6054701722 0.1010939494 0.3244262293 0.5465669770 0.1877057814 0.0769546155 0.0276636827
0.5457387453 1.2957552283 0.0337845602 0.0000000000 0.1016625655 0.4239529505 0.6167464343 0.3666548760 0.7739078835 0.5042131728 0.5875438193
1.9895255429 1.0150328225 0.6054701722 0.1016625655 0.0000000000 0.2695222771 0.7849637102 1.5146002602 1.1376427952 0.7926844666 0.1913289881
4.1458856370 1.4525195507 0.1010939494 0.4239529505 0.2695222771 0.0000000000 0.1499486082 0.4752095385 2.8384490854 2.8273047448 0.6136881732
0.6509936753 0.1737746746 0.3244262293 0.6167464343 0.7849637102 0.1499486082 0.0000000000 3.7834667797 0.7888717332 0.0181869918 0.4985865238
0.1883176643 1.1823180238 0.5465669770 0.3666548760 1.5146002602 0.4752095385 3.7834667797 0.0000000000 2.2418236765 0.2362904408 0.2814474005
1.0557754640 0.2928587128 0.1877057814 0.7739078835 1.1376427952 2.8384490854 0.7888717332 2.2418236765 0.0000000000 0.5226447529 0.0004015312
3.4282680610 1.7326571175 0.0769546155 0.5042131728 0.7926844666 2.8273047448 0.0181869918 0.2362904408 0.5226447529 0.0000000000 1.0675406277
1.1422945691 0.7661352205 0.0276636827 0.5875438193 0.1913289881 0.6136881732 0.4985865238 0.2814474005 0.0004015312 1.0675406277 0.0000000000
