# MCW Instance
# Type: EXPONENTIAL
# N: 11
# Optimal cost: 1.3118099357649486
# Optimal tour (permutation): [0, 6, 8, 3, 10, 9, 7, 5, 4, 2, 1, 0]
# Optimal walk (full path): [0, 6, 0, 8, 3, 10, 7, 9, 7, 10, 5, 4, 0, 1, 2, 1, 0]
# Walk size: 17
# Is walk (has repeats): true

# Distance Matrix
0.0000000000 0.0163053714 2.5729856380 1.3917924379 0.1078138432 0.0802074899 0.0358957843 1.5365530339 0.1200205155 0.9329932072 1.6329606226
0.0163053714 0.0000000000 0.1542969917 0.9578854303 0.5250916530 0.8869138963 3.8861297808 0.4653203332 0.7336533168 0.3732178446 0.7152982638
2.5729856380 0.1542969917 0.0000000000 3.1202681017 5.6085119662 0.2971674885 0.3026567572 0.8752206042 0.8015479735 0.4186793363 0.1868934516
1.3917924379 0.9578854303 3.1202681017 0.0000000000 1.3716022823 1.6409161023 0.3400114685 0.6695198686 0.1957279499 1.1210750622 0.0765012835
0.1078138432 0.5250916530 5.6085119662 1.3716022823 0.0000000000 0.1575267640 0.3460573843 0.5969492302 0.8747886628 2.0966787906 2.5491528711
0.0802074899 0.8869138963 0.2971674885 1.6409161023 0.1575267640 0.0000000000 0.6990399084 0.5589144452 1.1682802235 1.9057992479 0.0955355940
0.0358957843 3.8861297808 0.3026567572 0.3400114685 0.3460573843 0.6990399084 0.0000000000 0.6868456672 0.5443236257 0.5129290058 1.1570326156
1.5365530339 0.4653203332 0.8752206042 0.6695198686 0.5969492302 0.5589144452 0.6868456672 0.0000000000 2.3818420492 0.0239562405 0.0488876050
0.1200205155 0.7336533168 0.8015479735 0.1957279499 0.8747886628 1.1682802235 0.5443236257 2.3818420492 0.0000000000 0.5009565061 1.1912928847
0.9329932072 0.3732178446 0.4186793363 1.1210750622 2.0966787906 1.9057992479 0.5129290058 0.0239562405 0.5009565061 0.0000000000 2.4476270816
1.6329606226 0.7152982638 0.1868934516 0.0765012835 2.5491528711 0.0955355940 1.1570326156 0.0488876050 1.1912928847 2.4476270816 0.0000000000
