# MCW Instance
# Type: EXPONENTIAL
# N: 11
# Optimal cost: 3.845420724055287
# Optimal tour (permutation): [0, 10, 3, 4, 2, 5, 8, 6, 9, 1, 7, 0]
# Optimal walk (full path): [0, 10, 3, 10, 4, 2, 5, 8, 6, 9, 1, 0, 7, 0]
# Walk size: 14
# Is walk (has repeats): true

# Distance Matrix
0.0000000000 0.7017700911 2.7061578977 1.0159704779 0.4958593662 1.1738714672 1.0479809143 0.0817329570 1.5700422111 0.6278147330 0.1926846847
0.7017700911 0.0000000000 1.0783299565 2.0304190576 0.8558483737 0.9432316052 3.5060115214 1.0290092958 2.2851091031 0.7455925773 0.7863136631
2.7061578977 1.0783299565 0.0000000000 1.0442728146 0.7490267208 0.4997477344 1.2629074287 1.3499058310 1.1999068915 1.4166495312 1.5599217673
1.0159704779 2.0304190576 1.0442728146 0.0000000000 2.5593480505 2.2863266689 0.4514973390 1.6165304991 1.8548586864 1.7703808488 0.1084029196
0.4958593662 0.8558483737 0.7490267208 2.5593480505 0.0000000000 0.8778270563 2.2911633817 0.9787754010 1.4706943924 4.1678246201 0.1434270120
1.1738714672 0.9432316052 0.4997477344 2.2863266689 0.8778270563 0.0000000000 0.9536372492 0.3699068052 0.0953720027 0.6592193066 0.2685100732
1.0479809143 3.5060115214 1.2629074287 0.4514973390 2.2911633817 0.9536372492 0.0000000000 0.5775634678 0.0742396350 0.2632885128 0.1358999462
0.0817329570 1.0290092958 1.3499058310 1.6165304991 0.9787754010 0.3699068052 0.5775634678 0.0000000000 0.3496748684 1.3651644187 3.2926135815
1.5700422111 2.2851091031 1.1999068915 1.8548586864 1.4706943924 0.0953720027 0.0742396350 0.3496748684 0.0000000000 0.3855727041 5.4777055968
0.6278147330 0.7455925773 1.4166495312 1.7703808488 4.1678246201 0.6592193066 0.2632885128 1.3651644187 0.3855727041 0.0000000000 0.3990982835
0.1926846847 0.7863136631 1.5599217673 0.1084029196 0.1434270120 0.2685100732 0.1358999462 3.2926135815 5.4777055968 0.3990982835 0.0000000000
