# MCW Instance
# Type: EXPONENTIAL
# N: 11
# Optimal cost: 1.6686673361133257
# Optimal tour (permutation): [0, 10, 7, 9, 4, 3, 5, 8, 6, 2, 1, 0]
# Optimal walk (full path): [0, 10, 7, 9, 4, 9, 7, 5, 3, 5, 8, 6, 2, 1, 7, 0]
# Walk size: 16
# Is walk (has repeats): true

# Distance Matrix
0.0000000000 0.7824807561 0.4686438341 2.2126375679 0.4102855849 0.7026642598 1.3310310735 0.2321078849 0.3198325218 0.7020209374 0.2900432695
0.7824807561 0.0000000000 0.0623291579 0.6116293039 3.7246147098 0.4719907958 0.0803052938 0.0563781745 0.7394492572 0.6830544494 0.3409854683
0.4686438341 0.0623291579 0.0000000000 1.3783196279 0.4522024744 1.4601368840 0.1267645171 0.7371536166 0.7206964576 0.2706891905 1.0008050454
2.2126375679 0.6116293039 1.3783196279 0.0000000000 3.9760769449 0.0355054762 2.5001906280 0.4992827873 1.0073979682 1.0820849371 0.3116474182
0.4102855849 3.7246147098 0.4522024744 3.9760769449 0.0000000000 0.2801532095 2.1452259966 0.3813912902 1.0385715874 0.0808247307 1.7321993087
0.7026642598 0.4719907958 1.4601368840 0.0355054762 0.2801532095 0.0000000000 0.8796694379 0.1219189061 0.2069909036 0.4339389987 3.2375070599
1.3310310735 0.0803052938 0.1267645171 2.5001906280 2.1452259966 0.8796694379 0.0000000000 0.2332891458 0.1293940115 0.6308055939 1.7289072151
0.2321078849 0.0563781745 0.7371536166 0.4992827873 0.3813912902 0.1219189061 0.2332891458 0.0000000000 0.1085917653 0.0419797045 0.1261206880
0.3198325218 0.7394492572 0.7206964576 1.0073979682 1.0385715874 0.2069909036 0.1293940115 0.1085917653 0.0000000000 0.5083941006 3.2388901100
0.7020209374 0.6830544494 0.2706891905 1.0820849371 0.0808247307 0.4339389987 0.6308055939 0.0419797045 0.5083941006 0.0000000000 0.6156446486
0.2900432695 0.3409854683 1.0008050454 0.3116474182 1.7321993087 3.2375070599 1.7289072151 0.1261206880 3.2388901100 0.6156446486 0.0000000000
