# MCW Instance
# Type: EXPONENTIAL
# N: 11
# Optimal cost: 1.572872956761363
# Optimal tour (permutation): [0, 7, 6, 5, 8, 4, 1, 10, 2, 3, 9, 0]
# Optimal walk (full path): [0, 7, 6, 5, 8, 4, 1, 10, 2, 3, 9, 0]
# Walk size: 12
# Is walk (has repeats): false

# Distance Matrix
0.0000000000 1.6022560759 1.5629819066 1.0814622594 0.6155503376 0.5319208738 0.6170841134 0.2912077552 1.1801272179 0.0675080212 0.0616022863
1.6022560759 0.0000000000 0.2545183825 2.4422367565 0.0660524180 1.2472733676 2.1688186610 0.3069321944 0.7784824448 1.2262560722 0.0026939324
1.5629819066 0.2545183825 0.0000000000 0.0754254708 0.5174423403 1.2267157391 1.7196311809 0.6226074490 1.7960763466 0.5907809871 0.0044652379
1.0814622594 2.4422367565 0.0754254708 0.0000000000 3.3377039311 1.6160219665 0.5842322786 2.5146660371 0.9613704494 0.0395271560 0.9611949044
0.6155503376 0.0660524180 0.5174423403 3.3377039311 0.0000000000 2.4144768355 0.4060287481 1.0919646553 0.0464736419 1.3919396015 3.4346885400
0.5319208738 1.2472733676 1.2267157391 1.6160219665 2.4144768355 0.0000000000 0.1924049055 0.5809228334 0.2549668684 2.0175467073 1.8779107217
0.6170841134 2.1688186610 1.7196311809 0.5842322786 0.4060287481 0.1924049055 0.0000000000 0.5321475495 2.2662048210 0.5960309358 1.1313789805
0.2912077552 0.3069321944 0.6226074490 2.5146660371 1.0919646553 0.5809228334 0.5321475495 0.0000000000 3.1755656317 0.6473323258 1.2190873774
1.1801272179 0.7784824448 1.7960763466 0.9613704494 0.0464736419 0.2549668684 2.2662048210 3.1755656317 0.0000000000 2.0345782426 0.1525664792
0.0675080212 1.2262560722 0.5907809871 0.0395271560 1.3919396015 2.0175467073 0.5960309358 0.6473323258 2.0345782426 0.0000000000 1.8020938958
0.0616022863 0.0026939324 0.0044652379 0.9611949044 3.4346885400 1.8779107217 1.1313789805 1.2190873774 0.1525664792 1.8020938958 0.0000000000
