# MCW Instance
# Type: EXPONENTIAL
# N: 11
# Optimal cost: 1.8752973181650794
# Optimal tour (permutation): [0, 6, 4, 1, 2, 8, 9, 10, 7, 3, 5, 0]
# Optimal walk (full path): [0, 6, 4, 1, 2, 8, 9, 10, 7, 3, 5, 0]
# Walk size: 12
# Is walk (has repeats): false

# Distance Matrix
0.0000000000 0.6689292338 3.0787027134 0.1103394124 0.9529798560 0.1811099677 0.2006960704 1.2319093715 0.1723521935 0.8475331932 0.2396906915
0.6689292338 0.0000000000 0.1597167969 0.5380460780 0.3029898894 1.0723420388 1.4042894907 0.6149351557 0.2627588670 0.5621871961 0.8740588987
3.0787027134 0.1597167969 0.0000000000 0.4565648352 0.6947311949 0.5331742072 1.0089012415 1.2724604223 0.3620314490 1.1268105424 0.4998626513
0.1103394124 0.5380460780 0.4565648352 0.0000000000 0.7099624395 0.0707723616 1.9878203677 0.0537585506 2.5636832737 0.1448208592 1.3465208583
0.9529798560 0.3029898894 0.6947311949 0.7099624395 0.0000000000 0.4906118917 0.3156495116 1.1373440823 0.2873137183 3.4698949497 0.7117969212
0.1811099677 1.0723420388 0.5331742072 0.0707723616 0.4906118917 0.0000000000 0.9982463449 1.9695994286 0.7332367110 1.2411575457 0.6291701204
0.2006960704 1.4042894907 1.0089012415 1.9878203677 0.3156495116 0.9982463449 0.0000000000 0.5499242478 0.8807816338 0.1048273333 1.0000307835
1.2319093715 0.6149351557 1.2724604223 0.0537585506 1.1373440823 1.9695994286 0.5499242478 0.0000000000 0.2754370964 0.3669259412 0.1897590322
0.1723521935 0.2627588670 0.3620314490 2.5636832737 0.2873137183 0.7332367110 0.8807816338 0.2754370964 0.0000000000 0.0148733383 0.8194063813
0.8475331932 0.5621871961 1.1268105424 0.1448208592 3.4698949497 1.2411575457 0.1048273333 0.3669259412 0.0148733383 0.0000000000 0.0239403503
0.2396906915 0.8740588987 0.4998626513 1.3465208583 0.7117969212 0.6291701204 1.0000307835 0.1897590322 0.8194063813 0.0239403503 0.0000000000
