# MCW Instance
# Type: EXPONENTIAL
# N: 11
# Optimal cost: 2.4311065218348897
# Optimal tour (permutation): [0, 4, 3, 8, 2, 1, 9, 6, 10, 7, 5, 0]
# Optimal walk (full path): [0, 4, 3, 8, 2, 8, 1, 6, 9, 6, 7, 10, 7, 6, 5, 0]
# Walk size: 16
# Is walk (has repeats): true

# Distance Matrix
0.0000000000 1.4402387731 0.6533253461 1.7112720453 0.1636071364 0.0980424777 0.9881568408 0.8034891713 1.1685329969 0.9644283239 0.7686958232
1.4402387731 0.0000000000 0.8477866370 1.9623980682 1.5309429361 1.0260679009 0.2339003463 1.1995096952 0.2163671645 2.3899327619 0.6043826385
0.6533253461 0.8477866370 0.0000000000 1.6044049572 1.6526105883 3.5612539279 0.5420153782 2.6228270213 0.3481441792 0.9678539836 0.8488269454
1.7112720453 1.9623980682 1.6044049572 0.0000000000 0.2140009677 1.4500783135 0.3200610110 1.7308113183 0.1942468079 1.0556685349 1.4679510780
0.1636071364 1.5309429361 1.6526105883 0.2140009677 0.0000000000 1.8723642802 0.6949177483 1.6648621347 0.6260630159 1.1064998863 2.1962860184
0.0980424777 1.0260679009 3.5612539279 1.4500783135 1.8723642802 0.0000000000 0.1234141007 0.5168498779 0.5337659318 2.2743609968 1.1006983616
0.9881568408 0.2339003463 0.5420153782 0.3200610110 0.6949177483 0.1234141007 0.0000000000 0.0309456173 0.3173657096 0.1583286497 0.5862654801
0.8034891713 1.1995096952 2.6228270213 1.7308113183 1.6648621347 0.5168498779 0.0309456173 0.0000000000 1.4170965581 0.2841489020 0.0563453140
1.1685329969 0.2163671645 0.3481441792 0.1942468079 0.6260630159 0.5337659318 0.3173657096 1.4170965581 0.0000000000 1.2193900255 0.6481087204
0.9644283239 2.3899327619 0.9678539836 1.0556685349 1.1064998863 2.2743609968 0.1583286497 0.2841489020 1.2193900255 0.0000000000 2.5206069529
0.7686958232 0.6043826385 0.8488269454 1.4679510780 2.1962860184 1.1006983616 0.5862654801 0.0563453140 0.6481087204 2.5206069529 0.0000000000
