# MCW Instance
# Type: EXPONENTIAL
# N: 9
# Optimal cost: 2.9132307202565366
# Optimal tour (permutation): [0, 8, 2, 4, 7, 5, 1, 3, 6, 0]
# Optimal walk (full path): [0, 1, 8, 1, 4, 2, 4, 7, 5, 1, 3, 0, 6, 0]
# Walk size: 14
# Is walk (has repeats): true

# Distance Matrix
0.0000000000 0.1054762053 3.9136867608 0.3408841039 2.0241826697 1.5760022303 0.1361280775 0.9766673379 1.2356895398
0.1054762053 0.0000000000 0.4886053552 0.2414487834 0.0774631247 0.1989361138 0.4270580220 0.5189800023 0.1623438598
3.9136867608 0.4886053552 0.0000000000 1.0476782147 0.3244325369 1.4519341654 3.1163029756 2.1261646122 1.2467533193
0.3408841039 0.2414487834 1.0476782147 0.0000000000 1.7399685745 0.5640796244 1.4839899415 2.3043023553 1.0423385902
2.0241826697 0.0774631247 0.3244325369 1.7399685745 0.0000000000 1.4744613829 0.6671972018 0.3856198729 2.5448917211
1.5760022303 0.1989361138 1.4519341654 0.5640796244 1.4744613829 0.0000000000 3.0717117407 0.3175935678 3.1095442206
0.1361280775 0.4270580220 3.1163029756 1.4839899415 0.6671972018 3.0717117407 0.0000000000 0.5795550835 0.7060952286
0.9766673379 0.5189800023 2.1261646122 2.3043023553 0.3856198729 0.3175935678 0.5795550835 0.0000000000 2.1507875747
1.2356895398 0.1623438598 1.2467533193 1.0423385902 2.5448917211 3.1095442206 0.7060952286 2.1507875747 0.0000000000
