# MCW Instance
# Type: EXPONENTIAL
# N: 9
# Optimal cost: 1.5842465081159962
# Optimal tour (permutation): [0, 2, 6, 8, 7, 3, 4, 5, 1, 0]
# Optimal walk (full path): [0, 2, 0, 6, 0, 8, 7, 3, 4, 5, 1, 0]
# Walk size: 12
# Is walk (has repeats): true

# Distance Matrix
0.0000000000 0.1717645210 0.0566281479 0.1611640458 0.1653373988 1.4473107880 0.0056894507 0.4965244814 0.0802614841
0.1717645210 0.0000000000 0.7449260627 0.9150425577 0.9962659160 0.2751637799 2.2171629544 0.8002045301 1.1406002830
0.0566281479 0.7449260627 0.0000000000 0.8802945198 0.3489811888 1.9998671409 3.4543392541 0.5011700696 0.5013983148
0.1611640458 0.9150425577 0.8802945198 0.0000000000 0.2297128868 0.3412070866 0.4167398467 0.2516566028 0.3978430614
0.1653373988 0.9962659160 0.3489811888 0.2297128868 0.0000000000 0.1719634149 0.7395617676 0.5721191042 1.3268531732
1.4473107880 0.2751637799 1.9998671409 0.3412070866 0.1719634149 0.0000000000 0.2987981734 2.0732889452 2.1822397232
0.0056894507 2.2171629544 3.4543392541 0.4167398467 0.7395617676 0.2987981734 0.0000000000 2.9055213786 0.6899690201
0.4965244814 0.8002045301 0.5011700696 0.2516566028 0.5721191042 2.0732889452 2.9055213786 0.0000000000 0.2790886215
0.0802614841 1.1406002830 0.5013983148 0.3978430614 1.3268531732 2.1822397232 0.6899690201 0.2790886215 0.0000000000
