# MCW Instance
# Type: EXPONENTIAL
# N: 9
# Optimal cost: 1.4052950861602331
# Optimal tour (permutation): [0, 3, 7, 4, 1, 5, 8, 6, 2, 0]
# Optimal walk (full path): [0, 3, 7, 4, 5, 1, 5, 8, 6, 2, 0]
# Walk size: 11
# Is walk (has repeats): true

# Distance Matrix
0.0000000000 1.6846067738 0.0433030890 0.3715849410 0.4033258545 0.7942185248 0.3438796639 0.5601297793 0.3439714001
1.6846067738 0.0000000000 0.2064244023 1.0357118479 1.3147951790 0.0171700567 1.0670972745 0.9872888313 0.3332336888
0.0433030890 0.2064244023 0.0000000000 0.3732525028 0.5157638167 0.4842043761 0.2673596041 4.8379926562 0.7189369849
0.3715849410 1.0357118479 0.3732525028 0.0000000000 0.6741084562 1.1378705714 1.3225420058 0.1211994624 2.3168450912
0.4033258545 1.3147951790 0.5157638167 0.6741084562 0.0000000000 0.2114797681 2.9655554106 0.1186371177 0.4725309792
0.7942185248 0.0171700567 0.4842043761 1.1378705714 0.2114797681 0.0000000000 1.5659041395 0.2573013278 0.1983766345
0.3438796639 1.0670972745 0.2673596041 1.3225420058 2.9655554106 1.5659041395 0.0000000000 1.8710537265 0.0390143560
0.5601297793 0.9872888313 4.8379926562 0.1211994624 0.1186371177 0.2573013278 1.8710537265 0.0000000000 0.9517450681
0.3439714001 0.3332336888 0.7189369849 2.3168450912 0.4725309792 0.1983766345 0.0390143560 0.9517450681 0.0000000000
