# MCW Instance
# Type: EXPONENTIAL
# N: 9
# Optimal cost: 1.4778610778791634
# Optimal tour (permutation): [0, 8, 1, 6, 4, 3, 7, 2, 5, 0]
# Optimal walk (full path): [0, 8, 1, 6, 3, 4, 3, 7, 2, 5, 0]
# Walk size: 11
# Is walk (has repeats): true

# Distance Matrix
0.0000000000 0.5042683588 0.4052448560 0.8787396936 1.8382570349 0.3072248914 0.5764245411 0.6852088273 0.2267148575
0.5042683588 0.0000000000 0.8764977262 0.2377009651 2.4882306669 0.6226112649 0.1091026192 2.4946113568 0.2605355835
0.4052448560 0.8764977262 0.0000000000 1.3295355569 0.3811950271 0.1700788224 0.0794105617 0.1868543777 0.2379681404
0.8787396936 0.2377009651 1.3295355569 0.0000000000 0.0089541242 0.5830798678 0.0164708036 0.1829708743 0.5701983977
1.8382570349 2.4882306669 0.3811950271 0.0089541242 0.0000000000 0.2909535251 0.1509714838 0.8883786652 0.2011073169
0.3072248914 0.6226112649 0.1700788224 0.5830798678 0.2909535251 0.0000000000 0.1587370789 1.2970759431 1.6166639057
0.5764245411 0.1091026192 0.0794105617 0.0164708036 0.1509714838 0.1587370789 0.0000000000 0.7059256359 1.4327589032
0.6852088273 2.4946113568 0.1868543777 0.1829708743 0.8883786652 1.2970759431 0.7059256359 0.0000000000 0.3456529254
0.2267148575 0.2605355835 0.2379681404 0.5701983977 0.2011073169 1.6166639057 1.4327589032 0.3456529254 0.0000000000
