# MCW Instance
# Type: EXPONENTIAL
# N: 9
# Optimal cost: 2.460891989138357
# Optimal tour (permutation): [0, 7, 2, 5, 8, 3, 6, 4, 1, 0]
# Optimal walk (full path): [0, 7, 2, 8, 5, 8, 3, 8, 4, 6, 4, 1, 0]
# Walk size: 13
# Is walk (has repeats): true

# Distance Matrix
0.0000000000 0.5593537584 1.4985595659 0.6125980819 0.2878449130 0.7373650173 0.8267893943 0.1877111974 0.2909765049
0.5593537584 0.0000000000 2.2960786689 1.5971592921 0.3373552159 2.6628559347 0.3491002000 3.4343817184 2.6478844646
1.4985595659 2.2960786689 0.0000000000 0.7883756223 0.1702740665 1.5171041940 0.6201241399 0.2034559651 0.0726800454
0.6125980819 1.5971592921 0.7883756223 0.0000000000 2.5039930383 0.7815397408 1.4097998971 1.8466512923 0.1978028373
0.2878449130 0.3373552159 0.1702740665 2.5039930383 0.0000000000 1.0895900457 0.0006547838 1.5929539643 0.0580941450
0.7373650173 2.6628559347 1.5171041940 0.7815397408 1.0895900457 0.0000000000 3.9605905659 0.7149914190 0.3226632099
0.8267893943 0.3491002000 0.6201241399 1.4097998971 0.0006547838 3.9605905659 0.0000000000 3.5110544089 1.1521375278
0.1877111974 3.4343817184 0.2034559651 1.8466512923 1.5929539643 0.7149914190 3.5110544089 0.0000000000 0.9014255719
0.2909765049 2.6478844646 0.0726800454 0.1978028373 0.0580941450 0.3226632099 1.1521375278 0.9014255719 0.0000000000
