# MCW Instance
# Type: EXPONENTIAL
# N: 9
# Optimal cost: 2.609508350552938
# Optimal tour (permutation): [0, 4, 3, 7, 8, 5, 2, 6, 1, 0]
# Optimal walk (full path): [0, 4, 3, 4, 7, 2, 5, 8, 5, 2, 6, 1, 0]
# Walk size: 13
# Is walk (has repeats): true

# Distance Matrix
0.0000000000 0.0396942861 1.4386941811 0.7270179364 0.1221046715 1.2592697640 0.4344545276 0.6938670820 3.0221235039
0.0396942861 0.0000000000 1.5246627804 0.3697588029 0.5992154170 0.2777175280 0.1021707644 0.4874778002 0.7207624110
1.4386941811 1.5246627804 0.0000000000 1.6395229895 0.7736082215 0.0613038374 0.2008759526 0.4213908185 0.3867527630
0.7270179364 0.3697588029 1.6395229895 0.0000000000 0.2050038597 1.0072450703 0.7157744763 2.1027687570 1.9071835408
0.1221046715 0.5992154170 0.7736082215 0.2050038597 0.0000000000 0.4434165811 0.8757785211 0.5795847076 0.6574289105
1.2592697640 0.2777175280 0.0613038374 1.0072450703 0.4434165811 0.0000000000 0.8193312203 1.1437199147 0.3055358779
0.4344545276 0.1021707644 0.2008759526 0.7157744763 0.8757785211 0.8193312203 0.0000000000 0.5693926495 4.8484077558
0.6938670820 0.4874778002 0.4213908185 2.1027687570 0.5795847076 1.1437199147 0.5693926495 0.0000000000 0.9024619947
3.0221235039 0.7207624110 0.3867527630 1.9071835408 0.6574289105 0.3055358779 4.8484077558 0.9024619947 0.0000000000
