# MCW Instance
# Type: EXPONENTIAL
# N: 9
# Optimal cost: 3.209416188709246
# Optimal tour (permutation): [0, 7, 1, 5, 3, 4, 2, 8, 6, 0]
# Optimal walk (full path): [0, 7, 1, 7, 5, 3, 4, 2, 8, 6, 0]
# Walk size: 11
# Is walk (has repeats): true

# Distance Matrix
0.0000000000 0.1744975584 1.5564078809 0.5891749475 4.5680308444 0.6674705483 0.1189155574 0.1084536377 2.0279243202
0.1744975584 0.0000000000 0.6918068556 2.5740780443 1.8743558507 0.7980325903 3.1218995794 0.0614423329 0.7279853076
1.5564078809 0.6918068556 0.0000000000 1.1220135928 0.6693375754 4.2388503396 2.1308140841 3.6070500372 0.5530343870
0.5891749475 2.5740780443 1.1220135928 0.0000000000 0.5380545853 0.6602744147 2.9517757670 0.8780949261 0.3106922304
4.5680308444 1.8743558507 0.6693375754 0.5380545853 0.0000000000 1.4253707520 1.0703980060 0.4103322501 1.5005529562
0.6674705483 0.7980325903 4.2388503396 0.6602744147 1.4253707520 0.0000000000 0.6222292374 0.2937237323 0.5447776937
0.1189155574 3.1218995794 2.1308140841 2.9517757670 1.0703980060 0.6222292374 0.0000000000 0.3274033461 0.1447376331
0.1084536377 0.0614423329 3.6070500372 0.8780949261 0.4103322501 0.2937237323 0.3274033461 0.0000000000 1.3040959242
2.0279243202 0.7279853076 0.5530343870 0.3106922304 1.5005529562 0.5447776937 0.1447376331 1.3040959242 0.0000000000
