# MCW Instance
# Type: EXPONENTIAL
# N: 9
# Optimal cost: 1.5462589161683518
# Optimal tour (permutation): [0, 6, 8, 2, 7, 1, 4, 3, 5, 0]
# Optimal walk (full path): [0, 6, 0, 8, 2, 7, 1, 4, 3, 4, 5, 0]
# Walk size: 12
# Is walk (has repeats): true

# Distance Matrix
0.0000000000 0.7364413243 0.3813275366 1.3646071310 0.3432866290 0.2722280846 0.1354107041 1.6664686803 0.0009931406
0.7364413243 0.0000000000 1.7946152053 0.3742549173 0.1171755472 2.3225675730 1.5065041768 0.0368943823 0.7158763647
0.3813275366 1.7946152053 0.0000000000 1.8197790681 0.5299726262 0.8538427127 1.2275126404 0.1287933750 0.1390156101
1.3646071310 0.3742549173 1.8197790681 0.0000000000 0.0382688052 1.3619203624 0.4353705027 0.2331492975 0.4923511490
0.3432866290 0.1171755472 0.5299726262 0.0382688052 0.0000000000 0.5037997578 1.0438416699 2.3846125239 4.6852667064
0.2722280846 2.3225675730 0.8538427127 1.3619203624 0.5037997578 0.0000000000 5.8221828732 0.6156121717 0.7044764572
0.1354107041 1.5065041768 1.2275126404 0.4353705027 1.0438416699 5.8221828732 0.0000000000 0.2884032751 0.8522598774
1.6664686803 0.0368943823 0.1287933750 0.2331492975 2.3846125239 0.6156121717 0.2884032751 0.0000000000 0.5838425027
0.0009931406 0.7158763647 0.1390156101 0.4923511490 4.6852667064 0.7044764572 0.8522598774 0.5838425027 0.0000000000
