# MCW Instance
# Type: EXPONENTIAL
# N: 9
# Optimal cost: 1.5476929199639344
# Optimal tour (permutation): [0, 4, 8, 3, 1, 5, 7, 6, 2, 0]
# Optimal walk (full path): [0, 4, 8, 1, 3, 1, 5, 7, 2, 6, 2, 4, 0]
# Walk size: 13
# Is walk (has repeats): true

# Distance Matrix
0.0000000000 2.7648010975 0.7424920652 0.8379031059 0.0258067040 0.6696106519 2.1759729521 1.6616977962 2.4244927582
2.7648010975 0.0000000000 1.6341818492 0.0868221405 0.2050751839 0.0151347154 0.3008976709 5.6440828274 0.1327339232
0.7424920652 1.6341818492 0.0000000000 2.4044218030 0.1417218002 2.6642489331 0.0391711845 0.4647385514 1.4320137852
0.8379031059 0.0868221405 2.4044218030 0.0000000000 0.5569488365 0.1866445434 2.7044095596 1.4869242718 1.5204470595
0.0258067040 0.2050751839 0.1417218002 0.5569488365 0.0000000000 0.6020283150 1.6238550434 0.4000868102 0.0381135788
0.6696106519 0.0151347154 2.6642489331 0.1866445434 0.6020283150 0.0000000000 0.9058219637 0.4516502930 0.2257293892
2.1759729521 0.3008976709 0.0391711845 2.7044095596 1.6238550434 0.9058219637 0.0000000000 1.3070522313 0.3182520779
1.6616977962 5.6440828274 0.4647385514 1.4869242718 0.4000868102 0.4516502930 1.3070522313 0.0000000000 0.3817944797
2.4244927582 0.1327339232 1.4320137852 1.5204470595 0.0381135788 0.2257293892 0.3182520779 0.3817944797 0.0000000000
