# MCW Instance
# Type: EXPONENTIAL
# N: 9
# Optimal cost: 2.2704457638877726
# Optimal tour (permutation): [0, 3, 5, 6, 1, 8, 4, 7, 2, 0]
# Optimal walk (full path): [0, 3, 0, 5, 6, 5, 0, 1, 8, 4, 7, 4, 2, 4, 0]
# Walk size: 15
# Is walk (has repeats): true

# Distance Matrix
0.0000000000 0.3296725302 0.7662605249 0.0677482391 0.0405636071 0.0123433711 0.5460283505 2.9244300256 5.0409234742
0.3296725302 0.0000000000 3.4625268611 0.9071537703 0.5087906930 1.2188185545 0.6956369788 1.0201416154 0.5854225903
0.7662605249 3.4625268611 0.0000000000 5.4358320765 0.0247845225 1.0500878325 0.7269135424 0.4244415014 0.8551668393
0.0677482391 0.9071537703 5.4358320765 0.0000000000 0.2246427429 1.7138341627 0.9569269662 1.3073471694 1.6897062133
0.0405636071 0.5087906930 0.0247845225 0.2246427429 0.0000000000 2.1655115501 1.3233497194 0.0905224394 0.7375564678
0.0123433711 1.2188185545 1.0500878325 1.7138341627 2.1655115501 0.0000000000 0.0932167124 1.3596583409 1.3548396899
0.5460283505 0.6956369788 0.7269135424 0.9569269662 1.3233497194 0.0932167124 0.0000000000 0.2976797252 0.8602746479
2.9244300256 1.0201416154 0.4244415014 1.3073471694 0.0905224394 1.3596583409 0.2976797252 0.0000000000 3.7082001518
5.0409234742 0.5854225903 0.8551668393 1.6897062133 0.7375564678 1.3548396899 0.8602746479 3.7082001518 0.0000000000
