# MCW Instance
# Type: EXPONENTIAL
# N: 9
# Optimal cost: 2.368039818944075
# Optimal tour (permutation): [0, 4, 6, 2, 3, 5, 7, 8, 1, 0]
# Optimal walk (full path): [0, 4, 2, 6, 2, 4, 0, 3, 5, 7, 8, 1, 0]
# Walk size: 13
# Is walk (has repeats): true

# Distance Matrix
0.0000000000 0.1704357064 1.2561548806 0.5499335913 0.0541027769 0.9651742622 1.5385111989 0.8082859965 1.5636529954
0.1704357064 0.0000000000 1.2099301826 2.7524998242 0.2959775655 1.2765116244 1.6029272292 1.6176199643 0.1700596632
1.2561548806 1.2099301826 0.0000000000 1.2136526802 0.0724701873 2.6090902591 0.1986289154 0.5712085318 0.5205120705
0.5499335913 2.7524998242 1.2136526802 0.0000000000 1.3153299825 0.0525650578 4.7962883337 0.7422007074 0.9957322405
0.0541027769 0.2959775655 0.0724701873 1.3153299825 0.0000000000 1.1421767575 0.3734717309 2.3896221372 0.6371178925
0.9651742622 1.2765116244 2.6090902591 0.0525650578 1.1421767575 0.0000000000 1.1455734101 0.6757116788 1.1264957248
1.5385111989 1.6029272292 0.1986289154 4.7962883337 0.3734717309 1.1455734101 0.0000000000 0.6127174105 0.4881723125
0.8082859965 1.6176199643 0.5712085318 0.7422007074 2.3896221372 0.6757116788 0.6127174105 0.0000000000 0.0989303623
1.5636529954 0.1700596632 0.5205120705 0.9957322405 0.6371178925 1.1264957248 0.4881723125 0.0989303623 0.0000000000
