# MCW Instance
# Type: EXPONENTIAL
# N: 9
# Optimal cost: 1.6289130965264844
# Optimal tour (permutation): [0, 6, 3, 8, 5, 4, 2, 7, 1, 0]
# Optimal walk (full path): [0, 6, 3, 8, 5, 4, 2, 7, 1, 0]
# Walk size: 10
# Is walk (has repeats): false

# Distance Matrix
0.0000000000 0.4353201756 0.5375623549 0.7718553617 0.3500627883 1.6912171477 0.0398416881 1.7107964824 0.2170060354
0.4353201756 0.0000000000 1.7711588131 1.1356064598 1.4656280904 1.3085499132 0.6603382951 0.2055118177 2.1353970747
0.5375623549 1.7711588131 0.0000000000 0.8755531801 0.0437935315 0.7424913425 3.1200421026 0.0248453924 0.3605049483
0.7718553617 1.1356064598 0.8755531801 0.0000000000 0.6896436727 0.8209679043 0.3122438240 1.1709982020 0.5282136001
0.3500627883 1.4656280904 0.0437935315 0.6896436727 0.0000000000 0.0183964301 0.6660070092 0.3937154628 1.1839182369
1.6912171477 1.3085499132 0.7424913425 0.8209679043 0.0183964301 0.0000000000 0.2445932965 2.2147615238 0.0207466370
0.0398416881 0.6603382951 3.1200421026 0.3122438240 0.6660070092 0.2445932965 0.0000000000 0.2310168117 0.8849634002
1.7107964824 0.2055118177 0.0248453924 1.1709982020 0.3937154628 2.2147615238 0.2310168117 0.0000000000 1.8153899440
0.2170060354 2.1353970747 0.3605049483 0.5282136001 1.1839182369 0.0207466370 0.8849634002 1.8153899440 0.0000000000
