# MCW Instance
# Type: EXPONENTIAL
# N: 9
# Optimal cost: 2.339265759255746
# Optimal tour (permutation): [0, 7, 3, 6, 1, 4, 8, 5, 2, 0]
# Optimal walk (full path): [0, 5, 7, 3, 6, 1, 6, 4, 8, 5, 2, 5, 0]
# Walk size: 13
# Is walk (has repeats): true

# Distance Matrix
0.0000000000 1.9203535230 0.6650379938 0.4771269446 1.6960164762 0.0664679031 1.7285642273 0.4475065660 1.3636572591
1.9203535230 0.0000000000 1.4453007619 2.7145248310 3.7483006082 0.5943352314 0.0585495561 1.2462504406 0.3569793306
0.6650379938 1.4453007619 0.0000000000 2.2104566471 1.1410486538 0.4376942156 0.6830728858 2.7167280105 1.0954418797
0.4771269446 2.7145248310 2.2104566471 0.0000000000 1.4459989734 2.3287678391 0.0643325370 0.2644998368 1.8818920931
1.6960164762 3.7483006082 1.1410486538 1.4459989734 0.0000000000 2.4452137196 0.0779131624 0.5312269348 0.1883172726
0.0664679031 0.5943352314 0.4376942156 2.3287678391 2.4452137196 0.0000000000 0.4292761043 0.2242127786 0.3945668223
1.7285642273 0.0585495561 0.6830728858 0.0643325370 0.0779131624 0.4292761043 0.0000000000 1.0798029123 0.8373643222
0.4475065660 1.2462504406 2.7167280105 0.2644998368 0.5312269348 0.2242127786 1.0798029123 0.0000000000 2.2645637816
1.3636572591 0.3569793306 1.0954418797 1.8818920931 0.1883172726 0.3945668223 0.8373643222 2.2645637816 0.0000000000
