# MCW Instance
# Type: EXPONENTIAL
# N: 9
# Optimal cost: 1.5084944570007701
# Optimal tour (permutation): [0, 1, 6, 5, 2, 3, 4, 7, 8, 0]
# Optimal walk (full path): [0, 1, 6, 5, 2, 3, 4, 7, 8, 0]
# Walk size: 10
# Is walk (has repeats): false

# Distance Matrix
0.0000000000 0.1451284992 0.9767328028 0.4657310368 1.8168284422 1.0404850132 0.2440011104 0.3930907697 0.1941674401
0.1451284992 0.0000000000 3.4972993283 0.6917172713 1.3503420753 0.3150972296 0.1256246038 1.4790133007 0.8642916420
0.9767328028 3.4972993283 0.0000000000 0.1000805766 0.1908872065 0.1682365272 3.0891681523 0.3986987951 0.5354213306
0.4657310368 0.6917172713 0.1000805766 0.0000000000 0.1611952837 1.6318295938 2.1831412585 0.9405590762 0.9455780421
1.8168284422 1.3503420753 0.1908872065 0.1611952837 0.0000000000 0.2642309759 0.4433504948 0.0200295292 1.1026459788
1.0404850132 0.3150972296 0.1682365272 1.6318295938 0.2642309759 0.0000000000 0.0935496393 0.4843967870 1.3260056288
0.2440011104 0.1256246038 3.0891681523 2.1831412585 0.4433504948 0.0935496393 0.0000000000 0.7618655870 1.1955926457
0.3930907697 1.4790133007 0.3986987951 0.9405590762 0.0200295292 0.4843967870 0.7618655870 0.0000000000 0.5004823579
0.1941674401 0.8642916420 0.5354213306 0.9455780421 1.1026459788 1.3260056288 1.1955926457 0.5004823579 0.0000000000
