# MCW Instance
# Type: EXPONENTIAL
# N: 9
# Optimal cost: 2.3595911745789575
# Optimal tour (permutation): [0, 8, 5, 4, 7, 2, 1, 6, 3, 0]
# Optimal walk (full path): [0, 5, 8, 5, 4, 2, 7, 2, 1, 6, 3, 0]
# Walk size: 12
# Is walk (has repeats): true

# Distance Matrix
0.0000000000 0.2967720699 1.6213157862 0.1042577733 0.7915274727 0.1202091036 1.7397516207 1.0464610721 0.4050123888
0.2967720699 0.0000000000 0.1278988298 1.3263083910 0.0850463466 1.6782116120 0.1161172480 1.6698358417 0.8899524428
1.6213157862 0.1278988298 0.0000000000 2.7265280336 0.2032093851 0.8592112393 4.2657573695 0.4495790597 1.3917063628
0.1042577733 1.3263083910 2.7265280336 0.0000000000 0.6105644662 1.9681081367 0.3957879994 1.0677240903 0.8768054425
0.7915274727 0.0850463466 0.2032093851 0.6105644662 0.0000000000 0.0199476369 0.3670631648 1.0422221680 0.2118213522
0.1202091036 1.6782116120 0.8592112393 1.9681081367 0.0199476369 0.0000000000 1.3541219890 0.9766894099 0.1865025395
1.7397516207 0.1161172480 4.2657573695 0.3957879994 0.3670631648 1.3541219890 0.0000000000 1.6433792409 0.9213042442
1.0464610721 1.6698358417 0.4495790597 1.0677240903 1.0422221680 0.9766894099 1.6433792409 0.0000000000 2.0728180231
0.4050123888 0.8899524428 1.3917063628 0.8768054425 0.2118213522 0.1865025395 0.9213042442 2.0728180231 0.0000000000
