# MCW Instance
# Type: EXPONENTIAL
# N: 9
# Optimal cost: 0.9459088286189864
# Optimal tour (permutation): [0, 8, 5, 3, 1, 2, 4, 7, 6, 0]
# Optimal walk (full path): [0, 8, 1, 5, 3, 5, 1, 2, 4, 7, 6, 0]
# Walk size: 12
# Is walk (has repeats): true

# Distance Matrix
0.0000000000 0.1164853649 0.4983256285 0.5840631965 1.0624915530 0.3165137986 0.1079580051 0.3175408958 0.0146416775
0.1164853649 0.0000000000 0.1871492457 5.0012189376 0.8627355641 0.0524098886 0.4313190184 1.0343835616 0.1080475523
0.4983256285 0.1871492457 0.0000000000 0.7854543470 0.1663389603 0.4580346152 0.7409012132 1.1377593903 1.3616595094
0.5840631965 5.0012189376 0.7854543470 0.0000000000 0.6753588670 0.0837927851 2.3385554198 0.2514804438 0.3433392939
1.0624915530 0.8627355641 0.1663389603 0.6753588670 0.0000000000 1.2417590751 0.5877760140 0.0802403989 0.3913203977
0.3165137986 0.0524098886 0.4580346152 0.0837927851 1.2417590751 0.0000000000 0.3084352736 0.9374937447 2.7447508082
0.1079580051 0.4313190184 0.7409012132 2.3385554198 0.5877760140 0.3084352736 0.0000000000 0.0091276413 0.4334335410
0.3175408958 1.0343835616 1.1377593903 0.2514804438 0.0802403989 0.9374937447 0.0091276413 0.0000000000 2.5416277845
0.0146416775 0.1080475523 1.3616595094 0.3433392939 0.3913203977 2.7447508082 0.4334335410 2.5416277845 0.0000000000
