# MCW Instance
# Type: EXPONENTIAL
# N: 9
# Optimal cost: 1.373696265704465
# Optimal tour (permutation): [0, 7, 2, 1, 6, 8, 4, 5, 3, 0]
# Optimal walk (full path): [0, 7, 1, 2, 1, 6, 8, 4, 8, 3, 5, 3, 0]
# Walk size: 13
# Is walk (has repeats): true

# Distance Matrix
0.0000000000 0.4390537799 1.3315002210 0.2442347876 1.4593376038 5.1391976455 1.1103785058 0.3188026519 1.6130317709
0.4390537799 0.0000000000 0.0033132052 1.2941675174 3.5274878506 1.0644431916 0.0556985527 0.1487968915 0.9987379705
1.3315002210 0.0033132052 0.0000000000 0.4949322212 1.4180172251 0.3269797174 0.8331988366 0.3487574365 1.4807436432
0.2442347876 1.2941675174 0.4949322212 0.0000000000 2.0332607914 0.0642528143 1.4611517146 0.3103362477 0.1699447743
1.4593376038 3.5274878506 1.4180172251 2.0332607914 0.0000000000 1.9821805062 0.5444473259 2.0361092935 0.1343769244
5.1391976455 1.0644431916 0.3269797174 0.0642528143 1.9821805062 0.0000000000 0.3177964655 0.2996019301 2.2716329919
1.1103785058 0.0556985527 0.8331988366 1.4611517146 0.5444473259 0.3177964655 0.0000000000 0.4021630602 0.0323327198
0.3188026519 0.1487968915 0.3487574365 0.3103362477 2.0361092935 0.2996019301 0.4021630602 0.0000000000 0.3173055378
1.6130317709 0.9987379705 1.4807436432 0.1699447743 0.1343769244 2.2716329919 0.0323327198 0.3173055378 0.0000000000
