# MCW Instance
# Type: EXPONENTIAL
# N: 9
# Optimal cost: 1.8244220113846985
# Optimal tour (permutation): [0, 8, 7, 3, 6, 5, 4, 1, 2, 0]
# Optimal walk (full path): [0, 8, 0, 7, 0, 3, 5, 6, 5, 4, 1, 2, 1, 0]
# Walk size: 14
# Is walk (has repeats): true

# Distance Matrix
0.0000000000 0.1698735273 2.5042532479 0.0818475279 2.1012328651 0.8200385184 0.3258723229 0.1161207214 0.0950008703
0.1698735273 0.0000000000 0.1539314401 0.3402710811 0.2953497859 0.3437426004 0.4965212519 0.3842073545 2.4678146414
2.5042532479 0.1539314401 0.0000000000 0.4484102949 0.6503464865 0.7157351923 0.9968549080 1.3524121110 3.2762177520
0.0818475279 0.3402710811 0.4484102949 0.0000000000 0.3240149620 0.2662045691 0.7564486083 1.7203294636 1.1102266469
2.1012328651 0.2953497859 0.6503464865 0.3240149620 0.0000000000 0.2321748176 1.2780505161 0.4026131163 0.3794754292
0.8200385184 0.3437426004 0.7157351923 0.2662045691 0.2321748176 0.0000000000 0.0244328599 1.3450432578 0.4352159699
0.3258723229 0.4965212519 0.9968549080 0.7564486083 1.2780505161 0.0244328599 0.0000000000 0.5937273835 0.6958971364
0.1161207214 0.3842073545 1.3524121110 1.7203294636 0.4026131163 1.3450432578 0.5937273835 0.0000000000 0.2870036761
0.0950008703 2.4678146414 3.2762177520 1.1102266469 0.3794754292 0.4352159699 0.6958971364 0.2870036761 0.0000000000
