# MCW Instance
# Type: EXPONENTIAL
# N: 9
# Optimal cost: 2.287990281810191
# Optimal tour (permutation): [0, 6, 3, 7, 2, 5, 8, 4, 1, 0]
# Optimal walk (full path): [0, 6, 3, 2, 7, 2, 5, 8, 4, 1, 0]
# Walk size: 11
# Is walk (has repeats): true

# Distance Matrix
0.0000000000 0.5014164163 0.4708948672 0.9319569308 0.4247889569 2.1469277245 0.3613401161 0.7590675246 0.6721039274
0.5014164163 0.0000000000 0.8801151164 2.7881897159 0.6829820167 1.2834223857 3.7250851675 1.3501143577 0.8975918761
0.4708948672 0.8801151164 0.0000000000 0.1750135489 1.0158092815 0.1562825084 2.6702960250 0.0114706333 3.2704263239
0.9319569308 2.7881897159 0.1750135489 0.0000000000 0.5635960877 0.0446676254 0.1029282559 1.0527289764 3.8051432764
0.4247889569 0.6829820167 1.0158092815 0.5635960877 0.0000000000 0.6049769251 0.2542873602 1.6442321972 0.1627912027
2.1469277245 1.2834223857 0.1562825084 0.0446676254 0.6049769251 0.0000000000 2.6024611485 1.4193343896 0.1222949502
0.3613401161 3.7250851675 2.6702960250 0.1029282559 0.2542873602 2.6024611485 0.0000000000 1.5793968933 0.2362971473
0.7590675246 1.3501143577 0.0114706333 1.0527289764 1.6442321972 1.4193343896 1.5793968933 0.0000000000 0.9886241986
0.6721039274 0.8975918761 3.2704263239 3.8051432764 0.1627912027 0.1222949502 0.2362971473 0.9886241986 0.0000000000
