# MCW Instance
# Type: EXPONENTIAL
# N: 9
# Optimal cost: 2.358847158218559
# Optimal tour (permutation): [0, 5, 6, 2, 8, 3, 7, 4, 1, 0]
# Optimal walk (full path): [0, 5, 0, 6, 2, 3, 8, 3, 4, 7, 4, 1, 0]
# Walk size: 13
# Is walk (has repeats): true

# Distance Matrix
0.0000000000 0.0525199618 0.4090461017 0.3503962274 2.4207967579 0.2299909653 0.3820022927 0.4996778502 0.3650283063
0.0525199618 0.0000000000 0.6612247135 1.1337550079 0.0226914036 0.9381573474 1.1907280791 0.4945901894 2.2385088473
0.4090461017 0.6612247135 0.0000000000 0.0123223646 0.4042446329 0.4095911309 0.3905898954 0.7746161528 0.8136761897
0.3503962274 1.1337550079 0.0123223646 0.0000000000 0.0050153271 0.5977268239 1.0079190050 1.0463525459 0.2735925856
2.4207967579 0.0226914036 0.4042446329 0.0050153271 0.0000000000 0.5395215683 3.1809094655 0.2432694056 1.1557075390
0.2299909653 0.9381573474 0.4095911309 0.5977268239 0.5395215683 0.0000000000 1.2464112886 3.3657341643 2.4089576535
0.3820022927 1.1907280791 0.3905898954 1.0079190050 3.1809094655 1.2464112886 0.0000000000 0.6907212694 1.5024527053
0.4996778502 0.4945901894 0.7746161528 1.0463525459 0.2432694056 3.3657341643 0.6907212694 0.0000000000 2.6448627288
0.3650283063 2.2385088473 0.8136761897 0.2735925856 1.1557075390 2.4089576535 1.5024527053 2.6448627288 0.0000000000
