# MCW Instance
# Type: EXPONENTIAL
# N: 9
# Optimal cost: 2.722716293549688
# Optimal tour (permutation): [0, 5, 6, 2, 3, 1, 7, 8, 4, 0]
# Optimal walk (full path): [0, 5, 6, 2, 3, 1, 7, 8, 0, 4, 0]
# Walk size: 11
# Is walk (has repeats): true

# Distance Matrix
0.0000000000 1.3313500222 0.8879403552 1.4592590595 0.0112208538 0.1519697762 2.1179757108 1.3123166569 0.3554123708
1.3313500222 0.0000000000 1.0810720940 0.5297756153 7.2945877334 0.8838060094 0.6402645443 0.3415473435 0.8771910234
0.8879403552 1.0810720940 0.0000000000 0.3150531381 1.2221800333 0.6174850895 0.2910586507 0.3798201835 1.6374509263
1.4592590595 0.5297756153 0.3150531381 0.0000000000 2.4383011421 1.1407010489 1.1031423545 0.9497026874 1.0713933925
0.0112208538 7.2945877334 1.2221800333 2.4383011421 0.0000000000 1.7758478886 0.7712543609 0.3323667495 0.9183526494
0.1519697762 0.8838060094 0.6174850895 1.1407010489 1.7758478886 0.0000000000 0.5143645654 0.4983947967 1.0916245298
2.1179757108 0.6402645443 0.2910586507 1.1031423545 0.7712543609 0.5143645654 0.0000000000 0.2443672563 2.5798825935
1.3123166569 0.3415473435 0.3798201835 0.9497026874 0.3323667495 0.4983947967 0.2443672563 0.0000000000 0.2010931258
0.3554123708 0.8771910234 1.6374509263 1.0713933925 0.9183526494 1.0916245298 2.5798825935 0.2010931258 0.0000000000
