# MCW Instance
# Type: EXPONENTIAL
# N: 9
# Optimal cost: 3.3592199678278165
# Optimal tour (permutation): [0, 3, 6, 5, 7, 4, 2, 8, 1, 0]
# Optimal walk (full path): [0, 3, 6, 5, 7, 4, 2, 8, 1, 0]
# Walk size: 10
# Is walk (has repeats): false

# Distance Matrix
0.0000000000 0.7655792445 0.8038980820 0.0474484360 1.2389195415 2.4985219825 0.4783819221 0.2350204524 1.8136313418
0.7655792445 0.0000000000 2.8780794761 0.7708756131 1.2454031193 1.3904749065 3.2365325310 0.8058028399 0.4139697075
0.8038980820 2.8780794761 0.0000000000 1.1590071969 0.2568762229 0.9091893477 0.5287789321 0.3226577355 1.3023818030
0.0474484360 0.7708756131 1.1590071969 0.0000000000 0.7420698371 0.5224140215 0.0975132174 0.6591054866 2.8510989299
1.2389195415 1.2454031193 0.2568762229 0.7420698371 0.0000000000 0.5195037589 0.3891441188 0.2293957702 1.3219504282
2.4985219825 1.3904749065 0.9091893477 0.5224140215 0.5195037589 0.0000000000 0.0289950935 0.2170604727 1.0834365118
0.4783819221 3.2365325310 0.5287789321 0.0975132174 0.3891441188 0.0289950935 0.0000000000 4.3337070103 1.6020969927
0.2350204524 0.8058028399 0.3226577355 0.6591054866 0.2293957702 0.2170604727 4.3337070103 0.0000000000 1.3753121434
1.8136313418 0.4139697075 1.3023818030 2.8510989299 1.3219504282 1.0834365118 1.6020969927 1.3753121434 0.0000000000
