# MCW Instance
# Type: EXPONENTIAL
# N: 9
# Optimal cost: 1.1066634145007408
# Optimal tour (permutation): [0, 4, 3, 5, 7, 2, 6, 8, 1, 0]
# Optimal walk (full path): [0, 4, 3, 7, 5, 7, 2, 7, 6, 8, 1, 0]
# Walk size: 12
# Is walk (has repeats): true

# Distance Matrix
0.0000000000 0.0018193878 1.5786211645 0.1770846197 0.1849874708 0.3311626704 0.6078459652 0.4684117282 0.2679862482
0.0018193878 0.0000000000 1.3006358727 0.8000436515 1.0722412542 0.4753129123 0.7959287216 0.7764657449 0.1686006178
1.5786211645 1.3006358727 0.0000000000 3.7934993048 0.9113921917 1.0014772170 0.6747798086 0.0019281073 0.8275923235
0.1770846197 0.8000436515 3.7934993048 0.0000000000 0.3437842755 0.2923489225 2.5143473326 0.2390081857 0.6653358592
0.1849874708 1.0722412542 0.9113921917 0.3437842755 0.0000000000 4.1991341054 1.1145007257 0.4184115728 0.7161354270
0.3311626704 0.4753129123 1.0014772170 0.2923489225 4.1991341054 0.0000000000 0.7958953427 0.0321995455 0.0934825420
0.6078459652 0.7959287216 0.6747798086 2.5143473326 1.1145007257 0.7958953427 0.0000000000 0.0445749403 0.0556332310
0.4684117282 0.7764657449 0.0019281073 0.2390081857 0.4184115728 0.0321995455 0.0445749403 0.0000000000 0.5211647734
0.2679862482 0.1686006178 0.8275923235 0.6653358592 0.7161354270 0.0934825420 0.0556332310 0.5211647734 0.0000000000
