# MCW Instance
# Type: EXPONENTIAL
# N: 9
# Optimal cost: 2.2023348594162817
# Optimal tour (permutation): [0, 7, 3, 5, 8, 2, 4, 6, 1, 0]
# Optimal walk (full path): [0, 7, 3, 5, 2, 8, 2, 4, 6, 1, 0]
# Walk size: 11
# Is walk (has repeats): true

# Distance Matrix
0.0000000000 0.0120285220 0.2803364238 3.0980909702 1.2581555569 0.4486132081 0.5134058040 0.0796014361 1.5675088961
0.0120285220 0.0000000000 0.2378724765 0.4232092683 1.6345861559 1.8806557919 0.3250024631 1.2744831566 3.9038674085
0.2803364238 0.2378724765 0.0000000000 0.2746120011 0.1484629017 0.2381177477 0.8323653078 0.3642029926 0.1960952771
3.0980909702 0.4232092683 0.2746120011 0.0000000000 0.3238488226 0.2780171959 1.0140455819 0.2502679235 1.6318218540
1.2581555569 1.6345861559 0.1484629017 0.3238488226 0.0000000000 0.7051676540 0.4786461153 0.3623017873 0.3586382834
0.4486132081 1.8806557919 0.2381177477 0.2780171959 0.7051676540 0.0000000000 1.1589318049 0.2261427868 1.2371539188
0.5134058040 0.3250024631 0.8323653078 1.0140455819 0.4786461153 1.1589318049 0.0000000000 0.4246988611 0.7832617403
0.0796014361 1.2744831566 0.3642029926 0.2502679235 0.3623017873 0.2261427868 0.4246988611 0.0000000000 2.4085008067
1.5675088961 3.9038674085 0.1960952771 1.6318218540 0.3586382834 1.2371539188 0.7832617403 2.4085008067 0.0000000000
