# MCW Instance
# Type: EXPONENTIAL
# N: 9
# Optimal cost: 1.9637949948635374
# Optimal tour (permutation): [0, 8, 4, 1, 2, 3, 6, 7, 5, 0]
# Optimal walk (full path): [0, 8, 4, 1, 2, 3, 6, 7, 5, 0]
# Walk size: 10
# Is walk (has repeats): false

# Distance Matrix
0.0000000000 0.0740683786 0.1265824733 1.0579484659 0.3094460359 0.0302693389 0.7569175056 1.2859470029 0.0605381015
0.0740683786 0.0000000000 0.1105234418 3.1794269432 0.0864699099 0.5921467781 0.1153059121 2.3349368879 0.5003206977
0.1265824733 0.1105234418 0.0000000000 0.6862036239 2.5946984840 1.3881761932 1.5004502751 0.6699358126 0.1964556941
1.0579484659 3.1794269432 0.6862036239 0.0000000000 0.9920381981 1.2828465340 0.6386504042 7.5115825109 0.6772429714
0.3094460359 0.0864699099 2.5946984840 0.9920381981 0.0000000000 0.7222788234 0.7409363963 0.4676393910 0.1224396812
0.0302693389 0.5921467781 1.3881761932 1.2828465340 0.7222788234 0.0000000000 0.3111122200 0.1025622302 0.6491830262
0.7569175056 0.1153059121 1.5004502751 0.6386504042 0.7409363963 0.3111122200 0.0000000000 0.1261382633 0.1318309462
1.2859470029 2.3349368879 0.6699358126 7.5115825109 0.4676393910 0.1025622302 0.1261382633 0.0000000000 0.5391700933
0.0605381015 0.5003206977 0.1964556941 0.6772429714 0.1224396812 0.6491830262 0.1318309462 0.5391700933 0.0000000000
