# MCW Instance
# Type: EXPONENTIAL
# N: 9
# Optimal cost: 0.8432448965740083
# Optimal tour (permutation): [0, 6, 3, 2, 8, 7, 4, 1, 5, 0]
# Optimal walk (full path): [0, 6, 3, 2, 7, 8, 7, 4, 1, 5, 0]
# Walk size: 11
# Is walk (has repeats): true

# Distance Matrix
0.0000000000 0.3376447328 1.0047812686 1.0987603535 1.1005450734 0.0156874418 0.0930295580 0.1139689754 0.1950596473
0.3376447328 0.0000000000 0.4873109108 0.4436005374 0.1844957149 0.1805246979 4.7391429743 1.4579266377 1.6516717373
1.0047812686 0.4873109108 0.0000000000 0.0412062062 0.2544361442 1.1460150204 0.3030899845 0.1198329594 1.5433051700
1.0987603535 0.4436005374 0.0412062062 0.0000000000 0.6151746263 0.0722722653 0.0569235346 0.9884612424 1.4399025264
1.1005450734 0.1844957149 0.2544361442 0.6151746263 0.0000000000 1.4830489667 0.3676544895 0.0711379161 0.5151881747
0.0156874418 0.1805246979 1.1460150204 0.0722722653 1.4830489667 0.0000000000 0.1564843909 0.0606854281 0.3736581606
0.0930295580 4.7391429743 0.3030899845 0.0569235346 0.3676544895 0.1564843909 0.0000000000 0.3749561513 1.9437624673
0.1139689754 1.4579266377 0.1198329594 0.9884612424 0.0711379161 0.0606854281 0.3749561513 0.0000000000 0.0402034338
0.1950596473 1.6516717373 1.5433051700 1.4399025264 0.5151881747 0.3736581606 1.9437624673 0.0402034338 0.0000000000
