# MCW Instance
# Type: EXPONENTIAL
# N: 9
# Optimal cost: 1.8190456568683349
# Optimal tour (permutation): [0, 5, 3, 1, 6, 7, 4, 2, 8, 0]
# Optimal walk (full path): [0, 5, 3, 1, 6, 7, 4, 2, 8, 0]
# Walk size: 10
# Is walk (has repeats): false

# Distance Matrix
0.0000000000 0.7897246539 2.0130505219 0.5318897007 0.3974561270 0.3327428834 0.2806680302 0.9037148605 0.2606273017
0.7897246539 0.0000000000 1.1084432071 0.1343935836 2.5371263490 0.3881399558 0.0732815529 0.3223449805 0.9160686055
2.0130505219 1.1084432071 0.0000000000 1.2320433990 0.1810174459 0.7711579637 1.0880663584 2.0954082886 0.2630008108
0.5318897007 0.1343935836 1.2320433990 0.0000000000 0.5692165044 0.4475774083 0.5629887121 0.5737673505 2.4738027785
0.3974561270 2.5371263490 0.1810174459 0.5692165044 0.0000000000 0.4134050091 0.8895688636 0.0050036946 0.2226910894
0.3327428834 0.3881399558 0.7711579637 0.4475774083 0.4134050091 0.0000000000 0.2489255846 0.3975200066 3.4542891965
0.2806680302 0.0732815529 1.0880663584 0.5629887121 0.8895688636 0.2489255846 0.0000000000 0.1214009757 2.0181312103
0.9037148605 0.3223449805 2.0954082886 0.5737673505 0.0050036946 0.3975200066 0.1214009757 0.0000000000 2.1215841595
0.2606273017 0.9160686055 0.2630008108 2.4738027785 0.2226910894 3.4542891965 2.0181312103 2.1215841595 0.0000000000
