# MCW Instance
# Type: EXPONENTIAL
# N: 9
# Optimal cost: 2.197776755143518
# Optimal tour (permutation): [0, 4, 3, 2, 5, 6, 8, 7, 1, 0]
# Optimal walk (full path): [0, 4, 3, 2, 5, 6, 8, 7, 1, 0]
# Walk size: 10
# Is walk (has repeats): false

# Distance Matrix
0.0000000000 0.3378362956 0.7379338070 3.9565459061 0.3788318994 2.6045102032 0.7827197320 4.6778254478 1.4281353555
0.3378362956 0.0000000000 0.6717339810 1.1781016948 0.0969795818 0.8930422903 2.0498720179 0.4948105903 0.7969085037
0.7379338070 0.6717339810 0.0000000000 0.1288801795 0.4645415057 0.1086331799 0.5664156762 0.8311194523 0.3883181542
3.9565459061 1.1781016948 0.1288801795 0.0000000000 0.3443090730 0.3267530460 0.6499355522 2.7275781935 2.6504173735
0.3788318994 0.0969795818 0.4645415057 0.3443090730 0.0000000000 0.2271313733 0.5500008510 3.2993174267 0.2916465886
2.6045102032 0.8930422903 0.1086331799 0.3267530460 0.2271313733 0.0000000000 0.1961726821 0.7462779401 1.7380117321
0.7827197320 2.0498720179 0.5664156762 0.6499355522 0.5500008510 0.1961726821 0.0000000000 0.8465868589 0.0199432659
4.6778254478 0.4948105903 0.8311194523 2.7275781935 3.2993174267 0.7462779401 0.8465868589 0.0000000000 0.1883595895
1.4281353555 0.7969085037 0.3883181542 2.6504173735 0.2916465886 1.7380117321 0.0199432659 0.1883595895 0.0000000000
