# MCW Instance
# Type: EXPONENTIAL
# N: 9
# Optimal cost: 1.6520041147149331
# Optimal tour (permutation): [0, 4, 6, 5, 8, 7, 1, 3, 2, 0]
# Optimal walk (full path): [0, 4, 6, 5, 8, 7, 1, 2, 3, 2, 0]
# Walk size: 11
# Is walk (has repeats): true

# Distance Matrix
0.0000000000 0.4217380924 0.0119602313 0.0978007726 0.0986676519 3.6465171000 0.8823884374 0.7819480419 0.1980568948
0.4217380924 0.0000000000 0.0410292920 3.2834464623 0.2175402817 3.1794465548 3.9837204448 0.0672935647 0.1270035253
0.0119602313 0.0410292920 0.0000000000 0.0423815739 1.6378114567 2.1522231740 0.6949701160 0.7958312978 0.2995570016
0.0978007726 3.2834464623 0.0423815739 0.0000000000 0.6466495868 1.8542620025 0.8268743938 0.1792399019 0.1418385203
0.0986676519 0.2175402817 1.6378114567 0.6466495868 0.0000000000 0.6743328833 0.5041428817 1.0498241637 2.3170810172
3.6465171000 3.1794465548 2.1522231740 1.8542620025 0.6743328833 0.0000000000 0.4835034963 0.6064786456 0.1949846529
0.8823884374 3.9837204448 0.6949701160 0.8268743938 0.5041428817 0.4835034963 0.0000000000 3.6553859056 2.3766285481
0.7819480419 0.0672935647 0.7958312978 0.1792399019 1.0498241637 0.6064786456 3.6553859056 0.0000000000 0.1656591962
0.1980568948 0.1270035253 0.2995570016 0.1418385203 2.3170810172 0.1949846529 2.3766285481 0.1656591962 0.0000000000
