# MCW Instance
# Type: EXPONENTIAL
# N: 9
# Optimal cost: 2.168740500235951
# Optimal tour (permutation): [0, 2, 7, 8, 6, 3, 5, 1, 4, 0]
# Optimal walk (full path): [0, 2, 7, 8, 6, 3, 5, 1, 7, 4, 7, 0]
# Walk size: 12
# Is walk (has repeats): true

# Distance Matrix
0.0000000000 1.7848763901 0.3040385412 1.5383128142 0.9709969699 0.6526718859 0.4546570115 0.2764523279 1.4409194389
1.7848763901 0.0000000000 1.3244622881 1.7554542575 0.5755642924 0.4127329447 1.8575887580 0.4099585053 1.7686103196
0.3040385412 1.3244622881 0.0000000000 0.5948548956 1.5087764419 1.1776582248 1.5215022428 0.1347543107 1.9051796973
1.5383128142 1.7554542575 0.5948548956 0.0000000000 0.6602864695 0.1116719780 0.2116466954 0.2217504039 0.8038778825
0.9709969699 0.5755642924 1.5087764419 0.6602864695 0.0000000000 1.4632112576 0.4058216615 0.0568140799 0.1994408363
0.6526718859 0.4127329447 1.1776582248 0.1116719780 1.4632112576 0.0000000000 0.2159379717 1.4226820241 0.7918107469
0.4546570115 1.8575887580 1.5215022428 0.2116466954 0.4058216615 0.2159379717 0.0000000000 1.9129668740 0.1748931007
0.2764523279 0.4099585053 0.1347543107 0.2217504039 0.0568140799 1.4226820241 1.9129668740 0.0000000000 0.0189639367
1.4409194389 1.7686103196 1.9051796973 0.8038778825 0.1994408363 0.7918107469 0.1748931007 0.0189639367 0.0000000000
