# MCW Instance
# Type: EXPONENTIAL
# N: 9
# Optimal cost: 2.1572058043243314
# Optimal tour (permutation): [0, 5, 7, 8, 6, 4, 3, 1, 2, 0]
# Optimal walk (full path): [0, 5, 7, 8, 6, 8, 1, 3, 4, 3, 1, 8, 2, 0]
# Walk size: 14
# Is walk (has repeats): true

# Distance Matrix
0.0000000000 0.5325195683 0.2368746530 2.9714773654 1.0803279187 0.3476216519 1.1672724252 0.9498736646 0.7817967834
0.5325195683 0.0000000000 4.1050623680 0.0101624659 0.1107053044 1.4923813505 1.0219085919 1.2391109552 0.1364122918
0.2368746530 4.1050623680 0.0000000000 0.7081030142 0.4138683359 0.2959432479 2.4720674527 1.0948782757 0.1666487207
2.9714773654 0.0101624659 0.7081030142 0.0000000000 0.0759713462 0.6893722919 2.2292355698 3.6063897272 1.3364189644
1.0803279187 0.1107053044 0.4138683359 0.0759713462 0.0000000000 1.3830356084 2.0193343956 3.9542399302 0.4534244083
0.3476216519 1.4923813505 0.2959432479 0.6893722919 1.3830356084 0.0000000000 5.6067172084 0.4199465166 1.9937274717
1.1672724252 1.0219085919 2.4720674527 2.2292355698 2.0193343956 5.6067172084 0.0000000000 0.9257688951 0.1244811700
0.9498736646 1.2391109552 1.0948782757 3.6063897272 3.9542399302 0.4199465166 0.9257688951 0.0000000000 0.2920597141
0.7817967834 0.1364122918 0.1666487207 1.3364189644 0.4534244083 1.9937274717 0.1244811700 0.2920597141 0.0000000000
