# MCW Instance
# Type: EXPONENTIAL
# N: 9
# Optimal cost: 2.877260945540227
# Optimal tour (permutation): [0, 5, 8, 1, 4, 2, 7, 6, 3, 0]
# Optimal walk (full path): [0, 5, 8, 5, 1, 4, 0, 3, 2, 7, 2, 3, 6, 3, 0]
# Walk size: 15
# Is walk (has repeats): true

# Distance Matrix
0.0000000000 1.7856557822 0.1744875781 0.0243299466 0.0541762013 0.4201713426 0.8719982557 1.3517833898 0.8584062529
1.7856557822 0.0000000000 2.7971889954 0.8151427455 0.0782532530 0.3799723173 4.4146340774 0.2999334861 0.7346837240
0.1744875781 2.7971889954 0.0000000000 0.0092425098 0.1850590053 0.5577741226 1.8401890224 0.0753379072 6.7969376336
0.0243299466 0.8151427455 0.0092425098 0.0000000000 1.8441725173 0.7899971175 0.8044396828 0.3419956351 1.5061870045
0.0541762013 0.0782532530 0.1850590053 1.8441725173 0.0000000000 3.1315775172 1.5162355511 1.1646118255 1.1301865705
0.4201713426 0.3799723173 0.5577741226 0.7899971175 3.1315775172 0.0000000000 1.3075337801 0.6825453375 0.0589938692
0.8719982557 4.4146340774 1.8401890224 0.8044396828 1.5162355511 1.3075337801 0.0000000000 1.7587991398 1.7224618891
1.3517833898 0.2999334861 0.0753379072 0.3419956351 1.1646118255 0.6825453375 1.7587991398 0.0000000000 2.5445979408
0.8584062529 0.7346837240 6.7969376336 1.5061870045 1.1301865705 0.0589938692 1.7224618891 2.5445979408 0.0000000000
