# MCW Instance
# Type: EXPONENTIAL
# N: 9
# Optimal cost: 2.3726414097751594
# Optimal tour (permutation): [0, 8, 6, 3, 1, 4, 7, 5, 2, 0]
# Optimal walk (full path): [0, 8, 6, 8, 3, 1, 4, 7, 5, 2, 0]
# Walk size: 11
# Is walk (has repeats): true

# Distance Matrix
0.0000000000 1.0471665329 0.7678188123 0.4893051709 0.6022699343 0.8817464447 1.2037852173 3.1850840352 0.4689979160
1.0471665329 0.0000000000 2.0289383656 0.0065435209 0.1053047185 1.0676855039 0.3988542066 0.6400415487 1.0388842352
0.7678188123 2.0289383656 0.0000000000 1.2860069787 2.2790388033 0.5625895689 1.1435000226 1.4418287478 1.9262414860
0.4893051709 0.0065435209 1.2860069787 0.0000000000 0.4720061375 2.3911132193 2.3970298273 0.9938391435 0.1780365910
0.6022699343 0.1053047185 2.2790388033 0.4720061375 0.0000000000 2.2680505082 0.5982651315 0.1445874724 0.9001705162
0.8817464447 1.0676855039 0.5625895689 2.3911132193 2.2680505082 0.0000000000 3.1210083500 0.0601461807 0.6234275766
1.2037852173 0.3988542066 1.1435000226 2.3970298273 0.5982651315 3.1210083500 0.0000000000 3.3274296526 0.0393083145
3.1850840352 0.6400415487 1.4418287478 0.9938391435 0.1445874724 0.0601461807 3.3274296526 0.0000000000 2.1208529695
0.4689979160 1.0388842352 1.9262414860 0.1780365910 0.9001705162 0.6234275766 0.0393083145 2.1208529695 0.0000000000
