# MCW Instance
# Type: EXPONENTIAL
# N: 9
# Optimal cost: 0.8238942116707295
# Optimal tour (permutation): [0, 8, 6, 1, 7, 4, 2, 3, 5, 0]
# Optimal walk (full path): [0, 8, 6, 1, 7, 4, 2, 3, 2, 5, 8, 0]
# Walk size: 12
# Is walk (has repeats): true

# Distance Matrix
0.0000000000 5.7241606543 0.5400731451 0.3014329908 1.6996550587 1.0703581999 2.4733511313 1.0766205668 0.1234893270
5.7241606543 0.0000000000 2.3220151442 1.7676392750 2.8604002562 1.9279812580 0.0307011357 0.0943189672 0.6477257041
0.5400731451 2.3220151442 0.0000000000 0.0018923660 0.2172133252 0.0045558939 1.1606552130 0.8350128982 0.2610116746
0.3014329908 1.7676392750 0.0018923660 0.0000000000 1.5878837627 0.6062376152 1.1691058831 1.0209654874 0.6430431461
1.6996550587 2.8604002562 0.2172133252 1.5878837627 0.0000000000 0.6120952500 0.3938168072 0.0616789994 0.7681972754
1.0703581999 1.9279812580 0.0045558939 0.6062376152 0.6120952500 0.0000000000 0.1214676926 0.3013840317 0.0265581605
2.4733511313 0.0307011357 1.1606552130 1.1691058831 0.3938168072 0.1214676926 0.0000000000 1.0235207621 0.1381043437
1.0766205668 0.0943189672 0.8350128982 1.0209654874 0.0616789994 0.3013840317 1.0235207621 0.0000000000 0.3393227746
0.1234893270 0.6477257041 0.2610116746 0.6430431461 0.7681972754 0.0265581605 0.1381043437 0.3393227746 0.0000000000
