# MCW Instance
# Type: EXPONENTIAL
# N: 9
# Optimal cost: 1.0593399471252725
# Optimal tour (permutation): [0, 8, 3, 7, 5, 6, 4, 2, 1, 0]
# Optimal walk (full path): [0, 8, 3, 8, 0, 1, 2, 7, 2, 5, 6, 5, 2, 4, 2, 1, 0]
# Walk size: 17
# Is walk (has repeats): true

# Distance Matrix
0.0000000000 0.0043953326 2.5243779684 0.8032013393 0.7635359318 1.8829446975 0.4796654414 0.2708458189 0.0280715879
0.0043953326 0.0000000000 0.0032556223 2.7213269666 1.5431806937 2.5518461158 1.1388442716 0.3544163060 2.0605217284
2.5243779684 0.0032556223 0.0000000000 0.3668566474 0.0361908472 0.0971541812 0.9735211360 0.1389204006 1.3335223413
0.8032013393 2.7213269666 0.3668566474 0.0000000000 2.5551055769 0.8793114851 1.1680700486 2.6421006526 0.1042875524
0.7635359318 1.5431806937 0.0361908472 2.5551055769 0.0000000000 0.7394882360 2.3719067491 1.2548964411 0.6135129514
1.8829446975 2.5518461158 0.0971541812 0.8793114851 0.7394882360 0.0000000000 0.1173944493 0.7993181104 0.1952417371
0.4796654414 1.1388442716 0.9735211360 1.1680700486 2.3719067491 0.1173944493 0.0000000000 0.5561139621 0.9584393692
0.2708458189 0.3544163060 0.1389204006 2.6421006526 1.2548964411 0.7993181104 0.5561139621 0.0000000000 2.4099888948
0.0280715879 2.0605217284 1.3335223413 0.1042875524 0.6135129514 0.1952417371 0.9584393692 2.4099888948 0.0000000000
