# MCW Instance
# Type: EXPONENTIAL
# N: 9
# Optimal cost: 1.5590469393074078
# Optimal tour (permutation): [0, 4, 8, 3, 7, 6, 5, 1, 2, 0]
# Optimal walk (full path): [0, 4, 0, 8, 3, 7, 6, 7, 5, 1, 5, 2, 0]
# Walk size: 13
# Is walk (has repeats): true

# Distance Matrix
0.0000000000 1.3274175945 0.1329827091 1.0492369464 0.0457052810 0.6294936837 0.4142917957 0.4278201120 0.3317420130
1.3274175945 0.0000000000 0.9229391433 0.9714084296 1.4217700907 0.0864355032 0.4661009171 0.2759972998 3.6217036024
0.1329827091 0.9229391433 0.0000000000 1.0944047783 0.6589477192 0.0439850119 4.8714093432 2.1269103299 1.7922892839
1.0492369464 0.9714084296 1.0944047783 0.0000000000 1.4011095806 2.0840697952 0.7053323868 0.1682408193 0.2069414282
0.0457052810 1.4217700907 0.6589477192 1.4011095806 0.0000000000 0.6183301175 0.5614659955 2.4361879409 2.3982604571
0.6294936837 0.0864355032 0.0439850119 2.0840697952 0.6183301175 0.0000000000 1.6029131493 0.0370880343 1.9757736216
0.4142917957 0.4661009171 4.8714093432 0.7053323868 0.5614659955 1.6029131493 0.0000000000 0.1868926775 0.6378911135
0.4278201120 0.2759972998 2.1269103299 0.1682408193 2.4361879409 0.0370880343 0.1868926775 0.0000000000 3.8619648606
0.3317420130 3.6217036024 1.7922892839 0.2069414282 2.3982604571 1.9757736216 0.6378911135 3.8619648606 0.0000000000
