# MCW Instance
# Type: EXPONENTIAL
# N: 9
# Optimal cost: 2.031431971558083
# Optimal tour (permutation): [0, 8, 5, 1, 7, 6, 3, 4, 2, 0]
# Optimal walk (full path): [0, 8, 5, 8, 1, 7, 6, 7, 3, 2, 4, 2, 0]
# Walk size: 13
# Is walk (has repeats): true

# Distance Matrix
0.0000000000 0.2614098165 0.0572045952 1.0696828926 2.7860497122 0.8820513628 0.2588027564 0.8923725868 0.1628772864
0.2614098165 0.0000000000 0.2232208337 0.5560363996 3.9347574743 0.9336433783 0.7866732734 0.1691893824 0.1794740458
0.0572045952 0.2232208337 0.0000000000 0.1260042254 0.3217506746 2.1205775165 0.7333846585 0.9229227953 1.7070669645
1.0696828926 0.5560363996 0.1260042254 0.0000000000 1.1604580259 0.9894354314 0.5894844212 0.1158956871 2.5752706459
2.7860497122 3.9347574743 0.3217506746 1.1604580259 0.0000000000 0.6684322515 2.0988161894 1.5798367922 1.1657673266
0.8820513628 0.9336433783 2.1205775165 0.9894354314 0.6684322515 0.0000000000 0.3859955333 2.5208026318 0.1272636588
0.2588027564 0.7866732734 0.7333846585 0.5894844212 2.0988161894 0.3859955333 0.0000000000 0.1613790412 0.5661394822
0.8923725868 0.1691893824 0.9229227953 0.1158956871 1.5798367922 2.5208026318 0.1613790412 0.0000000000 0.2309943301
0.1628772864 0.1794740458 1.7070669645 2.5752706459 1.1657673266 0.1272636588 0.5661394822 0.2309943301 0.0000000000
