# MCW Instance
# Type: EXPONENTIAL
# N: 9
# Optimal cost: 1.8899258784518742
# Optimal tour (permutation): [0, 7, 2, 6, 4, 3, 8, 5, 1, 0]
# Optimal walk (full path): [0, 7, 2, 1, 6, 5, 8, 4, 3, 4, 8, 5, 6, 1, 0]
# Walk size: 15
# Is walk (has repeats): true

# Distance Matrix
0.0000000000 0.2784849839 1.9363539919 1.2128903091 0.5771898294 0.8466487150 0.4481146292 0.2409631770 0.9162958369
0.2784849839 0.0000000000 0.0765360655 2.0004746960 1.0300747900 0.7535748827 0.0664838155 0.5034414117 1.0483138513
1.9363539919 0.0765360655 0.0000000000 1.0716016331 0.4193185922 0.8325545996 0.5037550080 0.1799318576 0.9195824315
1.2128903091 2.0004746960 1.0716016331 0.0000000000 0.3063333433 1.9228928520 0.5793355368 1.1445687082 1.0922359486
0.5771898294 1.0300747900 0.4193185922 0.3063333433 0.0000000000 0.6996493421 0.6965065991 0.8794223882 0.0344974501
0.8466487150 0.7535748827 0.8325545996 1.9228928520 0.6996493421 0.0000000000 0.1158667831 1.6454794136 0.0338235052
0.4481146292 0.0664838155 0.5037550080 0.5793355368 0.6965065991 0.1158667831 0.0000000000 0.4089527387 2.4544982838
0.2409631770 0.5034414117 0.1799318576 1.1445687082 0.8794223882 1.6454794136 0.4089527387 0.0000000000 1.3410095977
0.9162958369 1.0483138513 0.9195824315 1.0922359486 0.0344974501 0.0338235052 2.4544982838 1.3410095977 0.0000000000
