# MCW Instance
# Type: EXPONENTIAL
# N: 8
# Optimal cost: 2.371574443630862
# Optimal tour (permutation): [0, 5, 2, 6, 3, 1, 7, 4, 0]
# Optimal walk (full path): [0, 5, 2, 6, 5, 3, 1, 3, 7, 4, 5, 0]
# Walk size: 12
# Is walk (has repeats): true

# Distance Matrix
0.0000000000 1.1363381426 2.0172946981 0.3642981435 0.5507744761 0.0388795372 0.5098021996 0.5829250300
1.1363381426 0.0000000000 1.9064360279 0.1175944757 0.9539836294 0.2853330173 3.6918043401 1.7736233374
2.0172946981 1.9064360279 0.0000000000 1.0947870675 0.8216773559 0.2854064778 0.6375284967 2.0873104563
0.3642981435 0.1175944757 1.0947870675 0.0000000000 1.7943256270 0.0326933353 1.7003029118 0.2979080841
0.5507744761 0.9539836294 0.8216773559 1.7943256270 0.0000000000 0.0817650622 1.6615416658 0.2821214445
0.0388795372 0.2853330173 0.2854064778 0.0326933353 0.0817650622 0.0000000000 0.4412035172 2.0304742739
0.5098021996 3.6918043401 0.6375284967 1.7003029118 1.6615416658 0.4412035172 0.0000000000 2.6921210821
0.5829250300 1.7736233374 2.0873104563 0.2979080841 0.2821214445 2.0304742739 2.6921210821 0.0000000000
