# MCW Instance
# Type: EXPONENTIAL
# N: 8
# Optimal cost: 1.5519078957709354
# Optimal tour (permutation): [0, 5, 2, 1, 7, 4, 3, 6, 0]
# Optimal walk (full path): [0, 5, 2, 5, 1, 7, 4, 3, 4, 6, 0]
# Walk size: 11
# Is walk (has repeats): true

# Distance Matrix
0.0000000000 0.3001923958 0.6473866053 0.2436455586 0.0543559195 0.0980732118 0.0479598376 0.3013529646
0.3001923958 0.0000000000 3.7579958815 1.1262045118 0.9929340619 0.2989421973 0.8803216627 0.5223056345
0.6473866053 3.7579958815 0.0000000000 0.7822137705 0.7263260007 0.1749717235 1.6221946042 1.5079781649
0.2436455586 1.1262045118 0.7822137705 0.0000000000 0.0016514134 0.9743287313 0.9226837370 0.6579482460
0.0543559195 0.9929340619 0.7263260007 0.0016514134 0.0000000000 1.3980778013 0.0194727819 0.2119079590
0.0980732118 0.2989421973 0.1749717235 0.9743287313 1.3980778013 0.0000000000 2.1474897801 1.8035815758
0.0479598376 0.8803216627 1.6221946042 0.9226837370 0.0194727819 2.1474897801 0.0000000000 0.4689394570
0.3013529646 0.5223056345 1.5079781649 0.6579482460 0.2119079590 1.8035815758 0.4689394570 0.0000000000
