# MCW Instance
# Type: EXPONENTIAL
# N: 8
# Optimal cost: 3.4146709246253746
# Optimal tour (permutation): [0, 7, 6, 5, 1, 4, 3, 2, 0]
# Optimal walk (full path): [0, 7, 0, 6, 0, 5, 1, 4, 3, 2, 3, 0]
# Walk size: 12
# Is walk (has repeats): true

# Distance Matrix
0.0000000000 0.8105295888 1.2543527573 0.2249384014 0.3476624041 0.3907369696 0.5089529192 0.2171760533
0.8105295888 0.0000000000 0.4087031281 0.8478290435 0.2431488092 0.5335322403 3.3537251484 1.1972818382
1.2543527573 0.4087031281 0.0000000000 0.0646116738 1.4305508677 0.6137479178 1.6814915473 0.8841630336
0.2249384014 0.8478290435 0.0646116738 0.0000000000 0.4408332116 2.3185138201 1.5822869526 0.5275232837
0.3476624041 0.2431488092 1.4305508677 0.4408332116 0.0000000000 0.9991994278 1.0340934868 0.7669085086
0.3907369696 0.5335322403 0.6137479178 2.3185138201 0.9991994278 0.0000000000 3.3975105332 0.9323537653
0.5089529192 3.3537251484 1.6814915473 1.5822869526 1.0340934868 3.3975105332 0.0000000000 2.9202049098
0.2171760533 1.1972818382 0.8841630336 0.5275232837 0.7669085086 0.9323537653 2.9202049098 0.0000000000
