# MCW Instance
# Type: EXPONENTIAL
# N: 8
# Optimal cost: 2.6702251972783775
# Optimal tour (permutation): [0, 6, 5, 2, 3, 4, 7, 1, 0]
# Optimal walk (full path): [0, 6, 5, 2, 5, 3, 4, 7, 1, 0]
# Walk size: 10
# Is walk (has repeats): true

# Distance Matrix
0.0000000000 0.2631388290 2.2910765640 2.1136463321 0.9483525189 0.3083746942 0.4151018270 0.5222368258
0.2631388290 0.0000000000 0.3704662008 0.4038606230 0.4562703666 1.2697533527 1.9103969814 0.4581982435
2.2910765640 0.3704662008 0.0000000000 0.7488513156 2.1827610978 0.0835021546 1.1813932791 0.6955705799
2.1136463321 0.4038606230 0.7488513156 0.0000000000 0.3586943338 0.3986740780 1.1449432814 2.8482163793
0.9483525189 0.4562703666 2.1827610978 0.3586943338 0.0000000000 1.5293403647 1.3690037025 0.3440532499
0.3083746942 1.2697533527 0.0835021546 0.3986740780 1.5293403647 0.0000000000 0.2653603268 1.1697560995
0.4151018270 1.9103969814 1.1813932791 1.1449432814 1.3690037025 0.2653603268 0.0000000000 0.9868264883
0.5222368258 0.4581982435 0.6955705799 2.8482163793 0.3440532499 1.1697560995 0.9868264883 0.0000000000
