# MCW Instance
# Type: EXPONENTIAL
# N: 8
# Optimal cost: 1.8619130343768493
# Optimal tour (permutation): [0, 7, 4, 5, 2, 6, 1, 3, 0]
# Optimal walk (full path): [0, 7, 0, 4, 0, 5, 1, 6, 2, 6, 1, 3, 0]
# Walk size: 13
# Is walk (has repeats): true

# Distance Matrix
0.0000000000 0.8735016745 1.8143796343 0.0464665235 0.1483830268 0.1135998614 0.9289825952 0.4526986600
0.8735016745 0.0000000000 0.4676818880 0.0189464568 2.2437630596 0.0712219036 0.0817368637 0.9580498376
1.8143796343 0.4676818880 0.0000000000 0.3037966558 2.3020198770 1.1113139676 0.1230205940 2.2088602519
0.0464665235 0.0189464568 0.3037966558 0.0000000000 0.8865831268 0.5188932880 0.2846915762 0.5578722959
0.1483830268 2.2437630596 2.3020198770 0.8865831268 0.0000000000 2.1067175174 0.8227650529 1.9373845108
0.1135998614 0.0712219036 1.1113139676 0.5188932880 2.1067175174 0.0000000000 0.1776976407 0.9822522200
0.9289825952 0.0817368637 0.1230205940 0.2846915762 0.8227650529 0.1776976407 0.0000000000 1.5278964952
0.4526986600 0.9580498376 2.2088602519 0.5578722959 1.9373845108 0.9822522200 1.5278964952 0.0000000000
