# MCW Instance
# Type: EXPONENTIAL
# N: 8
# Optimal cost: 1.4065033766784132
# Optimal tour (permutation): [0, 6, 5, 4, 7, 2, 1, 3, 0]
# Optimal walk (full path): [0, 6, 5, 4, 7, 2, 1, 3, 6, 0]
# Walk size: 10
# Is walk (has repeats): true

# Distance Matrix
0.0000000000 0.7168518081 1.7019765604 2.0124397352 0.5586675241 2.3686589300 0.0232134639 1.3003766498
0.7168518081 0.0000000000 0.0301055443 0.1418123267 0.5374445166 0.4476818191 0.6673783858 0.3920004847
1.7019765604 0.0301055443 0.0000000000 1.3319563111 2.7366903719 0.4876770422 0.9119783612 0.0333808392
2.0124397352 0.1418123267 1.3319563111 0.0000000000 0.0300327609 0.9894414194 0.4073014459 2.3262230618
0.5586675241 0.5374445166 2.7366903719 0.0300327609 0.0000000000 0.1870444986 0.3968102930 0.1388346894
2.3686589300 0.4476818191 0.4876770422 0.9894414194 0.1870444986 0.0000000000 0.4215971049 0.6435335414
0.0232134639 0.6673783858 0.9119783612 0.4073014459 0.3968102930 0.4215971049 0.0000000000 3.0685528919
1.3003766498 0.3920004847 0.0333808392 2.3262230618 0.1388346894 0.6435335414 3.0685528919 0.0000000000
