# MCW Instance
# Type: EXPONENTIAL
# N: 8
# Optimal cost: 1.7937418834046568
# Optimal tour (permutation): [0, 6, 2, 4, 1, 5, 7, 3, 0]
# Optimal walk (full path): [0, 6, 2, 4, 1, 5, 0, 3, 7, 3, 0]
# Walk size: 11
# Is walk (has repeats): true

# Distance Matrix
0.0000000000 0.7460476658 0.2896758260 0.0562325012 1.6242324175 0.0811261477 0.2680584176 1.1690086469
0.7460476658 0.0000000000 0.0867484896 0.1569683494 0.0847025237 0.1759215863 2.6427591111 0.8640841465
0.2896758260 0.0867484896 0.0000000000 0.5672680842 0.1483226801 1.1789003329 0.4409378730 1.6901627575
0.0562325012 0.1569683494 0.5672680842 0.0000000000 0.3150403604 1.5154651858 4.2964166398 0.2411038263
1.6242324175 0.0847025237 0.1483226801 0.3150403604 0.0000000000 1.4898119058 1.3344132661 0.6392995321
0.0811261477 0.1759215863 1.1789003329 1.5154651858 1.4898119058 0.0000000000 1.9758726367 1.4929020335
0.2680584176 2.6427591111 0.4409378730 4.2964166398 1.3344132661 1.9758726367 0.0000000000 0.6564656562
1.1690086469 0.8640841465 1.6901627575 0.2411038263 0.6392995321 1.4929020335 0.6564656562 0.0000000000
