# MCW Instance
# Type: EXPONENTIAL
# N: 8
# Optimal cost: 1.635086621309161
# Optimal tour (permutation): [0, 7, 5, 3, 2, 1, 6, 4, 0]
# Optimal walk (full path): [0, 4, 7, 5, 2, 3, 2, 5, 1, 6, 4, 0]
# Walk size: 12
# Is walk (has repeats): true

# Distance Matrix
0.0000000000 1.8413294376 1.1644933913 1.2203029811 0.0845885057 0.3928003946 2.6227380923 1.7702692291
1.8413294376 0.0000000000 1.4286833091 1.0671016864 0.6211198070 0.3244437906 0.1750007904 2.2255216571
1.1644933913 1.4286833091 0.0000000000 0.2195333686 0.4905927632 0.0181753462 0.9280517950 0.9527789716
1.2203029811 1.0671016864 0.2195333686 0.0000000000 0.4224149480 2.8460908973 1.3567756652 0.3330882232
0.0845885057 0.6211198070 0.4905927632 0.4224149480 0.0000000000 1.1222588198 0.3305778925 0.1593274342
0.3928003946 0.3244437906 0.0181753462 2.8460908973 1.1222588198 0.0000000000 1.1835216357 0.0011422725
2.6227380923 0.1750007904 0.9280517950 1.3567756652 0.3305778925 1.1835216357 0.0000000000 0.3043333246
1.7702692291 2.2255216571 0.9527789716 0.3330882232 0.1593274342 0.0011422725 0.3043333246 0.0000000000
