# MCW Instance
# Type: EXPONENTIAL
# N: 8
# Optimal cost: 1.530337364966994
# Optimal tour (permutation): [0, 5, 1, 6, 4, 7, 2, 3, 0]
# Optimal walk (full path): [0, 5, 1, 4, 6, 4, 2, 7, 2, 0, 3, 0]
# Walk size: 12
# Is walk (has repeats): true

# Distance Matrix
0.0000000000 0.5272049037 0.0427718038 0.0432985202 0.4825012529 0.2610011484 0.4514562177 1.1331005006
0.5272049037 0.0000000000 0.1441782711 2.4629274228 0.1909611413 0.3436916148 0.9282929985 1.9448167732
0.0427718038 0.1441782711 0.0000000000 0.3588859874 0.1897437733 0.8898906185 1.4922515929 0.0776562639
0.0432985202 2.4629274228 0.3588859874 0.0000000000 5.4673497126 0.9001805211 2.1104949452 0.3937642602
0.4825012529 0.1909611413 0.1897437733 5.4673497126 0.0000000000 1.1553721543 0.1301291576 0.6630930438
0.2610011484 0.3436916148 0.8898906185 0.9001805211 1.1553721543 0.0000000000 3.1588716932 0.6644015939
0.4514562177 0.9282929985 1.4922515929 2.1104949452 0.1301291576 3.1588716932 0.0000000000 5.2681264110
1.1331005006 1.9448167732 0.0776562639 0.3937642602 0.6630930438 0.6644015939 5.2681264110 0.0000000000
