# MCW Instance
# Type: EXPONENTIAL
# N: 8
# Optimal cost: 2.409002378724915
# Optimal tour (permutation): [0, 7, 2, 5, 3, 4, 6, 1, 0]
# Optimal walk (full path): [0, 7, 2, 5, 3, 4, 1, 6, 1, 0]
# Walk size: 10
# Is walk (has repeats): true

# Distance Matrix
0.0000000000 0.1600185770 1.3385374051 0.8423698190 1.1438576628 2.7110425249 0.3803321381 0.0259878635
0.1600185770 0.0000000000 2.1628308252 0.5942069977 0.0487593142 1.3085999904 0.0009605518 0.2075108023
1.3385374051 2.1628308252 0.0000000000 1.6386019074 0.7793604302 0.4618570221 1.3660863966 0.5742624668
0.8423698190 0.5942069977 1.6386019074 0.0000000000 0.5330778843 0.6031181472 1.0801397566 2.8023820144
1.1438576628 0.0487593142 0.7793604302 0.5330778843 0.0000000000 1.7618282136 3.5178595190 0.3491526254
2.7110425249 1.3085999904 0.4618570221 0.6031181472 1.7618282136 0.0000000000 0.2005687765 0.4243543496
0.3803321381 0.0009605518 1.3660863966 1.0801397566 3.5178595190 0.2005687765 0.0000000000 2.8692800332
0.0259878635 0.2075108023 0.5742624668 2.8023820144 0.3491526254 0.4243543496 2.8692800332 0.0000000000
