# MCW Instance
# Type: EXPONENTIAL
# N: 8
# Optimal cost: 3.4319628558010864
# Optimal tour (permutation): [0, 1, 6, 7, 3, 4, 5, 2, 0]
# Optimal walk (full path): [0, 1, 7, 6, 7, 3, 7, 4, 7, 5, 2, 0]
# Walk size: 12
# Is walk (has repeats): true

# Distance Matrix
0.0000000000 0.5223810648 0.8026400092 1.8293126135 1.9406538879 0.5718939554 2.1975427402 1.4809213003
0.5223810648 0.0000000000 1.8718319087 0.9612665635 0.2629269174 0.9795481602 1.0702477845 0.2517741020
0.8026400092 1.8718319087 0.0000000000 0.7886172210 1.8583842082 0.2994056174 1.1873347105 0.5410378844
1.8293126135 0.9612665635 0.7886172210 0.0000000000 1.0875902253 1.6847918142 0.7885511077 0.2838632519
1.9406538879 0.2629269174 1.8583842082 1.0875902253 0.0000000000 2.8067586697 1.5578106603 0.0101106302
0.5718939554 0.9795481602 0.2994056174 1.6847918142 2.8067586697 0.0000000000 1.5769698893 0.1016010012
2.1975427402 1.0702477845 1.1873347105 0.7885511077 1.5578106603 1.5769698893 0.0000000000 0.4331066485
1.4809213003 0.2517741020 0.5410378844 0.2838632519 0.0101106302 0.1016010012 0.4331066485 0.0000000000
