# MCW Instance
# Type: EXPONENTIAL
# N: 8
# Optimal cost: 1.404935727179524
# Optimal tour (permutation): [0, 4, 7, 6, 3, 5, 2, 1, 0]
# Optimal walk (full path): [0, 1, 4, 1, 7, 3, 6, 3, 2, 5, 2, 1, 0]
# Walk size: 13
# Is walk (has repeats): true

# Distance Matrix
0.0000000000 0.0260967581 1.6580692207 0.6406920654 0.1679542942 0.8587464924 0.4935513358 1.1142431019
0.0260967581 0.0000000000 0.0043424312 1.2408987948 0.1008968200 0.7929659727 1.0649079115 0.3914867063
1.6580692207 0.0043424312 0.0000000000 0.2667131176 0.1089103178 0.1237075558 1.7273616476 0.6451658521
0.6406920654 1.2408987948 0.2667131176 0.0000000000 5.5584409774 0.6021173176 0.0496105169 0.1417701705
0.1679542942 0.1008968200 0.1089103178 5.5584409774 0.0000000000 0.9238089890 0.5757217917 4.0683099324
0.8587464924 0.7929659727 0.1237075558 0.6021173176 0.9238089890 0.0000000000 0.7683176233 1.2932901298
0.4935513358 1.0649079115 1.7273616476 0.0496105169 0.5757217917 0.7683176233 0.0000000000 0.5072106674
1.1142431019 0.3914867063 0.6451658521 0.1417701705 4.0683099324 1.2932901298 0.5072106674 0.0000000000
