# MCW Instance
# Type: EXPONENTIAL
# N: 8
# Optimal cost: 2.4547779256452835
# Optimal tour (permutation): [0, 4, 2, 5, 6, 1, 7, 3, 0]
# Optimal walk (full path): [0, 4, 2, 5, 6, 5, 1, 7, 3, 0]
# Walk size: 10
# Is walk (has repeats): true

# Distance Matrix
0.0000000000 1.3731383783 1.6882084427 0.1778779321 0.5372492454 0.6481733547 2.0080553338 0.8482613913
1.3731383783 0.0000000000 1.4970652483 1.9874134694 1.2047878303 0.0802299129 0.7237217654 0.6056214267
1.6882084427 1.4970652483 0.0000000000 2.2254596508 0.3649027000 0.0005286969 2.0150692325 1.3992465403
0.1778779321 1.9874134694 2.2254596508 0.0000000000 1.2224042580 1.0496609907 1.1176457104 0.5594626598
0.5372492454 1.2047878303 0.3649027000 1.2224042580 0.0000000000 0.8883930924 1.2660706373 2.6192899616
0.6481733547 0.0802299129 0.0005286969 1.0496609907 0.8883930924 0.0000000000 0.0644526760 0.8242577441
2.0080553338 0.7237217654 2.0150692325 1.1176457104 1.2660706373 0.0644526760 0.0000000000 0.7034812022
0.8482613913 0.6056214267 1.3992465403 0.5594626598 2.6192899616 0.8242577441 0.7034812022 0.0000000000
