# MCW Instance
# Type: EXPONENTIAL
# N: 8
# Optimal cost: 1.8595642414103186
# Optimal tour (permutation): [0, 3, 2, 7, 4, 6, 1, 5, 0]
# Optimal walk (full path): [0, 5, 3, 2, 7, 4, 6, 1, 5, 0]
# Walk size: 10
# Is walk (has repeats): true

# Distance Matrix
0.0000000000 4.9176275482 0.5855210935 1.1646455653 0.2740970201 0.0022405879 3.5047387642 2.2860075838
4.9176275482 0.0000000000 0.4926937832 2.0660631352 4.5628594785 0.0074966200 0.3675928997 0.0781897144
0.5855210935 0.4926937832 0.0000000000 0.1480772212 0.8194723565 3.2231964658 0.8904221858 0.2881058939
1.1646455653 2.0660631352 0.1480772212 0.0000000000 0.5620836990 0.4559964010 2.7396626843 0.5165905753
0.2740970201 4.5628594785 0.8194723565 0.5620836990 0.0000000000 0.1757472767 0.4808317476 0.1069822822
0.0022405879 0.0074966200 3.2231964658 0.4559964010 0.1757472767 0.0000000000 2.5729826300 2.3079688249
3.5047387642 0.3675928997 0.8904221858 2.7396626843 0.4808317476 2.5729826300 0.0000000000 1.9956389404
2.2860075838 0.0781897144 0.2881058939 0.5165905753 0.1069822822 2.3079688249 1.9956389404 0.0000000000
