# MCW Instance
# Type: EXPONENTIAL
# N: 8
# Optimal cost: 3.1993808640319377
# Optimal tour (permutation): [0, 1, 3, 5, 4, 6, 7, 2, 0]
# Optimal walk (full path): [0, 3, 1, 3, 5, 4, 0, 6, 7, 6, 0, 2, 0]
# Walk size: 13
# Is walk (has repeats): true

# Distance Matrix
0.0000000000 1.1100151098 0.0300649610 0.0431475373 0.1046655699 0.4714533283 0.0490239943 4.1267331454
1.1100151098 0.0000000000 1.4204944802 0.9350012039 1.1582302167 1.4304608213 1.5017634535 3.1005002507
0.0300649610 1.4204944802 0.0000000000 6.1752279746 0.4688438543 0.7022240159 0.3594072581 0.4936574486
0.0431475373 0.9350012039 6.1752279746 0.0000000000 3.4426902836 0.3321206476 1.3754509350 0.6591800819
0.1046655699 1.1582302167 0.4688438543 3.4426902836 0.0000000000 0.2827791132 0.2144453138 1.5911705249
0.4714533283 1.4304608213 0.7022240159 0.3321206476 0.2827791132 0.0000000000 0.5426998723 3.4636221988
0.0490239943 1.5017634535 0.3594072581 1.3754509350 0.2144453138 0.5426998723 0.0000000000 0.2042438388
4.1267331454 3.1005002507 0.4936574486 0.6591800819 1.5911705249 3.4636221988 0.2042438388 0.0000000000
