# MCW Instance
# Type: EXPONENTIAL
# N: 8
# Optimal cost: 0.7222003158155758
# Optimal tour (permutation): [0, 2, 1, 6, 5, 3, 4, 7, 0]
# Optimal walk (full path): [0, 2, 1, 6, 3, 5, 3, 7, 4, 7, 0]
# Walk size: 11
# Is walk (has repeats): true

# Distance Matrix
0.0000000000 0.3492767127 0.0960260586 0.7751553897 0.0859942210 0.1080014005 0.8548328432 0.0323527262
0.3492767127 0.0000000000 0.1387081328 1.0006878895 1.1042737216 0.3822238420 0.2248748437 0.7951277995
0.0960260586 0.1387081328 0.0000000000 1.9757178395 1.4181307751 2.8772941797 5.0830111136 1.9545323607
0.7751553897 1.0006878895 1.9757178395 0.0000000000 2.2078605414 0.0167944730 0.0361157370 0.0590508066
0.0859942210 1.1042737216 1.4181307751 2.2078605414 0.0000000000 1.0642374872 1.3908975240 0.0507415324
0.1080014005 0.3822238420 2.8772941797 0.0167944730 1.0642374872 0.0000000000 1.7356094176 0.7944496935
0.8548328432 0.2248748437 5.0830111136 0.0361157370 1.3908975240 1.7356094176 0.0000000000 0.9370390266
0.0323527262 0.7951277995 1.9545323607 0.0590508066 0.0507415324 0.7944496935 0.9370390266 0.0000000000
