# MCW Instance
# Type: EXPONENTIAL
# N: 8
# Optimal cost: 1.7436233775406484
# Optimal tour (permutation): [0, 6, 3, 4, 2, 7, 5, 1, 0]
# Optimal walk (full path): [0, 6, 3, 4, 1, 2, 7, 2, 1, 5, 1, 0]
# Walk size: 12
# Is walk (has repeats): true

# Distance Matrix
0.0000000000 0.2530644678 0.5759210755 2.2761934708 1.8816312182 1.6756912619 0.2859465615 0.4983319499
0.2530644678 0.0000000000 0.0612939289 0.6959491105 0.1262484598 0.1816856876 0.1499035336 0.6710767055
0.5759210755 0.0612939289 0.0000000000 0.1211482541 0.2872291570 1.0195788342 0.3678932848 0.1815281469
2.2761934708 0.6959491105 0.1211482541 0.0000000000 0.1257127064 0.7453963277 0.1036356555 2.4931293408
1.8816312182 0.1262484598 0.2872291570 0.1257127064 0.0000000000 0.9321405899 0.7738514709 0.3837607407
1.6756912619 0.1816856876 1.0195788342 0.7453963277 0.9321405899 0.0000000000 0.5178182639 0.7515691931
0.2859465615 0.1499035336 0.3678932848 0.1036356555 0.7738514709 0.5178182639 0.0000000000 1.7563701858
0.4983319499 0.6710767055 0.1815281469 2.4931293408 0.3837607407 0.7515691931 1.7563701858 0.0000000000
