# MCW Instance
# Type: EXPONENTIAL
# N: 8
# Optimal cost: 2.532632129680571
# Optimal tour (permutation): [0, 7, 6, 2, 4, 5, 3, 1, 0]
# Optimal walk (full path): [0, 7, 6, 2, 4, 5, 3, 1, 3, 0]
# Walk size: 10
# Is walk (has repeats): true

# Distance Matrix
0.0000000000 0.8723552807 0.2124048218 0.1895018270 1.1321145105 1.7320787243 0.7618918016 0.3386684343
0.8723552807 0.0000000000 0.8739673644 0.1717356918 0.9967535916 0.4795385814 1.1005293570 1.1256724044
0.2124048218 0.8739673644 0.0000000000 2.4152123566 0.1245316495 0.3319495675 0.3710918436 2.3528126694
0.1895018270 0.1717356918 2.4152123566 0.0000000000 1.7969458293 0.2820183497 1.7301103353 0.6818513346
1.1321145105 0.9967535916 0.1245316495 1.7969458293 0.0000000000 0.2163575011 3.0386974806 1.6866913739
1.7320787243 0.4795385814 0.3319495675 0.2820183497 0.2163575011 0.0000000000 0.9393218538 0.8076541223
0.7618918016 1.1005293570 0.3710918436 1.7301103353 3.0386974806 0.9393218538 0.0000000000 0.6669911406
0.3386684343 1.1256724044 2.3528126694 0.6818513346 1.6866913739 0.8076541223 0.6669911406 0.0000000000
