# MCW Instance
# Type: EXPONENTIAL
# N: 8
# Optimal cost: 1.310443221999251
# Optimal tour (permutation): [0, 3, 1, 2, 7, 5, 4, 6, 0]
# Optimal walk (full path): [0, 1, 3, 1, 0, 2, 7, 5, 7, 4, 7, 6, 0]
# Walk size: 13
# Is walk (has repeats): true

# Distance Matrix
0.0000000000 0.0766860115 0.0542540782 1.7989516986 1.8352649212 0.6950066002 0.1267776344 0.8090088559
0.0766860115 0.0000000000 1.5011618783 0.0972136012 0.9958032229 1.0290495055 1.4468384995 1.2165495836
0.0542540782 1.5011618783 0.0000000000 1.8164902329 0.3395520359 0.9490646975 2.4290420883 0.0087094814
1.7989516986 0.0972136012 1.8164902329 0.0000000000 0.6045325556 1.5540691128 0.3395737482 2.6592738719
1.8352649212 0.9958032229 0.3395520359 0.6045325556 0.0000000000 2.2696030622 4.3507881962 0.2668447157
0.6950066002 1.0290495055 0.9490646975 1.5540691128 2.2696030622 0.0000000000 0.2366548909 0.0408115526
0.1267776344 1.4468384995 2.4290420883 0.3395737482 4.3507881962 0.2366548909 0.0000000000 0.1575902660
0.8090088559 1.2165495836 0.0087094814 2.6592738719 0.2668447157 0.0408115526 0.1575902660 0.0000000000
