# MCW Instance
# Type: EXPONENTIAL
# N: 8
# Optimal cost: 2.343452518043004
# Optimal tour (permutation): [0, 1, 3, 5, 2, 6, 7, 4, 0]
# Optimal walk (full path): [0, 1, 0, 3, 5, 3, 2, 6, 4, 7, 4, 6, 0]
# Walk size: 13
# Is walk (has repeats): true

# Distance Matrix
0.0000000000 0.7602060165 2.3477857657 0.0877594080 0.3374136773 0.4399460880 0.0700203097 0.2787668246
0.7602060165 0.0000000000 1.3405215378 4.1922627234 0.9064811490 3.2573220155 2.5317615808 1.3825253701
2.3477857657 1.3405215378 0.0000000000 0.0515479213 1.0763960591 0.7177687765 0.1506655056 1.0870715762
0.0877594080 4.1922627234 0.0515479213 0.0000000000 0.7410695308 0.1186803861 0.3250569330 1.6495493542
0.3374136773 0.9064811490 1.0763960591 0.7410695308 0.0000000000 1.3193326817 0.0248487653 0.0879945188
0.4399460880 3.2573220155 0.7177687765 0.1186803861 1.3193326817 0.0000000000 0.5694012002 1.1355741393
0.0700203097 2.5317615808 0.1506655056 0.3250569330 0.0248487653 0.5694012002 0.0000000000 3.1760983754
0.2787668246 1.3825253701 1.0870715762 1.6495493542 0.0879945188 1.1355741393 3.1760983754 0.0000000000
