# MCW Instance
# Type: EXPONENTIAL
# N: 8
# Optimal cost: 3.068097968863002
# Optimal tour (permutation): [0, 7, 4, 6, 2, 1, 5, 3, 0]
# Optimal walk (full path): [0, 7, 4, 6, 2, 1, 5, 3, 0]
# Walk size: 9
# Is walk (has repeats): false

# Distance Matrix
0.0000000000 1.6892992456 0.9948728085 0.4803595244 1.4547353156 1.4585224558 1.2221341546 0.7549470330
1.6892992456 0.0000000000 0.4847208142 0.8085570361 0.3537613555 0.2325519179 0.4985597648 0.2877798225
0.9948728085 0.4847208142 0.0000000000 0.7972258898 0.4185941051 0.6073751628 0.3015926324 0.5775230167
0.4803595244 0.8085570361 0.7972258898 0.0000000000 4.6308584167 0.3983757158 2.4769736708 0.3809017296
1.4547353156 0.3537613555 0.4185941051 4.6308584167 0.0000000000 0.2996493671 0.1178894496 0.2976608815
1.4585224558 0.2325519179 0.6073751628 0.3983757158 0.2996493671 0.0000000000 1.0244114463 3.1319809363
1.2221341546 0.4985597648 0.3015926324 2.4769736708 0.1178894496 1.0244114463 0.0000000000 0.1951201375
0.7549470330 0.2877798225 0.5775230167 0.3809017296 0.2976608815 3.1319809363 0.1951201375 0.0000000000
