# MCW Instance
# Type: EXPONENTIAL
# N: 8
# Optimal cost: 2.305232052121379
# Optimal tour (permutation): [0, 4, 7, 6, 3, 1, 5, 2, 0]
# Optimal walk (full path): [0, 4, 7, 6, 3, 1, 3, 5, 2, 0]
# Walk size: 10
# Is walk (has repeats): true

# Distance Matrix
0.0000000000 0.6059396523 0.5201505874 0.9168134753 0.2257430215 3.8109307604 2.4930565623 1.0840122215
0.6059396523 0.0000000000 0.9717839391 0.1313584804 2.1144164260 2.3201653752 0.8236565647 1.2561454639
0.5201505874 0.9717839391 0.0000000000 0.6279895150 2.3073266807 0.6127914829 2.1534970843 1.3750205533
0.9168134753 0.1313584804 0.6279895150 0.0000000000 0.9104771528 0.1484127035 0.1080112802 2.6098298372
0.2257430215 2.1144164260 2.3073266807 0.9104771528 0.0000000000 2.0230939573 1.4260789308 0.1962968254
3.8109307604 2.3201653752 0.6127914829 0.1484127035 2.0230939573 0.0000000000 0.1201682389 0.6539041953
2.4930565623 0.8236565647 2.1534970843 0.1080112802 1.4260789308 0.1201682389 0.0000000000 0.2311091904
1.0840122215 1.2561454639 1.3750205533 2.6098298372 0.1962968254 0.6539041953 0.2311091904 0.0000000000
