# MCW Instance
# Type: EXPONENTIAL
# N: 8
# Optimal cost: 1.4881444780417536
# Optimal tour (permutation): [0, 6, 4, 7, 2, 3, 1, 5, 0]
# Optimal walk (full path): [0, 6, 4, 7, 4, 2, 3, 1, 5, 0]
# Walk size: 10
# Is walk (has repeats): true

# Distance Matrix
0.0000000000 0.7360792174 1.0307665613 0.4386484747 0.9034993491 0.2105015059 0.1738343006 0.3448903176
0.7360792174 0.0000000000 0.7471668379 0.2649173673 0.8799317562 0.3000606041 0.8310242857 0.3155035339
1.0307665613 0.7471668379 0.0000000000 0.2456236184 0.0259828300 0.3601009350 1.9140384904 0.8102938064
0.4386484747 0.2649173673 0.2456236184 0.0000000000 3.8121331159 1.1633540313 0.3189794008 0.8402900453
0.9034993491 0.8799317562 0.0259828300 3.8121331159 0.0000000000 1.0692830740 0.1880547266 0.0395847626
0.2105015059 0.3000606041 0.3601009350 1.1633540313 1.0692830740 0.0000000000 0.7817074511 1.3503858587
0.1738343006 0.8310242857 1.9140384904 0.3189794008 0.1880547266 0.7817074511 0.0000000000 2.9787997666
0.3448903176 0.3155035339 0.8102938064 0.8402900453 0.0395847626 1.3503858587 2.9787997666 0.0000000000
