# MCW Instance
# Type: EXPONENTIAL
# N: 8
# Optimal cost: 1.9906145630914227
# Optimal tour (permutation): [0, 7, 1, 6, 4, 2, 5, 3, 0]
# Optimal walk (full path): [0, 7, 1, 6, 2, 4, 2, 5, 3, 5, 0]
# Walk size: 11
# Is walk (has repeats): true

# Distance Matrix
0.0000000000 1.5435547230 0.8285059738 3.1185612496 0.8280697512 0.1086879298 0.6582975288 0.1711069119
1.5435547230 0.0000000000 0.3236016034 0.3351970132 1.1519347054 0.9517913934 0.2898435111 0.1987542913
0.8285059738 0.3236016034 0.0000000000 0.9753561861 0.2553587963 0.2162973241 0.2521706122 0.5349356251
3.1185612496 0.3351970132 0.9753561861 0.0000000000 0.7883676018 0.1215181951 0.4472749979 2.2424613676
0.8280697512 1.1519347054 0.2553587963 0.7883676018 0.0000000000 5.1786917600 2.2220758165 1.3292773290
0.1086879298 0.9517913934 0.2162973241 0.1215181951 5.1786917600 0.0000000000 0.5216133420 0.7061531696
0.6582975288 0.2898435111 0.2521706122 0.4472749979 2.2220758165 0.5216133420 0.0000000000 2.9136321302
0.1711069119 0.1987542913 0.5349356251 2.2424613676 1.3292773290 0.7061531696 2.9136321302 0.0000000000
