# MCW Instance
# Type: EXPONENTIAL
# N: 8
# Optimal cost: 3.145564083814187
# Optimal tour (permutation): [0, 7, 6, 5, 1, 2, 4, 3, 0]
# Optimal walk (full path): [0, 7, 6, 7, 5, 1, 2, 4, 0, 3, 0]
# Walk size: 11
# Is walk (has repeats): true

# Distance Matrix
0.0000000000 1.7477987139 1.8514760781 0.1748739868 0.4355942456 0.1918229097 0.6296581861 0.2279957840
1.7477987139 0.0000000000 0.5847700216 0.8538264482 1.0636141721 0.6378906506 1.1381365668 1.0440691803
1.8514760781 0.5847700216 0.0000000000 4.4857346684 0.5245824438 2.5111778050 1.9313671886 0.7171138217
0.1748739868 0.8538264482 4.4857346684 0.0000000000 2.2243112818 2.1947120020 1.7308746198 0.8629710130
0.4355942456 1.0636141721 0.5245824438 2.2243112818 0.0000000000 0.5067635084 2.0752998630 2.5868947322
0.1918229097 0.6378906506 2.5111778050 2.1947120020 0.5067635084 0.0000000000 2.5235295478 0.3051512961
0.6296581861 1.1381365668 1.9313671886 1.7308746198 2.0752998630 2.5235295478 0.0000000000 0.0399158343
0.2279957840 1.0440691803 0.7171138217 0.8629710130 2.5868947322 0.3051512961 0.0399158343 0.0000000000
