# MCW Instance
# Type: EXPONENTIAL
# N: 8
# Optimal cost: 2.4371456796971898
# Optimal tour (permutation): [0, 2, 7, 4, 3, 5, 1, 6, 0]
# Optimal walk (full path): [0, 2, 7, 4, 1, 5, 3, 5, 1, 6, 0]
# Walk size: 11
# Is walk (has repeats): true

# Distance Matrix
0.0000000000 1.1651763579 0.4261064901 1.0304822209 0.7461119661 0.5849226477 0.4528218098 0.6523610707
1.1651763579 0.0000000000 0.2066826130 1.8673000239 0.1669181989 0.0669041548 0.1002093338 0.6373905203
0.4261064901 0.2066826130 0.0000000000 0.7782329487 0.4887516773 1.9606859403 0.1209855857 0.1954327836
1.0304822209 1.8673000239 0.7782329487 0.0000000000 2.6260400870 0.4081287745 1.8673044315 0.7186426645
0.7461119661 0.1669181989 0.4887516773 2.6260400870 0.0000000000 0.3277529781 2.2489876525 0.1455912049
0.5849226477 0.0669041548 1.9606859403 0.4081287745 0.3277529781 0.0000000000 0.3074844154 0.8752942204
0.4528218098 0.1002093338 0.1209855857 1.8673044315 2.2489876525 0.3074844154 0.0000000000 0.4852369370
0.6523610707 0.6373905203 0.1954327836 0.7186426645 0.1455912049 0.8752942204 0.4852369370 0.0000000000
