# MCW Instance
# Type: EXPONENTIAL
# N: 8
# Optimal cost: 1.0605528588630588
# Optimal tour (permutation): [0, 7, 2, 5, 1, 4, 3, 6, 0]
# Optimal walk (full path): [0, 7, 2, 5, 1, 5, 4, 3, 6, 0]
# Walk size: 10
# Is walk (has repeats): true

# Distance Matrix
0.0000000000 0.6945727706 0.6204417526 0.6848445641 1.1788110052 0.4863981188 0.0477540432 0.1010695060
0.6945727706 0.0000000000 0.2178294386 0.4512148367 0.9494548724 0.0968117153 0.7195114711 1.2063654080
0.6204417526 0.2178294386 0.0000000000 0.4086524724 2.3151014370 0.0336937657 2.3155931829 0.1239113136
0.6848445641 0.4512148367 0.4086524724 0.0000000000 0.1652666518 0.2247966290 0.2990477285 0.8143840508
1.1788110052 0.9494548724 2.3151014370 0.1652666518 0.0000000000 0.0961864195 0.4804667376 0.6678569704
0.4863981188 0.0968117153 0.0336937657 0.2247966290 0.0961864195 0.0000000000 0.9647365073 0.7864617939
0.0477540432 0.7195114711 2.3155931829 0.2990477285 0.4804667376 0.9647365073 0.0000000000 1.0473484063
0.1010695060 1.2063654080 0.1239113136 0.8143840508 0.6678569704 0.7864617939 1.0473484063 0.0000000000
