# MCW Instance
# Type: EXPONENTIAL
# N: 8
# Optimal cost: 1.9521311668785284
# Optimal tour (permutation): [0, 3, 4, 6, 2, 7, 5, 1, 0]
# Optimal walk (full path): [0, 3, 0, 4, 6, 2, 6, 1, 7, 1, 5, 1, 6, 0]
# Walk size: 14
# Is walk (has repeats): true

# Distance Matrix
0.0000000000 0.9580787164 2.6506536619 0.1859235940 0.3435075487 2.5132742044 0.2831930322 0.8292380602
0.9580787164 0.0000000000 0.4628090418 0.6482734072 1.3811907423 0.0783563290 0.1198148745 0.0574678084
2.6506536619 0.4628090418 0.0000000000 1.3873245885 0.9271438722 0.4783750377 0.0148109426 1.8564748516
0.1859235940 0.6482734072 1.3873245885 0.0000000000 1.1799026001 2.9470731581 2.1483100353 1.0397606948
0.3435075487 1.3811907423 0.9271438722 1.1799026001 0.0000000000 0.8991852738 0.4126834892 0.7121605603
2.5132742044 0.0783563290 0.4783750377 2.9470731581 0.8991852738 0.0000000000 2.4383333448 0.6110397517
0.2831930322 0.1198148745 0.0148109426 2.1483100353 0.4126834892 2.4383333448 0.0000000000 0.3494139120
0.8292380602 0.0574678084 1.8564748516 1.0397606948 0.7121605603 0.6110397517 0.3494139120 0.0000000000
