# MCW Instance
# Type: EXPONENTIAL
# N: 8
# Optimal cost: 2.5341959274044936
# Optimal tour (permutation): [0, 1, 2, 6, 3, 5, 7, 4, 0]
# Optimal walk (full path): [0, 1, 2, 6, 4, 3, 5, 7, 4, 6, 0]
# Walk size: 11
# Is walk (has repeats): true

# Distance Matrix
0.0000000000 0.3135828942 0.4028224077 1.4955774324 0.7398441031 0.3529694884 0.0161869343 1.4148093080
0.3135828942 0.0000000000 0.5503296028 0.7210540344 1.1344382335 1.2051540769 0.4204274490 1.8927154297
0.4028224077 0.5503296028 0.0000000000 0.5988032541 1.1229323352 1.3160223291 0.2679109223 2.2284417392
1.4955774324 0.7210540344 0.5988032541 0.0000000000 0.1855172872 0.2912318147 0.2297196676 0.9461654923
0.7398441031 1.1344382335 1.1229323352 0.1855172872 0.0000000000 0.5105010702 0.0321074537 0.3556397189
0.3529694884 1.2051540769 1.3160223291 0.2912318147 0.5105010702 0.0000000000 0.6370928253 0.4895818456
0.0161869343 0.4204274490 0.2679109223 0.2297196676 0.0321074537 0.6370928253 0.0000000000 1.4608270667
1.4148093080 1.8927154297 2.2284417392 0.9461654923 0.3556397189 0.4895818456 1.4608270667 0.0000000000
