# MCW Instance
# Type: EXPONENTIAL
# N: 8
# Optimal cost: 1.3827040026088022
# Optimal tour (permutation): [0, 4, 7, 1, 6, 3, 5, 2, 0]
# Optimal walk (full path): [0, 4, 1, 7, 1, 6, 2, 3, 5, 3, 2, 0]
# Walk size: 12
# Is walk (has repeats): true

# Distance Matrix
0.0000000000 0.5009179132 0.0787311731 1.6177106409 0.1669372888 2.0605379702 0.5953689818 0.7914118439
0.5009179132 0.0000000000 0.2330351878 0.1801476231 0.2606877527 4.5507068772 0.2649014697 0.0723777730
0.0787311731 0.2330351878 0.0000000000 0.0462569821 0.2561687727 0.4353866591 0.2719749107 0.3054817297
1.6177106409 0.1801476231 0.0462569821 0.0000000000 2.1982384023 0.0511009487 0.4114293670 0.5689029482
0.1669372888 0.2606877527 0.2561687727 2.1982384023 0.0000000000 0.5640627628 0.6491534948 0.3577060540
2.0605379702 4.5507068772 0.4353866591 0.0511009487 0.5640627628 0.0000000000 0.5360804100 1.2446900564
0.5953689818 0.2649014697 0.2719749107 0.4114293670 0.6491534948 0.5360804100 0.0000000000 0.5513970576
0.7914118439 0.0723777730 0.3054817297 0.5689029482 0.3577060540 1.2446900564 0.5513970576 0.0000000000
