# MCW Instance
# Type: EXPONENTIAL
# N: 8
# Optimal cost: 1.4113834040557949
# Optimal tour (permutation): [0, 7, 1, 6, 2, 5, 4, 3, 0]
# Optimal walk (full path): [0, 7, 1, 6, 2, 6, 5, 3, 4, 3, 5, 0]
# Walk size: 12
# Is walk (has repeats): true

# Distance Matrix
0.0000000000 0.5539567745 2.5838605861 0.6274475289 0.5072838705 0.1170809904 0.4559700408 0.1303340187
0.5539567745 0.0000000000 1.0779017095 0.2797214173 1.0303257619 0.7048121183 0.1022318211 0.2537813622
2.5838605861 1.0779017095 0.0000000000 0.5247245857 1.1438672180 1.7798498655 0.2725429775 1.5220303523
0.6274475289 0.2797214173 0.5247245857 0.0000000000 0.0870100354 0.0375135112 1.8172030222 0.7044217327
0.5072838705 1.0303257619 1.1438672180 0.0870100354 0.0000000000 1.3790815030 0.9550176737 0.4206461158
0.1170809904 0.7048121183 1.7798498655 0.0375135112 1.3790815030 0.0000000000 0.0138221632 2.6544812109
0.4559700408 0.1022318211 0.2725429775 1.8172030222 0.9550176737 0.0138221632 0.0000000000 4.8478430690
0.1303340187 0.2537813622 1.5220303523 0.7044217327 0.4206461158 2.6544812109 4.8478430690 0.0000000000
