# MCW Instance
# Type: EXPONENTIAL
# N: 8
# Optimal cost: 2.6332831716787184
# Optimal tour (permutation): [0, 4, 7, 5, 1, 6, 2, 3, 0]
# Optimal walk (full path): [0, 4, 7, 5, 1, 5, 3, 6, 3, 2, 3, 0]
# Walk size: 12
# Is walk (has repeats): true

# Distance Matrix
0.0000000000 1.5121752204 1.1717553850 0.1333036322 0.5143439628 0.4522096575 1.8822946095 1.6613908615
1.5121752204 0.0000000000 1.8733073185 4.4275070889 0.7098934045 0.2510298643 1.4048156394 2.3255341175
1.1717553850 1.8733073185 0.0000000000 0.1065955362 0.9439464722 3.4798498363 0.6473552007 1.8187163711
0.1333036322 4.4275070889 0.1065955362 0.0000000000 0.8990887715 0.3548525318 0.0714684796 0.6525414969
0.5143439628 0.7098934045 0.9439464722 0.8990887715 0.0000000000 1.4960385895 0.6094038850 0.5072146513
0.4522096575 0.2510298643 3.4798498363 0.3548525318 1.4960385895 0.0000000000 1.2032936612 0.2653806335
1.8822946095 1.4048156394 0.6473552007 0.0714684796 0.6094038850 1.2032936612 0.0000000000 0.4778215998
1.6613908615 2.3255341175 1.8187163711 0.6525414969 0.5072146513 0.2653806335 0.4778215998 0.0000000000
