# MCW Instance
# Type: EXPONENTIAL
# N: 8
# Optimal cost: 2.621222904201314
# Optimal tour (permutation): [0, 2, 7, 5, 3, 6, 1, 4, 0]
# Optimal walk (full path): [0, 2, 0, 5, 7, 5, 3, 5, 4, 1, 6, 1, 4, 5, 0]
# Walk size: 15
# Is walk (has repeats): true

# Distance Matrix
0.0000000000 0.7734795068 0.0241237387 2.2615630513 1.5533804615 0.3576570725 1.0078771853 2.4698103145
0.7734795068 0.0000000000 0.9556321038 1.1013418963 0.0494124063 0.4612710369 0.3117560203 1.7580721948
0.0241237387 0.9556321038 0.0000000000 1.7225901904 1.0739800512 1.3388751036 1.5689636022 0.9981308725
2.2615630513 1.1013418963 1.7225901904 0.0000000000 8.5030285932 0.4111638687 1.1702533805 1.1896833506
1.5533804615 0.0494124063 1.0739800512 8.5030285932 0.0000000000 0.1274561132 1.7560305208 1.9980297955
0.3576570725 0.4612710369 1.3388751036 0.4111638687 0.1274561132 0.0000000000 0.6359013933 0.0290422325
1.0078771853 0.3117560203 1.5689636022 1.1702533805 1.7560305208 0.6359013933 0.0000000000 0.8417854152
2.4698103145 1.7580721948 0.9981308725 1.1896833506 1.9980297955 0.0290422325 0.8417854152 0.0000000000
