# MCW Instance
# Type: EXPONENTIAL
# N: 8
# Optimal cost: 2.8706911220601166
# Optimal tour (permutation): [0, 4, 3, 5, 7, 2, 1, 6, 0]
# Optimal walk (full path): [0, 4, 3, 7, 5, 7, 2, 1, 6, 1, 0]
# Walk size: 11
# Is walk (has repeats): true

# Distance Matrix
0.0000000000 0.4616426639 1.3413692376 1.3806707626 0.2218932509 0.7122125385 1.2625276204 0.5102042462
0.4616426639 0.0000000000 0.2510350833 0.8569373677 1.7089893904 2.1523013104 0.1363534618 0.0272885728
1.3413692376 0.2510350833 0.0000000000 1.3329478862 0.7954994354 0.7231117576 0.7758382728 0.2635787899
1.3806707626 0.8569373677 1.3329478862 0.0000000000 0.8370541173 0.6103349884 1.2269570375 0.5510870327
0.2218932509 1.7089893904 0.7954994354 0.8370541173 0.0000000000 2.0624107609 0.5595714314 0.3567560765
0.7122125385 2.1523013104 0.7231117576 0.6103349884 2.0624107609 0.0000000000 0.3913860336 0.0058466303
1.2625276204 0.1363534618 0.7758382728 1.2269570375 0.5595714314 0.3913860336 0.0000000000 1.5059730593
0.5102042462 0.0272885728 0.2635787899 0.5510870327 0.3567560765 0.0058466303 1.5059730593 0.0000000000
