# MCW Instance
# Type: UNIFORM
# N: 20
# Optimal cost: 1.5543478326123417
# Optimal tour (permutation): [0, 8, 11, 17, 2, 13, 10, 1, 16, 15, 6, 18, 9, 12, 14, 19, 5, 3, 7, 4, 0]
# Optimal walk (full path): [0, 8, 11, 17, 2, 17, 13, 1, 10, 1, 16, 15, 16, 6, 16, 18, 9, 18, 12, 14, 5, 19, 5, 3, 7, 4, 0]
# Walk size: 27
# Is walk (has repeats): true

# Distance Matrix
0.0000000000 0.4298541691 0.5177765389 0.7679210779 0.1361266433 0.8410492335 0.4717080440 0.4742813655 0.0792519634 0.1834015084 0.1050321712 0.3116069282 0.6796319945 0.7752212179 0.4993364560 0.3387637560 0.7356968260 0.8136931693 0.6303791161 0.3822146283
0.4298541691 0.0000000000 0.9784501385 0.9511572056 0.8428157486 0.3701925871 0.3312687204 0.8483028685 0.8018175314 0.5827689118 0.0285668025 0.6020143393 0.3869435868 0.0090082829 0.1216759064 0.1028272795 0.0024188888 0.4252551466 0.7997053287 0.3154367259
0.5177765389 0.9784501385 0.0000000000 0.8180085940 0.5126972391 0.3838119593 0.1954210666 0.5259684671 0.3177036026 0.8152226663 0.4563240201 0.3020901960 0.6250356033 0.9505162263 0.6834631319 0.7926493306 0.3618819119 0.0020858963 0.3543095041 0.1141031755
0.7679210779 0.9511572056 0.8180085940 0.0000000000 0.9797690981 0.0173679890 0.1700105757 0.0486739648 0.8717514230 0.3773355509 0.7286038282 0.8464930908 0.2738851982 0.9129205876 0.9776963247 0.3037699581 0.7728440790 0.3874421109 0.0728608705 0.0764888065
0.1361266433 0.8428157486 0.5126972391 0.9797690981 0.0000000000 0.4956337897 0.7737816468 0.2377271323 0.5104259844 0.2927159756 0.9669616076 0.9727215912 0.6208184005 0.7424525990 0.3159459642 0.4916375819 0.2388042584 0.6026338031 0.6328971516 0.5786925837
0.8410492335 0.3701925871 0.3838119593 0.0173679890 0.4956337897 0.0000000000 0.7567947478 0.4139537085 0.1437867460 0.1534570451 0.3512257416 0.3206503968 0.1811717870 0.7070152226 0.0386768748 0.8151273171 0.2881122216 0.4299452040 0.4301343518 0.0362258156
0.4717080440 0.3312687204 0.1954210666 0.1700105757 0.7737816468 0.7567947478 0.0000000000 0.8016199313 0.2911818184 0.5882136291 0.4549190418 0.9146929272 0.5465528268 0.9634463725 0.2665499712 0.6779026893 0.1567550152 0.9882755428 0.5753370454 0.3946669774
0.4742813655 0.8483028685 0.5259684671 0.0486739648 0.2377271323 0.4139537085 0.8016199313 0.0000000000 0.3767638469 0.5411915172 0.5047231916 0.3887540410 0.3421465208 0.1584813388 0.6962450984 0.1782285970 0.8224749947 0.5673515675 0.2699510460 0.6769636579
0.0792519634 0.8018175314 0.3177036026 0.8717514230 0.5104259844 0.1437867460 0.2911818184 0.3767638469 0.0000000000 0.4380118891 0.8417255002 0.2109980638 0.1630067895 0.5430694125 0.2408031683 0.3199093608 0.4025028977 0.6679168710 0.5805128086 0.3180758146
0.1834015084 0.5827689118 0.8152226663 0.3773355509 0.2927159756 0.1534570451 0.5882136291 0.5411915172 0.4380118891 0.0000000000 0.4985402268 0.8808401953 0.8092707653 0.4354361182 0.7462000493 0.6829322556 0.3120061914 0.8238719753 0.0182544710 0.0804203717
0.1050321712 0.0285668025 0.4563240201 0.7286038282 0.9669616076 0.3512257416 0.4549190418 0.5047231916 0.8417255002 0.4985402268 0.0000000000 0.3501960514 0.4377062201 0.9803712214 0.2928130963 0.9606944444 0.6017936702 0.7403479307 0.1498755263 0.5824303037
0.3116069282 0.6020143393 0.3020901960 0.8464930908 0.9727215912 0.3206503968 0.9146929272 0.3887540410 0.2109980638 0.8808401953 0.3501960514 0.0000000000 0.3480452646 0.3728128966 0.6064187009 0.6575855678 0.7428286166 0.1289928067 0.9611151548 0.4626555661
0.6796319945 0.3869435868 0.6250356033 0.2738851982 0.6208184005 0.1811717870 0.5465528268 0.3421465208 0.1630067895 0.8092707653 0.4377062201 0.3480452646 0.0000000000 0.8505388763 0.0405627439 0.3040295111 0.4648324678 0.6827356781 0.0572571219 0.4372791834
0.7752212179 0.0090082829 0.9505162263 0.9129205876 0.7424525990 0.7070152226 0.9634463725 0.1584813388 0.5430694125 0.4354361182 0.9803712214 0.3728128966 0.8505388763 0.0000000000 0.5704411433 0.4675936708 0.8198346296 0.0142173019 0.7346967993 0.8410152551
0.4993364560 0.1216759064 0.6834631319 0.9776963247 0.3159459642 0.0386768748 0.2665499712 0.6962450984 0.2408031683 0.7462000493 0.2928130963 0.6064187009 0.0405627439 0.5704411433 0.0000000000 0.6631543523 0.9247559000 0.5358415896 0.1086061488 0.4685341890
0.3387637560 0.1028272795 0.7926493306 0.3037699581 0.4916375819 0.8151273171 0.6779026893 0.1782285970 0.3199093608 0.6829322556 0.9606944444 0.6575855678 0.3040295111 0.4675936708 0.6631543523 0.0000000000 0.0179247751 0.4817576947 0.5568157229 0.5402265971
0.7356968260 0.0024188888 0.3618819119 0.7728440790 0.2388042584 0.2881122216 0.1567550152 0.8224749947 0.4025028977 0.3120061914 0.6017936702 0.7428286166 0.4648324678 0.8198346296 0.9247559000 0.0179247751 0.0000000000 0.0974872600 0.0134425037 0.9018956376
0.8136931693 0.4252551466 0.0020858963 0.3874421109 0.6026338031 0.4299452040 0.9882755428 0.5673515675 0.6679168710 0.8238719753 0.7403479307 0.1289928067 0.6827356781 0.0142173019 0.5358415896 0.4817576947 0.0974872600 0.0000000000 0.7677612784 0.7524109697
0.6303791161 0.7997053287 0.3543095041 0.0728608705 0.6328971516 0.4301343518 0.5753370454 0.2699510460 0.5805128086 0.0182544710 0.1498755263 0.9611151548 0.0572571219 0.7346967993 0.1086061488 0.5568157229 0.0134425037 0.7677612784 0.0000000000 0.3972711304
0.3822146283 0.3154367259 0.1141031755 0.0764888065 0.5786925837 0.0362258156 0.3946669774 0.6769636579 0.3180758146 0.0804203717 0.5824303037 0.4626555661 0.4372791834 0.8410152551 0.4685341890 0.5402265971 0.9018956376 0.7524109697 0.3972711304 0.0000000000
