# MCW Instance
# Type: UNIFORM
# N: 20
# Optimal cost: 2.2481352797161445
# Optimal tour (permutation): [0, 14, 15, 4, 6, 3, 11, 8, 19, 17, 16, 10, 12, 1, 13, 9, 5, 7, 2, 18, 0]
# Optimal walk (full path): [0, 14, 15, 4, 3, 6, 3, 11, 8, 19, 17, 16, 10, 16, 12, 1, 13, 1, 9, 5, 7, 2, 18, 0]
# Walk size: 24
# Is walk (has repeats): true

# Distance Matrix
0.0000000000 0.0779269039 0.9245173179 0.2272283570 0.7373916445 0.8035857741 0.3587924368 0.3507206263 0.4086295473 0.7800727876 0.5119669386 0.4060819254 0.7982607464 0.2497005304 0.3323172881 0.2192282021 0.1995188081 0.2582726925 0.0778842280 0.7531010363
0.0779269039 0.0000000000 0.6785782180 0.6980689278 0.5583417903 0.8760595550 0.5264076668 0.6844028613 0.3498209887 0.0546811675 0.2603755729 0.0218875818 0.0798869408 0.0049373414 0.6951696453 0.3925190765 0.3574064667 0.9773120333 0.4707562511 0.5549148352
0.9245173179 0.6785782180 0.0000000000 0.4308334020 0.2742817871 0.8245195481 0.2825212117 0.1984767703 0.8026784587 0.3253842120 0.9883299799 0.7656068703 0.9488067971 0.7496399452 0.9846209624 0.3457928873 0.8307907924 0.2713497898 0.1084737639 0.9376550269
0.2272283570 0.6980689278 0.4308334020 0.0000000000 0.0304740405 0.6646382055 0.0072692469 0.8732530199 0.2363015621 0.2708194360 0.7231265054 0.0306220812 0.8389610684 0.0702402208 0.3411991333 0.2305061353 0.4131643239 0.3168751854 0.3739800057 0.0961276370
0.7373916445 0.5583417903 0.2742817871 0.0304740405 0.0000000000 0.1917999155 0.8431273994 0.2422408668 0.4448722787 0.0927909707 0.3229504793 0.6829597129 0.1020553769 0.5943423432 0.4933227946 0.1655650548 0.8794766601 0.7708639783 0.5772683843 0.4300530661
0.8035857741 0.8760595550 0.8245195481 0.6646382055 0.1917999155 0.0000000000 0.3452586604 0.0997080155 0.9260329989 0.0740102774 0.9265030384 0.2279595643 0.2036884726 0.7103004478 0.8325886124 0.7488717890 0.2743515861 0.5931516200 0.2644731834 0.1791382621
0.3587924368 0.5264076668 0.2825212117 0.0072692469 0.8431273994 0.3452586604 0.0000000000 0.3203686803 0.7676051911 0.3841513150 0.7510465206 0.6192308457 0.7357659580 0.5584583186 0.3376588309 0.8376483424 0.3530183304 0.4627002965 0.8145172982 0.6631277626
0.3507206263 0.6844028613 0.1984767703 0.8732530199 0.2422408668 0.0997080155 0.3203686803 0.0000000000 0.1683505109 0.7321291704 0.4279721622 0.0865585923 0.7051550715 0.9830703711 0.2880839221 0.6737305153 0.2423510100 0.1905503241 0.9331510804 0.7193666623
0.4086295473 0.3498209887 0.8026784587 0.2363015621 0.4448722787 0.9260329989 0.7676051911 0.1683505109 0.0000000000 0.5003985870 0.6055594047 0.0232672365 0.2641719030 0.2627553797 0.6226257879 0.6119124817 0.5735598914 0.3705477942 0.2671639777 0.1174360300
0.7800727876 0.0546811675 0.3253842120 0.2708194360 0.0927909707 0.0740102774 0.3841513150 0.7321291704 0.5003985870 0.0000000000 0.8261356825 0.7167096262 0.2621014444 0.0703880305 0.4406760441 0.8355652194 0.9545753780 0.9480106298 0.6822623520 0.4348116912
0.5119669386 0.2603755729 0.9883299799 0.7231265054 0.3229504793 0.9265030384 0.7510465206 0.4279721622 0.6055594047 0.8261356825 0.0000000000 0.7360310134 0.9237995803 0.9313861120 0.7490811063 0.9728419630 0.1578992319 0.2742604749 0.9077399881 0.8796115719
0.4060819254 0.0218875818 0.7656068703 0.0306220812 0.6829597129 0.2279595643 0.6192308457 0.0865585923 0.0232672365 0.7167096262 0.7360310134 0.0000000000 0.3331956665 0.8782356285 0.6043102985 0.2136044357 0.5023236074 0.9531297449 0.2308725340 0.1462949784
0.7982607464 0.0798869408 0.9488067971 0.8389610684 0.1020553769 0.2036884726 0.7357659580 0.7051550715 0.2641719030 0.2621014444 0.9237995803 0.3331956665 0.0000000000 0.9524052743 0.9674511815 0.2980378212 0.1768100945 0.7171899944 0.1879022218 0.3995531494
0.2497005304 0.0049373414 0.7496399452 0.0702402208 0.5943423432 0.7103004478 0.5584583186 0.9830703711 0.2627553797 0.0703880305 0.9313861120 0.8782356285 0.9524052743 0.0000000000 0.4920814642 0.5703652212 0.5412178341 0.2003296114 0.7498121797 0.8191618828
0.3323172881 0.6951696453 0.9846209624 0.3411991333 0.4933227946 0.8325886124 0.3376588309 0.2880839221 0.6226257879 0.4406760441 0.7490811063 0.6043102985 0.9674511815 0.4920814642 0.0000000000 0.2593078267 0.9276607802 0.8629015374 0.9839771129 0.7618342515
0.2192282021 0.3925190765 0.3457928873 0.2305061353 0.1655650548 0.7488717890 0.8376483424 0.6737305153 0.6119124817 0.8355652194 0.9728419630 0.2136044357 0.2980378212 0.5703652212 0.2593078267 0.0000000000 0.6276245969 0.9977609174 0.4975905409 0.7547703991
0.1995188081 0.3574064667 0.8307907924 0.4131643239 0.8794766601 0.2743515861 0.3530183304 0.2423510100 0.5735598914 0.9545753780 0.1578992319 0.5023236074 0.1768100945 0.5412178341 0.9276607802 0.6276245969 0.0000000000 0.0121384215 0.6639925593 0.8866505918
0.2582726925 0.9773120333 0.2713497898 0.3168751854 0.7708639783 0.5931516200 0.4627002965 0.1905503241 0.3705477942 0.9480106298 0.2742604749 0.9531297449 0.7171899944 0.2003296114 0.8629015374 0.9977609174 0.0121384215 0.0000000000 0.5791513540 0.0668644020
0.0778842280 0.4707562511 0.1084737639 0.3739800057 0.5772683843 0.2644731834 0.8145172982 0.9331510804 0.2671639777 0.6822623520 0.9077399881 0.2308725340 0.1879022218 0.7498121797 0.9839771129 0.4975905409 0.6639925593 0.5791513540 0.0000000000 0.4691922739
0.7531010363 0.5549148352 0.9376550269 0.0961276370 0.4300530661 0.1791382621 0.6631277626 0.7193666623 0.1174360300 0.4348116912 0.8796115719 0.1462949784 0.3995531494 0.8191618828 0.7618342515 0.7547703991 0.8866505918 0.0668644020 0.4691922739 0.0000000000
