# Graph size: 20
# Optimal cost: 1.9189416167607696

# Distance Matrix
0.0 0.48502139441368564 0.24689074289818025 0.6694529492536054 0.5015896404887633 0.4000915509927887 0.0758215816832919 0.7912979555833034 0.6874340135658453 0.4783337114904307 0.6441825001926572 0.9883792173423527 0.23730447009731626 0.8543868956588904 0.3849124175737295 0.8420548662033371 0.8354582498489682 0.6101006520179596 0.7089007919385633 0.6931092488899431
0.48502139441368564 0.0 0.7930132183291658 0.7761297387719607 0.9426605779288963 0.7281222980311607 0.9096479514068168 0.9501681755864518 0.6093022826582736 0.9625225396862311 0.997343482946094 0.2562179619192685 0.567487633988488 0.7397390160963984 0.8078964800299369 0.3546402425319033 0.4849560686414238 0.8668441302184612 0.2084725935218703 0.47933731797115875
0.24689074289818025 0.7930132183291658 0.0 0.6163811351314975 0.7893056273817147 0.5832578103537532 0.026266372497813495 0.8797279416026401 0.27094290048399594 0.6043049570373206 0.046586622375842435 0.7809466484427476 0.8899088695741448 0.7109609687938747 0.10809353033734714 0.8237517084055578 0.2874957965093803 0.8648002911464466 0.3801952972886663 0.6593996491045485
0.6694529492536054 0.7761297387719607 0.6163811351314975 0.0 0.5137895985747502 0.40577851114217056 0.47053820873607644 0.38079332494018736 0.0026737881066536406 0.1253589772438437 0.4954891919326757 0.04590361015905109 0.6784109690641514 0.9936553696740597 0.10203528101527648 0.7274144702333252 0.4470061955881387 0.33017075428779463 0.675261455678765 0.1286605992086718
0.5015896404887633 0.9426605779288963 0.7893056273817147 0.5137895985747502 0.0 0.8577829336177533 0.5915040914183567 0.763419798969683 0.08034163925403037 0.03407949044442493 0.36443314197147925 0.8317043499893261 0.038160469829837784 0.06669938330485803 0.5990727760883772 0.8161979292200732 0.038447194229353054 0.9397267979248418 0.5943456428333248 0.5910582765247879
0.4000915509927887 0.7281222980311607 0.5832578103537532 0.40577851114217056 0.8577829336177533 0.0 0.43699512663078366 0.7155439733090981 0.7567922345145451 0.3848631358793544 0.15574816235969047 0.14436427358036452 0.693786074646033 0.38613439184469933 0.09264381016761714 0.0833213215828319 0.7735081619871433 0.2634143171025848 0.8118297189378564 0.11113091698437594
0.0758215816832919 0.9096479514068168 0.026266372497813495 0.47053820873607644 0.5915040914183567 0.43699512663078366 0.0 0.8865754030502744 0.0918670785521637 0.6246359924080926 0.506569288796806 0.7780049591081599 0.22623162333999558 0.6960990469036941 0.3224875700081322 0.9832370904964592 0.9890523527406376 0.8674978215067304 0.6318089903448274 0.09822722552886853
0.7912979555833034 0.9501681755864518 0.8797279416026401 0.38079332494018736 0.763419798969683 0.7155439733090981 0.8865754030502744 0.0 0.6534665382035726 0.4722759530447709 0.14793196834015965 0.8411572793065121 0.09142854464712646 0.5408886693278164 0.32918870315016324 0.12210540270990522 0.6311022850423939 0.4395267141859499 0.765485481867723 0.1270522794044746
0.6874340135658453 0.6093022826582736 0.27094290048399594 0.0026737881066536406 0.08034163925403037 0.7567922345145451 0.0918670785521637 0.6534665382035726 0.0 0.12125562294343095 0.1683336385235361 0.11497766983289959 0.24389140481596228 0.9358410283785679 0.25664713869760325 0.10960825614739944 0.51064925384477 0.6685492835026431 0.43595878376945085 0.1805665068773622
0.4783337114904307 0.9625225396862311 0.6043049570373206 0.1253589772438437 0.03407949044442493 0.3848631358793544 0.6246359924080926 0.4722759530447709 0.12125562294343095 0.0 0.1499111087626347 0.5649738662437491 0.045701190005392966 0.06819866625437909 0.6684866844456636 0.31912586759873807 0.43263477730470057 0.3756300330943142 0.9476392221525742 0.7213900155128466
0.6441825001926572 0.997343482946094 0.046586622375842435 0.4954891919326757 0.36443314197147925 0.15574816235969047 0.506569288796806 0.14793196834015965 0.1683336385235361 0.1499111087626347 0.0 0.4415214778063503 0.4013337579846268 0.7267405181073318 0.786614923280458 0.4629356914227567 0.7431089493455516 0.8920034522725498 0.4138814321440627 0.4034778072119868
0.9883792173423527 0.2562179619192685 0.7809466484427476 0.04590361015905109 0.8317043499893261 0.14436427358036452 0.7780049591081599 0.8411572793065121 0.11497766983289959 0.5649738662437491 0.4415214778063503 0.0 0.10440629712687921 0.021982747485428944 0.3335949458861115 0.37431891863275024 0.45366677442148007 0.7128237854612144 0.08289903745387972 0.8559199946656183
0.23730447009731626 0.567487633988488 0.8899088695741448 0.6784109690641514 0.038160469829837784 0.693786074646033 0.22623162333999558 0.09142854464712646 0.24389140481596228 0.045701190005392966 0.4013337579846268 0.10440629712687921 0.0 0.18831536254893422 0.3087780360269211 0.017009178495709376 0.5899324476517831 0.23727792414690896 0.7972932710279524 0.911917008402969
0.8543868956588904 0.7397390160963984 0.7109609687938747 0.9936553696740597 0.06669938330485803 0.38613439184469933 0.6960990469036941 0.5408886693278164 0.9358410283785679 0.06819866625437909 0.7267405181073318 0.021982747485428944 0.18831536254893422 0.0 0.473701282415669 0.09936631988204492 0.7930251782919784 0.5430172839585435 0.28845598533482497 0.6596034801666777
0.3849124175737295 0.8078964800299369 0.10809353033734714 0.10203528101527648 0.5990727760883772 0.09264381016761714 0.3224875700081322 0.32918870315016324 0.25664713869760325 0.6684866844456636 0.786614923280458 0.3335949458861115 0.3087780360269211 0.473701282415669 0.0 0.7314066182215091 0.7345609379431902 0.17918856784271642 0.2515362994345882 0.619949400449467
0.8420548662033371 0.3546402425319033 0.8237517084055578 0.7274144702333252 0.8161979292200732 0.0833213215828319 0.9832370904964592 0.12210540270990522 0.10960825614739944 0.31912586759873807 0.4629356914227567 0.37431891863275024 0.017009178495709376 0.09936631988204492 0.7314066182215091 0.0 0.7664393744118575 0.4223818819322849 0.8408109303671224 0.9542427843619392
0.8354582498489682 0.4849560686414238 0.2874957965093803 0.4470061955881387 0.038447194229353054 0.7735081619871433 0.9890523527406376 0.6311022850423939 0.51064925384477 0.43263477730470057 0.7431089493455516 0.45366677442148007 0.5899324476517831 0.7930251782919784 0.7345609379431902 0.7664393744118575 0.0 0.6976567480847495 0.16716574216914104 0.3937620805518477
0.6101006520179596 0.8668441302184612 0.8648002911464466 0.33017075428779463 0.9397267979248418 0.2634143171025848 0.8674978215067304 0.4395267141859499 0.6685492835026431 0.3756300330943142 0.8920034522725498 0.7128237854612144 0.23727792414690896 0.5430172839585435 0.17918856784271642 0.4223818819322849 0.6976567480847495 0.0 0.6956517926809329 0.11994850050135752
0.7089007919385633 0.2084725935218703 0.3801952972886663 0.675261455678765 0.5943456428333248 0.8118297189378564 0.6318089903448274 0.765485481867723 0.43595878376945085 0.9476392221525742 0.4138814321440627 0.08289903745387972 0.7972932710279524 0.28845598533482497 0.2515362994345882 0.8408109303671224 0.16716574216914104 0.6956517926809329 0.0 0.5161423423312758
0.6931092488899431 0.47933731797115875 0.6593996491045485 0.1286605992086718 0.5910582765247879 0.11113091698437594 0.09822722552886853 0.1270522794044746 0.1805665068773622 0.7213900155128466 0.4034778072119868 0.8559199946656183 0.911917008402969 0.6596034801666777 0.619949400449467 0.9542427843619392 0.3937620805518477 0.11994850050135752 0.5161423423312758 0.0

# Optimal Walk
0 2 10 7 19 17 14 5 15 12 16 4 9 13 18 1 11 3 8 6 0
