# MCW Instance
# Type: UNIFORM
# N: 20
# Optimal cost: 1.8881376260967535
# Optimal tour (permutation): [0, 16, 13, 11, 1, 18, 7, 5, 14, 12, 10, 3, 4, 8, 9, 6, 2, 17, 19, 15, 0]
# Optimal walk (full path): [0, 11, 13, 16, 13, 11, 1, 18, 7, 5, 14, 12, 10, 3, 4, 8, 9, 6, 2, 17, 19, 12, 0, 15, 0]
# Walk size: 25
# Is walk (has repeats): true

# Distance Matrix
0.0000000000 0.7530903020 0.7917106695 0.1304678759 0.8536256237 0.3829394683 0.7088153715 0.9587094656 0.4997508642 0.0911468987 0.7041964457 0.0115650809 0.0426846822 0.5781759012 0.5845879768 0.0100344743 0.2482509603 0.1359863764 0.8759103501 0.2967207461
0.7530903020 0.0000000000 0.4298260295 0.6177487662 0.7984632171 0.9128179364 0.3076187763 0.6069148952 0.5286109681 0.1772051120 0.9822172099 0.1062334312 0.1117370660 0.8973165417 0.5907912711 0.5057726786 0.9312830071 0.5455582916 0.1450058648 0.8087420880
0.7917106695 0.4298260295 0.0000000000 0.2099767349 0.2203938255 0.5116122158 0.0948784420 0.6218941715 0.9778224184 0.4898495582 0.9833907519 0.7277866958 0.1668257155 0.4642032848 0.4209333494 0.6111467542 0.7314597001 0.1667297104 0.4648040365 0.7887722795
0.1304678759 0.6177487662 0.2099767349 0.0000000000 0.0526202507 0.6700719848 0.8575403949 0.1971300989 0.7941128636 0.8504550588 0.0963135406 0.8146075037 0.3905077597 0.2093625225 0.3889960841 0.2697801049 0.2683641089 0.1232615173 0.3585065916 0.6071130595
0.8536256237 0.7984632171 0.2203938255 0.0526202507 0.0000000000 0.6277576834 0.3026561913 0.6080102022 0.2340522792 0.6276488409 0.4849145630 0.2917811617 0.9572506874 0.1164782626 0.1597271043 0.6500099237 0.9307142027 0.6284803940 0.4317200432 0.0605634553
0.3829394683 0.9128179364 0.5116122158 0.6700719848 0.6277576834 0.0000000000 0.2849405627 0.2265554023 0.9616598748 0.5366848936 0.1836640710 0.9141422056 0.2958501810 0.7568442581 0.0636074082 0.7613870596 0.7927353768 0.6514291386 0.8526812887 0.5950032413
0.7088153715 0.3076187763 0.0948784420 0.8575403949 0.3026561913 0.2849405627 0.0000000000 0.7863906206 0.2906905862 0.0333620355 0.0865690881 0.5884907194 0.3193361649 0.5205153377 0.3406135099 0.4235150432 0.4653884024 0.4567244288 0.6316891596 0.4163599149
0.9587094656 0.6069148952 0.6218941715 0.1971300989 0.6080102022 0.2265554023 0.7863906206 0.0000000000 0.7144036874 0.1932194880 0.7687354186 0.3071932783 0.5848731708 0.9207943339 0.6753847491 0.6553012348 0.5666038336 0.6426352209 0.1664674554 0.9118395674
0.4997508642 0.5286109681 0.9778224184 0.7941128636 0.2340522792 0.9616598748 0.2906905862 0.7144036874 0.0000000000 0.1911041286 0.4397761585 0.5738216180 0.8908177411 0.3914756332 0.2699337896 0.8286164341 0.8483068665 0.7790386353 0.8617639032 0.8427488328
0.0911468987 0.1772051120 0.4898495582 0.8504550588 0.6276488409 0.5366848936 0.0333620355 0.1932194880 0.1911041286 0.0000000000 0.5917770530 0.2148954336 0.6191212751 0.5484745133 0.7846337194 0.5868630384 0.8336927250 0.7532868226 0.8854367403 0.0156819869
0.7041964457 0.9822172099 0.9833907519 0.0963135406 0.4849145630 0.1836640710 0.0865690881 0.7687354186 0.4397761585 0.5917770530 0.0000000000 0.9194131799 0.0461572467 0.9669496845 0.8091359451 0.8283631453 0.3516045181 0.9970814852 0.3586921823 0.2853848948
0.0115650809 0.1062334312 0.7277866958 0.8146075037 0.2917811617 0.9141422056 0.5884907194 0.3071932783 0.5738216180 0.2148954336 0.9194131799 0.0000000000 0.3696589281 0.0319457941 0.8305004516 0.9874444076 0.0626419651 0.1706783520 0.9410637314 0.4538043285
0.0426846822 0.1117370660 0.1668257155 0.3905077597 0.9572506874 0.2958501810 0.3193361649 0.5848731708 0.8908177411 0.6191212751 0.0461572467 0.3696589281 0.0000000000 0.5537814074 0.0523161865 0.3276213620 0.7843629130 0.2880344928 0.1369563885 0.0242611305
0.5781759012 0.8973165417 0.4642032848 0.2093625225 0.1164782626 0.7568442581 0.5205153377 0.9207943339 0.3914756332 0.5484745133 0.9669496845 0.0319457941 0.5537814074 0.0000000000 0.1860528636 0.0720928568 0.0065771738 0.3370039527 0.7609823519 0.6583948808
0.5845879768 0.5907912711 0.4209333494 0.3889960841 0.1597271043 0.0636074082 0.3406135099 0.6753847491 0.2699337896 0.7846337194 0.8091359451 0.8305004516 0.0523161865 0.1860528636 0.0000000000 0.4453166514 0.9745810487 0.7150410848 0.8670723268 0.1146700112
0.0100344743 0.5057726786 0.6111467542 0.2697801049 0.6500099237 0.7613870596 0.4235150432 0.6553012348 0.8286164341 0.5868630384 0.8283631453 0.9874444076 0.3276213620 0.0720928568 0.4453166514 0.0000000000 0.6363501022 0.8419813932 0.8501097026 0.2259792470
0.2482509603 0.9312830071 0.7314597001 0.2683641089 0.9307142027 0.7927353768 0.4653884024 0.5666038336 0.8483068665 0.8336927250 0.3516045181 0.0626419651 0.7843629130 0.0065771738 0.9745810487 0.6363501022 0.0000000000 0.3847735209 0.8655251965 0.9935968484
0.1359863764 0.5455582916 0.1667297104 0.1232615173 0.6284803940 0.6514291386 0.4567244288 0.6426352209 0.7790386353 0.7532868226 0.9970814852 0.1706783520 0.2880344928 0.3370039527 0.7150410848 0.8419813932 0.3847735209 0.0000000000 0.7307535943 0.0371084662
0.8759103501 0.1450058648 0.4648040365 0.3585065916 0.4317200432 0.8526812887 0.6316891596 0.1664674554 0.8617639032 0.8854367403 0.3586921823 0.9410637314 0.1369563885 0.7609823519 0.8670723268 0.8501097026 0.8655251965 0.7307535943 0.0000000000 0.9808354962
0.2967207461 0.8087420880 0.7887722795 0.6071130595 0.0605634553 0.5950032413 0.4163599149 0.9118395674 0.8427488328 0.0156819869 0.2853848948 0.4538043285 0.0242611305 0.6583948808 0.1146700112 0.2259792470 0.9935968484 0.0371084662 0.9808354962 0.0000000000
