# MCW Instance
# Type: UNIFORM
# N: 20
# Optimal cost: 0.7460327452839984
# Optimal tour (permutation): [0, 16, 13, 12, 14, 5, 17, 3, 19, 11, 2, 15, 18, 8, 4, 6, 10, 1, 9, 7, 0]
# Optimal walk (full path): [0, 16, 13, 16, 12, 5, 14, 5, 17, 3, 19, 11, 2, 15, 8, 18, 8, 4, 8, 6, 1, 10, 1, 6, 9, 0, 7, 0]
# Walk size: 28
# Is walk (has repeats): true

# Distance Matrix
0.0000000000 0.6811265461 0.1276893410 0.7161282399 0.7404778522 0.4716088609 0.6626737024 0.0153663189 0.4788575185 0.0137069396 0.6171965818 0.1951383712 0.5969740142 0.1308085307 0.9979882557 0.1430921432 0.0371018636 0.1107006501 0.9730069674 0.8156476909
0.6811265461 0.0000000000 0.6505200885 0.9784447144 0.7710812613 0.9727526203 0.0079066424 0.3847311494 0.8343382442 0.5864818171 0.0048918162 0.5938747160 0.5134870376 0.9589122749 0.6861419223 0.8534637443 0.8704410694 0.8981807431 0.1263814394 0.5067776977
0.1276893410 0.6505200885 0.0000000000 0.9584271584 0.3963580407 0.6530534048 0.5694388727 0.2866426345 0.1287507747 0.1728544631 0.1333663540 0.0446871306 0.7514676294 0.8731720125 0.8839509360 0.0614080138 0.4125636045 0.1094885693 0.2204720466 0.4034642477
0.7161282399 0.9784447144 0.9584271584 0.0000000000 0.1118031321 0.8611085599 0.9551288549 0.9808260561 0.5450583219 0.7401008164 0.3326596236 0.5195929134 0.8515859175 0.1721401514 0.1603744037 0.7869257651 0.2459032433 0.0329695543 0.1675284657 0.0085536847
0.7404778522 0.7710812613 0.3963580407 0.1118031321 0.0000000000 0.8607090908 0.7204941577 0.3233147698 0.0062294733 0.2532732345 0.3700571084 0.7343556494 0.7006721280 0.9349438104 0.6792362423 0.9154255358 0.2749490896 0.9718990440 0.5985397896 0.6812377017
0.4716088609 0.9727526203 0.6530534048 0.8611085599 0.8607090908 0.0000000000 0.4739141035 0.1749958074 0.9656686531 0.6424802402 0.2272317933 0.6475448505 0.0135510200 0.3058871859 0.0266832205 0.4920680396 0.5661450972 0.0759830651 0.2628610438 0.2905704430
0.6626737024 0.0079066424 0.5694388727 0.9551288549 0.7204941577 0.4739141035 0.0000000000 0.6510443064 0.0352402738 0.0320271912 0.5675862052 0.2042081942 0.2397403207 0.7608196153 0.8212338147 0.5196819614 0.4090315659 0.3646590403 0.8647428624 0.1059560451
0.0153663189 0.3847311494 0.2866426345 0.9808260561 0.3233147698 0.1749958074 0.6510443064 0.0000000000 0.3117277012 0.5551206213 0.1593910729 0.6506561315 0.8524925751 0.3421994605 0.5395168418 0.8665441123 0.8514089747 0.7393128738 0.2312492745 0.0943478632
0.4788575185 0.8343382442 0.1287507747 0.5450583219 0.0062294733 0.9656686531 0.0352402738 0.3117277012 0.0000000000 0.7733298458 0.1720467392 0.3488238698 0.6717284328 0.2126627299 0.1160667734 0.1158289915 0.2427311749 0.7681392197 0.0452802261 0.9034547990
0.0137069396 0.5864818171 0.1728544631 0.7401008164 0.2532732345 0.6424802402 0.0320271912 0.5551206213 0.7733298458 0.0000000000 0.3783568007 0.0524731191 0.8582470374 0.8037923442 0.1064278129 0.9734123335 0.5690038944 0.8634578627 0.2077137258 0.0955411688
0.6171965818 0.0048918162 0.1333663540 0.3326596236 0.3700571084 0.2272317933 0.5675862052 0.1593910729 0.1720467392 0.3783568007 0.0000000000 0.1978785286 0.2912932545 0.4253191169 0.8462915973 0.4785359127 0.9236207176 0.0556258095 0.5649726621 0.2094113664
0.1951383712 0.5938747160 0.0446871306 0.5195929134 0.7343556494 0.6475448505 0.2042081942 0.6506561315 0.3488238698 0.0524731191 0.1978785286 0.0000000000 0.9815056925 0.7416213497 0.9102301496 0.8208508771 0.6867091444 0.6732335328 0.9391989357 0.0036915604
0.5969740142 0.5134870376 0.7514676294 0.8515859175 0.7006721280 0.0135510200 0.2397403207 0.8524925751 0.6717284328 0.8582470374 0.2912932545 0.9815056925 0.0000000000 0.6164866330 0.8143306429 0.2507126285 0.0506805236 0.7721181642 0.2223359415 0.9452868553
0.1308085307 0.9589122749 0.8731720125 0.1721401514 0.9349438104 0.3058871859 0.7608196153 0.3421994605 0.2126627299 0.8037923442 0.4253191169 0.7416213497 0.6164866330 0.0000000000 0.8990435476 0.2120294723 0.0039437693 0.7961933350 0.7306795486 0.7575919707
0.9979882557 0.6861419223 0.8839509360 0.1603744037 0.6792362423 0.0266832205 0.8212338147 0.5395168418 0.1160667734 0.1064278129 0.8462915973 0.9102301496 0.8143306429 0.8990435476 0.0000000000 0.9592140951 0.9487942896 0.3858707645 0.7181647045 0.5063610364
0.1430921432 0.8534637443 0.0614080138 0.7869257651 0.9154255358 0.4920680396 0.5196819614 0.8665441123 0.1158289915 0.9734123335 0.4785359127 0.8208508771 0.2507126285 0.2120294723 0.9592140951 0.0000000000 0.6694079066 0.7770624989 0.8016692030 0.0508400119
0.0371018636 0.8704410694 0.4125636045 0.2459032433 0.2749490896 0.5661450972 0.4090315659 0.8514089747 0.2427311749 0.5690038944 0.9236207176 0.6867091444 0.0506805236 0.0039437693 0.9487942896 0.6694079066 0.0000000000 0.1503269974 0.9511804909 0.3779635242
0.1107006501 0.8981807431 0.1094885693 0.0329695543 0.9718990440 0.0759830651 0.3646590403 0.7393128738 0.7681392197 0.8634578627 0.0556258095 0.6732335328 0.7721181642 0.7961933350 0.3858707645 0.7770624989 0.1503269974 0.0000000000 0.5648776696 0.1442148577
0.9730069674 0.1263814394 0.2204720466 0.1675284657 0.5985397896 0.2628610438 0.8647428624 0.2312492745 0.0452802261 0.2077137258 0.5649726621 0.9391989357 0.2223359415 0.7306795486 0.7181647045 0.8016692030 0.9511804909 0.5648776696 0.0000000000 0.4421181423
0.8156476909 0.5067776977 0.4034642477 0.0085536847 0.6812377017 0.2905704430 0.1059560451 0.0943478632 0.9034547990 0.0955411688 0.2094113664 0.0036915604 0.9452868553 0.7575919707 0.5063610364 0.0508400119 0.3779635242 0.1442148577 0.4421181423 0.0000000000
