# MCW Instance
# Type: UNIFORM
# N: 20
# Optimal cost: 1.473243652079871
# Optimal tour (permutation): [0, 16, 18, 6, 3, 10, 17, 1, 15, 4, 19, 12, 11, 14, 2, 7, 13, 8, 9, 5, 0]
# Optimal walk (full path): [0, 16, 6, 18, 6, 3, 10, 17, 1, 17, 10, 15, 4, 19, 12, 19, 11, 14, 11, 19, 2, 7, 13, 8, 9, 5, 0]
# Walk size: 27
# Is walk (has repeats): true

# Distance Matrix
0.0000000000 0.4025184846 0.7976128910 0.4900618219 0.9530586138 0.0221275372 0.5797208756 0.4127891982 0.4326568948 0.9472497689 0.6763040721 0.0939979709 0.7879662243 0.9106087910 0.6148220852 0.9304550597 0.1544885208 0.1665658664 0.1241394601 0.9596894638
0.4025184846 0.0000000000 0.4294798004 0.7844035987 0.4231682050 0.2795848417 0.1738590686 0.4230559723 0.5638095023 0.1757521687 0.7475090081 0.0948834705 0.5792019724 0.3905504552 0.9372762842 0.9739437673 0.2126975052 0.0311008521 0.5020183430 0.1333100996
0.7976128910 0.4294798004 0.0000000000 0.5586497481 0.4583655794 0.2553328197 0.2063407083 0.0330148551 0.1253396719 0.5341444554 0.3584045301 0.7099274839 0.7396302907 0.1601137643 0.6284199086 0.2098294520 0.3141748980 0.2908705029 0.6536645607 0.0053929477
0.4900618219 0.7844035987 0.5586497481 0.0000000000 0.6395757997 0.8793643918 0.0266664345 0.2233931338 0.4625057835 0.8121640193 0.0495871312 0.7638503175 0.1868654524 0.1813246409 0.4493606267 0.8321749891 0.2278498689 0.5594842429 0.6959517421 0.7857135324
0.9530586138 0.4231682050 0.4583655794 0.6395757997 0.0000000000 0.2438084511 0.5941360375 0.9264506390 0.5330063425 0.3467589785 0.7145654880 0.1193209165 0.5922344003 0.0496423556 0.2537278956 0.0859702432 0.3147437222 0.1468824236 0.8273825998 0.0509146250
0.0221275372 0.2795848417 0.2553328197 0.8793643918 0.2438084511 0.0000000000 0.7102022156 0.9445406776 0.3840885589 0.0771584283 0.7718563759 0.2573330209 0.9422046984 0.3600140955 0.1935205065 0.3720017559 0.6638283626 0.4604368653 0.8943440855 0.7400129712
0.5797208756 0.1738590686 0.2063407083 0.0266664345 0.5941360375 0.7102022156 0.0000000000 0.5806435992 0.8780518321 0.8230677179 0.5072755169 0.9829401158 0.9744014297 0.1003920343 0.1145552594 0.2106032447 0.1485439713 0.6762476198 0.1094836427 0.3436637749
0.4127891982 0.4230559723 0.0330148551 0.2233931338 0.9264506390 0.9445406776 0.5806435992 0.0000000000 0.3399843988 0.3281685880 0.9995370905 0.0800360350 0.3880210779 0.0076360914 0.4450901776 0.9093612664 0.5119429251 0.2531724375 0.3426214788 0.5444127261
0.4326568948 0.5638095023 0.1253396719 0.4625057835 0.5330063425 0.3840885589 0.8780518321 0.3399843988 0.0000000000 0.1931136802 0.6321302134 0.3803784309 0.4553078529 0.0378308131 0.9475353010 0.4622834214 0.2668118521 0.7789490420 0.2520061591 0.9905903039
0.9472497689 0.1757521687 0.5341444554 0.8121640193 0.3467589785 0.0771584283 0.8230677179 0.3281685880 0.1931136802 0.0000000000 0.7253062616 0.4346091656 0.5476864903 0.3737766916 0.9195350637 0.7840150005 0.4192919178 0.2833846075 0.4480297989 0.7430526033
0.6763040721 0.7475090081 0.3584045301 0.0495871312 0.7145654880 0.7718563759 0.5072755169 0.9995370905 0.6321302134 0.7253062616 0.0000000000 0.7467855035 0.1219976478 0.2661545859 0.9266474658 0.0748613304 0.8842705062 0.0170006308 0.6701070813 0.1783288659
0.0939979709 0.0948834705 0.7099274839 0.7638503175 0.1193209165 0.2573330209 0.9829401158 0.0800360350 0.3803784309 0.4346091656 0.7467855035 0.0000000000 0.0939022918 0.7528990738 0.0482976565 0.8556554191 0.7816722443 0.0881098792 0.9793555639 0.0073376715
0.7879662243 0.5792019724 0.7396302907 0.1868654524 0.5922344003 0.9422046984 0.9744014297 0.3880210779 0.4553078529 0.5476864903 0.1219976478 0.0939022918 0.0000000000 0.5331327732 0.9882840782 0.3287353902 0.6114375760 0.4792813721 0.5985849469 0.0397480677
0.9106087910 0.3905504552 0.1601137643 0.1813246409 0.0496423556 0.3600140955 0.1003920343 0.0076360914 0.0378308131 0.3737766916 0.2661545859 0.7528990738 0.5331327732 0.0000000000 0.2955318917 0.7295095208 0.7398933636 0.7083446626 0.8224885800 0.1533530840
0.6148220852 0.9372762842 0.6284199086 0.4493606267 0.2537278956 0.1935205065 0.1145552594 0.4450901776 0.9475353010 0.9195350637 0.9266474658 0.0482976565 0.9882840782 0.2955318917 0.0000000000 0.9613114267 0.6927518051 0.9568976858 0.6060456219 0.3272174737
0.9304550597 0.9739437673 0.2098294520 0.8321749891 0.0859702432 0.3720017559 0.2106032447 0.9093612664 0.4622834214 0.7840150005 0.0748613304 0.8556554191 0.3287353902 0.7295095208 0.9613114267 0.0000000000 0.8026677494 0.8596477948 0.6626023693 0.4384148384
0.1544885208 0.2126975052 0.3141748980 0.2278498689 0.3147437222 0.6638283626 0.1485439713 0.5119429251 0.2668118521 0.4192919178 0.8842705062 0.7816722443 0.6114375760 0.7398933636 0.6927518051 0.8026677494 0.0000000000 0.8480782421 0.3700540579 0.6761390580
0.1665658664 0.0311008521 0.2908705029 0.5594842429 0.1468824236 0.4604368653 0.6762476198 0.2531724375 0.7789490420 0.2833846075 0.0170006308 0.0881098792 0.4792813721 0.7083446626 0.9568976858 0.8596477948 0.8480782421 0.0000000000 0.5394554688 0.8443540880
0.1241394601 0.5020183430 0.6536645607 0.6959517421 0.8273825998 0.8943440855 0.1094836427 0.3426214788 0.2520061591 0.4480297989 0.6701070813 0.9793555639 0.5985849469 0.8224885800 0.6060456219 0.6626023693 0.3700540579 0.5394554688 0.0000000000 0.2781068964
0.9596894638 0.1333100996 0.0053929477 0.7857135324 0.0509146250 0.7400129712 0.3436637749 0.5444127261 0.9905903039 0.7430526033 0.1783288659 0.0073376715 0.0397480677 0.1533530840 0.3272174737 0.4384148384 0.6761390580 0.8443540880 0.2781068964 0.0000000000
