# MCW Instance
# Type: UNIFORM
# N: 20
# Optimal cost: 1.5907470564174004
# Optimal tour (permutation): [0, 12, 17, 9, 14, 15, 18, 11, 7, 10, 19, 13, 16, 6, 5, 4, 3, 2, 8, 1, 0]
# Optimal walk (full path): [0, 12, 9, 17, 9, 14, 15, 18, 11, 18, 7, 10, 19, 13, 6, 16, 6, 5, 4, 3, 2, 0, 8, 1, 8, 0]
# Walk size: 26
# Is walk (has repeats): true

# Distance Matrix
0.0000000000 0.9017682967 0.1041019944 0.7553139190 0.3638981285 0.8803751776 0.3711622018 0.9275823147 0.0315578916 0.7894947436 0.2913222376 0.8395071412 0.0150276311 0.4703089523 0.7675646886 0.7249353336 0.4456914286 0.8652696917 0.8118887186 0.9309919133
0.9017682967 0.0000000000 0.6595664717 0.6917622946 0.5457912744 0.3878674977 0.8681947777 0.5562299292 0.0297363223 0.3318261883 0.6623226400 0.4470223760 0.3923457870 0.7865915130 0.5930267044 0.6233332660 0.5357099655 0.4029945094 0.5212357899 0.2779420221
0.1041019944 0.6595664717 0.0000000000 0.0301290290 0.1327444334 0.9041353788 0.9930780527 0.6797616028 0.8694092753 0.6957320239 0.9315764382 0.6400703739 0.6281697165 0.0788925914 0.9095959731 0.8986183359 0.0556371118 0.8174640141 0.9825215026 0.3926840989
0.7553139190 0.6917622946 0.0301290290 0.0000000000 0.0620019876 0.6196162989 0.9422749035 0.0303281119 0.1500065495 0.5373425996 0.1721098908 0.4059559706 0.5787115840 0.0920877392 0.6340675743 0.0570890685 0.8447533592 0.5127661253 0.3746215831 0.6959667870
0.3638981285 0.5457912744 0.1327444334 0.0620019876 0.0000000000 0.0897648127 0.1999696128 0.8256426260 0.9677686922 0.9498596197 0.2889537738 0.3506644600 0.9366589367 0.0515560595 0.9740312638 0.9405341750 0.6815194218 0.8282431012 0.0782892074 0.6978819174
0.8803751776 0.3878674977 0.9041353788 0.6196162989 0.0897648127 0.0000000000 0.0951523292 0.5822681829 0.2050871270 0.7664462192 0.2238964077 0.7499527314 0.6915806146 0.6591430792 0.2590158215 0.1403173993 0.4995551276 0.5178680083 0.5968841711 0.5130268412
0.3711622018 0.8681947777 0.9930780527 0.9422749035 0.1999696128 0.0951523292 0.0000000000 0.1251436656 0.6983723832 0.2219005065 0.2370387984 0.5865405906 0.2151566562 0.0342381205 0.9286702474 0.5576133146 0.0041744537 0.6439410668 0.9062690198 0.7553525783
0.9275823147 0.5562299292 0.6797616028 0.0303281119 0.8256426260 0.5822681829 0.1251436656 0.0000000000 0.6652434990 0.5835472881 0.0184063089 0.7603909296 0.3314106704 0.8533314488 0.9034819225 0.5523583855 0.5791199483 0.2064244764 0.0208604712 0.1756329200
0.0315578916 0.0297363223 0.8694092753 0.1500065495 0.9677686922 0.2050871270 0.6983723832 0.6652434990 0.0000000000 0.8408837280 0.6054810544 0.8571338895 0.1160828470 0.6112596188 0.8382300933 0.5558313056 0.1656871119 0.8472861705 0.3661577559 0.8448748011
0.7894947436 0.3318261883 0.6957320239 0.5373425996 0.9498596197 0.7664462192 0.2219005065 0.5835472881 0.8408837280 0.0000000000 0.7794583464 0.3561326361 0.0987359947 0.5433054788 0.1878831372 0.6355695754 0.9350241626 0.1172810138 0.8181321728 0.5869684639
0.2913222376 0.6623226400 0.9315764382 0.1721098908 0.2889537738 0.2238964077 0.2370387984 0.0184063089 0.6054810544 0.7794583464 0.0000000000 0.5951354114 0.7250727697 0.8985830932 0.7558901410 0.4759728265 0.9417664301 0.4737369556 0.2719235222 0.0088054336
0.8395071412 0.4470223760 0.6400703739 0.4059559706 0.3506644600 0.7499527314 0.5865405906 0.7603909296 0.8571338895 0.3561326361 0.5951354114 0.0000000000 0.8865974121 0.4403986447 0.4572873882 0.2706673753 0.7893282568 0.6310310282 0.1528099433 0.4072281260
0.0150276311 0.3923457870 0.6281697165 0.5787115840 0.9366589367 0.6915806146 0.2151566562 0.3314106704 0.1160828470 0.0987359947 0.7250727697 0.8865974121 0.0000000000 0.1268021583 0.4164809047 0.1702519765 0.7616953403 0.3367832768 0.7778145470 0.9215414745
0.4703089523 0.7865915130 0.0788925914 0.0920877392 0.0515560595 0.6591430792 0.0342381205 0.8533314488 0.6112596188 0.5433054788 0.8985830932 0.4403986447 0.1268021583 0.0000000000 0.4724765275 0.7734209586 0.3057893933 0.1983388019 0.7017389159 0.0071513138
0.7675646886 0.5930267044 0.9095959731 0.6340675743 0.9740312638 0.2590158215 0.9286702474 0.9034819225 0.8382300933 0.1878831372 0.7558901410 0.4572873882 0.4164809047 0.4724765275 0.0000000000 0.1265276256 0.2794530187 0.5876719753 0.7915770201 0.3232461498
0.7249353336 0.6233332660 0.8986183359 0.0570890685 0.9405341750 0.1403173993 0.5576133146 0.5523583855 0.5558313056 0.6355695754 0.4759728265 0.2706673753 0.1702519765 0.7734209586 0.1265276256 0.0000000000 0.0289819647 0.4751702456 0.0208416177 0.0264370805
0.4456914286 0.5357099655 0.0556371118 0.8447533592 0.6815194218 0.4995551276 0.0041744537 0.5791199483 0.1656871119 0.9350241626 0.9417664301 0.7893282568 0.7616953403 0.3057893933 0.2794530187 0.0289819647 0.0000000000 0.4146498127 0.9728187763 0.7832420109
0.8652696917 0.4029945094 0.8174640141 0.5127661253 0.8282431012 0.5178680083 0.6439410668 0.2064244764 0.8472861705 0.1172810138 0.4737369556 0.6310310282 0.3367832768 0.1983388019 0.5876719753 0.4751702456 0.4146498127 0.0000000000 0.9786813805 0.9236674544
0.8118887186 0.5212357899 0.9825215026 0.3746215831 0.0782892074 0.5968841711 0.9062690198 0.0208604712 0.3661577559 0.8181321728 0.2719235222 0.1528099433 0.7778145470 0.7017389159 0.7915770201 0.0208416177 0.9728187763 0.9786813805 0.0000000000 0.9084771502
0.9309919133 0.2779420221 0.3926840989 0.6959667870 0.6978819174 0.5130268412 0.7553525783 0.1756329200 0.8448748011 0.5869684639 0.0088054336 0.4072281260 0.9215414745 0.0071513138 0.3232461498 0.0264370805 0.7832420109 0.9236674544 0.9084771502 0.0000000000
