# Graph size: 20
# Optimal cost: 1.087868971226075

# Distance Matrix
0.0 0.7834667742588513 0.03269008830397724 0.10972045194226132 0.7599810793841869 0.14566207800494457 0.20057054936176355 0.5072803648727903 0.1631049930798193 0.9151813945323098 0.12323460345550752 0.07022240277868874 0.9809886696898961 0.36168107219737067 0.11906229353719788 0.8478485914843867 0.5641710896781993 0.7566167366610308 0.5262602166431428 0.3113724021769939
0.7834667742588513 0.0 0.9756420217729652 0.48066841869314525 0.6779979254238777 0.27968466470185094 0.8441527294451723 0.28402893138543117 0.2587783701190949 0.8341795614168683 0.06349764687991055 0.05969391569927307 0.8096511795145087 0.8996737902363025 0.6293016021104402 0.06899266587593589 0.4555415050859082 0.7631775842649298 0.8511361774987186 0.4189510983374084
0.03269008830397724 0.9756420217729652 0.0 0.7648810619058476 0.17825302391161113 0.1553274735872383 0.7326792080858376 0.01989239959995459 0.8599222752224034 0.7026071481136636 0.3768274941575459 0.07529104519284346 0.11356409823673985 0.08479728992801516 0.3142579101309405 0.4138347354151146 0.060963918358239444 0.4360088136876703 0.635426575956272 0.9690625170984786
0.10972045194226132 0.48066841869314525 0.7648810619058476 0.0 0.4276596456434114 0.39637246161547446 0.08857752014944642 0.778731007618927 0.13795108435515557 0.5001096682734991 0.4766973930383924 0.5568688146210697 0.02741861046942995 0.7247910148046433 0.6182835315127011 0.8280342969701296 0.8275219502842222 0.13491756992110038 0.679328715152226 0.35427613450260353
0.7599810793841869 0.6779979254238777 0.17825302391161113 0.4276596456434114 0.0 0.20282768857456468 0.7805004653918959 0.0755278615873557 0.20345975801955218 0.028639726988384462 0.2701029480179008 0.8165633051589337 0.9570373314249012 0.28528446000945473 0.7278477970527918 0.1184269324573699 0.23600248448431593 0.9150278092039608 0.1651823643078184 0.345088938599334
0.14566207800494457 0.27968466470185094 0.1553274735872383 0.39637246161547446 0.20282768857456468 0.0 0.9356853641237621 0.7385789567668946 0.6507329430170402 0.8574246618732468 0.3032077614194931 0.06036153387315346 0.04536825552525603 0.14516238971560014 0.2658318420343384 0.9052095620039593 0.48463186214980747 0.6967165485956381 0.224099955875248 0.9238725268550628
0.20057054936176355 0.8441527294451723 0.7326792080858376 0.08857752014944642 0.7805004653918959 0.9356853641237621 0.0 0.2369918515961884 0.42212254760587875 0.8605778424398223 0.880689751796329 0.04389539304084189 0.0858907420025179 0.3831764206620617 0.2940217262761149 0.5564047322641433 0.12944881501399585 0.021442547594245798 0.23850165776965881 0.023230341749082006
0.5072803648727903 0.28402893138543117 0.01989239959995459 0.778731007618927 0.0755278615873557 0.7385789567668946 0.2369918515961884 0.0 0.46694306243802564 0.524872536252193 0.5378977407302289 0.956265874532161 0.32352139301654526 0.8742162533932852 0.5783530585269019 0.10226890494783536 0.9518214225879247 0.4099042430882349 0.7539963101946696 0.6831200933627866
0.1631049930798193 0.2587783701190949 0.8599222752224034 0.13795108435515557 0.20345975801955218 0.6507329430170402 0.42212254760587875 0.46694306243802564 0.0 0.11023934333920749 0.10614382805509326 0.12039359195191623 0.5321328170629693 0.5156565940080322 0.774894226579823 0.17603750552016728 0.45017427354176354 0.09365277079427015 0.5708453139460805 0.8180469527704556
0.9151813945323098 0.8341795614168683 0.7026071481136636 0.5001096682734991 0.028639726988384462 0.8574246618732468 0.8605778424398223 0.524872536252193 0.11023934333920749 0.0 0.8328981219835246 0.7408350298608879 0.2866880400041285 0.42547687394550704 0.37917758572012794 0.4867655316612607 0.5773791773189654 0.7121148301959721 0.48086744222493183 0.3970703378097309
0.12323460345550752 0.06349764687991055 0.3768274941575459 0.4766973930383924 0.2701029480179008 0.3032077614194931 0.880689751796329 0.5378977407302289 0.10614382805509326 0.8328981219835246 0.0 0.4327664691522246 0.4603663692830464 0.7153119727816596 0.2946644752265347 0.9298552045718177 0.4988092531837839 0.7145552512434696 0.39262953880814544 0.5391602823759282
0.07022240277868874 0.05969391569927307 0.07529104519284346 0.5568688146210697 0.8165633051589337 0.06036153387315346 0.04389539304084189 0.956265874532161 0.12039359195191623 0.7408350298608879 0.4327664691522246 0.0 0.31822196712935724 0.5689991070009723 0.23013178076592455 0.034002810565735286 0.5343692843855496 0.8382931186396939 0.881870325754834 0.35727369222894534
0.9809886696898961 0.8096511795145087 0.11356409823673985 0.02741861046942995 0.9570373314249012 0.04536825552525603 0.0858907420025179 0.32352139301654526 0.5321328170629693 0.2866880400041285 0.4603663692830464 0.31822196712935724 0.0 5.536770875823604E-4 0.18853021589790908 0.27189625562525876 0.6371011243105293 0.7489184546561205 0.652360486103539 0.5642455844117491
0.36168107219737067 0.8996737902363025 0.08479728992801516 0.7247910148046433 0.28528446000945473 0.14516238971560014 0.3831764206620617 0.8742162533932852 0.5156565940080322 0.42547687394550704 0.7153119727816596 0.5689991070009723 5.536770875823604E-4 0.0 0.91102273941215 0.09671445747492924 0.5174246866808786 0.02568005982530952 0.01767732536121369 0.19221927408548445
0.11906229353719788 0.6293016021104402 0.3142579101309405 0.6182835315127011 0.7278477970527918 0.2658318420343384 0.2940217262761149 0.5783530585269019 0.774894226579823 0.37917758572012794 0.2946644752265347 0.23013178076592455 0.18853021589790908 0.91102273941215 0.0 0.8885479810917244 0.45993153211607274 0.5456949922720483 0.9947242585919547 0.040424182460927494
0.8478485914843867 0.06899266587593589 0.4138347354151146 0.8280342969701296 0.1184269324573699 0.9052095620039593 0.5564047322641433 0.10226890494783536 0.17603750552016728 0.4867655316612607 0.9298552045718177 0.034002810565735286 0.27189625562525876 0.09671445747492924 0.8885479810917244 0.0 0.29819735614533094 0.6913790821446129 0.18398084632942358 0.7800586249244921
0.5641710896781993 0.4555415050859082 0.060963918358239444 0.8275219502842222 0.23600248448431593 0.48463186214980747 0.12944881501399585 0.9518214225879247 0.45017427354176354 0.5773791773189654 0.4988092531837839 0.5343692843855496 0.6371011243105293 0.5174246866808786 0.45993153211607274 0.29819735614533094 0.0 0.6972355802220842 0.3699364372861318 0.7767253051462895
0.7566167366610308 0.7631775842649298 0.4360088136876703 0.13491756992110038 0.9150278092039608 0.6967165485956381 0.021442547594245798 0.4099042430882349 0.09365277079427015 0.7121148301959721 0.7145552512434696 0.8382931186396939 0.7489184546561205 0.02568005982530952 0.5456949922720483 0.6913790821446129 0.6972355802220842 0.0 0.17202806837047702 0.5442604495914903
0.5262602166431428 0.8511361774987186 0.635426575956272 0.679328715152226 0.1651823643078184 0.224099955875248 0.23850165776965881 0.7539963101946696 0.5708453139460805 0.48086744222493183 0.39262953880814544 0.881870325754834 0.652360486103539 0.01767732536121369 0.9947242585919547 0.18398084632942358 0.3699364372861318 0.17202806837047702 0.0 0.9494276922187546
0.3113724021769939 0.4189510983374084 0.9690625170984786 0.35427613450260353 0.345088938599334 0.9238725268550628 0.023230341749082006 0.6831200933627866 0.8180469527704556 0.3970703378097309 0.5391602823759282 0.35727369222894534 0.5642455844117491 0.19221927408548445 0.040424182460927494 0.7800586249244921 0.7767253051462895 0.5442604495914903 0.9494276922187546 0.0

# Optimal Walk
0 14 19 6 17 18 13 12 3 5 11 15 1 10 8 9 4 7 16 2 0
