# Graph size: 20
# Optimal cost: 1.7116500170251507

# Distance Matrix
0.0 0.5290093370723544 0.9524460032117223 0.11871053366143347 0.9828438677248571 0.08411088353385077 0.11242450917744895 0.8998990927441557 0.47265184105463964 0.0018770573680096936 0.49347764142067974 0.09412277470751662 0.8110985983180081 0.7495071800066052 0.5573696296842758 0.4673757389822043 0.08710384677680794 0.5434327240940079 0.8193366953803257 0.9973729824958947
0.5290093370723544 0.0 0.06910469665127128 0.06644358541365503 0.6768056635288554 0.5963647560997833 0.19280174896276037 0.9989936170329083 0.026268298180051386 0.2685069701163122 0.6406651714738191 0.09005791874645963 0.7855290000158166 0.08780423723672126 0.248094064604388 0.2595158339779783 0.43170839813897466 0.16486950501900532 0.6049122801520775 0.27188485164070786
0.9524460032117223 0.06910469665127128 0.0 0.18979859104389796 0.33421973354659795 0.38592244114715957 0.850332714943796 0.5622303097518322 0.6385542632773744 0.6405292030838858 0.7102460060067046 0.4768266585762545 0.8124392777764644 0.49898190101918505 0.8832356140890606 0.4486810991618526 0.8750475892454161 0.5115754946061222 0.8753104518743214 0.8009125873961581
0.11871053366143347 0.06644358541365503 0.18979859104389796 0.0 0.6300802010167618 0.6271881971140143 0.6570531066611923 0.16991425701430718 0.3407225102039857 0.6388228796648165 0.21898173187764536 0.23262583946624404 0.09846420152873481 0.7763585895885124 0.4418850647243139 0.8365248023453423 0.43683904208273294 0.01050759671302981 0.3297680044657516 0.48744468360906523
0.9828438677248571 0.6768056635288554 0.33421973354659795 0.6300802010167618 0.0 0.5546168898633452 0.5470122686554828 0.23214774113425996 0.4559930840952784 0.10770698998262351 0.9364054016201043 0.5427911416920901 0.6002566736846561 0.9050080829144653 0.2021965325667031 0.5035861241588495 0.3706433866480736 6.67719170146519E-4 0.3991356640255631 0.16509136621833043
0.08411088353385077 0.5963647560997833 0.38592244114715957 0.6271881971140143 0.5546168898633452 0.0 0.3621271697939651 0.6136890487686171 0.05324531054449266 0.2594098437681036 0.20982395616342464 0.025550973608246874 0.00660058896487703 0.7263835837601225 0.5857421560588254 0.10748292283997163 0.2923758641859977 0.9007088249374144 0.5477143082340464 0.4112630612328929
0.11242450917744895 0.19280174896276037 0.850332714943796 0.6570531066611923 0.5470122686554828 0.3621271697939651 0.0 0.7994661963660533 0.9154214517182322 0.5159316718590643 0.8208847132197111 0.6510302347465671 0.7063051552528647 0.7081662473700859 0.6071625947990255 0.41759069636349155 0.11212576490560411 0.9516801026268384 0.35332695926627666 0.5128674411897615
0.8998990927441557 0.9989936170329083 0.5622303097518322 0.16991425701430718 0.23214774113425996 0.6136890487686171 0.7994661963660533 0.0 0.9571968331704809 0.4079848835263048 0.6268801745600249 0.3793071686995453 0.6756331916632303 0.8960293267038331 0.46146730490341115 0.3603130336632717 0.9907506018260965 0.18005578560134594 0.6822379855376055 0.4774663853259088
0.47265184105463964 0.026268298180051386 0.6385542632773744 0.3407225102039857 0.4559930840952784 0.05324531054449266 0.9154214517182322 0.9571968331704809 0.0 0.398421680505056 0.8002815529572768 0.8591544306321317 0.6835718061226107 0.7197990355587133 0.767724594377619 0.20492600112007697 0.5461460809782406 0.7866688015527991 0.7189072272622208 0.04772834495321765
0.0018770573680096936 0.2685069701163122 0.6405292030838858 0.6388228796648165 0.10770698998262351 0.2594098437681036 0.5159316718590643 0.4079848835263048 0.398421680505056 0.0 0.7310102057066327 0.40179904679112866 0.9318353614909907 0.6035905496790455 0.10193309943200957 0.07699914173523859 0.9415652970314523 0.6493114568546101 0.7298146672698349 0.6932074945207803
0.49347764142067974 0.6406651714738191 0.7102460060067046 0.21898173187764536 0.9364054016201043 0.20982395616342464 0.8208847132197111 0.6268801745600249 0.8002815529572768 0.7310102057066327 0.0 0.36183376553546276 0.3539918390849467 0.6136844594426547 0.14977727878317182 0.9186410852406189 0.9657465716213379 0.4558320604982091 0.2742303691605835 0.6323415389472465
0.09412277470751662 0.09005791874645963 0.4768266585762545 0.23262583946624404 0.5427911416920901 0.025550973608246874 0.6510302347465671 0.3793071686995453 0.8591544306321317 0.40179904679112866 0.36183376553546276 0.0 0.2698866055934166 0.404673611615852 0.7491022816312378 0.5467087725572917 0.7358381496659805 0.2814984407606963 0.5791017341716068 0.3966084281367718
0.8110985983180081 0.7855290000158166 0.8124392777764644 0.09846420152873481 0.6002566736846561 0.00660058896487703 0.7063051552528647 0.6756331916632303 0.6835718061226107 0.9318353614909907 0.3539918390849467 0.2698866055934166 0.0 0.052291997695152026 0.441028459202201 0.669660195202584 0.1303242829139265 0.3135530972971524 0.08076255189332981 0.4170487576663344
0.7495071800066052 0.08780423723672126 0.49898190101918505 0.7763585895885124 0.9050080829144653 0.7263835837601225 0.7081662473700859 0.8960293267038331 0.7197990355587133 0.6035905496790455 0.6136844594426547 0.404673611615852 0.052291997695152026 0.0 0.25824768523691244 0.464787196677395 0.5103667658616137 0.8205905838474441 0.5865550868457129 0.7398370938478925
0.5573696296842758 0.248094064604388 0.8832356140890606 0.4418850647243139 0.2021965325667031 0.5857421560588254 0.6071625947990255 0.46146730490341115 0.767724594377619 0.10193309943200957 0.14977727878317182 0.7491022816312378 0.441028459202201 0.25824768523691244 0.0 0.6199101454082522 0.5190990367761018 0.012661570398158406 0.7325087578298218 0.5445358735690055
0.4673757389822043 0.2595158339779783 0.4486810991618526 0.8365248023453423 0.5035861241588495 0.10748292283997163 0.41759069636349155 0.3603130336632717 0.20492600112007697 0.07699914173523859 0.9186410852406189 0.5467087725572917 0.669660195202584 0.464787196677395 0.6199101454082522 0.0 0.32652362866450546 0.708652993604752 0.430703074258733 0.3131953184555313
0.08710384677680794 0.43170839813897466 0.8750475892454161 0.43683904208273294 0.3706433866480736 0.2923758641859977 0.11212576490560411 0.9907506018260965 0.5461460809782406 0.9415652970314523 0.9657465716213379 0.7358381496659805 0.1303242829139265 0.5103667658616137 0.5190990367761018 0.32652362866450546 0.0 0.2958863318946139 0.19956313867049869 0.012496196394713888
0.5434327240940079 0.16486950501900532 0.5115754946061222 0.01050759671302981 6.67719170146519E-4 0.9007088249374144 0.9516801026268384 0.18005578560134594 0.7866688015527991 0.6493114568546101 0.4558320604982091 0.2814984407606963 0.3135530972971524 0.8205905838474441 0.012661570398158406 0.708652993604752 0.2958863318946139 0.0 0.09036253997108656 0.0759438008220713
0.8193366953803257 0.6049122801520775 0.8753104518743214 0.3297680044657516 0.3991356640255631 0.5477143082340464 0.35332695926627666 0.6822379855376055 0.7189072272622208 0.7298146672698349 0.2742303691605835 0.5791017341716068 0.08076255189332981 0.5865550868457129 0.7325087578298218 0.430703074258733 0.19956313867049869 0.09036253997108656 0.0 0.5552763495140057
0.9973729824958947 0.27188485164070786 0.8009125873961581 0.48744468360906523 0.16509136621833043 0.4112630612328929 0.5128674411897615 0.4774663853259088 0.04772834495321765 0.6932074945207803 0.6323415389472465 0.3966084281367718 0.4170487576663344 0.7398370938478925 0.5445358735690055 0.3131953184555313 0.012496196394713888 0.0759438008220713 0.5552763495140057 0.0

# Optimal Walk
0 9 15 11 5 13 12 18 17 14 10 4 7 3 1 2 8 19 16 6 0
