# MCW Instance
# Type: UNIFORM
# N: 20
# Optimal cost: 1.487980729118056
# Optimal tour (permutation): [0, 17, 16, 8, 2, 6, 11, 4, 14, 3, 15, 9, 1, 12, 19, 13, 5, 18, 10, 7, 0]
# Optimal walk (full path): [0, 17, 0, 16, 8, 2, 6, 4, 11, 4, 14, 3, 15, 9, 1, 12, 19, 13, 5, 10, 18, 10, 7, 0]
# Walk size: 24
# Is walk (has repeats): true

# Distance Matrix
0.0000000000 0.4670799583 0.9000227864 0.3021624463 0.9400841975 0.6065380957 0.2010935020 0.0643951175 0.8222090421 0.5401026604 0.0898277358 0.5734040955 0.4776264361 0.7986012643 0.2156790352 0.1943801007 0.1129824039 0.0118504033 0.9142769735 0.4418160032
0.4670799583 0.0000000000 0.2996581820 0.6629839482 0.1804305509 0.2211137517 0.5438734267 0.6009765877 0.2306024460 0.0100421194 0.5591905348 0.4522618590 0.1524433352 0.0550271498 0.0676226138 0.7608209594 0.9290142457 0.1113579915 0.1362113227 0.1558452062
0.9000227864 0.2996581820 0.0000000000 0.9466143546 0.9917436310 0.7678554721 0.0970513087 0.9476704791 0.2042563513 0.7083343428 0.7799556211 0.2739335917 0.2585502134 0.2058852730 0.5968895769 0.1602667767 0.7983438183 0.7653571173 0.1442655501 0.7855981873
0.3021624463 0.6629839482 0.9466143546 0.0000000000 0.5785085033 0.7758775136 0.1425786555 0.7651515122 0.4467047747 0.2591336904 0.7928565640 0.7768555091 0.9123607724 0.8847825529 0.0317462463 0.0548733625 0.5898889002 0.8301686031 0.8671527341 0.5544815956
0.9400841975 0.1804305509 0.9917436310 0.5785085033 0.0000000000 0.7883877657 0.0234425711 0.4773218673 0.6950671487 0.7866783110 0.8023383568 0.0384853643 0.7218009086 0.8803745472 0.0452788868 0.3096633330 0.8915841663 0.1167909751 0.3871464212 0.8479453888
0.6065380957 0.2211137517 0.7678554721 0.7758775136 0.7883877657 0.0000000000 0.8851541341 0.7438402806 0.2189664134 0.3535490122 0.0747737551 0.7906761942 0.7889183854 0.0511793877 0.5357196580 0.8706886034 0.8715009692 0.2026920046 0.9798215964 0.2515587414
0.2010935020 0.5438734267 0.0970513087 0.1425786555 0.0234425711 0.8851541341 0.0000000000 0.1523430795 0.8157860734 0.1105955115 0.4724346016 0.6880659327 0.3644326220 0.2520516426 0.3048877350 0.5437663912 0.8689687767 0.4870478197 0.6521645896 0.9851044856
0.0643951175 0.6009765877 0.9476704791 0.7651515122 0.4773218673 0.7438402806 0.1523430795 0.0000000000 0.9972651731 0.9560976222 0.0603465782 0.4076434780 0.9431007337 0.4138318262 0.8753852765 0.5230036593 0.7138556390 0.6178503777 0.7215801553 0.1895562108
0.8222090421 0.2306024460 0.2042563513 0.4467047747 0.6950671487 0.2189664134 0.8157860734 0.9972651731 0.0000000000 0.1168590955 0.6334921175 0.8999181286 0.6747965398 0.1722062911 0.6780872979 0.5087956079 0.0672016029 0.8995841874 0.6995480494 0.5749955157
0.5401026604 0.0100421194 0.7083343428 0.2591336904 0.7866783110 0.3535490122 0.1105955115 0.9560976222 0.1168590955 0.0000000000 0.0172886161 0.4276234728 0.4866903346 0.2493928581 0.9807578130 0.1565199172 0.7424705639 0.1697146981 0.6610148416 0.2681449024
0.0898277358 0.5591905348 0.7799556211 0.7928565640 0.8023383568 0.0747737551 0.4724346016 0.0603465782 0.6334921175 0.0172886161 0.0000000000 0.2163583814 0.4217811373 0.4040336633 0.2225920002 0.6883569696 0.1410060405 0.8854334474 0.0060825919 0.3247207036
0.5734040955 0.4522618590 0.2739335917 0.7768555091 0.0384853643 0.7906761942 0.6880659327 0.4076434780 0.8999181286 0.4276234728 0.2163583814 0.0000000000 0.6875378415 0.5478084177 0.8023798644 0.6842094643 0.5012715906 0.8957628002 0.4483379707 0.4437574298
0.4776264361 0.1524433352 0.2585502134 0.9123607724 0.7218009086 0.7889183854 0.3644326220 0.9431007337 0.6747965398 0.4866903346 0.4217811373 0.6875378415 0.0000000000 0.1970660099 0.9367672910 0.5039386711 0.7337241614 0.1958502385 0.7678676496 0.0181449722
0.7986012643 0.0550271498 0.2058852730 0.8847825529 0.8803745472 0.0511793877 0.2520516426 0.4138318262 0.1722062911 0.2493928581 0.4040336633 0.5478084177 0.1970660099 0.0000000000 0.8254334881 0.2039063842 0.5514399050 0.1041277849 0.7974964479 0.1504660940
0.2156790352 0.0676226138 0.5968895769 0.0317462463 0.0452788868 0.5357196580 0.3048877350 0.8753852765 0.6780872979 0.9807578130 0.2225920002 0.8023798644 0.9367672910 0.8254334881 0.0000000000 0.8976009315 0.2508977850 0.7224519897 0.7728606487 0.9765470193
0.1943801007 0.7608209594 0.1602667767 0.0548733625 0.3096633330 0.8706886034 0.5437663912 0.5230036593 0.5087956079 0.1565199172 0.6883569696 0.6842094643 0.5039386711 0.2039063842 0.8976009315 0.0000000000 0.8931017925 0.8615492372 0.8988155287 0.5210072693
0.1129824039 0.9290142457 0.7983438183 0.5898889002 0.8915841663 0.8715009692 0.8689687767 0.7138556390 0.0672016029 0.7424705639 0.1410060405 0.5012715906 0.7337241614 0.5514399050 0.2508977850 0.8931017925 0.0000000000 0.1367191693 0.3330338537 0.6170819951
0.0118504033 0.1113579915 0.7653571173 0.8301686031 0.1167909751 0.2026920046 0.4870478197 0.6178503777 0.8995841874 0.1697146981 0.8854334474 0.8957628002 0.1958502385 0.1041277849 0.7224519897 0.8615492372 0.1367191693 0.0000000000 0.2471624629 0.6956202776
0.9142769735 0.1362113227 0.1442655501 0.8671527341 0.3871464212 0.9798215964 0.6521645896 0.7215801553 0.6995480494 0.6610148416 0.0060825919 0.4483379707 0.7678676496 0.7974964479 0.7728606487 0.8988155287 0.3330338537 0.2471624629 0.0000000000 0.7280900545
0.4418160032 0.1558452062 0.7855981873 0.5544815956 0.8479453888 0.2515587414 0.9851044856 0.1895562108 0.5749955157 0.2681449024 0.3247207036 0.4437574298 0.0181449722 0.1504660940 0.9765470193 0.5210072693 0.6170819951 0.6956202776 0.7280900545 0.0000000000
