# Graph size: 20
# Optimal cost: 2.1003259139210817

# Distance Matrix
0.0 0.9143262438037748 0.582162243611822 0.7523682009243544 0.04288698243417499 0.33334185750136525 0.9158514247834585 0.2069910882628999 0.7181476238409482 0.6286740067029142 0.08539624169937954 0.6143854710950053 0.8188020100615236 0.6157212642761869 0.17066033899095445 0.509604685968921 0.5653264363174605 0.4402513797459643 0.6287192463914829 0.7500095799786881
0.9143262438037748 0.0 0.6649084334038508 0.7298578819307165 0.6132639528230636 0.9135708886072996 0.47470004876173255 0.8516036318915821 0.2820046331465954 0.7169479330851771 0.8690288119239094 0.2165554514884681 0.06915535029211162 0.37500502737429287 0.03813563810606657 0.10414099981500047 0.2838704574138726 0.6212785543295325 0.720423767201812 0.7927351803161159
0.582162243611822 0.6649084334038508 0.0 0.8105420660967725 0.18800920510555708 0.17586599369880862 0.8776101299035554 0.13315686229723567 0.904705390370658 0.5451322390224541 0.5333595377184777 0.38344992044683657 0.21580566908560084 0.10716320971993665 0.13513429281785239 0.6213824664397225 0.8408589935111725 0.3473299330347571 0.09150314615070287 0.09650853526917602
0.7523682009243544 0.7298578819307165 0.8105420660967725 0.0 0.5047439026995847 0.6789833657899494 0.9614789543230914 0.8100860629785609 0.15079879899069815 0.12311190060901445 0.9292268693270926 0.3003255872143106 0.8163372587414449 0.2439887864614959 0.49219845535533446 0.2069597406292749 0.39787357385782685 0.16310592540081092 0.7819112320335898 0.8363554857014383
0.04288698243417499 0.6132639528230636 0.18800920510555708 0.5047439026995847 0.0 0.8624859741965696 0.5293538481597051 0.28132040737897746 0.6446797651998463 0.07209563485467929 0.9103225007856062 0.8287058317169116 0.28416907693591864 0.27904205403687654 0.1877608572054299 0.7052238614740141 0.6163415486600831 0.5241858818858954 0.18964800561722572 0.2917504072707846
0.33334185750136525 0.9135708886072996 0.17586599369880862 0.6789833657899494 0.8624859741965696 0.0 0.8860303229073956 0.622873139518002 0.971992049443751 0.25036770074716075 0.07140479819805523 0.15944513274726113 0.8753872126516405 0.436824441159092 0.2776865488519632 0.9275807069554216 0.724524078649762 0.7825251729444008 0.9260551202346864 0.5516086194212958
0.9158514247834585 0.47470004876173255 0.8776101299035554 0.9614789543230914 0.5293538481597051 0.8860303229073956 0.0 0.31326120809805535 0.19808099754929664 0.4042780666255329 0.603029675216306 0.6235311261903699 0.14518127362933575 0.7918886114126155 0.3868395562980994 0.06326731112410156 0.8995213522209828 0.25027395373632066 0.7138451180812229 0.37670302146587087
0.2069910882628999 0.8516036318915821 0.13315686229723567 0.8100860629785609 0.28132040737897746 0.622873139518002 0.31326120809805535 0.0 0.684748799947353 0.676825122934551 0.3980180967364003 0.7798069451172884 0.795866705518749 0.262339743329546 0.9220324519073313 0.3042844981594576 0.5502595096685212 0.662156976136393 0.6994819683027128 0.2954879079684726
0.7181476238409482 0.2820046331465954 0.904705390370658 0.15079879899069815 0.6446797651998463 0.971992049443751 0.19808099754929664 0.684748799947353 0.0 0.4054829306172647 0.5940436186077492 0.6288776664651073 0.5027419832689984 0.8651867196192774 0.8096392254522744 0.1823750211471581 0.22500707513588958 0.8580149240392065 0.5513071724536205 0.10128324667393263
0.6286740067029142 0.7169479330851771 0.5451322390224541 0.12311190060901445 0.07209563485467929 0.25036770074716075 0.4042780666255329 0.676825122934551 0.4054829306172647 0.0 0.530463917289372 0.11905541311737067 0.8025275388516436 0.8807599724032786 0.6555201094153771 0.7293866522549179 0.8675070947707512 0.6176966734835471 0.3069011738830547 0.37649630227883757
0.08539624169937954 0.8690288119239094 0.5333595377184777 0.9292268693270926 0.9103225007856062 0.07140479819805523 0.603029675216306 0.3980180967364003 0.5940436186077492 0.530463917289372 0.0 0.0744701569839884 0.4686514693116901 0.7399040100096544 0.08682315583070332 0.6871339302655864 0.918787322990054 0.16655362956130593 0.15139983285508296 0.43016008306770825
0.6143854710950053 0.2165554514884681 0.38344992044683657 0.3003255872143106 0.8287058317169116 0.15944513274726113 0.6235311261903699 0.7798069451172884 0.6288776664651073 0.11905541311737067 0.0744701569839884 0.0 0.2981258955159316 0.2593192610868078 0.716550821021438 0.38691427663656963 0.49802807833877083 0.2592090866352018 0.04382667432639287 0.4116537784942217
0.8188020100615236 0.06915535029211162 0.21580566908560084 0.8163372587414449 0.28416907693591864 0.8753872126516405 0.14518127362933575 0.795866705518749 0.5027419832689984 0.8025275388516436 0.4686514693116901 0.2981258955159316 0.0 0.6386641251867456 0.47147724105748834 0.7568319791087277 0.6133025882454999 0.5173382111100938 0.7378410246419542 0.48733074996517656
0.6157212642761869 0.37500502737429287 0.10716320971993665 0.2439887864614959 0.27904205403687654 0.436824441159092 0.7918886114126155 0.262339743329546 0.8651867196192774 0.8807599724032786 0.7399040100096544 0.2593192610868078 0.6386641251867456 0.0 0.9142626726460078 0.027883209838892697 0.811019675112715 0.20899046375526753 0.1652487987749015 0.38294330284828615
0.17066033899095445 0.03813563810606657 0.13513429281785239 0.49219845535533446 0.1877608572054299 0.2776865488519632 0.3868395562980994 0.9220324519073313 0.8096392254522744 0.6555201094153771 0.08682315583070332 0.716550821021438 0.47147724105748834 0.9142626726460078 0.0 0.4255711376366065 0.20435111862726674 0.8059235607339926 0.8938138208949225 0.2584160232197894
0.509604685968921 0.10414099981500047 0.6213824664397225 0.2069597406292749 0.7052238614740141 0.9275807069554216 0.06326731112410156 0.3042844981594576 0.1823750211471581 0.7293866522549179 0.6871339302655864 0.38691427663656963 0.7568319791087277 0.027883209838892697 0.4255711376366065 0.0 0.04908391100514908 0.601148203617907 0.2666088453857435 0.903103274115576
0.5653264363174605 0.2838704574138726 0.8408589935111725 0.39787357385782685 0.6163415486600831 0.724524078649762 0.8995213522209828 0.5502595096685212 0.22500707513588958 0.8675070947707512 0.918787322990054 0.49802807833877083 0.6133025882454999 0.811019675112715 0.20435111862726674 0.04908391100514908 0.0 0.21732893434792877 0.5539543248128486 0.8588790528803946
0.4402513797459643 0.6212785543295325 0.3473299330347571 0.16310592540081092 0.5241858818858954 0.7825251729444008 0.25027395373632066 0.662156976136393 0.8580149240392065 0.6176966734835471 0.16655362956130593 0.2592090866352018 0.5173382111100938 0.20899046375526753 0.8059235607339926 0.601148203617907 0.21732893434792877 0.0 0.4437852657432475 0.9128794545525086
0.6287192463914829 0.720423767201812 0.09150314615070287 0.7819112320335898 0.18964800561722572 0.9260551202346864 0.7138451180812229 0.6994819683027128 0.5513071724536205 0.3069011738830547 0.15139983285508296 0.04382667432639287 0.7378410246419542 0.1652487987749015 0.8938138208949225 0.2666088453857435 0.5539543248128486 0.4437852657432475 0.0 0.698879629239939
0.7500095799786881 0.7927351803161159 0.09650853526917602 0.8363554857014383 0.2917504072707846 0.5516086194212958 0.37670302146587087 0.2954879079684726 0.10128324667393263 0.37649630227883757 0.43016008306770825 0.4116537784942217 0.48733074996517656 0.38294330284828615 0.2584160232197894 0.903103274115576 0.8588790528803946 0.9128794545525086 0.698879629239939 0.0

# Optimal Walk
0 10 5 14 1 12 6 15 13 16 17 3 8 19 7 2 18 11 9 4 0
