# MCW Instance
# Type: UNIFORM
# N: 20
# Optimal cost: 1.3211561741099067
# Optimal tour (permutation): [0, 14, 13, 15, 10, 7, 6, 18, 3, 19, 1, 11, 4, 2, 9, 16, 17, 12, 8, 5, 0]
# Optimal walk (full path): [0, 14, 13, 14, 15, 10, 15, 6, 7, 6, 18, 3, 18, 6, 1, 19, 1, 6, 4, 11, 4, 2, 9, 16, 17, 16, 12, 8, 5, 14, 0]
# Walk size: 31
# Is walk (has repeats): true

# Distance Matrix
0.0000000000 0.6290598459 0.8339586271 0.7822171877 0.3333820376 0.3896491961 0.7173298762 0.6642292404 0.2403113587 0.4207801243 0.6531175503 0.6235255043 0.8856308593 0.1569029218 0.0818005488 0.9633427557 0.1928224862 0.1386431391 0.6569827497 0.8302740006
0.6290598459 0.0000000000 0.4795101220 0.5035518301 0.7819207947 0.2479917423 0.0171426775 0.7297404244 0.0842162456 0.3599258933 0.4552492455 0.4627533662 0.7188400632 0.1765812968 0.1102959983 0.5070077512 0.2421951798 0.1397814203 0.3623399263 0.0953558359
0.8339586271 0.4795101220 0.0000000000 0.6837125605 0.1139757657 0.1770877279 0.3638028689 0.3565155138 0.9938509592 0.0766329822 0.5531394738 0.8949753842 0.9778361143 0.7190577944 0.8352238415 0.9845213268 0.6986955309 0.6152502773 0.8188762687 0.2578557890
0.7822171877 0.5035518301 0.6837125605 0.0000000000 0.8252526343 0.4107024872 0.7288244471 0.8717663489 0.4533909078 0.5907177202 0.9708649345 0.3500135876 0.5898293867 0.4293704595 0.2973827298 0.3803139059 0.2987713154 0.4957257317 0.0695971829 0.3872250800
0.3333820376 0.7819207947 0.1139757657 0.8252526343 0.0000000000 0.6293764644 0.0552392195 0.1763791785 0.8677814402 0.2711093565 0.2599233885 0.0142115908 0.6730147749 0.9943664475 0.1077785359 0.5588403608 0.6460358515 0.3253880800 0.7701526183 0.9663914488
0.3896491961 0.2479917423 0.1770877279 0.4107024872 0.6293764644 0.0000000000 0.2861409785 0.5773112472 0.0351067821 0.3302047626 0.3984462021 0.3133217558 0.2955283920 0.1893625033 0.0098419522 0.5532157055 0.7226467584 0.1358668188 0.1845993823 0.5512812253
0.7173298762 0.0171426775 0.3638028689 0.7288244471 0.0552392195 0.2861409785 0.0000000000 0.0087715486 0.3996471809 0.7567481407 0.7712639584 0.3374869785 0.6040552810 0.4113859432 0.7632803988 0.0452001470 0.9792313483 0.9933675377 0.0078951468 0.7748547129
0.6642292404 0.7297404244 0.3565155138 0.8717663489 0.1763791785 0.5773112472 0.0087715486 0.0000000000 0.1967024367 0.3993613139 0.4341800864 0.7907859574 0.6457999949 0.9180497582 0.2414242382 0.5231072925 0.4109602753 0.4232894518 0.8582652663 0.3406818896
0.2403113587 0.0842162456 0.9938509592 0.4533909078 0.8677814402 0.0351067821 0.3996471809 0.1967024367 0.0000000000 0.4286979455 0.3963356525 0.3583649199 0.0136475665 0.3040198368 0.3557747775 0.4183522085 0.3196270832 0.0482719203 0.9075981727 0.9516099806
0.4207801243 0.3599258933 0.0766329822 0.5907177202 0.2711093565 0.3302047626 0.7567481407 0.3993613139 0.4286979455 0.0000000000 0.7721699080 0.5638900132 0.2928886770 0.8805815336 0.5056356131 0.0462502079 0.0068811423 0.1206261904 0.9376432358 0.5987922971
0.6531175503 0.4552492455 0.5531394738 0.9708649345 0.2599233885 0.3984462021 0.7712639584 0.4341800864 0.3963356525 0.7721699080 0.0000000000 0.7906970075 0.7400537230 0.9483750514 0.2648161870 0.0558419271 0.4338193883 0.9654368410 0.3678270398 0.5915946624
0.6235255043 0.4627533662 0.8949753842 0.3500135876 0.0142115908 0.3133217558 0.3374869785 0.7907859574 0.3583649199 0.5638900132 0.7906970075 0.0000000000 0.9024629883 0.5236413970 0.5220320574 0.2267044891 0.4632263319 0.5809957173 0.9255684968 0.9693534741
0.8856308593 0.7188400632 0.9778361143 0.5898293867 0.6730147749 0.2955283920 0.6040552810 0.6457999949 0.0136475665 0.2928886770 0.7400537230 0.9024629883 0.0000000000 0.2368860685 0.1153362792 0.5812686230 0.0331288137 0.5516893239 0.3004713870 0.9032439019
0.1569029218 0.1765812968 0.7190577944 0.4293704595 0.9943664475 0.1893625033 0.4113859432 0.9180497582 0.3040198368 0.8805815336 0.9483750514 0.5236413970 0.2368860685 0.0000000000 0.0717898732 0.7848819304 0.8663529403 0.7622980004 0.8919031840 0.7226702078
0.0818005488 0.1102959983 0.8352238415 0.2973827298 0.1077785359 0.0098419522 0.7632803988 0.2414242382 0.3557747775 0.5056356131 0.2648161870 0.5220320574 0.1153362792 0.0717898732 0.0000000000 0.0847145855 0.3991534677 0.8899582506 0.6610589165 0.1897771323
0.9633427557 0.5070077512 0.9845213268 0.3803139059 0.5588403608 0.5532157055 0.0452001470 0.5231072925 0.4183522085 0.0462502079 0.0558419271 0.2267044891 0.5812686230 0.7848819304 0.0847145855 0.0000000000 0.7917049550 0.4693653891 0.8928596207 0.9430359053
0.1928224862 0.2421951798 0.6986955309 0.2987713154 0.6460358515 0.7226467584 0.9792313483 0.4109602753 0.3196270832 0.0068811423 0.4338193883 0.4632263319 0.0331288137 0.8663529403 0.3991534677 0.7917049550 0.0000000000 0.0009872772 0.7327766557 0.9302652218
0.1386431391 0.1397814203 0.6152502773 0.4957257317 0.3253880800 0.1358668188 0.9933675377 0.4232894518 0.0482719203 0.1206261904 0.9654368410 0.5809957173 0.5516893239 0.7622980004 0.8899582506 0.4693653891 0.0009872772 0.0000000000 0.4818092477 0.7402735212
0.6569827497 0.3623399263 0.8188762687 0.0695971829 0.7701526183 0.1845993823 0.0078951468 0.8582652663 0.9075981727 0.9376432358 0.3678270398 0.9255684968 0.3004713870 0.8919031840 0.6610589165 0.8928596207 0.7327766557 0.4818092477 0.0000000000 0.8164592438
0.8302740006 0.0953558359 0.2578557890 0.3872250800 0.9663914488 0.5512812253 0.7748547129 0.3406818896 0.9516099806 0.5987922971 0.5915946624 0.9693534741 0.9032439019 0.7226702078 0.1897771323 0.9430359053 0.9302652218 0.7402735212 0.8164592438 0.0000000000
