# Graph size: 20
# Optimal cost: 2.446581284642664

# Distance Matrix
0.0 0.5451452896770324 0.8044167005447791 0.7943189988065985 0.35168766896731685 0.6669299197408229 0.8943498700597282 0.39144043047070576 0.44977438300642103 0.8024333076282294 0.23553218204766702 0.5538424802651843 0.5597520465624285 0.16272637124371236 0.7018373965486884 0.7040646649059336 0.8643020123805404 0.8800780852453841 0.8219886286841336 0.9597912391369243
0.5451452896770324 0.0 0.8628658149645034 0.617582481105631 0.12311538852163817 0.9005184790921418 0.22711947194948134 0.5962060934666469 0.8996423723976548 0.8441867308488831 0.7130210114742698 0.3886514781737195 0.547189654005628 0.8781926685038914 0.4961605896561766 0.8147843311551762 0.5630766650496833 0.3901737999922865 0.3996818285714606 0.5399726674062146
0.8044167005447791 0.8628658149645034 0.0 0.8081873007302514 0.12618327394075546 0.617832799038035 0.5255391579334195 0.6493674161186654 0.8673502503391668 0.703243054502882 0.30962780789551225 0.15718973005746784 0.6608471622463733 0.7823128538318258 0.20713933887387004 0.6208354537488341 0.1669622012790224 0.19063971819120673 0.9089898027475157 0.26000602190364497
0.7943189988065985 0.617582481105631 0.8081873007302514 0.0 0.09130130951111981 0.9791964657553335 0.6337994833507908 0.16319215502060358 0.8596214325377558 0.032013574548293566 0.9392200265454378 0.1622921353273935 0.662522191648976 0.8574085241417735 0.5354600938850083 0.5654841178479464 0.7482009376676064 0.46734315778689195 0.9601702473224819 0.41342279859469966
0.35168766896731685 0.12311538852163817 0.12618327394075546 0.09130130951111981 0.0 0.3737015419528633 0.14327948694463744 0.7717006382542643 0.19824356391238473 0.13856488071976092 0.30194335918949533 0.9968456550360861 0.7905220125838293 0.519514679353354 0.12069459433837582 0.9295416297332312 0.6562506293267159 0.300789437358679 0.0597408918497534 0.018585318546604612
0.6669299197408229 0.9005184790921418 0.617832799038035 0.9791964657553335 0.3737015419528633 0.0 0.31405843784447884 0.25195773404024446 0.927222306545875 0.5052922702967109 0.3823134352259797 0.8435304093560136 0.6732319788248194 0.676115934892598 0.4964119840544182 0.01040996672132155 0.6701277006967216 0.08059966400186258 0.8384728027839454 0.9741942203830324
0.8943498700597282 0.22711947194948134 0.5255391579334195 0.6337994833507908 0.14327948694463744 0.31405843784447884 0.0 0.8390282770367532 0.8316355728452193 0.014818043551456328 0.9175773219132967 0.6161775040186922 0.15285589461266003 0.541037348390432 0.8675683086992895 0.41789757452703136 0.6670832968856053 0.2500950990881061 0.48897373191420146 0.9591430122565248
0.39144043047070576 0.5962060934666469 0.6493674161186654 0.16319215502060358 0.7717006382542643 0.25195773404024446 0.8390282770367532 0.0 0.5301194291678407 0.5258553392000014 0.6155672638861354 0.5082052063470617 0.4057511873232492 0.38256240825710086 0.2535962149946731 0.9189066691001556 0.45070680627941895 0.060229856900623435 0.4807509094873269 0.07166282354630005
0.44977438300642103 0.8996423723976548 0.8673502503391668 0.8596214325377558 0.19824356391238473 0.927222306545875 0.8316355728452193 0.5301194291678407 0.0 0.9323948289637761 0.9865540684298446 0.13344999388477852 0.17607927822279745 0.837610929301994 0.6678830613169855 0.4262706712547447 0.2402902146717073 0.846998627581906 0.3149351588275674 0.679580132579223
0.8024333076282294 0.8441867308488831 0.703243054502882 0.032013574548293566 0.13856488071976092 0.5052922702967109 0.014818043551456328 0.5258553392000014 0.9323948289637761 0.0 0.8960335119523324 0.3479024223488274 0.7833760346418192 0.14490036580625631 0.6834971644174322 0.7373521383667357 0.7150268968666209 0.5122655375579828 0.846260174086335 0.12727010852459764
0.23553218204766702 0.7130210114742698 0.30962780789551225 0.9392200265454378 0.30194335918949533 0.3823134352259797 0.9175773219132967 0.6155672638861354 0.9865540684298446 0.8960335119523324 0.0 0.602390601406945 0.059807637635021615 0.6641907880681373 0.7055936389352513 0.8673465277494238 0.5630320673143641 0.36095348437122843 0.42985676287700203 0.9442790312927044
0.5538424802651843 0.3886514781737195 0.15718973005746784 0.1622921353273935 0.9968456550360861 0.8435304093560136 0.6161775040186922 0.5082052063470617 0.13344999388477852 0.3479024223488274 0.602390601406945 0.0 0.019722618861535146 0.6628153189242733 0.43387739185152685 0.7885685342652063 0.9661404845288223 0.15673171549601528 0.5135467284283376 0.1932882061519915
0.5597520465624285 0.547189654005628 0.6608471622463733 0.662522191648976 0.7905220125838293 0.6732319788248194 0.15285589461266003 0.4057511873232492 0.17607927822279745 0.7833760346418192 0.059807637635021615 0.019722618861535146 0.0 0.6611595106764787 0.6982300332218788 0.3243204194655862 0.7901132359493523 0.6972059724288003 0.2533992191530918 0.47086119761194156
0.16272637124371236 0.8781926685038914 0.7823128538318258 0.8574085241417735 0.519514679353354 0.676115934892598 0.541037348390432 0.38256240825710086 0.837610929301994 0.14490036580625631 0.6641907880681373 0.6628153189242733 0.6611595106764787 0.0 0.6348641657981353 0.660347832229033 0.7243319991625667 0.49838563089015553 0.8337689994870369 0.30660509123395097
0.7018373965486884 0.4961605896561766 0.20713933887387004 0.5354600938850083 0.12069459433837582 0.4964119840544182 0.8675683086992895 0.2535962149946731 0.6678830613169855 0.6834971644174322 0.7055936389352513 0.43387739185152685 0.6982300332218788 0.6348641657981353 0.0 0.503656179467166 0.9056180082449447 0.7534437554938788 0.34752928177788245 0.7313295208307893
0.7040646649059336 0.8147843311551762 0.6208354537488341 0.5654841178479464 0.9295416297332312 0.01040996672132155 0.41789757452703136 0.9189066691001556 0.4262706712547447 0.7373521383667357 0.8673465277494238 0.7885685342652063 0.3243204194655862 0.660347832229033 0.503656179467166 0.0 0.6908569972694133 0.9757545988965356 0.34532669506132685 0.48566258483020264
0.8643020123805404 0.5630766650496833 0.1669622012790224 0.7482009376676064 0.6562506293267159 0.6701277006967216 0.6670832968856053 0.45070680627941895 0.2402902146717073 0.7150268968666209 0.5630320673143641 0.9661404845288223 0.7901132359493523 0.7243319991625667 0.9056180082449447 0.6908569972694133 0.0 0.6155114061849294 0.3081390289203807 0.4062767248915604
0.8800780852453841 0.3901737999922865 0.19063971819120673 0.46734315778689195 0.300789437358679 0.08059966400186258 0.2500950990881061 0.060229856900623435 0.846998627581906 0.5122655375579828 0.36095348437122843 0.15673171549601528 0.6972059724288003 0.49838563089015553 0.7534437554938788 0.9757545988965356 0.6155114061849294 0.0 0.43057289655881914 0.32356336928880536
0.8219886286841336 0.3996818285714606 0.9089898027475157 0.9601702473224819 0.0597408918497534 0.8384728027839454 0.48897373191420146 0.4807509094873269 0.3149351588275674 0.846260174086335 0.42985676287700203 0.5135467284283376 0.2533992191530918 0.8337689994870369 0.34752928177788245 0.34532669506132685 0.3081390289203807 0.43057289655881914 0.0 0.8406275226948121
0.9597912391369243 0.5399726674062146 0.26000602190364497 0.41342279859469966 0.018585318546604612 0.9741942203830324 0.9591430122565248 0.07166282354630005 0.679580132579223 0.12727010852459764 0.9442790312927044 0.1932882061519915 0.47086119761194156 0.30660509123395097 0.7313295208307893 0.48566258483020264 0.4062767248915604 0.32356336928880536 0.8406275226948121 0.0

# Optimal Walk
0 10 12 11 8 16 2 17 15 5 7 19 4 18 14 1 3 6 9 13 0
