# MCW Instance
# Type: UNIFORM
# N: 20
# Optimal cost: 1.3867627484351728
# Optimal tour (permutation): [0, 15, 3, 16, 2, 19, 14, 12, 9, 10, 1, 7, 8, 11, 17, 18, 4, 13, 6, 5, 0]
# Optimal walk (full path): [0, 15, 3, 16, 2, 19, 14, 12, 9, 12, 10, 1, 10, 7, 8, 11, 17, 18, 4, 13, 6, 0, 5, 0]
# Walk size: 24
# Is walk (has repeats): true

# Distance Matrix
0.0000000000 0.9752687788 0.7971031500 0.9368260417 0.6296879741 0.0195902738 0.1308774878 0.7018519150 0.8579050595 0.7707336767 0.7932253770 0.8098720763 0.1151468908 0.3934553982 0.5023940669 0.0473521050 0.3287989552 0.7490055099 0.7629256667 0.9165451281
0.9752687788 0.0000000000 0.2249037731 0.7039033539 0.4403793130 0.4579743280 0.9311965454 0.4069912249 0.7967402618 0.8029271897 0.0619606831 0.6170717229 0.3317608745 0.5348497591 0.5210621352 0.9769116832 0.6905182049 0.5176301660 0.5651851379 0.7241211460
0.7971031500 0.2249037731 0.0000000000 0.8437614255 0.7091126594 0.5062063629 0.7053934983 0.7251617892 0.6197847292 0.7998078132 0.7178186315 0.5183667801 0.4994314715 0.1668439447 0.1394578273 0.8267989194 0.0386528946 0.8246415021 0.5310959754 0.0304292636
0.9368260417 0.7039033539 0.8437614255 0.0000000000 0.3574916592 0.8673254307 0.3920624134 0.2362940346 0.3200200650 0.3274276052 0.5352394778 0.3633126144 0.7615864831 0.4754498246 0.6098530731 0.0670035226 0.0445236061 0.4697161357 0.1453672802 0.4059845776
0.6296879741 0.4403793130 0.7091126594 0.3574916592 0.0000000000 0.4684718281 0.5557637472 0.1157809160 0.3796821193 0.4530731151 0.6326858537 0.4308505596 0.7254635466 0.0836415956 0.1532538708 0.9492416028 0.6534462887 0.5645197775 0.0053104293 0.5783347751
0.0195902738 0.4579743280 0.5062063629 0.8673254307 0.4684718281 0.0000000000 0.5185254488 0.3601795770 0.2338385938 0.7763926690 0.7817012810 0.3207300724 0.2062771680 0.3050172883 0.9965771667 0.8863444006 0.0980652592 0.3933055404 0.9719373178 0.5442208127
0.1308774878 0.9311965454 0.7053934983 0.3920624134 0.5557637472 0.5185254488 0.0000000000 0.3810643684 0.5698376486 0.7076026225 0.0720435518 0.3344192207 0.2946080212 0.1783022963 0.7435113361 0.4655836300 0.1802366181 0.5490879740 0.5943527832 0.1286509780
0.7018519150 0.4069912249 0.7251617892 0.2362940346 0.1157809160 0.3601795770 0.3810643684 0.0000000000 0.0302739637 0.9458559623 0.0513492028 0.5577933534 0.1421403543 0.4758320278 0.7122373092 0.9955275898 0.3232160417 0.7954130549 0.8309657589 0.5886897267
0.8579050595 0.7967402618 0.6197847292 0.3200200650 0.3796821193 0.2338385938 0.5698376486 0.0302739637 0.0000000000 0.8508258637 0.1565480565 0.1106307208 0.2494147401 0.1703381047 0.5278806034 0.7355177205 0.7340812251 0.4703242700 0.0831635811 0.1840282178
0.7707336767 0.8029271897 0.7998078132 0.3274276052 0.4530731151 0.7763926690 0.7076026225 0.9458559623 0.8508258637 0.0000000000 0.7800955112 0.3997030445 0.0769964418 0.2558710093 0.2585534023 0.0990175997 0.8867239389 0.9197502054 0.9502322771 0.4064729544
0.7932253770 0.0619606831 0.7178186315 0.5352394778 0.6326858537 0.7817012810 0.0720435518 0.0513492028 0.1565480565 0.7800955112 0.0000000000 0.7893746482 0.0418830932 0.7330294564 0.5690859658 0.8638062514 0.7910325012 0.6808779404 0.0402771936 0.2607644161
0.8098720763 0.6170717229 0.5183667801 0.3633126144 0.4308505596 0.3207300724 0.3344192207 0.5577933534 0.1106307208 0.3997030445 0.7893746482 0.0000000000 0.5323402643 0.8173335792 0.9774608881 0.9673498290 0.3200995513 0.0414426954 0.8666651003 0.1074286990
0.1151468908 0.3317608745 0.4994314715 0.7615864831 0.7254635466 0.2062771680 0.2946080212 0.1421403543 0.2494147401 0.0769964418 0.0418830932 0.5323402643 0.0000000000 0.6787057405 0.0491627586 0.2959413711 0.7658093643 0.2213766997 0.9105226245 0.2752994038
0.3934553982 0.5348497591 0.1668439447 0.4754498246 0.0836415956 0.3050172883 0.1783022963 0.4758320278 0.1703381047 0.2558710093 0.7330294564 0.8173335792 0.6787057405 0.0000000000 0.3015484123 0.7978352411 0.3308736785 0.6581287524 0.1245370638 0.2849979164
0.5023940669 0.5210621352 0.1394578273 0.6098530731 0.1532538708 0.9965771667 0.7435113361 0.7122373092 0.5278806034 0.2585534023 0.5690859658 0.9774608881 0.0491627586 0.3015484123 0.0000000000 0.5239962867 0.1575465965 0.9495591369 0.8388158994 0.0554907496
0.0473521050 0.9769116832 0.8267989194 0.0670035226 0.9492416028 0.8863444006 0.4655836300 0.9955275898 0.7355177205 0.0990175997 0.8638062514 0.9673498290 0.2959413711 0.7978352411 0.5239962867 0.0000000000 0.1708365643 0.6133000933 0.4107652159 0.9767958055
0.3287989552 0.6905182049 0.0386528946 0.0445236061 0.6534462887 0.0980652592 0.1802366181 0.3232160417 0.7340812251 0.8867239389 0.7910325012 0.3200995513 0.7658093643 0.3308736785 0.1575465965 0.1708365643 0.0000000000 0.1261205313 0.6423258931 0.5990852456
0.7490055099 0.5176301660 0.8246415021 0.4697161357 0.5645197775 0.3933055404 0.5490879740 0.7954130549 0.4703242700 0.9197502054 0.6808779404 0.0414426954 0.2213766997 0.6581287524 0.9495591369 0.6133000933 0.1261205313 0.0000000000 0.0633415657 0.3476319342
0.7629256667 0.5651851379 0.5310959754 0.1453672802 0.0053104293 0.9719373178 0.5943527832 0.8309657589 0.0831635811 0.9502322771 0.0402771936 0.8666651003 0.9105226245 0.1245370638 0.8388158994 0.4107652159 0.6423258931 0.0633415657 0.0000000000 0.8938396256
0.9165451281 0.7241211460 0.0304292636 0.4059845776 0.5783347751 0.5442208127 0.1286509780 0.5886897267 0.1840282178 0.4064729544 0.2607644161 0.1074286990 0.2752994038 0.2849979164 0.0554907496 0.9767958055 0.5990852456 0.3476319342 0.8938396256 0.0000000000
