# Graph size: 20
# Optimal cost: 2.307947661708761

# Distance Matrix
0.0 0.031131477563959176 0.7665913743417226 0.7403160050168595 0.6760723992413641 0.7781442802769072 0.5657591762590698 0.4879196824055586 0.03953169180814775 0.6165665171723956 0.8317703214756652 0.1198279181382299 0.25963476622912984 0.44445419839772415 0.9480767569920121 0.4897778798403285 0.7146087508134858 0.6629902017124725 0.26199388621837205 0.8878108483162853
0.031131477563959176 0.0 0.25765914496079745 0.5748061191197787 0.3000555038167251 0.14871187387731966 0.8963069220725973 0.004732448794551147 0.754846406695955 0.7485180569198819 0.6744929419286467 0.2955956419481369 0.9713706528341938 0.163295978779469 0.5016209180958866 0.8951566508780684 0.8260523007765106 0.5934899075422564 0.22837401102350596 0.5950128660748402
0.7665913743417226 0.25765914496079745 0.0 0.08775443419211282 0.267494763631121 0.35605461171834385 0.10826132251176657 0.5777419687205322 0.9297087842853328 0.3843601071399302 0.07994792899488679 0.7043019173167424 0.7911725500940007 0.9519227741686235 0.8128037693838148 0.2377744803564944 0.17500265135377202 0.6046044422945256 0.9604966562217054 0.5130373374146843
0.7403160050168595 0.5748061191197787 0.08775443419211282 0.0 0.32417989641057576 0.23845211181013637 0.1916017612519575 0.5990239233870792 0.35585327048783677 0.0073837412317661055 0.3597226115087049 0.35864688019244284 0.14417275077040104 0.7600879035335958 0.028669835299050206 0.7375351904708741 0.9927654392161411 0.8762850631064837 0.2963316022902007 0.06628420349014541
0.6760723992413641 0.3000555038167251 0.267494763631121 0.32417989641057576 0.0 0.31832091455463773 0.7094123656918141 0.7368463684463111 0.6384557464088875 0.20835370604161263 0.7109573913366056 0.9379152054197842 0.33535493354760715 0.6390618487516302 0.7110812477218685 0.5485673671668115 0.6086495181591598 0.34330241145167584 0.7608345338868042 0.9724192710618862
0.7781442802769072 0.14871187387731966 0.35605461171834385 0.23845211181013637 0.31832091455463773 0.0 0.7031864220496975 0.8040561883872523 0.4031845692785955 0.842443865840177 0.6048991137326887 0.6153555928223697 0.2332355372423065 0.19549382825357065 0.8324890687244167 0.5005010653181298 0.13243809888207703 0.8282984128044439 0.856602713859623 0.6064929522846975
0.5657591762590698 0.8963069220725973 0.10826132251176657 0.1916017612519575 0.7094123656918141 0.7031864220496975 0.0 0.617248508133018 0.6613805958614695 0.6265153838819313 0.30395770108899733 0.32961143274901783 0.06331755749778378 0.41187183502836344 0.613448090346794 0.8148047987758492 0.994994261680574 0.9258229094034625 0.5518494521586861 0.3815993408659013
0.4879196824055586 0.004732448794551147 0.5777419687205322 0.5990239233870792 0.7368463684463111 0.8040561883872523 0.617248508133018 0.0 0.5219761382210071 0.48593613642317035 0.14672519688962926 0.020348920704174933 0.7128539643677906 0.7905476568560147 0.6017862402047771 0.0665423358313677 0.19238993373627034 0.7407618344413665 0.11327072270479699 0.5405112845133485
0.03953169180814775 0.754846406695955 0.9297087842853328 0.35585327048783677 0.6384557464088875 0.4031845692785955 0.6613805958614695 0.5219761382210071 0.0 0.6505210888029136 0.6220938012622279 0.13487227251773182 0.8684028260519031 0.42175258999160725 0.8747894577314802 0.4679558432124987 0.9951894360650039 0.8441995786019251 0.6281462668495987 0.41415263501725097
0.6165665171723956 0.7485180569198819 0.3843601071399302 0.0073837412317661055 0.20835370604161263 0.842443865840177 0.6265153838819313 0.48593613642317035 0.6505210888029136 0.0 0.7374030546874386 0.48351355655006123 0.15169764799444663 0.36902636418814116 0.591444253179717 0.464155241453722 0.3849122785844812 0.6583554170325107 0.11273116357920665 0.08895269814388074
0.8317703214756652 0.6744929419286467 0.07994792899488679 0.3597226115087049 0.7109573913366056 0.6048991137326887 0.30395770108899733 0.14672519688962926 0.6220938012622279 0.7374030546874386 0.0 0.7470991343699858 0.12267620151062286 0.41161736195662746 0.6476100051360206 0.500498165637825 0.9410855091725718 0.27392151650123153 0.8158083084819735 0.042074938449761956
0.1198279181382299 0.2955956419481369 0.7043019173167424 0.35864688019244284 0.9379152054197842 0.6153555928223697 0.32961143274901783 0.020348920704174933 0.13487227251773182 0.48351355655006123 0.7470991343699858 0.0 0.4519004067578949 0.9070759908804312 0.32876765203560543 0.6333277215560592 0.2756261895362305 0.33731561351721717 0.6766145866118538 0.2424532879167326
0.25963476622912984 0.9713706528341938 0.7911725500940007 0.14417275077040104 0.33535493354760715 0.2332355372423065 0.06331755749778378 0.7128539643677906 0.8684028260519031 0.15169764799444663 0.12267620151062286 0.4519004067578949 0.0 0.8747845337645421 0.03899152930492755 0.41362705708389536 0.36950814651375863 0.7955050940730187 0.46400984254291944 0.29940472926957207
0.44445419839772415 0.163295978779469 0.9519227741686235 0.7600879035335958 0.6390618487516302 0.19549382825357065 0.41187183502836344 0.7905476568560147 0.42175258999160725 0.36902636418814116 0.41161736195662746 0.9070759908804312 0.8747845337645421 0.0 0.9527394225121602 0.22738611680129717 0.7575579712206258 0.897239285569641 0.7130502713022727 0.19098030636501417
0.9480767569920121 0.5016209180958866 0.8128037693838148 0.028669835299050206 0.7110812477218685 0.8324890687244167 0.613448090346794 0.6017862402047771 0.8747894577314802 0.591444253179717 0.6476100051360206 0.32876765203560543 0.03899152930492755 0.9527394225121602 0.0 0.09569628813705688 0.4434361242019542 0.5836024946582129 0.6163646308081366 0.7610566226543052
0.4897778798403285 0.8951566508780684 0.2377744803564944 0.7375351904708741 0.5485673671668115 0.5005010653181298 0.8148047987758492 0.0665423358313677 0.4679558432124987 0.464155241453722 0.500498165637825 0.6333277215560592 0.41362705708389536 0.22738611680129717 0.09569628813705688 0.0 0.7710648812135316 0.19284878295715036 0.8116034085103292 0.2848028212691065
0.7146087508134858 0.8260523007765106 0.17500265135377202 0.9927654392161411 0.6086495181591598 0.13243809888207703 0.994994261680574 0.19238993373627034 0.9951894360650039 0.3849122785844812 0.9410855091725718 0.2756261895362305 0.36950814651375863 0.7575579712206258 0.4434361242019542 0.7710648812135316 0.0 0.8225936861359339 0.7218258899986607 0.3365164568495135
0.6629902017124725 0.5934899075422564 0.6046044422945256 0.8762850631064837 0.34330241145167584 0.8282984128044439 0.9258229094034625 0.7407618344413665 0.8441995786019251 0.6583554170325107 0.27392151650123153 0.33731561351721717 0.7955050940730187 0.897239285569641 0.5836024946582129 0.19284878295715036 0.8225936861359339 0.0 0.7261732312562919 0.8180873358880743
0.26199388621837205 0.22837401102350596 0.9604966562217054 0.2963316022902007 0.7608345338868042 0.856602713859623 0.5518494521586861 0.11327072270479699 0.6281462668495987 0.11273116357920665 0.8158083084819735 0.6766145866118538 0.46400984254291944 0.7130502713022727 0.6163646308081366 0.8116034085103292 0.7218258899986607 0.7261732312562919 0.0 0.8403290697221534
0.8878108483162853 0.5950128660748402 0.5130373374146843 0.06628420349014541 0.9724192710618862 0.6064929522846975 0.3815993408659013 0.5405112845133485 0.41415263501725097 0.08895269814388074 0.042074938449761956 0.2424532879167326 0.29940472926957207 0.19098030636501417 0.7610566226543052 0.2848028212691065 0.3365164568495135 0.8180873358880743 0.8403290697221534 0.0

# Optimal Walk
0 8 16 5 13 19 10 2 6 12 14 3 18 9 4 17 15 11 7 1 0
