# MCW Instance
# Type: UNIFORM
# N: 20
# Optimal cost: 3.0287316202379975
# Optimal tour (permutation): [0, 15, 7, 17, 2, 14, 5, 13, 3, 19, 9, 8, 1, 6, 10, 18, 11, 4, 16, 12, 0]
# Optimal walk (full path): [0, 15, 7, 17, 2, 14, 5, 13, 3, 13, 19, 9, 8, 1, 6, 10, 18, 11, 4, 16, 12, 0]
# Walk size: 22
# Is walk (has repeats): true

# Distance Matrix
0.0000000000 0.3801868217 0.9809003983 0.7009630166 0.7552693538 0.9136154099 0.6852245124 0.9757257057 0.9987263710 0.2220400843 0.1748685796 0.5123761785 0.2468650387 0.4326567377 0.2811454560 0.1681952581 0.5022952430 0.3965739246 0.2245898842 0.0979942811
0.3801868217 0.0000000000 0.9424356828 0.6954506243 0.9923057831 0.5727003154 0.1365376146 0.1976345911 0.1340542088 0.7407677246 0.8947212255 0.9272593311 0.5933227064 0.6158935080 0.2173163962 0.2451097552 0.4015321494 0.3254913468 0.1653394946 0.8566675050
0.9809003983 0.9424356828 0.0000000000 0.8067002694 0.1866047442 0.8567263733 0.9605994169 0.6822956971 0.4894170802 0.2079811008 0.9300530295 0.8676801792 0.9632423842 0.4871888114 0.2794758120 0.4284507464 0.7758575895 0.2218803090 0.3112751787 0.6931575391
0.7009630166 0.6954506243 0.8067002694 0.0000000000 0.5742632737 0.5140250180 0.7594888748 0.3222875792 0.5134367663 0.3544679255 0.9517362948 0.5960677995 0.4393677920 0.1004152070 0.4960731467 0.5695559039 0.3936435095 0.8821125708 0.2659732459 0.7366510554
0.7552693538 0.9923057831 0.1866047442 0.5742632737 0.0000000000 0.3890763787 0.3386487773 0.5045129138 0.3690701276 0.9693448947 0.7478566970 0.1979350097 0.7520002858 0.4103435087 0.3115725067 0.4791211580 0.1250517161 0.5469151574 0.0850533692 0.7131023050
0.9136154099 0.5727003154 0.8567263733 0.5140250180 0.3890763787 0.0000000000 0.2552992084 0.1158656617 0.7981425424 0.0895891884 0.2186145217 0.1946366139 0.6058101780 0.0016061024 0.1461565752 0.7847392621 0.6269868906 0.2246627667 0.4047993895 0.8400288180
0.6852245124 0.1365376146 0.9605994169 0.7594888748 0.3386487773 0.2552992084 0.0000000000 0.9831466518 0.9275005829 0.9234428001 0.0721250856 0.9318841298 0.8433012445 0.1515643909 0.6787620562 0.6057710966 0.5093473569 0.4420352880 0.7355751122 0.8130651460
0.9757257057 0.1976345911 0.6822956971 0.3222875792 0.5045129138 0.1158656617 0.9831466518 0.0000000000 0.3434758008 0.4871368685 0.3678118725 0.3343835532 0.4672668598 0.8048787227 0.9756784379 0.1582436837 0.6087630829 0.1721334561 0.7255101982 0.1384106720
0.9987263710 0.1340542088 0.4894170802 0.5134367663 0.3690701276 0.7981425424 0.9275005829 0.3434758008 0.0000000000 0.1216134020 0.3317665104 0.2386820362 0.6272821892 0.1428905681 0.2628546065 0.9111500233 0.7420790240 0.1784297692 0.7962497195 0.5787430629
0.2220400843 0.7407677246 0.2079811008 0.3544679255 0.9693448947 0.0895891884 0.9234428001 0.4871368685 0.1216134020 0.0000000000 0.0543992834 0.9523897948 0.3821595156 0.3067992660 0.6587332368 0.1868381232 0.3720797358 0.9274687133 0.7718248277 0.0875137870
0.1748685796 0.8947212255 0.9300530295 0.9517362948 0.7478566970 0.2186145217 0.0721250856 0.3678118725 0.3317665104 0.0543992834 0.0000000000 0.2643278053 0.5739806367 0.2423046779 0.7035230642 0.9805906662 0.8683998253 0.6088090168 0.0015747682 0.3903145891
0.5123761785 0.9272593311 0.8676801792 0.5960677995 0.1979350097 0.1946366139 0.9318841298 0.3343835532 0.2386820362 0.9523897948 0.2643278053 0.0000000000 0.6078732034 0.6348374529 0.4494631794 0.9804282275 0.7640947215 0.5698918568 0.1388587204 0.7798045031
0.2468650387 0.5933227064 0.9632423842 0.4393677920 0.7520002858 0.6058101780 0.8433012445 0.4672668598 0.6272821892 0.3821595156 0.5739806367 0.6078732034 0.0000000000 0.3616924492 0.7389778509 0.9940674674 0.3910308449 0.3334693126 0.4463389920 0.4112726981
0.4326567377 0.6158935080 0.4871888114 0.1004152070 0.4103435087 0.0016061024 0.1515643909 0.8048787227 0.1428905681 0.3067992660 0.2423046779 0.6348374529 0.3616924492 0.0000000000 0.2564714954 0.7639045062 0.5943332823 0.7518727636 0.0912695117 0.0270498138
0.2811454560 0.2173163962 0.2794758120 0.4960731467 0.3115725067 0.1461565752 0.6787620562 0.9756784379 0.2628546065 0.6587332368 0.7035230642 0.4494631794 0.7389778509 0.2564714954 0.0000000000 0.8646503673 0.4738814593 0.7528503681 0.2009314212 0.7866070873
0.1681952581 0.2451097552 0.4284507464 0.5695559039 0.4791211580 0.7847392621 0.6057710966 0.1582436837 0.9111500233 0.1868381232 0.9805906662 0.9804282275 0.9940674674 0.7639045062 0.8646503673 0.0000000000 0.3269585017 0.6846526649 0.7977943278 0.5260478594
0.5022952430 0.4015321494 0.7758575895 0.3936435095 0.1250517161 0.6269868906 0.5093473569 0.6087630829 0.7420790240 0.3720797358 0.8683998253 0.7640947215 0.3910308449 0.5943332823 0.4738814593 0.3269585017 0.0000000000 0.9594892872 0.4712264095 0.2880031637
0.3965739246 0.3254913468 0.2218803090 0.8821125708 0.5469151574 0.2246627667 0.4420352880 0.1721334561 0.1784297692 0.9274687133 0.6088090168 0.5698918568 0.3334693126 0.7518727636 0.7528503681 0.6846526649 0.9594892872 0.0000000000 0.7684156402 0.4902348113
0.2245898842 0.1653394946 0.3112751787 0.2659732459 0.0850533692 0.4047993895 0.7355751122 0.7255101982 0.7962497195 0.7718248277 0.0015747682 0.1388587204 0.4463389920 0.0912695117 0.2009314212 0.7977943278 0.4712264095 0.7684156402 0.0000000000 0.9725021268
0.0979942811 0.8566675050 0.6931575391 0.7366510554 0.7131023050 0.8400288180 0.8130651460 0.1384106720 0.5787430629 0.0875137870 0.3903145891 0.7798045031 0.4112726981 0.0270498138 0.7866070873 0.5260478594 0.2880031637 0.4902348113 0.9725021268 0.0000000000
