# Graph size: 20
# Optimal cost: 2.082830899392401

# Distance Matrix
0.0 0.4963230282395271 0.22347339902800278 0.8413127880119281 0.9822703768632066 0.7966203740795753 0.8889363147749556 0.5407546244345678 0.7325299204949653 0.5146456853578437 0.12382366179100912 0.22115850465211806 0.6111419147377108 0.20496535943866512 0.5464216696657774 0.21997580179072995 0.38569110697299225 0.4634748137287632 0.8603921093219058 0.45332790014323343
0.4963230282395271 0.0 0.5163712335555098 0.08555384787288334 0.025967462349670845 0.8383410563905761 0.36609810481954075 0.2049203557063305 0.9928762466391245 0.7269569681454531 0.9929982090619397 0.4632621667461667 0.4564552567733363 0.13225524132391875 0.9872174699517094 0.2929525252269718 0.9821936137859154 0.8261756141495828 0.5884086294744885 0.2086320843672539
0.22347339902800278 0.5163712335555098 0.0 0.7589935237243743 0.9666297249924322 0.6259202502350949 0.5981661456426498 0.18772079270771136 0.7723432563509727 0.660623748573144 0.8794627256382076 0.4891579842982259 0.905371161735794 0.07547970179195762 0.0468639924846419 0.5242616080883041 0.6440801343072773 0.7613578790226425 0.5692992792433201 0.059664086903418845
0.8413127880119281 0.08555384787288334 0.7589935237243743 0.0 0.6334941019064474 0.47529033390109166 0.3221152182229773 0.7826504208615955 0.985250079276167 0.9102503092796095 0.7354750595938284 0.472377853660661 0.7660131598988332 0.0087142324289039 0.6244449994165112 0.8678971022943983 0.4610512191101217 0.07667777155822764 0.2293631030389579 0.9385713357766047
0.9822703768632066 0.025967462349670845 0.9666297249924322 0.6334941019064474 0.0 0.8287712819280946 0.8104612413052723 0.8398119378040882 0.45877956500530914 0.6723709452991197 0.43555370695451745 0.0014932580616939806 0.016328936099566982 0.44636040575880886 0.7749089296319489 0.7125291992695805 0.8427904611668684 0.2885611754541012 0.21352068186273865 0.2041914481586995
0.7966203740795753 0.8383410563905761 0.6259202502350949 0.47529033390109166 0.8287712819280946 0.0 0.14401097999906232 0.022290465582884278 0.2067688866841738 0.8707858551760278 0.9303440211135783 0.9087902909760812 0.19194203042064117 0.6643971341780028 0.6986804425991419 0.44656335462214103 0.505505428855457 0.8024243876499231 0.7021494861408009 0.31212810357875653
0.8889363147749556 0.36609810481954075 0.5981661456426498 0.3221152182229773 0.8104612413052723 0.14401097999906232 0.0 0.18309911436997905 0.9493150811191705 0.9583995487835256 0.6158078359076158 0.3249128659254251 0.12863109898235214 0.5936572204758166 0.006519790825227911 0.04600035702540206 0.49755810437009684 0.597302057144972 0.8011317232384677 0.8992579396919103
0.5407546244345678 0.2049203557063305 0.18772079270771136 0.7826504208615955 0.8398119378040882 0.022290465582884278 0.18309911436997905 0.0 0.7731949471437763 0.5704838742496783 0.2368054002158404 0.058208375682911595 0.538436639614808 0.5923478325381615 0.14884761334516805 0.47739315766408374 0.8749919275587782 0.8987227793086893 0.8619409886476346 0.7100914660185462
0.7325299204949653 0.9928762466391245 0.7723432563509727 0.985250079276167 0.45877956500530914 0.2067688866841738 0.9493150811191705 0.7731949471437763 0.0 0.7720514612091234 0.6706656450684121 0.8492285434139145 0.05624795523278048 0.5413505007858153 0.8640458677377533 0.7615775422969943 0.23790553184048202 0.0328460414590821 0.6763907033179523 0.7584493707092151
0.5146456853578437 0.7269569681454531 0.660623748573144 0.9102503092796095 0.6723709452991197 0.8707858551760278 0.9583995487835256 0.5704838742496783 0.7720514612091234 0.0 0.8551031333433312 0.7899546870594036 0.9435033172861674 0.6821542429348827 0.4621129894166969 0.40927458502633607 0.48590301610426256 0.5088707774428042 0.22205554233995362 0.27694105004609315
0.12382366179100912 0.9929982090619397 0.8794627256382076 0.7354750595938284 0.43555370695451745 0.9303440211135783 0.6158078359076158 0.2368054002158404 0.6706656450684121 0.8551031333433312 0.0 0.18392722101868608 0.68266203946174 0.7473445981803526 0.5422419403227743 0.35037296391234374 0.3928215560648034 0.9140788538877896 0.6588457660885635 0.7908455077341686
0.22115850465211806 0.4632621667461667 0.4891579842982259 0.472377853660661 0.0014932580616939806 0.9087902909760812 0.3249128659254251 0.058208375682911595 0.8492285434139145 0.7899546870594036 0.18392722101868608 0.0 0.5902338299011106 0.15041072468330052 0.07497180209818821 0.794520092339032 0.5550358620584549 0.9420866838364845 0.6860580236409419 0.1818123434194141
0.6111419147377108 0.4564552567733363 0.905371161735794 0.7660131598988332 0.016328936099566982 0.19194203042064117 0.12863109898235214 0.538436639614808 0.05624795523278048 0.9435033172861674 0.68266203946174 0.5902338299011106 0.0 0.12571771182797575 0.07276804375393142 0.47695947413847084 0.45049170985689846 0.2789013650858204 0.42240458593422925 0.37543601622490097
0.20496535943866512 0.13225524132391875 0.07547970179195762 0.0087142324289039 0.44636040575880886 0.6643971341780028 0.5936572204758166 0.5923478325381615 0.5413505007858153 0.6821542429348827 0.7473445981803526 0.15041072468330052 0.12571771182797575 0.0 0.008061337138042801 0.6093892413924086 0.9838481762791921 0.7146651517927411 0.45576722027946537 0.4016747545977739
0.5464216696657774 0.9872174699517094 0.0468639924846419 0.6244449994165112 0.7749089296319489 0.6986804425991419 0.006519790825227911 0.14884761334516805 0.8640458677377533 0.4621129894166969 0.5422419403227743 0.07497180209818821 0.07276804375393142 0.008061337138042801 0.0 0.12605684398003392 0.8597418406648597 0.8983877294679635 0.4069591961674305 0.03165439422686056
0.21997580179072995 0.2929525252269718 0.5242616080883041 0.8678971022943983 0.7125291992695805 0.44656335462214103 0.04600035702540206 0.47739315766408374 0.7615775422969943 0.40927458502633607 0.35037296391234374 0.794520092339032 0.47695947413847084 0.6093892413924086 0.12605684398003392 0.0 0.4916043732264972 0.2939947200812131 0.14382077662484294 0.6672745450702515
0.38569110697299225 0.9821936137859154 0.6440801343072773 0.4610512191101217 0.8427904611668684 0.505505428855457 0.49755810437009684 0.8749919275587782 0.23790553184048202 0.48590301610426256 0.3928215560648034 0.5550358620584549 0.45049170985689846 0.9838481762791921 0.8597418406648597 0.4916043732264972 0.0 0.7615513776673319 0.9291657304250954 0.52603293844388
0.4634748137287632 0.8261756141495828 0.7613578790226425 0.07667777155822764 0.2885611754541012 0.8024243876499231 0.597302057144972 0.8987227793086893 0.0328460414590821 0.5088707774428042 0.9140788538877896 0.9420866838364845 0.2789013650858204 0.7146651517927411 0.8983877294679635 0.2939947200812131 0.7615513776673319 0.0 0.6070324825459713 0.030491606569771124
0.8603921093219058 0.5884086294744885 0.5692992792433201 0.2293631030389579 0.21352068186273865 0.7021494861408009 0.8011317232384677 0.8619409886476346 0.6763907033179523 0.22205554233995362 0.6588457660885635 0.6860580236409419 0.42240458593422925 0.45576722027946537 0.4069591961674305 0.14382077662484294 0.9291657304250954 0.6070324825459713 0.0 0.20766585800933457
0.45332790014323343 0.2086320843672539 0.059664086903418845 0.9385713357766047 0.2041914481586995 0.31212810357875653 0.8992579396919103 0.7100914660185462 0.7584493707092151 0.27694105004609315 0.7908455077341686 0.1818123434194141 0.37543601622490097 0.4016747545977739 0.03165439422686056 0.6672745450702515 0.52603293844388 0.030491606569771124 0.20766585800933457 0.0

# Optimal Walk
0 16 9 18 15 6 14 3 13 2 19 17 8 12 4 1 11 7 5 10 0
