# MCW Instance
# Type: UNIFORM
# N: 20
# Optimal cost: 1.7479728035149649
# Optimal tour (permutation): [0, 17, 10, 5, 15, 12, 19, 1, 8, 6, 14, 16, 7, 18, 2, 11, 3, 4, 9, 13, 0]
# Optimal walk (full path): [0, 17, 10, 5, 15, 12, 1, 19, 1, 8, 6, 14, 16, 7, 18, 2, 11, 3, 4, 0, 9, 13, 9, 0]
# Walk size: 24
# Is walk (has repeats): true

# Distance Matrix
0.0000000000 0.4534612740 0.5755874867 0.0819128772 0.0449285117 0.4513084607 0.4253337195 0.0582837281 0.3266947436 0.0218629375 0.4173237884 0.3484309141 0.2677783316 0.5275125822 0.3903230488 0.8442320506 0.3232437148 0.0658725172 0.2879118319 0.8534439809
0.4534612740 0.0000000000 0.0847173668 0.5999377676 0.7036519471 0.1559846673 0.9589775652 0.5875355919 0.0582198026 0.2511796255 0.7674665306 0.8686517290 0.0120522802 0.2464432571 0.7691967582 0.8983085749 0.7727154826 0.1825911944 0.3058125559 0.0230231235
0.5755874867 0.0847173668 0.0000000000 0.5431207643 0.7169569171 0.9951067840 0.3904753168 0.4748761823 0.9927126050 0.1580819935 0.2548680161 0.1404761056 0.2112698068 0.9546840679 0.8945623984 0.7186948065 0.8943632994 0.5246255504 0.0939229477 0.7994654976
0.0819128772 0.5999377676 0.5431207643 0.0000000000 0.0733972245 0.2822551597 0.1579090723 0.9576883455 0.6758593738 0.3982186878 0.7258007965 0.0198268414 0.1920861497 0.4156955655 0.2295482602 0.2528150751 0.3003873998 0.8952851577 0.7025860287 0.5417124257
0.0449285117 0.7036519471 0.7169569171 0.0733972245 0.0000000000 0.5045163568 0.9601544341 0.7865549126 0.9907068091 0.9946971875 0.6218495682 0.2062252228 0.2814811375 0.8818986770 0.8072114045 0.6870177748 0.5536221804 0.6747694365 0.0781250096 0.2748691888
0.4513084607 0.1559846673 0.9951067840 0.2822551597 0.5045163568 0.0000000000 0.5336645766 0.3696263595 0.1383718213 0.2847911103 0.1325273924 0.8061149051 0.3556423886 0.6523231679 0.7555139737 0.0046359653 0.6918066023 0.2911822399 0.1247107519 0.0463610778
0.4253337195 0.9589775652 0.3904753168 0.1579090723 0.9601544341 0.5336645766 0.0000000000 0.6308273933 0.1707610546 0.5005338429 0.6826339465 0.9212429254 0.2187316340 0.8073370760 0.2677828074 0.2089315027 0.8268601065 0.3174087547 0.7978452475 0.9259121187
0.0582837281 0.5875355919 0.4748761823 0.9576883455 0.7865549126 0.3696263595 0.6308273933 0.0000000000 0.6922412296 0.2283483497 0.8074328452 0.1222232551 0.9615122671 0.6807292883 0.6279401193 0.2804608536 0.1622078220 0.5061166296 0.0425289200 0.5363460343
0.3266947436 0.0582198026 0.9927126050 0.6758593738 0.9907068091 0.1383718213 0.1707610546 0.6922412296 0.0000000000 0.2032684117 0.2699238080 0.6867953097 0.1437320292 0.8058173285 0.9792559977 0.6387533625 0.4687485770 0.0856718136 0.1628017582 0.5177461580
0.0218629375 0.2511796255 0.1580819935 0.3982186878 0.9946971875 0.2847911103 0.5005338429 0.2283483497 0.2032684117 0.0000000000 0.2753215491 0.6506563353 0.8979990740 0.0691214358 0.5730944404 0.4986368792 0.7601152199 0.6499854355 0.8388170998 0.2062972681
0.4173237884 0.7674665306 0.2548680161 0.7258007965 0.6218495682 0.1325273924 0.6826339465 0.8074328452 0.2699238080 0.2753215491 0.0000000000 0.5985449734 0.2510750481 0.9935568503 0.3840296951 0.5075446815 0.6907656617 0.1206254386 0.1389132924 0.3517846434
0.3484309141 0.8686517290 0.1404761056 0.0198268414 0.2062252228 0.8061149051 0.9212429254 0.1222232551 0.6867953097 0.6506563353 0.5985449734 0.0000000000 0.3994574783 0.5429049650 0.3356064134 0.7315155533 0.7760606718 0.5432943681 0.7740792478 0.3278098016
0.2677783316 0.0120522802 0.2112698068 0.1920861497 0.2814811375 0.3556423886 0.2187316340 0.9615122671 0.1437320292 0.8979990740 0.2510750481 0.3994574783 0.0000000000 0.4430259458 0.7082879091 0.0134657736 0.1552511756 0.8523430801 0.6022352841 0.4629148166
0.5275125822 0.2464432571 0.9546840679 0.4156955655 0.8818986770 0.6523231679 0.8073370760 0.6807292883 0.8058173285 0.0691214358 0.9935568503 0.5429049650 0.4430259458 0.0000000000 0.3676119553 0.6021579637 0.2386227552 0.5331720907 0.9114692600 0.5121335005
0.3903230488 0.7691967582 0.8945623984 0.2295482602 0.8072114045 0.7555139737 0.2677828074 0.6279401193 0.9792559977 0.5730944404 0.3840296951 0.3356064134 0.7082879091 0.3676119553 0.0000000000 0.6047532747 0.0967264050 0.5033775206 0.9754077452 0.3174929487
0.8442320506 0.8983085749 0.7186948065 0.2528150751 0.6870177748 0.0046359653 0.2089315027 0.2804608536 0.6387533625 0.4986368792 0.5075446815 0.7315155533 0.0134657736 0.6021579637 0.6047532747 0.0000000000 0.2397048823 0.1181273434 0.3559782795 0.3402902451
0.3232437148 0.7727154826 0.8943632994 0.3003873998 0.5536221804 0.6918066023 0.8268601065 0.1622078220 0.4687485770 0.7601152199 0.6907656617 0.7760606718 0.1552511756 0.2386227552 0.0967264050 0.2397048823 0.0000000000 0.3053036012 0.4187853965 0.2325689688
0.0658725172 0.1825911944 0.5246255504 0.8952851577 0.6747694365 0.2911822399 0.3174087547 0.5061166296 0.0856718136 0.6499854355 0.1206254386 0.5432943681 0.8523430801 0.5331720907 0.5033775206 0.1181273434 0.3053036012 0.0000000000 0.5754629726 0.5263913988
0.2879118319 0.3058125559 0.0939229477 0.7025860287 0.0781250096 0.1247107519 0.7978452475 0.0425289200 0.1628017582 0.8388170998 0.1389132924 0.7740792478 0.6022352841 0.9114692600 0.9754077452 0.3559782795 0.4187853965 0.5754629726 0.0000000000 0.3336240207
0.8534439809 0.0230231235 0.7994654976 0.5417124257 0.2748691888 0.0463610778 0.9259121187 0.5363460343 0.5177461580 0.2062972681 0.3517846434 0.3278098016 0.4629148166 0.5121335005 0.3174929487 0.3402902451 0.2325689688 0.5263913988 0.3336240207 0.0000000000
