# MCW Instance
# Type: UNIFORM
# N: 20
# Optimal cost: 2.200610870477578
# Optimal tour (permutation): [0, 9, 13, 17, 15, 19, 7, 16, 3, 10, 18, 4, 12, 1, 11, 14, 6, 2, 5, 8, 0]
# Optimal walk (full path): [0, 9, 0, 13, 17, 15, 19, 7, 19, 16, 3, 10, 18, 4, 1, 12, 1, 11, 14, 6, 2, 6, 5, 8, 0]
# Walk size: 25
# Is walk (has repeats): true

# Distance Matrix
0.0000000000 0.0762971708 0.9914761456 0.9784590088 0.3002619354 0.9923698054 0.3040889019 0.3246189275 0.2980980408 0.0216757410 0.1354617426 0.3806900854 0.3600149686 0.1206404683 0.7596782853 0.8072729242 0.8656646874 0.1361169535 0.3208126787 0.2799806520
0.0762971708 0.0000000000 0.6785439753 0.1954410416 0.0181981129 0.4173104194 0.6097591745 0.8268498277 0.7088026513 0.3002204873 0.7790162248 0.1855374633 0.0336771165 0.6427705289 0.0584135163 0.9490999615 0.4654776053 0.6272831662 0.4652790142 0.4158462829
0.9914761456 0.6785439753 0.0000000000 0.9953551140 0.6528363780 0.5822070421 0.0904304905 0.5300436489 0.7624984972 0.8256144216 0.5734857352 0.4537671642 0.3125684130 0.6585495692 0.8854173614 0.2246244136 0.5261857695 0.6491524125 0.4492394903 0.3214008487
0.9784590088 0.1954410416 0.9953551140 0.0000000000 0.9340268872 0.6130764283 0.8333153865 0.3342943841 0.3464044738 0.9463492865 0.0120890038 0.5018322519 0.9239397609 0.6545614555 0.3413712515 0.5362942806 0.1180784354 0.5149369755 0.6644712891 0.1512473241
0.3002619354 0.0181981129 0.6528363780 0.9340268872 0.0000000000 0.7380721575 0.2697544432 0.9664398455 0.3073349390 0.1676498540 0.7427500408 0.7759177759 0.8262547115 0.8024539986 0.2945490844 0.0775599150 0.6878957043 0.1084192386 0.0888361107 0.8427308611
0.9923698054 0.4173104194 0.5822070421 0.6130764283 0.7380721575 0.0000000000 0.0218964049 0.3116214281 0.2278877003 0.4121455073 0.5324237752 0.6217277104 0.9342565386 0.8713543133 0.8537622215 0.0640289408 0.6048090163 0.2484493749 0.1243405961 0.4491378794
0.3040889019 0.6097591745 0.0904304905 0.8333153865 0.2697544432 0.0218964049 0.0000000000 0.7439829429 0.8330938787 0.8881148091 0.7447880411 0.4950455081 0.1669547125 0.2847617881 0.1307693706 0.7312965918 0.2878438986 0.3739308949 0.3158888468 0.4435758156
0.3246189275 0.8268498277 0.5300436489 0.3342943841 0.9664398455 0.3116214281 0.7439829429 0.0000000000 0.6233511802 0.3538364690 0.2749455127 0.4660959625 0.5244770083 0.3807654917 0.4240608607 0.4195395727 0.8057516954 0.6736127284 0.3943073163 0.1185197415
0.2980980408 0.7088026513 0.7624984972 0.3464044738 0.3073349390 0.2278877003 0.8330938787 0.6233511802 0.0000000000 0.8155522439 0.5963449089 0.9864290920 0.5899197709 0.4988063743 0.4513349233 0.5935508598 0.2792906770 0.6339984707 0.7877952008 0.3641219084
0.0216757410 0.3002204873 0.8256144216 0.9463492865 0.1676498540 0.4121455073 0.8881148091 0.3538364690 0.8155522439 0.0000000000 0.9843997739 0.9273694849 0.1320797006 0.6439445166 0.5481870524 0.9294291968 0.1804119663 0.7839867920 0.3678008245 0.8023759046
0.1354617426 0.7790162248 0.5734857352 0.0120890038 0.7427500408 0.5324237752 0.7447880411 0.2749455127 0.5963449089 0.9843997739 0.0000000000 0.6596363460 0.2297823857 0.3320477201 0.8117448135 0.2578781383 0.9185702089 0.8865062585 0.0415834746 0.2545381632
0.3806900854 0.1855374633 0.4537671642 0.5018322519 0.7759177759 0.6217277104 0.4950455081 0.4660959625 0.9864290920 0.9273694849 0.6596363460 0.0000000000 0.4019296978 0.5437172636 0.2396788120 0.7378353738 0.7845179234 0.3052788698 0.8878370492 0.5881509679
0.3600149686 0.0336771165 0.3125684130 0.9239397609 0.8262547115 0.9342565386 0.1669547125 0.5244770083 0.5899197709 0.1320797006 0.2297823857 0.4019296978 0.0000000000 0.5236170577 0.1433370995 0.5619440676 0.7267161656 0.3695519420 0.9008777111 0.3975110285
0.1206404683 0.6427705289 0.6585495692 0.6545614555 0.8024539986 0.8713543133 0.2847617881 0.3807654917 0.4988063743 0.6439445166 0.3320477201 0.5437172636 0.5236170577 0.0000000000 0.4817249466 0.2436391827 0.7133892307 0.0086354827 0.3077421013 0.6481804572
0.7596782853 0.0584135163 0.8854173614 0.3413712515 0.2945490844 0.8537622215 0.1307693706 0.4240608607 0.4513349233 0.5481870524 0.8117448135 0.2396788120 0.1433370995 0.4817249466 0.0000000000 0.3288801533 0.5217862103 0.5093160751 0.2821149914 0.5088986180
0.8072729242 0.9490999615 0.2246244136 0.5362942806 0.0775599150 0.0640289408 0.7312965918 0.4195395727 0.5935508598 0.9294291968 0.2578781383 0.7378353738 0.5619440676 0.2436391827 0.3288801533 0.0000000000 0.4805451309 0.0659950395 0.8962968046 0.0301160623
0.8656646874 0.4654776053 0.5261857695 0.1180784354 0.6878957043 0.6048090163 0.2878438986 0.8057516954 0.2792906770 0.1804119663 0.9185702089 0.7845179234 0.7267161656 0.7133892307 0.5217862103 0.4805451309 0.0000000000 0.2534173827 0.1334836236 0.0639647096
0.1361169535 0.6272831662 0.6491524125 0.5149369755 0.1084192386 0.2484493749 0.3739308949 0.6736127284 0.6339984707 0.7839867920 0.8865062585 0.3052788698 0.3695519420 0.0086354827 0.5093160751 0.0659950395 0.2534173827 0.0000000000 0.6742005157 0.2340464230
0.3208126787 0.4652790142 0.4492394903 0.6644712891 0.0888361107 0.1243405961 0.3158888468 0.3943073163 0.7877952008 0.3678008245 0.0415834746 0.8878370492 0.9008777111 0.3077421013 0.2821149914 0.8962968046 0.1334836236 0.6742005157 0.0000000000 0.3044672779
0.2799806520 0.4158462829 0.3214008487 0.1512473241 0.8427308611 0.4491378794 0.4435758156 0.1185197415 0.3641219084 0.8023759046 0.2545381632 0.5881509679 0.3975110285 0.6481804572 0.5088986180 0.0301160623 0.0639647096 0.2340464230 0.3044672779 0.0000000000
