# MCW Instance
# Type: UNIFORM
# N: 20
# Optimal cost: 1.6938231325967466
# Optimal tour (permutation): [0, 13, 17, 2, 14, 16, 12, 19, 3, 1, 7, 6, 8, 9, 10, 15, 11, 5, 18, 4, 0]
# Optimal walk (full path): [0, 13, 17, 2, 14, 16, 12, 19, 3, 1, 6, 7, 6, 8, 9, 8, 10, 11, 15, 11, 5, 18, 4, 18, 0]
# Walk size: 25
# Is walk (has repeats): true

# Distance Matrix
0.0000000000 0.8505341920 0.5115003800 0.5008675507 0.8888066295 0.2550549715 0.8086917320 0.9915084803 0.2426960091 0.3604705214 0.7979980320 0.2022157577 0.4494771057 0.0777094617 0.0629336102 0.0787038338 0.2137839923 0.4209267818 0.0410543440 0.9527449277
0.8505341920 0.0000000000 0.4338442026 0.0396891505 0.9854045353 0.9853693737 0.0179903259 0.4100509365 0.8697435305 0.7836205468 0.2237022507 0.5695614252 0.8699072812 0.4162362553 0.1363978838 0.2822195899 0.6561981537 0.8202309620 0.8983547187 0.3016203915
0.5115003800 0.4338442026 0.0000000000 0.3654861743 0.6382039813 0.8225579430 0.9640121449 0.7867435099 0.8553007351 0.5819357814 0.6877117235 0.9900233497 0.2151055410 0.2513559316 0.0813006258 0.3564328512 0.2853463595 0.0979217530 0.2702515435 0.7254396179
0.5008675507 0.0396891505 0.3654861743 0.0000000000 0.2171427562 0.6645202564 0.7401116671 0.1658897918 0.6956306358 0.8722387325 0.4640954673 0.6984049475 0.3151484964 0.5791802574 0.3339164566 0.1493640458 0.6287715578 0.2763727248 0.9449136721 0.2004659710
0.8888066295 0.9854045353 0.6382039813 0.2171427562 0.0000000000 0.4198316550 0.3758800368 0.6000053630 0.6129068870 0.3221625353 0.8518883558 0.9917289805 0.5514959722 0.7761613931 0.8324537386 0.3976031635 0.9115722878 0.4493596636 0.1077625994 0.3812734838
0.2550549715 0.9853693737 0.8225579430 0.6645202564 0.4198316550 0.0000000000 0.5603739076 0.6730466989 0.4201691990 0.9303813120 0.4445504932 0.1505926939 0.8319397616 0.6818203757 0.5867987304 0.1784676725 0.4285457446 0.3860234227 0.0971396393 0.8875556909
0.8086917320 0.0179903259 0.9640121449 0.7401116671 0.3758800368 0.5603739076 0.0000000000 0.1085137316 0.0441471235 0.4581452799 0.5602146959 0.2352526630 0.2155001795 0.5084622665 0.9076337411 0.4819440778 0.8372862990 0.7452677003 0.3023917260 0.2874943253
0.9915084803 0.4100509365 0.7867435099 0.1658897918 0.6000053630 0.6730466989 0.1085137316 0.0000000000 0.5247100175 0.7938325832 0.3527220034 0.9597120375 0.7267201131 0.1511571336 0.8778401622 0.6112885960 0.3011417492 0.6006808021 0.2977931600 0.7948226430
0.2426960091 0.8697435305 0.8553007351 0.6956306358 0.6129068870 0.4201691990 0.0441471235 0.5247100175 0.0000000000 0.0426751921 0.0163594819 0.6866391155 0.9150444122 0.4482154151 0.6269410829 0.2543698944 0.2395593964 0.5361735738 0.1950597953 0.8208387770
0.3604705214 0.7836205468 0.5819357814 0.8722387325 0.3221625353 0.9303813120 0.4581452799 0.7938325832 0.0426751921 0.0000000000 0.6038449242 0.8499576433 0.9808087985 0.9240581350 0.7118974926 0.8704964537 0.8057392688 0.5655828994 0.2708425311 0.9386676702
0.7979980320 0.2237022507 0.6877117235 0.4640954673 0.8518883558 0.4445504932 0.5602146959 0.3527220034 0.0163594819 0.6038449242 0.0000000000 0.0107739805 0.2372977125 0.0659822311 0.4457166798 0.6103114108 0.7967766488 0.4821719291 0.4882304337 0.4848366385
0.2022157577 0.5695614252 0.9900233497 0.6984049475 0.9917289805 0.1505926939 0.2352526630 0.9597120375 0.6866391155 0.8499576433 0.0107739805 0.0000000000 0.9624865939 0.9080782370 0.4039562540 0.0256432989 0.6854562209 0.9217875139 0.6057326767 0.2478106210
0.4494771057 0.8699072812 0.2151055410 0.3151484964 0.5514959722 0.8319397616 0.2155001795 0.7267201131 0.9150444122 0.9808087985 0.2372977125 0.9624865939 0.0000000000 0.4206348432 0.1493964835 0.9130254246 0.0213684807 0.3690162193 0.2126312765 0.1440388651
0.0777094617 0.4162362553 0.2513559316 0.5791802574 0.7761613931 0.6818203757 0.5084622665 0.1511571336 0.4482154151 0.9240581350 0.0659822311 0.9080782370 0.4206348432 0.0000000000 0.7356220657 0.0907045833 0.2372049049 0.0760991439 0.4078976033 0.4994512992
0.0629336102 0.1363978838 0.0813006258 0.3339164566 0.8324537386 0.5867987304 0.9076337411 0.8778401622 0.6269410829 0.7118974926 0.4457166798 0.4039562540 0.1493964835 0.7356220657 0.0000000000 0.9805376464 0.0079824481 0.9755086796 0.1407923395 0.7556287234
0.0787038338 0.2822195899 0.3564328512 0.1493640458 0.3976031635 0.1784676725 0.4819440778 0.6112885960 0.2543698944 0.8704964537 0.6103114108 0.0256432989 0.9130254246 0.0907045833 0.9805376464 0.0000000000 0.0650875444 0.2685328922 0.8287682178 0.9772812339
0.2137839923 0.6561981537 0.2853463595 0.6287715578 0.9115722878 0.4285457446 0.8372862990 0.3011417492 0.2395593964 0.8057392688 0.7967766488 0.6854562209 0.0213684807 0.2372049049 0.0079824481 0.0650875444 0.0000000000 0.0768294243 0.9510262178 0.1703097932
0.4209267818 0.8202309620 0.0979217530 0.2763727248 0.4493596636 0.3860234227 0.7452677003 0.6006808021 0.5361735738 0.5655828994 0.4821719291 0.9217875139 0.3690162193 0.0760991439 0.9755086796 0.2685328922 0.0768294243 0.0000000000 0.3375473868 0.3253563611
0.0410543440 0.8983547187 0.2702515435 0.9449136721 0.1077625994 0.0971396393 0.3023917260 0.2977931600 0.1950597953 0.2708425311 0.4882304337 0.6057326767 0.2126312765 0.4078976033 0.1407923395 0.8287682178 0.9510262178 0.3375473868 0.0000000000 0.5395931510
0.9527449277 0.3016203915 0.7254396179 0.2004659710 0.3812734838 0.8875556909 0.2874943253 0.7948226430 0.8208387770 0.9386676702 0.4848366385 0.2478106210 0.1440388651 0.4994512992 0.7556287234 0.9772812339 0.1703097932 0.3253563611 0.5395931510 0.0000000000
