# Graph size: 20
# Optimal cost: 1.270729111024278

# Distance Matrix
0.0 0.8249970718293875 0.8496889248487324 0.920719516145775 0.5869070793333503 0.5819215513937648 0.6074422297611329 0.9510572290714195 0.031820884534539795 0.7416325784892478 0.07853980247001191 0.3683012471487016 0.08752223421518479 0.8859925521654772 0.20818188283193972 0.45156514030716954 0.7124997776004234 0.2888789677847894 0.5114128600795042 0.8236065540506436
0.8249970718293875 0.0 0.12008406415653838 0.9304144644035294 0.6836850708173738 0.7908138726578383 0.5302165471330424 0.14910672287673865 0.24127729480152715 0.24616663532683047 0.24686512621942203 0.1416456600360947 0.16816120815679125 0.7555621066991414 0.4053548206038834 0.7867066222048393 0.03907252393944183 0.730125747718443 0.8676715254815862 0.8169601003491497
0.8496889248487324 0.12008406415653838 0.0 0.11295825560260953 0.6506011085157307 0.908835785443386 0.1925900050556183 0.4466352596996114 0.1546404016188555 0.5337324897120914 0.6399740204901292 0.16540897824420642 0.4237937957999456 0.49132156549790773 0.7107811366448902 0.6455664347404865 0.7142224042298158 0.31194387839952176 0.38959315341886935 0.5130700325863266
0.920719516145775 0.9304144644035294 0.11295825560260953 0.0 0.06363580340871211 0.9834754043636039 0.2322582070594239 0.04344432709238544 0.17668209577350136 0.20337191227979845 0.25253650052168575 0.7597606875756275 0.24199482847195342 0.496185532202688 0.2911991146972952 0.7687900281025729 0.9663277105391727 0.8699234728404857 0.39959324097500937 0.6498067513979086
0.5869070793333503 0.6836850708173738 0.6506011085157307 0.06363580340871211 0.0 0.42468437495838796 0.09965844898342602 0.8487882332752211 0.5161917882157223 0.4200775880299722 0.17308911638751623 0.7357684666994609 0.20689665050068495 0.9225282150449783 0.9102882101766867 0.7997405738127196 0.4329941234740442 0.8141410989333636 0.27866504039251794 0.9844745957611074
0.5819215513937648 0.7908138726578383 0.908835785443386 0.9834754043636039 0.42468437495838796 0.0 0.10395543382932537 0.605571888361587 0.46420775332420317 0.48669927989107165 0.9889582548000682 0.008924661003472778 0.3313604521804736 0.5159243373252975 0.3304429856297437 0.2530974297972304 0.506428665246856 0.757663173070732 0.020299904507393274 0.8098190895584351
0.6074422297611329 0.5302165471330424 0.1925900050556183 0.2322582070594239 0.09965844898342602 0.10395543382932537 0.0 0.9531962871032544 0.579881651237886 0.473482972314504 0.762097401070326 0.5744755996714846 0.35160007069832977 0.38951076133207296 0.3915247545385585 0.06960174861049817 0.8529266274933078 0.1792285310738443 0.6868649010370663 0.005421439570733821
0.9510572290714195 0.14910672287673865 0.4466352596996114 0.04344432709238544 0.8487882332752211 0.605571888361587 0.9531962871032544 0.0 0.647402630239806 0.9523700184095593 0.3835701853313783 0.8171149079360164 0.4603911682485663 0.610871084167451 0.832355369169991 0.2452297641717298 0.06134249452489615 0.7735519602137458 0.4646811988064419 0.5365933813257868
0.031820884534539795 0.24127729480152715 0.1546404016188555 0.17668209577350136 0.5161917882157223 0.46420775332420317 0.579881651237886 0.647402630239806 0.0 0.8831209133548604 0.9696983238313893 0.8739766411140527 0.5893105882682231 0.6281794398854393 0.7822360252347776 0.5636560651060285 0.10584174720880835 0.40922040382462166 0.3956079230993771 0.22646354013882974
0.7416325784892478 0.24616663532683047 0.5337324897120914 0.20337191227979845 0.4200775880299722 0.48669927989107165 0.473482972314504 0.9523700184095593 0.8831209133548604 0.0 0.7331957624286385 0.5510813537267848 0.30912565568829176 0.014403466259677478 0.11556149026887541 0.040937259481812815 0.8134830398245484 0.6344931132168891 0.762240158196861 0.7555117360642004
0.07853980247001191 0.24686512621942203 0.6399740204901292 0.25253650052168575 0.17308911638751623 0.9889582548000682 0.762097401070326 0.3835701853313783 0.9696983238313893 0.7331957624286385 0.0 0.19628196615198634 0.2627991570495012 0.6425301869726142 0.01684167230926481 0.5418357296166377 0.20769690730566182 0.45925525784619836 0.7322404696071634 0.4211786243785687
0.3683012471487016 0.1416456600360947 0.16540897824420642 0.7597606875756275 0.7357684666994609 0.008924661003472778 0.5744755996714846 0.8171149079360164 0.8739766411140527 0.5510813537267848 0.19628196615198634 0.0 0.9730178075226743 0.6239156226542908 0.3594578485576708 0.7301249235766025 0.8727264318157414 0.05898071398980387 0.20463460507750464 0.4263842965559459
0.08752223421518479 0.16816120815679125 0.4237937957999456 0.24199482847195342 0.20689665050068495 0.3313604521804736 0.35160007069832977 0.4603911682485663 0.5893105882682231 0.30912565568829176 0.2627991570495012 0.9730178075226743 0.0 0.6309962271507178 0.08663180058189113 0.10850303802834327 0.9411547661686445 0.4650280910842536 0.8283008934887693 0.40538497339951207
0.8859925521654772 0.7555621066991414 0.49132156549790773 0.496185532202688 0.9225282150449783 0.5159243373252975 0.38951076133207296 0.610871084167451 0.6281794398854393 0.014403466259677478 0.6425301869726142 0.6239156226542908 0.6309962271507178 0.0 0.5962785659759693 0.9926840551511993 0.7356423915439531 0.14989092515538138 0.44495987225410183 0.9329837998914355
0.20818188283193972 0.4053548206038834 0.7107811366448902 0.2911991146972952 0.9102882101766867 0.3304429856297437 0.3915247545385585 0.832355369169991 0.7822360252347776 0.11556149026887541 0.01684167230926481 0.3594578485576708 0.08663180058189113 0.5962785659759693 0.0 0.10111215722569034 0.9978253788985435 0.5722080424610444 0.9747384671487563 0.6551183683148124
0.45156514030716954 0.7867066222048393 0.6455664347404865 0.7687900281025729 0.7997405738127196 0.2530974297972304 0.06960174861049817 0.2452297641717298 0.5636560651060285 0.040937259481812815 0.5418357296166377 0.7301249235766025 0.10850303802834327 0.9926840551511993 0.10111215722569034 0.0 0.8006553555754833 0.04058360410097783 0.37707370740010504 0.6467472270832387
0.7124997776004234 0.03907252393944183 0.7142224042298158 0.9663277105391727 0.4329941234740442 0.506428665246856 0.8529266274933078 0.06134249452489615 0.10584174720880835 0.8134830398245484 0.20769690730566182 0.8727264318157414 0.9411547661686445 0.7356423915439531 0.9978253788985435 0.8006553555754833 0.0 0.9269999243759346 0.3474884299488894 0.8353188113277079
0.2888789677847894 0.730125747718443 0.31194387839952176 0.8699234728404857 0.8141410989333636 0.757663173070732 0.1792285310738443 0.7735519602137458 0.40922040382462166 0.6344931132168891 0.45925525784619836 0.05898071398980387 0.4650280910842536 0.14989092515538138 0.5722080424610444 0.04058360410097783 0.9269999243759346 0.0 0.12635573861619365 0.5599507928314403
0.5114128600795042 0.8676715254815862 0.38959315341886935 0.39959324097500937 0.27866504039251794 0.020299904507393274 0.6868649010370663 0.4646811988064419 0.3956079230993771 0.762240158196861 0.7322404696071634 0.20463460507750464 0.8283008934887693 0.44495987225410183 0.9747384671487563 0.37707370740010504 0.3474884299488894 0.12635573861619365 0.0 0.4721556964255782
0.8236065540506436 0.8169601003491497 0.5130700325863266 0.6498067513979086 0.9844745957611074 0.8098190895584351 0.005421439570733821 0.5365933813257868 0.22646354013882974 0.7555117360642004 0.4211786243785687 0.4263842965559459 0.40538497339951207 0.9329837998914355 0.6551183683148124 0.6467472270832387 0.8353188113277079 0.5599507928314403 0.4721556964255782 0.0

# Optimal Walk
0 8 2 1 16 7 3 4 19 6 18 5 11 17 15 13 9 14 10 12 0
