# MCW Instance
# Type: UNIFORM
# N: 20
# Optimal cost: 2.305429676759445
# Optimal tour (permutation): [0, 13, 9, 14, 1, 19, 2, 17, 16, 4, 6, 18, 10, 5, 11, 3, 15, 12, 8, 7, 0]
# Optimal walk (full path): [0, 13, 9, 14, 1, 19, 2, 17, 16, 6, 4, 6, 18, 10, 18, 7, 5, 11, 3, 11, 15, 12, 7, 8, 7, 0]
# Walk size: 26
# Is walk (has repeats): true

# Distance Matrix
0.0000000000 0.2603979569 0.3043286254 0.6023373313 0.6836259195 0.4389922247 0.4219780586 0.1838652975 0.5929291960 0.7241190484 0.8022510609 0.3036360688 0.6121006777 0.0807522845 0.5620915310 0.8047779402 0.8535497888 0.7236989832 0.7234044796 0.7108215941
0.2603979569 0.0000000000 0.3952798865 0.4784365106 0.5318298132 0.9453137951 0.7392194621 0.4210952123 0.6975828292 0.3591562927 0.3565522170 0.3706145800 0.6794856448 0.8618425728 0.1213460629 0.6977035382 0.2514778373 0.3599924416 0.1925703352 0.0880862658
0.3043286254 0.3952798865 0.0000000000 0.2403088755 0.8950603695 0.6946292727 0.3516169876 0.5037786625 0.8418207837 0.3678288747 0.1041982985 0.9308066453 0.2802092348 0.2127336902 0.1660396712 0.4877743119 0.6853255705 0.0361588280 0.8176439721 0.1099993111
0.6023373313 0.4784365106 0.2403088755 0.0000000000 0.8938815727 0.7215813280 0.6340114271 0.5428645089 0.9001020391 0.9930449336 0.4779021362 0.0740380242 0.4100649779 0.4191701543 0.3745999428 0.4663856846 0.2406928891 0.4126718333 0.4134714289 0.3005904773
0.6836259195 0.5318298132 0.8950603695 0.8938815727 0.0000000000 0.5880842454 0.0208245244 0.5257163381 0.3671579941 0.9095998204 0.3736055413 0.9730562180 0.7094009385 0.6650965054 0.7587843630 0.6487105542 0.4121598742 0.4449263029 0.4270165126 0.8398605169
0.4389922247 0.9453137951 0.6946292727 0.7215813280 0.5880842454 0.0000000000 0.2554309211 0.0757958574 0.3950385627 0.9299027028 0.9077363041 0.1403080948 0.7113503531 0.6291459627 0.4209864210 0.9719836867 0.8763095869 0.7142068456 0.4067469662 0.5947875672
0.4219780586 0.7392194621 0.3516169876 0.6340114271 0.0208245244 0.2554309211 0.0000000000 0.3673526162 0.9292102337 0.4232386130 0.2646610429 0.5100950020 0.6560031739 0.7830605641 0.2402880472 0.2573537346 0.1959421804 0.2035435287 0.1612991235 0.7906725040
0.1838652975 0.4210952123 0.5037786625 0.5428645089 0.5257163381 0.0757958574 0.3673526162 0.0000000000 0.0224150053 0.4648016968 0.9443446319 0.2427206149 0.1611098616 0.5149674364 0.4209443244 0.2539744833 0.9341468730 0.2677562720 0.0357474838 0.5233808613
0.5929291960 0.6975828292 0.8418207837 0.9001020391 0.3671579941 0.3950385627 0.9292102337 0.0224150053 0.0000000000 0.6645375431 0.6744240780 0.7998140409 0.9902385820 0.5790398790 0.5203420402 0.3507540684 0.7933261337 0.0703285129 0.7958298204 0.4100392414
0.7241190484 0.3591562927 0.3678288747 0.9930449336 0.9095998204 0.9299027028 0.4232386130 0.4648016968 0.6645375431 0.0000000000 0.6933402503 0.6835005033 0.4215501389 0.1475264256 0.2160005254 0.6772891091 0.5706833772 0.9642105279 0.3757137324 0.7769593189
0.8022510609 0.3565522170 0.1041982985 0.4779021362 0.3736055413 0.9077363041 0.2646610429 0.9443446319 0.6744240780 0.6933402503 0.0000000000 0.8232641758 0.9864497799 0.4734806952 0.7837109399 0.9124757906 0.1283835027 0.1277677664 0.0345156610 0.8783630139
0.3036360688 0.3706145800 0.9308066453 0.0740380242 0.9730562180 0.1403080948 0.5100950020 0.2427206149 0.7998140409 0.6835005033 0.8232641758 0.0000000000 0.9239888855 0.3933536619 0.3166672207 0.0313374275 0.4561999102 0.5507020326 0.7329245432 0.2460135001
0.6121006777 0.6794856448 0.2802092348 0.4100649779 0.7094009385 0.7113503531 0.6560031739 0.1611098616 0.9902385820 0.4215501389 0.9864497799 0.9239888855 0.0000000000 0.6177379877 0.9071985426 0.1859794259 0.7553280300 0.6267806784 0.7416308359 0.6050823261
0.0807522845 0.8618425728 0.2127336902 0.4191701543 0.6650965054 0.6291459627 0.7830605641 0.5149674364 0.5790398790 0.1475264256 0.4734806952 0.3933536619 0.6177379877 0.0000000000 0.7955592602 0.1903210726 0.3445786111 0.7730107242 0.1647760606 0.9590473521
0.5620915310 0.1213460629 0.1660396712 0.3745999428 0.7587843630 0.4209864210 0.2402880472 0.4209443244 0.5203420402 0.2160005254 0.7837109399 0.3166672207 0.9071985426 0.7955592602 0.0000000000 0.9599200484 0.6281668256 0.0004121379 0.9497983962 0.3164498910
0.8047779402 0.6977035382 0.4877743119 0.4663856846 0.6487105542 0.9719836867 0.2573537346 0.2539744833 0.3507540684 0.6772891091 0.9124757906 0.0313374275 0.1859794259 0.1903210726 0.9599200484 0.0000000000 0.2144421639 0.8560735219 0.4251278258 0.3536437925
0.8535497888 0.2514778373 0.6853255705 0.2406928891 0.4121598742 0.8763095869 0.1959421804 0.9341468730 0.7933261337 0.5706833772 0.1283835027 0.4561999102 0.7553280300 0.3445786111 0.6281668256 0.2144421639 0.0000000000 0.0305887912 0.4633522013 0.3142356319
0.7236989832 0.3599924416 0.0361588280 0.4126718333 0.4449263029 0.7142068456 0.2035435287 0.2677562720 0.0703285129 0.9642105279 0.1277677664 0.5507020326 0.6267806784 0.7730107242 0.0004121379 0.8560735219 0.0305887912 0.0000000000 0.6918923389 0.3911882194
0.7234044796 0.1925703352 0.8176439721 0.4134714289 0.4270165126 0.4067469662 0.1612991235 0.0357474838 0.7958298204 0.3757137324 0.0345156610 0.7329245432 0.7416308359 0.1647760606 0.9497983962 0.4251278258 0.4633522013 0.6918923389 0.0000000000 0.4013327240
0.7108215941 0.0880862658 0.1099993111 0.3005904773 0.8398605169 0.5947875672 0.7906725040 0.5233808613 0.4100392414 0.7769593189 0.8783630139 0.2460135001 0.6050823261 0.9590473521 0.3164498910 0.3536437925 0.3142356319 0.3911882194 0.4013327240 0.0000000000
