# MCW Instance
# Type: UNIFORM
# N: 20
# Optimal cost: 1.4592227934500053
# Optimal tour (permutation): [0, 19, 18, 16, 12, 2, 1, 4, 7, 11, 8, 5, 17, 6, 9, 14, 15, 10, 13, 3, 0]
# Optimal walk (full path): [0, 19, 3, 18, 16, 18, 12, 2, 12, 1, 4, 7, 11, 8, 11, 5, 17, 6, 9, 14, 10, 15, 10, 13, 3, 19, 0]
# Walk size: 27
# Is walk (has repeats): true

# Distance Matrix
0.0000000000 0.1605254762 0.2362255884 0.6518251675 0.7706562798 0.8621983703 0.1500080974 0.5197437592 0.8768732909 0.9047257122 0.8214621499 0.7744906665 0.0672941513 0.1827268596 0.7751407113 0.2834984355 0.5650387005 0.6377966642 0.6998588639 0.0067850781
0.1605254762 0.0000000000 0.4017980281 0.2318247577 0.0321866458 0.1927279154 0.8426974471 0.3941012787 0.1805754121 0.8623363757 0.6606705611 0.4156280467 0.0522575852 0.1848372321 0.7589099961 0.4681560566 0.4757240580 0.5671129504 0.2112500026 0.4108217091
0.2362255884 0.4017980281 0.0000000000 0.5734968621 0.2805095658 0.3928740254 0.3138553059 0.1330793543 0.2307578272 0.5075308540 0.6766876291 0.5483802726 0.0402273300 0.4824806565 0.6468814706 0.9595714636 0.9564604840 0.8986822533 0.1566664482 0.8062537580
0.6518251675 0.2318247577 0.5734968621 0.0000000000 0.2269089435 0.3512715857 0.7854577530 0.1269695140 0.4870226758 0.3941703811 0.3295899016 0.5875138306 0.3973175059 0.0127033611 0.5145992371 0.4011611571 0.2347741170 0.3893911301 0.0207398214 0.0158377415
0.7706562798 0.0321866458 0.2805095658 0.2269089435 0.0000000000 0.3948978046 0.5806250121 0.0090188403 0.6864344893 0.7929947733 0.6057192813 0.6328900692 0.8248688734 0.9666977304 0.3648752560 0.5998441760 0.3261686755 0.2764994898 0.7488804357 0.7074875942
0.8621983703 0.1927279154 0.3928740254 0.3512715857 0.3948978046 0.0000000000 0.9057641413 0.9770303865 0.2809057635 0.4203019447 0.8513396215 0.0890416404 0.6395519551 0.9761289009 0.4920093815 0.9405332595 0.4523363276 0.2155255403 0.1182466695 0.9651919045
0.1500080974 0.8426974471 0.3138553059 0.7854577530 0.5806250121 0.9057641413 0.0000000000 0.8200991085 0.3124881734 0.0479090431 0.8472805218 0.1353486039 0.8516427959 0.0268669093 0.3843481625 0.8913527876 0.2448533803 0.1771565582 0.5026048695 0.3438243044
0.5197437592 0.3941012787 0.1330793543 0.1269695140 0.0090188403 0.9770303865 0.8200991085 0.0000000000 0.3092993988 0.2612429828 0.7045332808 0.0833349368 0.9394264187 0.1178913684 0.8542850488 0.8041344164 0.1967749066 0.7433110703 0.6136365607 0.8138379955
0.8768732909 0.1805754121 0.2307578272 0.4870226758 0.6864344893 0.2809057635 0.3124881734 0.3092993988 0.0000000000 0.8145437784 0.6406491114 0.0297554071 0.1184854980 0.0678471240 0.7415748551 0.7457552568 0.2387646224 0.1959737925 0.4156111906 0.0559935253
0.9047257122 0.8623363757 0.5075308540 0.3941703811 0.7929947733 0.4203019447 0.0479090431 0.2612429828 0.8145437784 0.0000000000 0.2657293039 0.0795612896 0.8260320283 0.5602926324 0.0481338590 0.6734468435 0.1655596723 0.4847425428 0.8185421121 0.7750603016
0.8214621499 0.6606705611 0.6766876291 0.3295899016 0.6057192813 0.8513396215 0.8472805218 0.7045332808 0.6406491114 0.2657293039 0.0000000000 0.1107595239 0.8314684285 0.0116600996 0.0685747181 0.1709443388 0.3957240306 0.5058799227 0.0266323329 0.4755635339
0.7744906665 0.4156280467 0.5483802726 0.5875138306 0.6328900692 0.0890416404 0.1353486039 0.0833349368 0.0297554071 0.0795612896 0.1107595239 0.0000000000 0.3458982368 0.0278111209 0.1743153378 0.9434674898 0.5004978835 0.9996156996 0.4241317607 0.7081009177
0.0672941513 0.0522575852 0.0402273300 0.3973175059 0.8248688734 0.6395519551 0.8516427959 0.9394264187 0.1184854980 0.8260320283 0.8314684285 0.3458982368 0.0000000000 0.6558980172 0.6802511295 0.6761392152 0.1345932388 0.3196254648 0.0542651611 0.6439300966
0.1827268596 0.1848372321 0.4824806565 0.0127033611 0.9666977304 0.9761289009 0.0268669093 0.1178913684 0.0678471240 0.5602926324 0.0116600996 0.0278111209 0.6558980172 0.0000000000 0.7578779712 0.9861699455 0.5555756673 0.9150537810 0.9953873818 0.6557921703
0.7751407113 0.7589099961 0.6468814706 0.5145992371 0.3648752560 0.4920093815 0.3843481625 0.8542850488 0.7415748551 0.0481338590 0.0685747181 0.1743153378 0.6802511295 0.7578779712 0.0000000000 0.3787069687 0.5835528480 0.5435327343 0.6415257501 0.8262439556
0.2834984355 0.4681560566 0.9595714636 0.4011611571 0.5998441760 0.9405332595 0.8913527876 0.8041344164 0.7457552568 0.6734468435 0.1709443388 0.9434674898 0.6761392152 0.9861699455 0.3787069687 0.0000000000 0.4026418051 0.9540939670 0.8355458019 0.8688039780
0.5650387005 0.4757240580 0.9564604840 0.2347741170 0.3261686755 0.4523363276 0.2448533803 0.1967749066 0.2387646224 0.1655596723 0.3957240306 0.5004978835 0.1345932388 0.5555756673 0.5835528480 0.4026418051 0.0000000000 0.2971586341 0.0048075961 0.5133040876
0.6377966642 0.5671129504 0.8986822533 0.3893911301 0.2764994898 0.2155255403 0.1771565582 0.7433110703 0.1959737925 0.4847425428 0.5058799227 0.9996156996 0.3196254648 0.9150537810 0.5435327343 0.9540939670 0.2971586341 0.0000000000 0.8526154495 0.2482704516
0.6998588639 0.2112500026 0.1566664482 0.0207398214 0.7488804357 0.1182466695 0.5026048695 0.6136365607 0.4156111906 0.8185421121 0.0266323329 0.4241317607 0.0542651611 0.9953873818 0.6415257501 0.8355458019 0.0048075961 0.8526154495 0.0000000000 0.1278550215
0.0067850781 0.4108217091 0.8062537580 0.0158377415 0.7074875942 0.9651919045 0.3438243044 0.8138379955 0.0559935253 0.7750603016 0.4755635339 0.7081009177 0.6439300966 0.6557921703 0.8262439556 0.8688039780 0.5133040876 0.2482704516 0.1278550215 0.0000000000
