# Graph size: 20
# Optimal cost: 1.4798897952208558

# Distance Matrix
0.0 0.04678318734272291 0.9697564751743492 0.5058224734870799 0.9165981179015589 0.4056680243465586 0.7622172923400398 0.5901581057955562 0.5319761528851533 0.8207855648138916 0.24813210608573022 0.5237556962884776 0.4078601551785054 0.39719168688107154 0.3474535710611999 0.027497037090220666 0.10420110922335957 0.6573582051061947 0.9931250729455462 0.40156086106382205
0.04678318734272291 0.0 0.7005155014930465 0.5685521295817486 0.7844263511714994 0.8789859360566106 0.7290470856851251 0.606440298275704 0.18079402558171753 0.3448202808110692 0.3953670175062054 0.8420103802195058 0.8338036894635095 0.2560926304025929 0.9892749817703386 0.18050091299456505 0.02316466092229086 0.7550676291729834 0.39765288464791937 0.30388450496463604
0.9697564751743492 0.7005155014930465 0.0 0.06199197389778932 0.9067238465405213 0.6709616400711997 0.5725499435865767 0.9672846913527102 0.7111199449997546 0.6663610630659106 0.12718081021457894 0.6534537504632517 0.04229058078592074 0.8929714636246415 0.6984288040757235 0.39990603479362086 0.9475407205351867 0.818584926300091 0.17983312333377255 0.3681061932969899
0.5058224734870799 0.5685521295817486 0.06199197389778932 0.0 0.8044831193751802 0.06217297285893986 0.848537083217117 0.49920108913483807 0.6778906941838813 0.09282700702997326 0.22870604776272496 0.21020635985552483 0.8444117117241313 0.28330602389998827 0.9841516464259966 0.9249184970726047 0.8604224957049701 0.4251564061598533 0.899518777132149 0.6251293915558823
0.9165981179015589 0.7844263511714994 0.9067238465405213 0.8044831193751802 0.0 0.7367690987897767 0.10240621839070962 0.9634941080016045 0.2883854502502827 0.7538752954032435 0.6421267623363354 0.8028454010921989 0.2904461816580691 0.2016715640587211 0.7126926661733357 0.23270324151796995 0.5937622889268936 0.8610259255381943 0.024360475723994246 0.4863483098443945
0.4056680243465586 0.8789859360566106 0.6709616400711997 0.06217297285893986 0.7367690987897767 0.0 0.8177065739498098 0.35683403102173417 0.0018255639328049744 0.7668682294266774 0.09195573826849401 0.6076525286642753 0.7447058074622637 0.12340060773453065 0.9313343383336314 0.4727363142422525 0.06943928176442848 0.296279371897718 0.23859726019311878 0.354567029759537
0.7622172923400398 0.7290470856851251 0.5725499435865767 0.848537083217117 0.10240621839070962 0.8177065739498098 0.0 0.9348730031147637 0.09825404603660959 0.9410402327463171 0.95343604042767 0.09385794975529727 0.1030523124056889 0.697492422280026 0.5903728072309098 0.3844555921475763 0.8979085417482866 0.5741593453567528 0.5156849070269692 0.6768992141908413
0.5901581057955562 0.606440298275704 0.9672846913527102 0.49920108913483807 0.9634941080016045 0.35683403102173417 0.9348730031147637 0.0 0.9232819307008652 0.5809477850257134 0.4026035988829756 0.1262432874191659 0.970839650966834 0.4843191382308951 0.7890044876675371 0.04567264138594962 0.7398823704543409 0.3683814846289267 0.5749000998948797 0.4117324802562602
0.5319761528851533 0.18079402558171753 0.7111199449997546 0.6778906941838813 0.2883854502502827 0.0018255639328049744 0.09825404603660959 0.9232819307008652 0.0 0.46274014562250154 0.0028441256395645986 0.8093774845449171 0.7402791465572199 0.5012693745685052 0.194623766717968 0.9078802516393254 0.8307409860663874 0.9894320695888599 0.9493037348576642 0.12921141938930458
0.8207855648138916 0.3448202808110692 0.6663610630659106 0.09282700702997326 0.7538752954032435 0.7668682294266774 0.9410402327463171 0.5809477850257134 0.46274014562250154 0.0 0.6663172924363963 0.051041030363600415 0.4493136705542642 0.6113598944551389 0.5790327305875802 0.8571054452987447 0.5676094241915555 0.5162300149220234 0.6411032448234956 0.8038134627100791
0.24813210608573022 0.3953670175062054 0.12718081021457894 0.22870604776272496 0.6421267623363354 0.09195573826849401 0.95343604042767 0.4026035988829756 0.0028441256395645986 0.6663172924363963 0.0 0.8787982010818961 0.8655795373381878 0.12785924779278002 0.39003977591739014 0.9040674198186797 0.46394944469030663 0.8125101180209734 0.9523673910529912 0.6319400914994946
0.5237556962884776 0.8420103802195058 0.6534537504632517 0.21020635985552483 0.8028454010921989 0.6076525286642753 0.09385794975529727 0.1262432874191659 0.8093774845449171 0.051041030363600415 0.8787982010818961 0.0 0.8990937164964646 0.7993237466046779 0.27596495378562713 0.1937932579348639 0.9863951725801982 0.5793334451933645 0.24126214055217976 0.9412406948898825
0.4078601551785054 0.8338036894635095 0.04229058078592074 0.8444117117241313 0.2904461816580691 0.7447058074622637 0.1030523124056889 0.970839650966834 0.7402791465572199 0.4493136705542642 0.8655795373381878 0.8990937164964646 0.0 0.18097944824275802 0.001474192755429815 0.08921729550163704 0.07189435223236962 0.4197156881779668 0.8920884842420075 0.5920730605374249
0.39719168688107154 0.2560926304025929 0.8929714636246415 0.28330602389998827 0.2016715640587211 0.12340060773453065 0.697492422280026 0.4843191382308951 0.5012693745685052 0.6113598944551389 0.12785924779278002 0.7993237466046779 0.18097944824275802 0.0 0.380683876615872 0.5750194956620845 0.1270317515428525 0.4018474112116863 0.6758268998639926 0.20334962668965018
0.3474535710611999 0.9892749817703386 0.6984288040757235 0.9841516464259966 0.7126926661733357 0.9313343383336314 0.5903728072309098 0.7890044876675371 0.194623766717968 0.5790327305875802 0.39003977591739014 0.27596495378562713 0.001474192755429815 0.380683876615872 0.0 0.06314616129451456 0.1154087840401179 0.891707453468174 0.5535171854953005 0.36966056843095807
0.027497037090220666 0.18050091299456505 0.39990603479362086 0.9249184970726047 0.23270324151796995 0.4727363142422525 0.3844555921475763 0.04567264138594962 0.9078802516393254 0.8571054452987447 0.9040674198186797 0.1937932579348639 0.08921729550163704 0.5750194956620845 0.06314616129451456 0.0 0.1428359488532991 0.9553333831691739 0.8634021549060292 0.46511353376194875
0.10420110922335957 0.02316466092229086 0.9475407205351867 0.8604224957049701 0.5937622889268936 0.06943928176442848 0.8979085417482866 0.7398823704543409 0.8307409860663874 0.5676094241915555 0.46394944469030663 0.9863951725801982 0.07189435223236962 0.1270317515428525 0.1154087840401179 0.1428359488532991 0.0 0.29486451256860247 0.018708282241829632 0.8183986660394205
0.6573582051061947 0.7550676291729834 0.818584926300091 0.4251564061598533 0.8610259255381943 0.296279371897718 0.5741593453567528 0.3683814846289267 0.9894320695888599 0.5162300149220234 0.8125101180209734 0.5793334451933645 0.4197156881779668 0.4018474112116863 0.891707453468174 0.9553333831691739 0.29486451256860247 0.0 0.9616854642144309 0.11557349623819668
0.9931250729455462 0.39765288464791937 0.17983312333377255 0.899518777132149 0.024360475723994246 0.23859726019311878 0.5156849070269692 0.5749000998948797 0.9493037348576642 0.6411032448234956 0.9523673910529912 0.24126214055217976 0.8920884842420075 0.6758268998639926 0.5535171854953005 0.8634021549060292 0.018708282241829632 0.9616854642144309 0.0 0.7563668387564028
0.40156086106382205 0.30388450496463604 0.3681061932969899 0.6251293915558823 0.4863483098443945 0.354567029759537 0.6768992141908413 0.4117324802562602 0.12921141938930458 0.8038134627100791 0.6319400914994946 0.9412406948898825 0.5920730605374249 0.20334962668965018 0.36966056843095807 0.46511353376194875 0.8183986660394205 0.11557349623819668 0.7563668387564028 0.0

# Optimal Walk
0 15 7 14 12 2 3 9 11 6 10 8 5 19 17 13 18 4 16 1 0
