# Graph size: 20
# Optimal cost: 1.1724655576475564

# Distance Matrix
0.0 0.5904209521335526 0.755743113382246 0.903042075538535 0.4968676008449945 0.12923199377820582 0.2843011102387799 0.003083480533569327 0.0015240773654476847 0.5042002975551313 0.07703328371696161 0.12695114521486572 0.08316239791104629 0.6339069464358357 0.77721749439319 0.42186044604745365 0.2686182828888124 0.03764496099353076 0.4938181414083729 0.7673855427540245
0.5904209521335526 0.0 0.9831163790767143 0.4628109205296269 0.48761767592065486 0.5034260172500984 0.2686975882205265 0.6809223982086497 0.2451893260559591 0.7550371868853266 0.14453092958271063 0.9066374040659692 0.8533392373346739 0.5082074067814972 0.24097699010583906 0.7638788113027124 0.40793519105027265 0.3260172184907234 0.05118284302643994 0.9741427503001371
0.755743113382246 0.9831163790767143 0.0 0.04357838525458857 0.61121667990328 0.3871534661326752 0.9742972923352963 0.05436333127776205 0.6191088627322071 0.4016582006920699 0.4846535649392477 0.49101067022951883 0.003728777648144832 0.8429948369531451 0.642818499923172 0.5659460409891899 0.5406594031513459 0.046548179122869016 0.6948148059579169 0.17543768620145417
0.903042075538535 0.4628109205296269 0.04357838525458857 0.0 0.8114265358743936 0.5352439699043446 0.39218021038560247 0.8566946117242832 0.05726762885937442 4.128867495736266E-4 0.18223482769120403 0.5378655794063952 0.11416948788973269 0.8652439126147953 0.9984319099071104 0.5101690246604742 0.3264228812429749 0.5949195576312614 0.9586836791005255 0.15392236252830493
0.4968676008449945 0.48761767592065486 0.61121667990328 0.8114265358743936 0.0 0.6025423479641229 0.4106906217917715 0.5617808661359112 0.0840289696301112 0.3252520687547539 0.08956121057307309 0.035500791019577815 0.5455193945181889 0.6563395536139102 0.08691928555779438 0.3347255849196973 0.08603284203154615 0.8875307836641316 0.3063622432382901 0.9138685336393059
0.12923199377820582 0.5034260172500984 0.3871534661326752 0.5352439699043446 0.6025423479641229 0.0 0.7596642081575762 0.8801420396484994 0.45913056925541107 0.8051333960707774 0.3753905530209305 0.30911486698590807 0.10497704716737011 0.7226076672802476 0.5933301426362704 0.3811426889170306 0.14696317796931502 0.8819178577954178 0.9933766328467714 0.9319486523197682
0.2843011102387799 0.2686975882205265 0.9742972923352963 0.39218021038560247 0.4106906217917715 0.7596642081575762 0.0 0.7645878823534473 0.9761508920398089 0.5932893597266132 0.3243763719759988 0.5128187304087963 0.2809726715253259 0.6771100066064641 0.3668060783557995 0.5890084623653509 0.17535116756331137 0.20981572155367179 0.5505111919786289 0.07534544915828567
0.003083480533569327 0.6809223982086497 0.05436333127776205 0.8566946117242832 0.5617808661359112 0.8801420396484994 0.7645878823534473 0.0 0.4590181916668943 0.5604062293828579 0.26492092313102555 0.3013991384903588 0.7237804199305004 0.7331633560349512 0.2913568842598524 0.3394866544884029 0.6930166781137624 0.8156089698220019 0.7986626105623498 0.04500037975690108
0.0015240773654476847 0.2451893260559591 0.6191088627322071 0.05726762885937442 0.0840289696301112 0.45913056925541107 0.9761508920398089 0.4590181916668943 0.0 0.882175478269708 0.8917273805384643 0.268246904961309 0.9845004996800474 0.15281278582024627 0.2403066855723235 0.26141344746014206 0.05629042985884791 0.7336871188616824 0.24079304941701518 0.7084501209173165
0.5042002975551313 0.7550371868853266 0.4016582006920699 4.128867495736266E-4 0.3252520687547539 0.8051333960707774 0.5932893597266132 0.5604062293828579 0.882175478269708 0.0 0.6013572703300678 0.06465528281900179 0.042840691050516466 0.44680397251585935 0.32697354726895533 0.3825886048598587 0.7207794904937217 0.06476862769565306 0.42092015659982573 0.3132564388264071
0.07703328371696161 0.14453092958271063 0.4846535649392477 0.18223482769120403 0.08956121057307309 0.3753905530209305 0.3243763719759988 0.26492092313102555 0.8917273805384643 0.6013572703300678 0.0 0.3305111644514205 0.7174624170289657 0.8212051044438742 0.8590998452582432 0.013884303607217707 0.47347795819138283 0.7243161412501573 0.08004518757773849 0.05438695919104297
0.12695114521486572 0.9066374040659692 0.49101067022951883 0.5378655794063952 0.035500791019577815 0.30911486698590807 0.5128187304087963 0.3013991384903588 0.268246904961309 0.06465528281900179 0.3305111644514205 0.0 0.9234343702706751 0.06445973634145685 0.4529837922016873 0.5780354023583946 0.2357655902693786 0.8769029943804332 0.36527054228852884 0.41462589335987365
0.08316239791104629 0.8533392373346739 0.003728777648144832 0.11416948788973269 0.5455193945181889 0.10497704716737011 0.2809726715253259 0.7237804199305004 0.9845004996800474 0.042840691050516466 0.7174624170289657 0.9234343702706751 0.0 0.5804294911653906 0.17044874709754465 0.448570760685463 0.4870560964956415 0.8578244405368666 0.1772387420437399 0.49161116621850665
0.6339069464358357 0.5082074067814972 0.8429948369531451 0.8652439126147953 0.6563395536139102 0.7226076672802476 0.6771100066064641 0.7331633560349512 0.15281278582024627 0.44680397251585935 0.8212051044438742 0.06445973634145685 0.5804294911653906 0.0 0.9802113153204193 0.9680507854926556 0.6224931960509671 0.4838674312999518 0.45594986313567154 0.4347573048957123
0.77721749439319 0.24097699010583906 0.642818499923172 0.9984319099071104 0.08691928555779438 0.5933301426362704 0.3668060783557995 0.2913568842598524 0.2403066855723235 0.32697354726895533 0.8590998452582432 0.4529837922016873 0.17044874709754465 0.9802113153204193 0.0 0.9624598306238804 0.9369475851850851 0.02701153706972026 0.05816319343294507 0.3757587155017432
0.42186044604745365 0.7638788113027124 0.5659460409891899 0.5101690246604742 0.3347255849196973 0.3811426889170306 0.5890084623653509 0.3394866544884029 0.26141344746014206 0.3825886048598587 0.013884303607217707 0.5780354023583946 0.448570760685463 0.9680507854926556 0.9624598306238804 0.0 0.006406436134194449 0.6802110054225656 0.41344859767964515 0.6614741976840238
0.2686182828888124 0.40793519105027265 0.5406594031513459 0.3264228812429749 0.08603284203154615 0.14696317796931502 0.17535116756331137 0.6930166781137624 0.05629042985884791 0.7207794904937217 0.47347795819138283 0.2357655902693786 0.4870560964956415 0.6224931960509671 0.9369475851850851 0.006406436134194449 0.0 0.09395348789518265 0.8480683730850336 0.4335576101571401
0.03764496099353076 0.3260172184907234 0.046548179122869016 0.5949195576312614 0.8875307836641316 0.8819178577954178 0.20981572155367179 0.8156089698220019 0.7336871188616824 0.06476862769565306 0.7243161412501573 0.8769029943804332 0.8578244405368666 0.4838674312999518 0.02701153706972026 0.6802110054225656 0.09395348789518265 0.0 0.09675838453366958 0.5484930128226307
0.4938181414083729 0.05118284302643994 0.6948148059579169 0.9586836791005255 0.3063622432382901 0.9933766328467714 0.5505111919786289 0.7986626105623498 0.24079304941701518 0.42092015659982573 0.08004518757773849 0.36527054228852884 0.1772387420437399 0.45594986313567154 0.05816319343294507 0.41344859767964515 0.8480683730850336 0.09675838453366958 0.0 0.3680673711506407
0.7673855427540245 0.9741427503001371 0.17543768620145417 0.15392236252830493 0.9138685336393059 0.9319486523197682 0.07534544915828567 0.04500037975690108 0.7084501209173165 0.3132564388264071 0.05438695919104297 0.41462589335987365 0.49161116621850665 0.4347573048957123 0.3757587155017432 0.6614741976840238 0.4335576101571401 0.5484930128226307 0.3680673711506407 0.0

# Optimal Walk
0 8 7 19 6 17 14 18 1 10 15 16 4 13 11 9 3 2 12 5 0
