# MCW Instance
# Type: UNIFORM
# N: 20
# Optimal cost: 1.2177496317957701
# Optimal tour (permutation): [0, 4, 1, 2, 13, 12, 8, 10, 16, 5, 3, 17, 7, 14, 11, 18, 6, 9, 19, 15, 0]
# Optimal walk (full path): [0, 4, 0, 1, 0, 2, 13, 12, 8, 12, 10, 16, 5, 3, 17, 7, 14, 11, 18, 6, 19, 9, 19, 15, 0]
# Walk size: 25
# Is walk (has repeats): true

# Distance Matrix
0.0000000000 0.0948229963 0.0351169219 0.8349322999 0.0452926325 0.8013924506 0.0822240884 0.8212558973 0.5356971424 0.7016588824 0.4944474116 0.3427993402 0.6508430385 0.6451576042 0.4559405609 0.0052026522 0.6827686800 0.5813434175 0.2858914328 0.4893046679
0.0948229963 0.0000000000 0.2717540838 0.5762849307 0.6164305860 0.8646632785 0.6252148555 0.3527668583 0.4526894158 0.8320164356 0.3637563614 0.2119850633 0.1775385050 0.5385131985 0.7995942354 0.2116205826 0.8067007705 0.6417710568 0.3363364664 0.7729310487
0.0351169219 0.2717540838 0.0000000000 0.5743480558 0.1122913011 0.5941619267 0.4685983121 0.2349538800 0.8584924184 0.8107182334 0.6034239224 0.3040890523 0.6345962849 0.0456020726 0.3415648338 0.8290110661 0.8488297853 0.7250731155 0.5568534527 0.1793121408
0.8349322999 0.5762849307 0.5743480558 0.0000000000 0.8278803434 0.1036925480 0.2868480686 0.7785547851 0.8132709042 0.2908657368 0.6566106746 0.6597379905 0.4662957867 0.5928079562 0.4048111426 0.2206011985 0.9403864039 0.0542409230 0.6926083713 0.5791868774
0.0452926325 0.6164305860 0.1122913011 0.8278803434 0.0000000000 0.6432512265 0.2491672267 0.7048601716 0.4857474141 0.6558618886 0.5663584900 0.6635655794 0.8339951470 0.4013335218 0.4627322798 0.2650446884 0.4328588776 0.5639737094 0.4165821609 0.2252126557
0.8013924506 0.8646632785 0.5941619267 0.1036925480 0.6432512265 0.0000000000 0.8493248196 0.4472516442 0.6026636185 0.5714063105 0.8136025911 0.9291649510 0.6324285551 0.5545728705 0.8897724726 0.9244587849 0.0552393219 0.5722324399 0.8582331233 0.7953778206
0.0822240884 0.6252148555 0.4685983121 0.2868480686 0.2491672267 0.8493248196 0.0000000000 0.7001828089 0.2904770128 0.5306835833 0.4661089602 0.3531438726 0.2323707297 0.5240371255 0.0907984630 0.7100868961 0.4604670987 0.8565788606 0.0010042822 0.0250325412
0.8212558973 0.3527668583 0.2349538800 0.7785547851 0.7048601716 0.4472516442 0.7001828089 0.0000000000 0.6227611197 0.0978428179 0.3156707821 0.3800069014 0.5542454674 0.2030985030 0.0351892903 0.0442781548 0.8303411974 0.0940007058 0.6608352708 0.9614857724
0.5356971424 0.4526894158 0.8584924184 0.8132709042 0.4857474141 0.6026636185 0.2904770128 0.6227611197 0.0000000000 0.1538256918 0.5088708301 0.3818483711 0.0058061433 0.2234814397 0.6392416533 0.6546492441 0.2820872132 0.7805411634 0.5937115593 0.5621627880
0.7016588824 0.8320164356 0.8107182334 0.2908657368 0.6558618886 0.5714063105 0.5306835833 0.0978428179 0.1538256918 0.0000000000 0.4099242519 0.8581064284 0.7858188054 0.6859445740 0.4279376683 0.8690680078 0.9295597064 0.3497833709 0.6820530291 0.0596584520
0.4944474116 0.3637563614 0.6034239224 0.6566106746 0.5663584900 0.8136025911 0.4661089602 0.3156707821 0.5088708301 0.4099242519 0.0000000000 0.4443392569 0.0006794465 0.8203721298 0.0286183499 0.7205566871 0.1815751256 0.8072636356 0.4660595506 0.8776920529
0.3427993402 0.2119850633 0.3040890523 0.6597379905 0.6635655794 0.9291649510 0.3531438726 0.3800069014 0.3818483711 0.8581064284 0.4443392569 0.0000000000 0.0199399656 0.6905902457 0.0014602622 0.3586747986 0.4072902088 0.7085288360 0.0668283339 0.9474785634
0.6508430385 0.1775385050 0.6345962849 0.4662957867 0.8339951470 0.6324285551 0.2323707297 0.5542454674 0.0058061433 0.7858188054 0.0006794465 0.0199399656 0.0000000000 0.0769483831 0.2062289160 0.9789206174 0.5713010859 0.6008252685 0.7475937578 0.0235079801
0.6451576042 0.5385131985 0.0456020726 0.5928079562 0.4013335218 0.5545728705 0.5240371255 0.2030985030 0.2234814397 0.6859445740 0.8203721298 0.6905902457 0.0769483831 0.0000000000 0.5543516290 0.9207337292 0.7537577002 0.1850270526 0.8271831648 0.4057194662
0.4559405609 0.7995942354 0.3415648338 0.4048111426 0.4627322798 0.8897724726 0.0907984630 0.0351892903 0.6392416533 0.4279376683 0.0286183499 0.0014602622 0.2062289160 0.5543516290 0.0000000000 0.9773723759 0.3065612890 0.9636695286 0.5841213455 0.1306030937
0.0052026522 0.2116205826 0.8290110661 0.2206011985 0.2650446884 0.9244587849 0.7100868961 0.0442781548 0.6546492441 0.8690680078 0.7205566871 0.3586747986 0.9789206174 0.9207337292 0.9773723759 0.0000000000 0.8879454367 0.8171430608 0.6375496089 0.0247763732
0.6827686800 0.8067007705 0.8488297853 0.9403864039 0.4328588776 0.0552393219 0.4604670987 0.8303411974 0.2820872132 0.9295597064 0.1815751256 0.4072902088 0.5713010859 0.7537577002 0.3065612890 0.8879454367 0.0000000000 0.4338894758 0.9578711879 0.4636975499
0.5813434175 0.6417710568 0.7250731155 0.0542409230 0.5639737094 0.5722324399 0.8565788606 0.0940007058 0.7805411634 0.3497833709 0.8072636356 0.7085288360 0.6008252685 0.1850270526 0.9636695286 0.8171430608 0.4338894758 0.0000000000 0.6509082742 0.2493689072
0.2858914328 0.3363364664 0.5568534527 0.6926083713 0.4165821609 0.8582331233 0.0010042822 0.6608352708 0.5937115593 0.6820530291 0.4660595506 0.0668283339 0.7475937578 0.8271831648 0.5841213455 0.6375496089 0.9578711879 0.6509082742 0.0000000000 0.0759653292
0.4893046679 0.7729310487 0.1793121408 0.5791868774 0.2252126557 0.7953778206 0.0250325412 0.9614857724 0.5621627880 0.0596584520 0.8776920529 0.9474785634 0.0235079801 0.4057194662 0.1306030937 0.0247763732 0.4636975499 0.2493689072 0.0759653292 0.0000000000
