# Graph size: 20
# Optimal cost: 1.064668962926274

# Distance Matrix
0.0 0.9741635179766293 0.9366754785912579 0.31339352979346335 0.9607930234281875 0.6286304987396798 4.7944293075374844E-4 0.825345762539877 0.6807680421357608 0.292542180723362 0.24842603671842867 0.3415174685997182 0.4444066577684991 0.9681764498646893 0.22826153282554162 0.43397171419284053 0.24079235787261788 0.09738424856564742 0.5496401796351444 0.6186556756515569
0.9741635179766293 0.0 0.2037472307765904 0.653101646281767 0.45108994598887875 0.5062509022002827 0.31481488258900747 0.7763644298161065 0.13157391630874227 0.6013243812198931 0.8287403573453825 0.867791531079229 0.2412098754133063 0.2568915522520747 0.8711845877975538 0.6841047469176899 0.7938730627567034 0.9487280715799444 0.16720004071941152 0.9131040376877795
0.9366754785912579 0.2037472307765904 0.0 0.1638226587755668 0.47224427724661844 0.3990330650131225 0.9046190562672232 0.7591555845892551 0.8844623967446907 0.26310792721283927 0.7203094257307059 0.42680582278727675 0.014613647588121004 0.8985861221807786 0.43178734066327695 0.6369711980597477 0.14909837369779178 0.9936839160012744 0.6443881617928823 0.019263911900431308
0.31339352979346335 0.653101646281767 0.1638226587755668 0.0 0.060029279452056605 0.5409700510113689 0.5530159883478154 0.8785448240375349 0.8913043570717712 0.9091545367942278 0.4468426660599125 0.9053160643457646 0.5421325348476584 0.6264187340250427 0.47124041044682496 0.4137098969969325 0.09516167179728541 0.029125482118001034 0.6281797925853186 0.08952664493398843
0.9607930234281875 0.45108994598887875 0.47224427724661844 0.060029279452056605 0.0 0.5248352588571252 0.71978797244457 0.45042620332879946 0.4114378328643392 0.3913304467245112 0.5994641184199662 0.5202197821807193 0.6203851732694132 0.4764067894414177 0.0922830174742566 0.01972505122408852 0.3553700526978645 0.3497217598093053 0.06359875760480427 0.7983881757072931
0.6286304987396798 0.5062509022002827 0.3990330650131225 0.5409700510113689 0.5248352588571252 0.0 0.8482419238612023 0.6676452852127182 0.8483059468766343 0.021441642679211337 0.8757586052712288 0.6013324476006572 0.7521405802688896 0.3241468812488878 0.5041051313079562 0.1667899716418788 0.3663286980193743 0.5379679973548191 0.029221778085700145 0.38689859276453986
4.7944293075374844E-4 0.31481488258900747 0.9046190562672232 0.5530159883478154 0.71978797244457 0.8482419238612023 0.0 0.044734493054485625 0.4777205923724265 0.4157065868228118 0.15383016483641632 0.9326984663598271 0.9828411861687645 0.9677208665417002 0.38002439255796683 0.008045429788128167 0.39127505642977867 0.9272411643939822 0.5268677106102816 0.6972812432867321
0.825345762539877 0.7763644298161065 0.7591555845892551 0.8785448240375349 0.45042620332879946 0.6676452852127182 0.044734493054485625 0.0 0.8910808934470259 0.18816437903513772 0.8824420271075903 0.7637859243394466 0.7427030101271345 0.3391872938159194 0.02318872033270336 0.3298501948359208 0.1939630201507826 0.8040459892711328 0.7390594017700017 0.0906915766235078
0.6807680421357608 0.13157391630874227 0.8844623967446907 0.8913043570717712 0.4114378328643392 0.8483059468766343 0.4777205923724265 0.8910808934470259 0.0 0.02017445267940321 0.9346138965342853 0.32770117422211 0.00612473715594386 0.01338560547903378 0.5305223570979963 0.5704516730007115 0.014350589860221308 0.41760721533670775 0.40838064507771776 0.8913943853311375
0.292542180723362 0.6013243812198931 0.26310792721283927 0.9091545367942278 0.3913304467245112 0.021441642679211337 0.4157065868228118 0.18816437903513772 0.02017445267940321 0.0 0.6023669282840591 0.2609831839586718 0.32433722601167725 0.17045273910497605 0.3887933225110548 0.7712142666324976 0.7656375165049979 0.43247673842653356 0.22744102465792926 0.5771460117835948
0.24842603671842867 0.8287403573453825 0.7203094257307059 0.4468426660599125 0.5994641184199662 0.8757586052712288 0.15383016483641632 0.8824420271075903 0.9346138965342853 0.6023669282840591 0.0 0.8699978962817998 0.16650329820144305 0.7237486365036286 0.1972839282071871 0.006029673626155585 0.3428479130768053 0.47124285917637054 0.39510036147115635 0.35361037009079366
0.3415174685997182 0.867791531079229 0.42680582278727675 0.9053160643457646 0.5202197821807193 0.6013324476006572 0.9326984663598271 0.7637859243394466 0.32770117422211 0.2609831839586718 0.8699978962817998 0.0 0.2904112598910118 0.7614727243941174 0.34134917978652257 0.16001453104521113 0.472561803985743 0.9984049860920475 0.16520593861792554 0.21577952840756098
0.4444066577684991 0.2412098754133063 0.014613647588121004 0.5421325348476584 0.6203851732694132 0.7521405802688896 0.9828411861687645 0.7427030101271345 0.00612473715594386 0.32433722601167725 0.16650329820144305 0.2904112598910118 0.0 0.8571811949182656 0.5570571598251232 0.3989024591365834 0.49369654059419155 0.014936429841054366 0.36618400368029747 0.024627014703827332
0.9681764498646893 0.2568915522520747 0.8985861221807786 0.6264187340250427 0.4764067894414177 0.3241468812488878 0.9677208665417002 0.3391872938159194 0.01338560547903378 0.17045273910497605 0.7237486365036286 0.7614727243941174 0.8571811949182656 0.0 0.8249804050191849 0.2995688402858716 0.06612206999578574 0.31781199401358806 0.9485865457555374 0.4649670511668228
0.22826153282554162 0.8711845877975538 0.43178734066327695 0.47124041044682496 0.0922830174742566 0.5041051313079562 0.38002439255796683 0.02318872033270336 0.5305223570979963 0.3887933225110548 0.1972839282071871 0.34134917978652257 0.5570571598251232 0.8249804050191849 0.0 0.1954362309349763 0.44753324777025116 0.26280695469502424 0.8560168896238906 0.4938008839291531
0.43397171419284053 0.6841047469176899 0.6369711980597477 0.4137098969969325 0.01972505122408852 0.1667899716418788 0.008045429788128167 0.3298501948359208 0.5704516730007115 0.7712142666324976 0.006029673626155585 0.16001453104521113 0.3989024591365834 0.2995688402858716 0.1954362309349763 0.0 0.8425962879972498 0.132691515314021 0.8736987660972809 0.07358802257564001
0.24079235787261788 0.7938730627567034 0.14909837369779178 0.09516167179728541 0.3553700526978645 0.3663286980193743 0.39127505642977867 0.1939630201507826 0.014350589860221308 0.7656375165049979 0.3428479130768053 0.472561803985743 0.49369654059419155 0.06612206999578574 0.44753324777025116 0.8425962879972498 0.0 0.6609865986566809 0.6625045373688959 0.7596284215505157
0.09738424856564742 0.9487280715799444 0.9936839160012744 0.029125482118001034 0.3497217598093053 0.5379679973548191 0.9272411643939822 0.8040459892711328 0.41760721533670775 0.43247673842653356 0.47124285917637054 0.9984049860920475 0.014936429841054366 0.31781199401358806 0.26280695469502424 0.132691515314021 0.6609865986566809 0.0 0.9089227713204129 0.31071246194972324
0.5496401796351444 0.16720004071941152 0.6443881617928823 0.6281797925853186 0.06359875760480427 0.029221778085700145 0.5268677106102816 0.7390594017700017 0.40838064507771776 0.22744102465792926 0.39510036147115635 0.16520593861792554 0.36618400368029747 0.9485865457555374 0.8560168896238906 0.8736987660972809 0.6625045373688959 0.9089227713204129 0.0 0.42934125996613226
0.6186556756515569 0.9131040376877795 0.019263911900431308 0.08952664493398843 0.7983881757072931 0.38689859276453986 0.6972812432867321 0.0906915766235078 0.8913943853311375 0.5771460117835948 0.35361037009079366 0.21577952840756098 0.024627014703827332 0.4649670511668228 0.4938008839291531 0.07358802257564001 0.7596284215505157 0.31071246194972324 0.42934125996613226 0.0

# Optimal Walk
0 15 10 11 18 5 9 16 13 8 1 12 19 2 17 3 4 14 7 6 0
