# MCW Instance
# Type: UNIFORM
# N: 20
# Optimal cost: 1.7100367970974801
# Optimal tour (permutation): [0, 11, 16, 12, 7, 3, 17, 2, 10, 19, 15, 4, 14, 6, 13, 1, 5, 8, 18, 9, 0]
# Optimal walk (full path): [0, 11, 0, 16, 12, 3, 7, 3, 17, 2, 10, 19, 15, 4, 14, 6, 13, 1, 8, 5, 8, 18, 9, 16, 0]
# Walk size: 25
# Is walk (has repeats): true

# Distance Matrix
0.0000000000 0.1410610357 0.2497359694 0.6821564032 0.1866005609 0.6501223359 0.4299569597 0.3989232385 0.6873901604 0.5988968973 0.1691460542 0.0424307801 0.5025731436 0.2774133985 0.7607329474 0.3442291173 0.0282807690 0.6822299972 0.7173039224 0.5159456450
0.1410610357 0.0000000000 0.9787115609 0.2307588809 0.1335408467 0.6689820751 0.5663391414 0.2024445167 0.1133927498 0.4146935257 0.6664119454 0.3182025430 0.6623899219 0.0686637810 0.8983928219 0.9642536552 0.8922986788 0.2430433291 0.8938999934 0.4424628454
0.2497359694 0.9787115609 0.0000000000 0.8628541803 0.2525171907 0.8888755065 0.2865213129 0.8940985655 0.6823223072 0.1771207130 0.1217848639 0.7228892940 0.6708347890 0.8930030850 0.7663086422 0.4484329369 0.9445996510 0.0530522033 0.2715957027 0.8142380836
0.6821564032 0.2307588809 0.8628541803 0.0000000000 0.4102766907 0.7793269983 0.3838021591 0.0076702105 0.1558280660 0.1518503642 0.4696193024 0.8233304300 0.0423746050 0.1930714735 0.2957792302 0.7327690650 0.6784992994 0.0742300212 0.1771068120 0.1305842317
0.1866005609 0.1335408467 0.2525171907 0.4102766907 0.0000000000 0.4603782388 0.7516605225 0.9152677409 0.7857444405 0.5339704418 0.8904894460 0.6388392017 0.3170133552 0.9896001970 0.1138412280 0.1250554376 0.3326440803 0.3346164590 0.3275840205 0.4345579377
0.6501223359 0.6689820751 0.8888755065 0.7793269983 0.4603782388 0.0000000000 0.7270490681 0.3064156337 0.1138094940 0.7227059666 0.5109413524 0.3859660092 0.9606555231 0.9044800738 0.4664810011 0.9510729434 0.4017443749 0.4447373344 0.8652509721 0.8689761860
0.4299569597 0.5663391414 0.2865213129 0.3838021591 0.7516605225 0.7270490681 0.0000000000 0.9754231818 0.9215542739 0.4644241053 0.4694717699 0.2821574953 0.1676192808 0.0052736850 0.2626027730 0.3178428894 0.7331135775 0.4782176289 0.4690645530 0.6914635182
0.3989232385 0.2024445167 0.8940985655 0.0076702105 0.9152677409 0.3064156337 0.9754231818 0.0000000000 0.1332456867 0.4898762263 0.4168220915 0.2974406448 0.8445815481 0.1701625417 0.1240378249 0.5061781959 0.2965384400 0.1912126816 0.9362608989 0.9607265930
0.6873901604 0.1133927498 0.6823223072 0.1558280660 0.7857444405 0.1138094940 0.9215542739 0.1332456867 0.0000000000 0.1678878479 0.6350035738 0.9149295284 0.6231499249 0.1428387688 0.6427936934 0.7845902039 0.8010958677 0.9072494678 0.0070621111 0.6378387098
0.5988968973 0.4146935257 0.1771207130 0.1518503642 0.5339704418 0.7227059666 0.4644241053 0.4898762263 0.1678878479 0.0000000000 0.5032314794 0.5727425196 0.1254097490 0.2698397917 0.6216225454 0.9049740528 0.0259262544 0.9683836284 0.1197977040 0.7020354697
0.1691460542 0.6664119454 0.1217848639 0.4696193024 0.8904894460 0.5109413524 0.4694717699 0.4168220915 0.6350035738 0.5032314794 0.0000000000 0.4948145248 0.8207890936 0.6171528740 0.4199413350 0.6896042482 0.1155647764 0.5035158024 0.6743850551 0.0050748737
0.0424307801 0.3182025430 0.7228892940 0.8233304300 0.6388392017 0.3859660092 0.2821574953 0.2974406448 0.9149295284 0.5727425196 0.4948145248 0.0000000000 0.2145912612 0.9921040498 0.5614191211 0.3740474436 0.3506887546 0.3247743237 0.8344446270 0.6314935561
0.5025731436 0.6623899219 0.6708347890 0.0423746050 0.3170133552 0.9606555231 0.1676192808 0.8445815481 0.6231499249 0.1254097490 0.8207890936 0.2145912612 0.0000000000 0.1657861927 0.6803748772 0.8508699735 0.0479493682 0.4465096692 0.2051769093 0.8590265932
0.2774133985 0.0686637810 0.8930030850 0.1930714735 0.9896001970 0.9044800738 0.0052736850 0.1701625417 0.1428387688 0.2698397917 0.6171528740 0.9921040498 0.1657861927 0.0000000000 0.6470109224 0.4368590794 0.9837744568 0.6344048318 0.4617266561 0.3117439122
0.7607329474 0.8983928219 0.7663086422 0.2957792302 0.1138412280 0.4664810011 0.2626027730 0.1240378249 0.6427936934 0.6216225454 0.4199413350 0.5614191211 0.6803748772 0.6470109224 0.0000000000 0.6995074601 0.6940006563 0.4559918627 0.8805005106 0.1953751564
0.3442291173 0.9642536552 0.4484329369 0.7327690650 0.1250554376 0.9510729434 0.3178428894 0.5061781959 0.7845902039 0.9049740528 0.6896042482 0.3740474436 0.8508699735 0.4368590794 0.6995074601 0.0000000000 0.3185398992 0.4395885667 0.3561146568 0.1395726306
0.0282807690 0.8922986788 0.9445996510 0.6784992994 0.3326440803 0.4017443749 0.7331135775 0.2965384400 0.8010958677 0.0259262544 0.1155647764 0.3506887546 0.0479493682 0.9837744568 0.6940006563 0.3185398992 0.0000000000 0.3945733779 0.9393043132 0.0737246994
0.6822299972 0.2430433291 0.0530522033 0.0742300212 0.3346164590 0.4447373344 0.4782176289 0.1912126816 0.9072494678 0.9683836284 0.5035158024 0.3247743237 0.4465096692 0.6344048318 0.4559918627 0.4395885667 0.3945733779 0.0000000000 0.5241961800 0.6519130319
0.7173039224 0.8938999934 0.2715957027 0.1771068120 0.3275840205 0.8652509721 0.4690645530 0.9362608989 0.0070621111 0.1197977040 0.6743850551 0.8344446270 0.2051769093 0.4617266561 0.8805005106 0.3561146568 0.9393043132 0.5241961800 0.0000000000 0.6536010049
0.5159456450 0.4424628454 0.8142380836 0.1305842317 0.4345579377 0.8689761860 0.6914635182 0.9607265930 0.6378387098 0.7020354697 0.0050748737 0.6314935561 0.8590265932 0.3117439122 0.1953751564 0.1395726306 0.0737246994 0.6519130319 0.6536010049 0.0000000000
