# MCW Instance
# Type: UNIFORM
# N: 20
# Optimal cost: 1.8528574593060656
# Optimal tour (permutation): [0, 15, 13, 5, 19, 2, 4, 11, 17, 12, 7, 8, 9, 6, 14, 3, 18, 16, 1, 10, 0]
# Optimal walk (full path): [0, 15, 13, 5, 13, 15, 2, 19, 2, 4, 11, 17, 12, 7, 8, 9, 6, 14, 3, 18, 16, 18, 1, 10, 0]
# Walk size: 25
# Is walk (has repeats): true

# Distance Matrix
0.0000000000 0.8159905991 0.4310911940 0.6660275862 0.7867880445 0.2872421501 0.8722299435 0.6280618902 0.9604336949 0.8194493455 0.0968450489 0.7139109475 0.5328291638 0.4719241795 0.6222341588 0.0814221446 0.9101061218 0.3046216768 0.1852708373 0.1737426768
0.8159905991 0.0000000000 0.9220356063 0.8352711033 0.6844919127 0.5692162700 0.4842313638 0.9987815920 0.6837624238 0.4361087204 0.1291970755 0.5759939938 0.7231544022 0.2120657971 0.4492172023 0.6848266221 0.9102144800 0.5198087020 0.1122542203 0.3340900440
0.4310911940 0.9220356063 0.0000000000 0.5235844629 0.0034238154 0.2614299214 0.2287217102 0.6509780260 0.7237047403 0.7893322502 0.9849185112 0.2048056861 0.9863567308 0.1903030948 0.6646213650 0.0112795353 0.9934748960 0.4370266556 0.0710330019 0.0526179422
0.6660275862 0.8352711033 0.5235844629 0.0000000000 0.5065587085 0.6021520563 0.5603261927 0.3570096378 0.7884279381 0.7513478362 0.2194264821 0.4772858300 0.4517554857 0.9711001800 0.1357302273 0.9767876157 0.4835351710 0.2627305962 0.1418448903 0.8497058238
0.7867880445 0.6844919127 0.0034238154 0.5065587085 0.0000000000 0.6376534698 0.4335231169 0.8569152492 0.3432081068 0.5918358714 0.0465147940 0.0658261035 0.2199590492 0.7505905145 0.9524175093 0.4785481460 0.1021761438 0.3423724863 0.9203034988 0.6941201554
0.2872421501 0.5692162700 0.2614299214 0.6021520563 0.6376534698 0.0000000000 0.1721552438 0.5070447002 0.4081001570 0.7572380771 0.1692368756 0.3988119383 0.5696048767 0.0401469430 0.3194747058 0.9401570716 0.1816439556 0.3085090301 0.5618061376 0.7539091396
0.8722299435 0.4842313638 0.2287217102 0.5603261927 0.4335231169 0.1721552438 0.0000000000 0.2931638079 0.7371479247 0.1933140495 0.9734251118 0.0474571108 0.3300445063 0.8462081056 0.0849690077 0.3093900004 0.6686878890 0.5304424110 0.6917224240 0.4414113905
0.6280618902 0.9987815920 0.6509780260 0.3570096378 0.8569152492 0.5070447002 0.2931638079 0.0000000000 0.1638604509 0.3284264148 0.1054634781 0.8152882681 0.0181630220 0.2120739344 0.9698018082 0.4209262220 0.9200625950 0.3674748677 0.6979592356 0.2392976707
0.9604336949 0.6837624238 0.7237047403 0.7884279381 0.3432081068 0.4081001570 0.7371479247 0.1638604509 0.0000000000 0.0849716271 0.3587632462 0.3684371073 0.8834143754 0.6348445384 0.4402939419 0.8635129776 0.3794455634 0.4650036009 0.3350297709 0.4583607200
0.8194493455 0.4361087204 0.7893322502 0.7513478362 0.5918358714 0.7572380771 0.1933140495 0.3284264148 0.0849716271 0.0000000000 0.8594958548 0.6853828227 0.8370796292 0.7726900889 0.3682227700 0.4431051720 0.6676173660 0.9821526234 0.9473859976 0.4342851531
0.0968450489 0.1291970755 0.9849185112 0.2194264821 0.0465147940 0.1692368756 0.9734251118 0.1054634781 0.3587632462 0.8594958548 0.0000000000 0.1159503944 0.4533632056 0.6555862768 0.6951747934 0.1312954473 0.5142373944 0.2048643220 0.3262482635 0.6958590002
0.7139109475 0.5759939938 0.2048056861 0.4772858300 0.0658261035 0.3988119383 0.0474571108 0.8152882681 0.3684371073 0.6853828227 0.1159503944 0.0000000000 0.9004466890 0.4514955796 0.6475467609 0.5061078247 0.5291453023 0.0652298923 0.9095812934 0.2166550541
0.5328291638 0.7231544022 0.9863567308 0.4517554857 0.2199590492 0.5696048767 0.3300445063 0.0181630220 0.8834143754 0.8370796292 0.4533632056 0.9004466890 0.0000000000 0.6427234654 0.3193890137 0.0913186640 0.7599756634 0.0381939842 0.0936501083 0.5052512378
0.4719241795 0.2120657971 0.1903030948 0.9711001800 0.7505905145 0.0401469430 0.8462081056 0.2120739344 0.6348445384 0.7726900889 0.6555862768 0.4514955796 0.6427234654 0.0000000000 0.5452047176 0.0519203932 0.8620061030 0.8992788630 0.6605605451 0.2047464565
0.6222341588 0.4492172023 0.6646213650 0.1357302273 0.9524175093 0.3194747058 0.0849690077 0.9698018082 0.4402939419 0.3682227700 0.6951747934 0.6475467609 0.3193890137 0.5452047176 0.0000000000 0.6503085590 0.4961067034 0.5564739039 0.9291883685 0.6909627263
0.0814221446 0.6848266221 0.0112795353 0.9767876157 0.4785481460 0.9401570716 0.3093900004 0.4209262220 0.8635129776 0.4431051720 0.1312954473 0.5061078247 0.0913186640 0.0519203932 0.6503085590 0.0000000000 0.9430904474 0.0702941417 0.5982024868 0.7767584543
0.9101061218 0.9102144800 0.9934748960 0.4835351710 0.1021761438 0.1816439556 0.6686878890 0.9200625950 0.3794455634 0.6676173660 0.5142373944 0.5291453023 0.7599756634 0.8620061030 0.4961067034 0.9430904474 0.0000000000 0.4589359741 0.0684809040 0.1541435463
0.3046216768 0.5198087020 0.4370266556 0.2627305962 0.3423724863 0.3085090301 0.5304424110 0.3674748677 0.4650036009 0.9821526234 0.2048643220 0.0652298923 0.0381939842 0.8992788630 0.5564739039 0.0702941417 0.4589359741 0.0000000000 0.1214844750 0.5583876249
0.1852708373 0.1122542203 0.0710330019 0.1418448903 0.9203034988 0.5618061376 0.6917224240 0.6979592356 0.3350297709 0.9473859976 0.3262482635 0.9095812934 0.0936501083 0.6605605451 0.9291883685 0.5982024868 0.0684809040 0.1214844750 0.0000000000 0.4284806314
0.1737426768 0.3340900440 0.0526179422 0.8497058238 0.6941201554 0.7539091396 0.4414113905 0.2392976707 0.4583607200 0.4342851531 0.6958590002 0.2166550541 0.5052512378 0.2047464565 0.6909627263 0.7767584543 0.1541435463 0.5583876249 0.4284806314 0.0000000000
