# MCW Instance
# Type: UNIFORM
# N: 20
# Optimal cost: 1.3478975165768887
# Optimal tour (permutation): [0, 17, 5, 1, 19, 4, 9, 18, 16, 8, 7, 6, 15, 14, 3, 10, 2, 12, 13, 11, 0]
# Optimal walk (full path): [0, 17, 5, 1, 4, 19, 4, 9, 18, 16, 8, 7, 6, 16, 15, 14, 3, 10, 2, 12, 13, 11, 0]
# Walk size: 23
# Is walk (has repeats): true

# Distance Matrix
0.0000000000 0.4685457484 0.0879963724 0.6779736208 0.1817853992 0.2171911039 0.4987210961 0.1484785512 0.6774360065 0.3834227733 0.5556353218 0.0101548619 0.9207863646 0.4020344103 0.9094052129 0.6820867901 0.0823669756 0.1334956528 0.8304085060 0.4173908114
0.4685457484 0.0000000000 0.8160906411 0.2985316842 0.0509767334 0.0663673328 0.7453321325 0.0680841400 0.6985427708 0.1019819696 0.0586051825 0.7298261425 0.2459934102 0.4973073772 0.5791248902 0.2596315321 0.1643165419 0.2174067017 0.3219581465 0.3148740385
0.0879963724 0.8160906411 0.0000000000 0.7526706321 0.5422422605 0.7331284355 0.6361595738 0.4422940655 0.1725442465 0.5169554507 0.0950707775 0.7232106051 0.0871754907 0.2010743229 0.6577296707 0.7264761144 0.4183807880 0.3629928256 0.3474613039 0.4097512333
0.6779736208 0.2985316842 0.7526706321 0.0000000000 0.1904097159 0.7477096123 0.8845667031 0.2402734112 0.6273544696 0.3428297606 0.0571914619 0.2468407507 0.8776450259 0.8457790596 0.0345016653 0.3212092879 0.4254959938 0.8571314001 0.7718560135 0.6893446341
0.1817853992 0.0509767334 0.5422422605 0.1904097159 0.0000000000 0.1637008534 0.5647284849 0.3773894887 0.5442572871 0.0875208620 0.6451849082 0.8104001869 0.9346907932 0.8360175647 0.6025355213 0.5641580855 0.1377204576 0.8550293822 0.7881963402 0.0492304004
0.2171911039 0.0663673328 0.7331284355 0.7477096123 0.1637008534 0.0000000000 0.9083594134 0.7850941046 0.9020741313 0.2381451148 0.1955583527 0.7879710564 0.8615741437 0.7581910295 0.1415236339 0.9170179415 0.5434189657 0.0263785294 0.4400680614 0.3095291571
0.4987210961 0.7453321325 0.6361595738 0.8845667031 0.5647284849 0.9083594134 0.0000000000 0.0526061230 0.2090628531 0.4197475014 0.9332436084 0.8534960346 0.7584571442 0.5388254510 0.8545821566 0.3099353444 0.0292399359 0.3316470794 0.5127758435 0.9244857574
0.1484785512 0.0680841400 0.4422940655 0.2402734112 0.3773894887 0.7850941046 0.0526061230 0.0000000000 0.0106877691 0.2297928842 0.2818979142 0.8412417311 0.5232407980 0.0964214573 0.6819140338 0.9823846609 0.3231347227 0.7584998808 0.9602171140 0.5255356098
0.6774360065 0.6985427708 0.1725442465 0.6273544696 0.5442572871 0.9020741313 0.2090628531 0.0106877691 0.0000000000 0.4347105182 0.2991593526 0.4067137335 0.2971321280 0.6872383064 0.3812024713 0.6883821060 0.0564691600 0.8715696582 0.4128280294 0.6933217467
0.3834227733 0.1019819696 0.5169554507 0.3428297606 0.0875208620 0.2381451148 0.4197475014 0.2297928842 0.4347105182 0.0000000000 0.5757082036 0.1516583165 0.9379280497 0.8596673799 0.8830722277 0.3669663787 0.2358505911 0.7313411037 0.0296090041 0.6439990026
0.5556353218 0.0586051825 0.0950707775 0.0571914619 0.6451849082 0.1955583527 0.9332436084 0.2818979142 0.2991593526 0.5757082036 0.0000000000 0.7493116875 0.5304679220 0.2643186580 0.2986881796 0.6241778107 0.8653819813 0.5581056378 0.3560714676 0.3411301428
0.0101548619 0.7298261425 0.7232106051 0.2468407507 0.8104001869 0.7879710564 0.8534960346 0.8412417311 0.4067137335 0.1516583165 0.7493116875 0.0000000000 0.3035018129 0.0039296001 0.1396892682 0.1467608335 0.4299548888 0.7386932221 0.2903500891 0.7504398473
0.9207863646 0.2459934102 0.0871754907 0.8776450259 0.9346907932 0.8615741437 0.7584571442 0.5232407980 0.2971321280 0.9379280497 0.5304679220 0.3035018129 0.0000000000 0.1856831426 0.6818196765 0.2623899376 0.5433311763 0.7328624896 0.5661359560 0.8152789048
0.4020344103 0.4973073772 0.2010743229 0.8457790596 0.8360175647 0.7581910295 0.5388254510 0.0964214573 0.6872383064 0.8596673799 0.2643186580 0.0039296001 0.1856831426 0.0000000000 0.4172252612 0.8308216841 0.4485926299 0.2694040251 0.1133939772 0.7222461362
0.9094052129 0.5791248902 0.6577296707 0.0345016653 0.6025355213 0.1415236339 0.8545821566 0.6819140338 0.3812024713 0.8830722277 0.2986881796 0.1396892682 0.6818196765 0.4172252612 0.0000000000 0.1315147802 0.3270844165 0.9154636777 0.8273054240 0.6994924480
0.6820867901 0.2596315321 0.7264761144 0.3212092879 0.5641580855 0.9170179415 0.3099353444 0.9823846609 0.6883821060 0.3669663787 0.6241778107 0.1467608335 0.2623899376 0.8308216841 0.1315147802 0.0000000000 0.0733511373 0.4153407192 0.1224433899 0.6826836239
0.0823669756 0.1643165419 0.4183807880 0.4254959938 0.1377204576 0.5434189657 0.0292399359 0.3231347227 0.0564691600 0.2358505911 0.8653819813 0.4299548888 0.5433311763 0.4485926299 0.3270844165 0.0733511373 0.0000000000 0.3657509253 0.0275126956 0.9409222050
0.1334956528 0.2174067017 0.3629928256 0.8571314001 0.8550293822 0.0263785294 0.3316470794 0.7584998808 0.8715696582 0.7313411037 0.5581056378 0.7386932221 0.7328624896 0.2694040251 0.9154636777 0.4153407192 0.3657509253 0.0000000000 0.1942163359 0.1984092599
0.8304085060 0.3219581465 0.3474613039 0.7718560135 0.7881963402 0.4400680614 0.5127758435 0.9602171140 0.4128280294 0.0296090041 0.3560714676 0.2903500891 0.5661359560 0.1133939772 0.8273054240 0.1224433899 0.0275126956 0.1942163359 0.0000000000 0.9045882240
0.4173908114 0.3148740385 0.4097512333 0.6893446341 0.0492304004 0.3095291571 0.9244857574 0.5255356098 0.6933217467 0.6439990026 0.3411301428 0.7504398473 0.8152789048 0.7222461362 0.6994924480 0.6826836239 0.9409222050 0.1984092599 0.9045882240 0.0000000000
