# Graph size: 20
# Optimal cost: 2.1803458288814648

# Distance Matrix
0.0 0.7698904925306553 0.38614842229342705 0.31196648973073193 0.1065291665822573 0.8149757257935916 0.0653252969530459 0.8809012083442966 0.6478953966847201 0.9382054810704529 0.1947843891543949 0.5683869658363223 0.37374290328488324 0.3964365971817967 0.4402906681240444 0.7953823395936617 0.6356020611714488 0.8972995929533325 0.41034453826543604 0.6131920718269822
0.7698904925306553 0.0 0.881824830781619 0.7617341681538726 0.5006796321237621 0.4773652373409316 0.7843017408064539 0.8126150030031843 0.7697597476791491 0.6344182484359717 0.5423116952369049 0.3217740832366711 0.4405201412210059 0.4502699773264872 0.849862946573714 0.16120173178368735 0.5386381087727078 0.5883788764094678 0.31854799433102754 0.8989353785841371
0.38614842229342705 0.881824830781619 0.0 0.12390568396286683 0.8059230218247164 0.9848492710488675 0.9561220273699728 0.5488176101093957 0.27796570138300747 0.8989962816946849 0.09896608597326162 0.18727583013077953 0.7824008435506594 0.6918893649568949 0.4777516206170579 0.11635121560876716 0.7825738374362303 0.4472686583742237 0.14485420936833793 0.30533229305525245
0.31196648973073193 0.7617341681538726 0.12390568396286683 0.0 0.42982530181924683 0.16822152788733358 0.48463423832654073 0.9688300662414949 0.7748064552619615 0.6202856247844718 0.2703300058322391 0.8744961137081015 0.024266766997106615 0.35781844028608933 0.1265456879325274 0.5609516110738562 0.5091156073376696 0.29596878325577025 0.02065571490498319 0.6178128562161732
0.1065291665822573 0.5006796321237621 0.8059230218247164 0.42982530181924683 0.0 0.1399116933667801 0.2774992215970824 0.03242348832635067 0.40723834472385145 0.5175353183870827 0.7018732442571624 0.05835931642881387 0.8652117544915161 0.5396502415625535 0.43343405110014543 0.29581863611253223 0.3108137707893962 0.29766314765083834 0.88616654677731 0.3215682895767087
0.8149757257935916 0.4773652373409316 0.9848492710488675 0.16822152788733358 0.1399116933667801 0.0 0.5130251110261214 0.29424086676458194 0.3944485139666737 0.3305254595638055 0.6171419314122504 0.5280465524196257 0.722359670273611 0.6325997220955465 0.916674163217671 0.7902076600750255 0.8385332592567313 0.819046112314751 0.8716361167097461 0.5961304307120499
0.0653252969530459 0.7843017408064539 0.9561220273699728 0.48463423832654073 0.2774992215970824 0.5130251110261214 0.0 0.8891969710228309 0.10446304799464778 0.22042768102151278 0.5366268749751373 0.6389656033878908 0.22654560690779257 0.5100439659559085 0.47392171806525996 0.5171109853621729 0.9429316211298903 0.8781397124609767 0.9309588658712785 0.8064491053837656
0.8809012083442966 0.8126150030031843 0.5488176101093957 0.9688300662414949 0.03242348832635067 0.29424086676458194 0.8891969710228309 0.0 0.6029539178793689 0.46051437307835397 0.22652766218973153 0.44264846326751905 0.49183936566121045 0.3688724204162849 0.39408174396892925 0.3536775611679981 0.6458713152703472 0.7862528495590155 0.6887239112265642 0.2622737759234456
0.6478953966847201 0.7697597476791491 0.27796570138300747 0.7748064552619615 0.40723834472385145 0.3944485139666737 0.10446304799464778 0.6029539178793689 0.0 0.6192588523947229 0.3613105240817207 0.534682865723961 0.3987294953657261 0.24693312297236658 0.7476715396160426 0.09470849546630278 0.6269560681823244 0.7922168110192714 0.8308733704676914 0.25316448146198267
0.9382054810704529 0.6344182484359717 0.8989962816946849 0.6202856247844718 0.5175353183870827 0.3305254595638055 0.22042768102151278 0.46051437307835397 0.6192588523947229 0.0 0.07369945631726071 0.9942902490586942 0.912940056467186 0.6961982331484143 0.4689463070176939 0.4376036731178037 0.8834312610960617 0.9452198605807012 0.05497243863515633 0.3538616750607
0.1947843891543949 0.5423116952369049 0.09896608597326162 0.2703300058322391 0.7018732442571624 0.6171419314122504 0.5366268749751373 0.22652766218973153 0.3613105240817207 0.07369945631726071 0.0 0.19584364002581967 0.6540235880463646 0.1021505745174709 0.43693310380931694 0.2895316941869439 0.2152360644639153 0.781547582547214 0.5020151246786639 0.9498543354433339
0.5683869658363223 0.3217740832366711 0.18727583013077953 0.8744961137081015 0.05835931642881387 0.5280465524196257 0.6389656033878908 0.44264846326751905 0.534682865723961 0.9942902490586942 0.19584364002581967 0.0 0.7383783976987174 0.3875058235774109 0.8526079306372539 0.9830424380579625 0.7596794972575711 0.6778174520048575 0.03233222554789039 0.497322147334465
0.37374290328488324 0.4405201412210059 0.7824008435506594 0.024266766997106615 0.8652117544915161 0.722359670273611 0.22654560690779257 0.49183936566121045 0.3987294953657261 0.912940056467186 0.6540235880463646 0.7383783976987174 0.0 0.6228804776394594 0.40476415426774526 0.23334859892345028 0.028117058781278126 0.33062088992423433 0.9472091227558088 0.009114466505230956
0.3964365971817967 0.4502699773264872 0.6918893649568949 0.35781844028608933 0.5396502415625535 0.6325997220955465 0.5100439659559085 0.3688724204162849 0.24693312297236658 0.6961982331484143 0.1021505745174709 0.3875058235774109 0.6228804776394594 0.0 0.7226919361545242 0.807599751455972 0.3220922686176584 0.09644058455525162 0.8083897358630018 0.9395553336363476
0.4402906681240444 0.849862946573714 0.4777516206170579 0.1265456879325274 0.43343405110014543 0.916674163217671 0.47392171806525996 0.39408174396892925 0.7476715396160426 0.4689463070176939 0.43693310380931694 0.8526079306372539 0.40476415426774526 0.7226919361545242 0.0 0.7530933451076008 0.09028603300899218 0.608652363364578 0.4562096065540471 0.4048919904271797
0.7953823395936617 0.16120173178368735 0.11635121560876716 0.5609516110738562 0.29581863611253223 0.7902076600750255 0.5171109853621729 0.3536775611679981 0.09470849546630278 0.4376036731178037 0.2895316941869439 0.9830424380579625 0.23334859892345028 0.807599751455972 0.7530933451076008 0.0 0.43445679656735736 0.4423051007489932 0.711674383003077 0.8533679753279496
0.6356020611714488 0.5386381087727078 0.7825738374362303 0.5091156073376696 0.3108137707893962 0.8385332592567313 0.9429316211298903 0.6458713152703472 0.6269560681823244 0.8834312610960617 0.2152360644639153 0.7596794972575711 0.028117058781278126 0.3220922686176584 0.09028603300899218 0.43445679656735736 0.0 0.6923499200148772 0.8441233596586986 0.6824184011298527
0.8972995929533325 0.5883788764094678 0.4472686583742237 0.29596878325577025 0.29766314765083834 0.819046112314751 0.8781397124609767 0.7862528495590155 0.7922168110192714 0.9452198605807012 0.781547582547214 0.6778174520048575 0.33062088992423433 0.09644058455525162 0.608652363364578 0.4423051007489932 0.6923499200148772 0.0 0.35524817257502606 0.3441114377389103
0.41034453826543604 0.31854799433102754 0.14485420936833793 0.02065571490498319 0.88616654677731 0.8716361167097461 0.9309588658712785 0.6887239112265642 0.8308733704676914 0.05497243863515633 0.5020151246786639 0.03233222554789039 0.9472091227558088 0.8083897358630018 0.4562096065540471 0.711674383003077 0.8441233596586986 0.35524817257502606 0.0 0.678489700953675
0.6131920718269822 0.8989353785841371 0.30533229305525245 0.6178128562161732 0.3215682895767087 0.5961304307120499 0.8064491053837656 0.2622737759234456 0.25316448146198267 0.3538616750607 0.9498543354433339 0.497322147334465 0.009114466505230956 0.9395553336363476 0.4048919904271797 0.8533679753279496 0.6824184011298527 0.3441114377389103 0.678489700953675 0.0

# Optimal Walk
0 6 8 15 1 2 17 13 10 9 18 11 14 16 12 19 3 5 7 4 0
