# MCW Instance
# Type: UNIFORM
# N: 11
# Optimal cost: 1.2297379256354317
# Optimal tour (permutation): [0, 9, 3, 6, 8, 5, 2, 10, 4, 1, 7, 0]
# Optimal walk (full path): [0, 9, 3, 6, 8, 5, 8, 2, 10, 4, 1, 4, 8, 7, 0]
# Walk size: 15
# Is walk (has repeats): true

# Distance Matrix
0.0000000000 0.3468877855 0.2984154327 0.7539257942 0.8853154949 0.9906120124 0.1825634026 0.1475844985 0.4101904328 0.0350512762 0.3057956822
0.3468877855 0.0000000000 0.4019427680 0.8903989701 0.0178528816 0.6599082015 0.8613489905 0.8431755410 0.1111153831 0.3052730111 0.4907080561
0.2984154327 0.4019427680 0.0000000000 0.4184880436 0.9306659997 0.7824116658 0.9061985638 0.9477806730 0.1231250841 0.3264795725 0.1632845915
0.7539257942 0.8903989701 0.4184880436 0.0000000000 0.6829718991 0.9829856929 0.0717031567 0.7695820196 0.7726130485 0.1029124536 0.7853515849
0.8853154949 0.0178528816 0.9306659997 0.6829718991 0.0000000000 0.9067406770 0.2652772970 0.5926906012 0.0546130251 0.6433551612 0.2046624478
0.9906120124 0.6599082015 0.7824116658 0.9829856929 0.9067406770 0.0000000000 0.7157328811 0.2647851469 0.0000192279 0.6865553636 0.8867781133
0.1825634026 0.8613489905 0.9061985638 0.0717031567 0.2652772970 0.7157328811 0.0000000000 0.1534781449 0.0879891868 0.0847197678 0.8503920888
0.1475844985 0.8431755410 0.9477806730 0.7695820196 0.5926906012 0.2647851469 0.1534781449 0.0000000000 0.2030679865 0.1845244921 0.5209332523
0.4101904328 0.1111153831 0.1231250841 0.7726130485 0.0546130251 0.0000192279 0.0879891868 0.2030679865 0.0000000000 0.5171080320 0.6424264071
0.0350512762 0.3052730111 0.3264795725 0.1029124536 0.6433551612 0.6865553636 0.0847197678 0.1845244921 0.5171080320 0.0000000000 0.5308244859
0.3057956822 0.4907080561 0.1632845915 0.7853515849 0.2046624478 0.8867781133 0.8503920888 0.5209332523 0.6424264071 0.5308244859 0.0000000000
