# MCW Instance
# Type: UNIFORM
# N: 11
# Optimal cost: 1.9781155118573892
# Optimal tour (permutation): [0, 8, 9, 6, 2, 4, 3, 1, 5, 10, 7, 0]
# Optimal walk (full path): [0, 8, 0, 9, 2, 6, 2, 4, 3, 1, 5, 10, 0, 7, 0]
# Walk size: 15
# Is walk (has repeats): true

# Distance Matrix
0.0000000000 0.9919017236 0.1119775137 0.3874336086 0.9814021663 0.4760658874 0.8820576640 0.1779561090 0.0767372444 0.0845828066 0.1723714707
0.9919017236 0.0000000000 0.6000805338 0.0651415750 0.8151313074 0.2420370067 0.1479090406 0.8721514791 0.9820115610 0.9643081171 0.9152917158
0.1119775137 0.6000805338 0.0000000000 0.1635982181 0.0569879903 0.3606484226 0.0901620096 0.4370630133 0.5843977992 0.0523093275 0.5978599329
0.3874336086 0.0651415750 0.1635982181 0.0000000000 0.1657392875 0.7616199040 0.8975095772 0.3717450095 0.6695374372 0.1207258091 0.2786018111
0.9814021663 0.8151313074 0.0569879903 0.1657392875 0.0000000000 0.8397527001 0.4751812960 0.3731105892 0.7311514418 0.6071490999 0.5452096732
0.4760658874 0.2420370067 0.3606484226 0.7616199040 0.8397527001 0.0000000000 0.8861286256 0.8656419522 0.9885908856 0.9052104596 0.4492353216
0.8820576640 0.1479090406 0.0901620096 0.8975095772 0.4751812960 0.8861286256 0.0000000000 0.8225597364 0.9966986813 0.8792784124 0.9568624848
0.1779561090 0.8721514791 0.4370630133 0.3717450095 0.3731105892 0.8656419522 0.8225597364 0.0000000000 0.8229006964 0.6297036114 0.3556026281
0.0767372444 0.9820115610 0.5843977992 0.6695374372 0.7311514418 0.9885908856 0.9966986813 0.8229006964 0.0000000000 0.3862318250 0.7286799844
0.0845828066 0.9643081171 0.0523093275 0.1207258091 0.6071490999 0.9052104596 0.8792784124 0.6297036114 0.3862318250 0.0000000000 0.8173284844
0.1723714707 0.9152917158 0.5978599329 0.2786018111 0.5452096732 0.4492353216 0.9568624848 0.3556026281 0.7286799844 0.8173284844 0.0000000000
