# MCW Instance
# Type: UNIFORM
# N: 11
# Optimal cost: 1.8013188883444
# Optimal tour (permutation): [0, 8, 9, 6, 7, 2, 4, 3, 10, 5, 1, 0]
# Optimal walk (full path): [0, 8, 9, 6, 2, 7, 2, 4, 3, 10, 5, 10, 1, 8, 0]
# Walk size: 15
# Is walk (has repeats): true

# Distance Matrix
0.0000000000 0.9827280268 0.8752715841 0.5072229297 0.2933587552 0.6480523709 0.8571687010 0.9783005449 0.0887362465 0.8634885197 0.2959432872
0.9827280268 0.0000000000 0.7750190300 0.8779412613 0.5754629442 0.6815222296 0.4247539980 0.6724285449 0.3423494660 0.8493229762 0.3025197757
0.8752715841 0.7750190300 0.0000000000 0.5402715881 0.0703784527 0.8659137997 0.1029057927 0.0044193634 0.5555316124 0.8659001411 0.3299278995
0.5072229297 0.8779412613 0.5402715881 0.0000000000 0.1838207052 0.7672435523 0.8044233342 0.8934479938 0.9391651756 0.4357086871 0.3171965457
0.2933587552 0.5754629442 0.0703784527 0.1838207052 0.0000000000 0.2924169899 0.9031543456 0.9118176589 0.1387919962 0.5380482001 0.4246301517
0.6480523709 0.6815222296 0.8659137997 0.7672435523 0.2924169899 0.0000000000 0.4572248034 0.8199329430 0.9241287590 0.1365524517 0.0917743824
0.8571687010 0.4247539980 0.1029057927 0.8044233342 0.9031543456 0.4572248034 0.0000000000 0.8058322215 0.9870296365 0.0697308670 0.8764898781
0.9783005449 0.6724285449 0.0044193634 0.8934479938 0.9118176589 0.8199329430 0.8058322215 0.0000000000 0.2901590308 0.5145749780 0.9773807883
0.0887362465 0.3423494660 0.5555316124 0.9391651756 0.1387919962 0.9241287590 0.9870296365 0.2901590308 0.0000000000 0.0425572985 0.6430041755
0.8634885197 0.8493229762 0.8659001411 0.4357086871 0.5380482001 0.1365524517 0.0697308670 0.5145749780 0.0425572985 0.0000000000 0.2607841215
0.2959432872 0.3025197757 0.3299278995 0.3171965457 0.4246301517 0.0917743824 0.8764898781 0.9773807883 0.6430041755 0.2607841215 0.0000000000
