# MCW Instance
# Type: UNIFORM
# N: 11
# Optimal cost: 2.029996612172885
# Optimal tour (permutation): [0, 7, 1, 5, 3, 2, 9, 4, 6, 10, 8, 0]
# Optimal walk (full path): [0, 7, 1, 5, 3, 2, 4, 9, 4, 6, 10, 8, 0]
# Walk size: 13
# Is walk (has repeats): true

# Distance Matrix
0.0000000000 0.6645420798 0.6624801344 0.8183606822 0.7111917136 0.7549622133 0.4077630410 0.2262478403 0.0852579822 0.3261843597 0.2836538940
0.6645420798 0.0000000000 0.7132844917 0.1968261137 0.2206861517 0.1646341867 0.5062165939 0.3186669368 0.5468089917 0.5205108752 0.5518448556
0.6624801344 0.7132844917 0.0000000000 0.3316001227 0.3844044194 0.6513225620 0.7296181107 0.9732634125 0.9425534151 0.6970498786 0.9171938861
0.8183606822 0.1968261137 0.3316001227 0.0000000000 0.2446359007 0.1315476335 0.6550705775 0.6958620686 0.0514942359 0.2310478612 0.7095892651
0.7111917136 0.2206861517 0.3844044194 0.2446359007 0.0000000000 0.4680788055 0.1198946235 0.8373110882 0.2798102920 0.0259597523 0.7179379382
0.7549622133 0.1646341867 0.6513225620 0.1315476335 0.4680788055 0.0000000000 0.5546052726 0.3274119713 0.1574327596 0.7404889475 0.9594062506
0.4077630410 0.5062165939 0.7296181107 0.6550705775 0.1198946235 0.5546052726 0.0000000000 0.6289188501 0.7058524305 0.2691848589 0.2106985158
0.2262478403 0.3186669368 0.9732634125 0.6958620686 0.8373110882 0.3274119713 0.6289188501 0.0000000000 0.9148580677 0.6092296707 0.8069824213
0.0852579822 0.5468089917 0.9425534151 0.0514942359 0.2798102920 0.1574327596 0.7058524305 0.9148580677 0.0000000000 0.3056780649 0.0051248467
0.3261843597 0.5205108752 0.6970498786 0.2310478612 0.0259597523 0.7404889475 0.2691848589 0.6092296707 0.3056780649 0.0000000000 0.8368318110
0.2836538940 0.5518448556 0.9171938861 0.7095892651 0.7179379382 0.9594062506 0.2106985158 0.8069824213 0.0051248467 0.8368318110 0.0000000000
