# MCW Instance
# Type: UNIFORM
# N: 11
# Optimal cost: 1.995197677835375
# Optimal tour (permutation): [0, 6, 10, 9, 8, 2, 1, 4, 7, 3, 5, 0]
# Optimal walk (full path): [0, 6, 0, 10, 9, 8, 2, 1, 2, 4, 3, 7, 3, 4, 5, 0]
# Walk size: 16
# Is walk (has repeats): true

# Distance Matrix
0.0000000000 0.6778927493 0.1215856963 0.8515406654 0.0801736017 0.0904068791 0.1796955601 0.5599190109 0.4871189313 0.8401133016 0.0133397755
0.6778927493 0.0000000000 0.2872697856 0.5707434271 0.8920499724 0.9034494387 0.6848613023 0.7704147274 0.8524573122 0.5662667828 0.7484030501
0.1215856963 0.2872697856 0.0000000000 0.6858051462 0.1237146336 0.7468358220 0.6580756931 0.4443010656 0.2375158367 0.8190780888 0.1679088748
0.8515406654 0.5707434271 0.6858051462 0.0000000000 0.0805056209 0.4173393847 0.4564489174 0.0921449131 0.3829438036 0.2347459816 0.3522085063
0.0801736017 0.8920499724 0.1237146336 0.0805056209 0.0000000000 0.0153278286 0.9687422443 0.8187622142 0.9146314988 0.2132087371 0.1839708285
0.0904068791 0.9034494387 0.7468358220 0.4173393847 0.0153278286 0.0000000000 0.4535861972 0.8400174501 0.9131601472 0.7954966583 0.5570772647
0.1796955601 0.6848613023 0.6580756931 0.4564489174 0.9687422443 0.4535861972 0.0000000000 0.4751538590 0.4456436840 0.3396155489 0.9709684020
0.5599190109 0.7704147274 0.4443010656 0.0921449131 0.8187622142 0.8400174501 0.4751538590 0.0000000000 0.9209224270 0.5423765303 0.4233896693
0.4871189313 0.8524573122 0.2375158367 0.3829438036 0.9146314988 0.9131601472 0.4456436840 0.9209224270 0.0000000000 0.2134666874 0.9000282143
0.8401133016 0.5662667828 0.8190780888 0.2347459816 0.2132087371 0.7954966583 0.3396155489 0.5423765303 0.2134666874 0.0000000000 0.0221942775
0.0133397755 0.7484030501 0.1679088748 0.3522085063 0.1839708285 0.5570772647 0.9709684020 0.4233896693 0.9000282143 0.0221942775 0.0000000000
