# Graph size: 11
# Optimal cost: 1.6530556537144703

# Distance Matrix
0.0 0.19473394991622694 0.855919945010511 0.423274057734902 0.3629561081426659 0.20292167252088167 0.01847222115818703 0.03834379769232665 0.006162650906908151 0.05060815671034491 0.7412176037480291
0.19473394991622694 0.0 0.23396422390270288 0.47926821281573817 0.441244114230269 0.7902902614715444 0.32720359124062326 0.5373035779136953 0.9167502779249516 0.27268864101149304 0.9661688500758834
0.855919945010511 0.23396422390270288 0.0 0.5656223868807961 0.10113124564005949 0.5550539019276759 0.8620729790017263 0.22695930944703613 0.29765203738721857 0.42612458132531295 0.9183372223214008
0.423274057734902 0.47926821281573817 0.5656223868807961 0.0 0.20581716427085617 0.46817160316847994 0.708464351887849 0.6725295077295135 0.662518400593047 0.4679553863307745 0.7213487679966382
0.3629561081426659 0.441244114230269 0.10113124564005949 0.20581716427085617 0.0 0.07729351422380837 0.09617031377653595 0.03526487566179404 0.22423637888901882 0.03802272680094765 0.9339570401224223
0.20292167252088167 0.7902902614715444 0.5550539019276759 0.46817160316847994 0.07729351422380837 0.0 0.4422485955617824 0.7290378859960421 0.7978868647340185 0.3135860615145297 0.9021361279258415
0.01847222115818703 0.32720359124062326 0.8620729790017263 0.708464351887849 0.09617031377653595 0.4422485955617824 0.0 0.35943680105943565 0.21491826922959367 0.20638032290747577 0.797462594697605
0.03834379769232665 0.5373035779136953 0.22695930944703613 0.6725295077295135 0.03526487566179404 0.7290378859960421 0.35943680105943565 0.0 0.7568038785638062 0.2112185633373891 0.24042185234931868
0.006162650906908151 0.9167502779249516 0.29765203738721857 0.662518400593047 0.22423637888901882 0.7978868647340185 0.21491826922959367 0.7568038785638062 0.0 0.545028223715347 0.8847863147019912
0.05060815671034491 0.27268864101149304 0.42612458132531295 0.4679553863307745 0.03802272680094765 0.3135860615145297 0.20638032290747577 0.2112185633373891 0.545028223715347 0.0 0.19094675629336888
0.7412176037480291 0.9661688500758834 0.9183372223214008 0.7213487679966382 0.9339570401224223 0.9021361279258415 0.797462594697605 0.24042185234931868 0.8847863147019912 0.19094675629336888 0.0

# Optimal Walk
0 7 10 9 5 4 3 2 1 8 6 0
