# Graph size: 11
# Optimal cost: 1.596087927576903

# Distance Matrix
0.0 0.22126961463003247 0.8725022711801863 0.05333894599907918 0.12892599910139413 0.650739732305625 0.3509260901933794 0.6966314137697301 0.38061638196901815 0.5629821603075102 0.9721472389047527
0.22126961463003247 0.0 0.9895484151163059 0.46531877734679683 0.5658640605937911 0.07396348796174146 0.9173092187227062 0.6403271087810433 0.6204170277850609 0.4019625512067807 0.8092255830448665
0.8725022711801863 0.9895484151163059 0.0 0.48809618998703597 0.6690445600758042 0.96994280736613 0.5474572053512561 0.936574965077094 0.011319600219766635 0.24785716410485847 0.6251789520799085
0.05333894599907918 0.46531877734679683 0.48809618998703597 0.0 0.9624250299832814 0.5687600463034107 0.47613906275359485 0.012442492084365542 0.7999087431264632 0.7590718528027591 0.210932757919446
0.12892599910139413 0.5658640605937911 0.6690445600758042 0.9624250299832814 0.0 0.38274144718089587 0.42452032040341514 0.5607005812406746 0.041665152360059854 0.6292656695776384 0.05797268575932235
0.650739732305625 0.07396348796174146 0.96994280736613 0.5687600463034107 0.38274144718089587 0.0 0.4901343428272902 0.7905597496242532 0.7570566340536249 0.44994151560650064 0.6372518272063457
0.3509260901933794 0.9173092187227062 0.5474572053512561 0.47613906275359485 0.42452032040341514 0.4901343428272902 0.0 0.403107580969043 0.17575282001072967 0.7320070652344243 0.6081118548035549
0.6966314137697301 0.6403271087810433 0.936574965077094 0.012442492084365542 0.5607005812406746 0.7905597496242532 0.403107580969043 0.0 0.169174315277 0.13734035636667263 0.7105239534276667
0.38061638196901815 0.6204170277850609 0.011319600219766635 0.7999087431264632 0.041665152360059854 0.7570566340536249 0.17575282001072967 0.169174315277 0.0 0.2099309910186944 0.8763363664568814
0.5629821603075102 0.4019625512067807 0.24785716410485847 0.7590718528027591 0.6292656695776384 0.44994151560650064 0.7320070652344243 0.13734035636667263 0.2099309910186944 0.0 0.5643006471340708
0.9721472389047527 0.8092255830448665 0.6251789520799085 0.210932757919446 0.05797268575932235 0.6372518272063457 0.6081118548035549 0.7105239534276667 0.8763363664568814 0.5643006471340708 0.0

# Optimal Walk
0 3 7 9 8 10 4 2 6 5 1 0
