# MCW Instance
# Type: UNIFORM
# N: 11
# Optimal cost: 1.7480893111046178
# Optimal tour (permutation): [0, 8, 4, 7, 5, 9, 6, 10, 1, 3, 2, 0]
# Optimal walk (full path): [0, 2, 8, 4, 5, 7, 5, 9, 6, 10, 1, 3, 2, 0]
# Walk size: 14
# Is walk (has repeats): true

# Distance Matrix
0.0000000000 0.8017084907 0.0086186084 0.1942305079 0.4509597649 0.8430885144 0.5524133748 0.5403887094 0.8237866738 0.6727410557 0.2011815794
0.8017084907 0.0000000000 0.6011442060 0.0074528250 0.6241467675 0.9393552241 0.7472699079 0.8342127798 0.7212420361 0.4154714284 0.1488817173
0.0086186084 0.6011442060 0.0000000000 0.0785921957 0.9433165652 0.5818158348 0.6121253131 0.9154215023 0.0720347856 0.6938764936 0.3117228106
0.1942305079 0.0074528250 0.0785921957 0.0000000000 0.8440188090 0.8264220041 0.7360456091 0.4733646198 0.9501346625 0.1332580639 0.7081695677
0.4509597649 0.6241467675 0.9433165652 0.8440188090 0.0000000000 0.2171588260 0.3860603532 0.8031726528 0.1069623537 0.7118268874 0.9893404144
0.8430885144 0.9393552241 0.5818158348 0.8264220041 0.2171588260 0.0000000000 0.5868379459 0.3669612119 0.5090605154 0.0318189471 0.5710059044
0.5524133748 0.7472699079 0.6121253131 0.7360456091 0.3860603532 0.5868379459 0.0000000000 0.9876175912 0.4284321503 0.1932886568 0.1407393631
0.5403887094 0.8342127798 0.9154215023 0.4733646198 0.8031726528 0.3669612119 0.9876175912 0.0000000000 0.5662804951 0.6454770273 0.9878005068
0.8237866738 0.7212420361 0.0720347856 0.9501346625 0.1069623537 0.5090605154 0.4284321503 0.5662804951 0.0000000000 0.2820368739 0.9812433463
0.6727410557 0.4154714284 0.6938764936 0.1332580639 0.7118268874 0.0318189471 0.1932886568 0.6454770273 0.2820368739 0.0000000000 0.6990420830
0.2011815794 0.1488817173 0.3117228106 0.7081695677 0.9893404144 0.5710059044 0.1407393631 0.9878005068 0.9812433463 0.6990420830 0.0000000000
