# MCW Instance
# Type: UNIFORM
# N: 11
# Optimal cost: 1.1772960708195237
# Optimal tour (permutation): [0, 6, 7, 4, 5, 9, 2, 3, 8, 10, 1, 0]
# Optimal walk (full path): [0, 6, 7, 4, 5, 2, 9, 2, 3, 8, 10, 1, 0]
# Walk size: 13
# Is walk (has repeats): true

# Distance Matrix
0.0000000000 0.0724381901 0.3115618384 0.7021123595 0.9617589698 0.1487108943 0.1279931971 0.4107951594 0.1126495031 0.7847586214 0.7731008696
0.0724381901 0.0000000000 0.9493750706 0.0673265996 0.6224442156 0.3326287010 0.7677947402 0.8610892785 0.9605478150 0.3326381841 0.1277394816
0.3115618384 0.9493750706 0.0000000000 0.1731655688 0.8773756928 0.1798065499 0.6846011776 0.9477589069 0.5073771980 0.0328095663 0.9099886217
0.7021123595 0.0673265996 0.1731655688 0.0000000000 0.0718050613 0.4505596875 0.5808935558 0.1739068880 0.0704071927 0.2944686159 0.8082807607
0.9617589698 0.6224442156 0.8773756928 0.0718050613 0.0000000000 0.0723294122 0.7740811929 0.0107261945 0.4568405709 0.6337384801 0.4363577141
0.1487108943 0.3326287010 0.1798065499 0.4505596875 0.0723294122 0.0000000000 0.5515981303 0.5644988900 0.3673107406 0.8359506524 0.3167856970
0.1279931971 0.7677947402 0.6846011776 0.5808935558 0.7740811929 0.5515981303 0.0000000000 0.1531462702 0.7257766433 0.4846167578 0.2866155850
0.4107951594 0.8610892785 0.9477589069 0.1739068880 0.0107261945 0.5644988900 0.1531462702 0.0000000000 0.8673450871 0.4475838668 0.1799944064
0.1126495031 0.9605478150 0.5073771980 0.0704071927 0.4568405709 0.3673107406 0.7257766433 0.8673450871 0.0000000000 0.5250276028 0.1239248811
0.7847586214 0.3326381841 0.0328095663 0.2944686159 0.6337384801 0.8359506524 0.4846167578 0.4475838668 0.5250276028 0.0000000000 0.4158461825
0.7731008696 0.1277394816 0.9099886217 0.8082807607 0.4363577141 0.3167856970 0.2866155850 0.1799944064 0.1239248811 0.4158461825 0.0000000000
