# Graph size: 11
# Optimal cost: 2.194516074455884

# Distance Matrix
0.0 0.8529539615266023 0.6922003621674285 0.5301972412845752 0.10156513596264138 0.9609836963114329 0.46520536957454883 0.27615775157290356 0.6026162466153281 0.32645254291282355 0.7710311594645766
0.8529539615266023 0.0 0.5382728287181164 0.17585653177288507 0.43134135214484615 0.44193354154574593 0.5840713964672375 0.8684096385761741 0.26270706537232147 0.7186259502606827 0.2110999798814367
0.6922003621674285 0.5382728287181164 0.0 0.1992313437957709 0.5741903613372381 0.8560116321994765 0.2101866769262627 0.4445829098545697 0.8600641352814552 0.6496851529476666 0.6799326195385738
0.5301972412845752 0.17585653177288507 0.1992313437957709 0.0 0.44548573830352767 0.4092847186055636 0.1698554499945275 0.11897545508625784 0.17742201940120694 0.7454845302507458 0.02938082473466419
0.10156513596264138 0.43134135214484615 0.5741903613372381 0.44548573830352767 0.0 0.9266705578882732 0.7532107266850866 0.4785715021552902 0.583895556644216 0.9281872266207442 0.49190140454216225
0.9609836963114329 0.44193354154574593 0.8560116321994765 0.4092847186055636 0.9266705578882732 0.0 0.0945773491363533 0.564547193320676 0.8066187985812172 0.17969341047382092 0.4926225898051222
0.46520536957454883 0.5840713964672375 0.2101866769262627 0.1698554499945275 0.7532107266850866 0.0945773491363533 0.0 0.7776519632599874 0.8725570731910336 0.6733012359651126 0.14134380714527162
0.27615775157290356 0.8684096385761741 0.4445829098545697 0.11897545508625784 0.4785715021552902 0.564547193320676 0.7776519632599874 0.0 0.6706157966105677 0.43068305731411227 0.5518516513550669
0.6026162466153281 0.26270706537232147 0.8600641352814552 0.17742201940120694 0.583895556644216 0.8066187985812172 0.8725570731910336 0.6706157966105677 0.0 0.5718543292871688 0.7597563526974436
0.32645254291282355 0.7186259502606827 0.6496851529476666 0.7454845302507458 0.9281872266207442 0.17969341047382092 0.6733012359651126 0.43068305731411227 0.5718543292871688 0.0 0.11327768984883468
0.7710311594645766 0.2110999798814367 0.6799326195385738 0.02938082473466419 0.49190140454216225 0.4926225898051222 0.14134380714527162 0.5518516513550669 0.7597563526974436 0.11327768984883468 0.0

# Optimal Walk
0 7 2 6 5 9 10 3 8 1 4 0
