# MCW Instance
# Type: UNIFORM
# N: 11
# Optimal cost: 1.7977538890087175
# Optimal tour (permutation): [0, 7, 4, 3, 1, 9, 5, 8, 6, 10, 2, 0]
# Optimal walk (full path): [0, 7, 4, 3, 1, 9, 5, 9, 8, 2, 6, 2, 10, 2, 8, 0]
# Walk size: 16
# Is walk (has repeats): true

# Distance Matrix
0.0000000000 0.3058225921 0.4331641034 0.6339644690 0.9592263745 0.6223935328 0.6963387879 0.3742905691 0.1237467336 0.1459300281 0.6864564904
0.3058225921 0.0000000000 0.8462377674 0.0597981949 0.1496096749 0.3483018386 0.8971395981 0.9889692687 0.5566844406 0.0494083424 0.3340977105
0.4331641034 0.8462377674 0.0000000000 0.9833996335 0.1868407406 0.8172071997 0.1130114347 0.4168574755 0.0652130069 0.5478643694 0.0768483384
0.6339644690 0.0597981949 0.9833996335 0.0000000000 0.1432579560 0.3612202018 0.6926957556 0.4397195105 0.2449379957 0.7284955295 0.8587145928
0.9592263745 0.1496096749 0.1868407406 0.1432579560 0.0000000000 0.4330500131 0.7642923356 0.3025321492 0.2217788652 0.5311111700 0.4349146648
0.6223935328 0.3483018386 0.8172071997 0.3612202018 0.4330500131 0.0000000000 0.3792684402 0.6439710573 0.4554082790 0.0621766889 0.8456885490
0.6963387879 0.8971395981 0.1130114347 0.6926957556 0.7642923356 0.3792684402 0.0000000000 0.9112562152 0.7208934459 0.8682168521 0.7626147907
0.3742905691 0.9889692687 0.4168574755 0.4397195105 0.3025321492 0.6439710573 0.9112562152 0.0000000000 0.5631285212 0.8317004463 0.8126001965
0.1237467336 0.5566844406 0.0652130069 0.2449379957 0.2217788652 0.4554082790 0.7208934459 0.5631285212 0.0000000000 0.1102210059 0.3728707695
0.1459300281 0.0494083424 0.5478643694 0.7284955295 0.5311111700 0.0621766889 0.8682168521 0.8317004463 0.1102210059 0.0000000000 0.3600744298
0.6864564904 0.3340977105 0.0768483384 0.8587145928 0.4349146648 0.8456885490 0.7626147907 0.8126001965 0.3728707695 0.3600744298 0.0000000000
