# MCW Instance
# Type: UNIFORM
# N: 11
# Optimal cost: 1.398519062134345
# Optimal tour (permutation): [0, 7, 6, 8, 2, 1, 10, 9, 4, 5, 3, 0]
# Optimal walk (full path): [0, 7, 6, 8, 2, 1, 10, 9, 4, 3, 5, 3, 0]
# Walk size: 13
# Is walk (has repeats): true

# Distance Matrix
0.0000000000 0.8799879218 0.8910817108 0.1621552131 0.5095206930 0.4243999634 0.6379545726 0.2570552249 0.3869948067 0.1704609659 0.7114431729
0.8799879218 0.0000000000 0.0843896589 0.5480355700 0.3423971428 0.4720827361 0.9315716566 0.8350624942 0.2803588424 0.0676014161 0.1642477249
0.8910817108 0.0843896589 0.0000000000 0.5259235107 0.7939677682 0.3241466464 0.5319445890 0.5698178070 0.0841942178 0.2364580462 0.6663283168
0.1621552131 0.5480355700 0.5259235107 0.0000000000 0.1359255969 0.0292489119 0.5570173899 0.3534058225 0.7174512404 0.6467757148 0.2273703003
0.5095206930 0.3423971428 0.7939677682 0.1359255969 0.0000000000 0.1932240014 0.9175747605 0.8424834390 0.1692281310 0.0740993425 0.9588466441
0.4243999634 0.4720827361 0.3241466464 0.0292489119 0.1932240014 0.0000000000 0.1344560643 0.2586229678 0.4831369570 0.9038489761 0.9027323137
0.6379545726 0.9315716566 0.5319445890 0.5570173899 0.9175747605 0.1344560643 0.0000000000 0.1433024987 0.0507746176 0.5524856759 0.8553476734
0.2570552249 0.8350624942 0.5698178070 0.3534058225 0.8424834390 0.2586229678 0.1433024987 0.0000000000 0.9317151992 0.8843138729 0.9900534815
0.3869948067 0.2803588424 0.0841942178 0.7174512404 0.1692281310 0.4831369570 0.0507746176 0.9317151992 0.0000000000 0.8248823337 0.6813513974
0.1704609659 0.0676014161 0.2364580462 0.6467757148 0.0740993425 0.9038489761 0.5524856759 0.8843138729 0.8248823337 0.0000000000 0.1838771430
0.7114431729 0.1642477249 0.6663283168 0.2273703003 0.9588466441 0.9027323137 0.8553476734 0.9900534815 0.6813513974 0.1838771430 0.0000000000
