# Graph size: 11
# Optimal cost: 1.5928304523599457

# Distance Matrix
0.0 0.015649294087411558 0.6586712929429821 0.10992550217054786 0.09326174575526658 0.2440869328826415 0.11612813569982017 0.030385430349299303 0.8187409857522355 0.7184613985626505 0.816368725808618
0.015649294087411558 0.0 0.15079227867471579 0.5550272983742142 0.6797257421572099 0.33636403257194647 0.22308148894041369 0.22048523015814292 0.3839650425994713 0.14841241322931897 0.7241992821434349
0.6586712929429821 0.15079227867471579 0.0 0.04928672422639502 0.7356168679661962 0.8401759995988487 0.44097226713084114 0.9565364479468701 0.5336536511351001 0.8778319933665454 0.45555181162111047
0.10992550217054786 0.5550272983742142 0.04928672422639502 0.0 0.4349301437771701 0.2538527578881691 0.043716669341919534 0.6542663502268569 0.3335628087579092 0.7600075520978539 0.5011295150482828
0.09326174575526658 0.6797257421572099 0.7356168679661962 0.4349301437771701 0.0 0.6180663316371426 0.5814171250551148 0.5879084885288816 0.2915036462474455 0.7693484467596388 0.16122647751282937
0.2440869328826415 0.33636403257194647 0.8401759995988487 0.2538527578881691 0.6180663316371426 0.0 0.478150258611278 0.9529380556380094 0.9477968051717691 0.4138216408062084 0.6472974603483853
0.11612813569982017 0.22308148894041369 0.44097226713084114 0.043716669341919534 0.5814171250551148 0.478150258611278 0.0 0.8641259902061235 0.16698067152857488 0.05873353350614552 0.8816677414624786
0.030385430349299303 0.22048523015814292 0.9565364479468701 0.6542663502268569 0.5879084885288816 0.9529380556380094 0.8641259902061235 0.0 0.8640029291345153 0.16380005943161946 0.15373876296916245
0.8187409857522355 0.3839650425994713 0.5336536511351001 0.3335628087579092 0.2915036462474455 0.9477968051717691 0.16698067152857488 0.8640029291345153 0.0 0.9139680984674547 0.6749768464584732
0.7184613985626505 0.14841241322931897 0.8778319933665454 0.7600075520978539 0.7693484467596388 0.4138216408062084 0.05873353350614552 0.16380005943161946 0.9139680984674547 0.0 0.4944711626197671
0.816368725808618 0.7241992821434349 0.45555181162111047 0.5011295150482828 0.16122647751282937 0.6472974603483853 0.8816677414624786 0.15373876296916245 0.6749768464584732 0.4944711626197671 0.0

# Optimal Walk
0 7 10 4 8 9 6 3 2 5 1 0
