# Graph size: 11
# Optimal cost: 2.5773425127732565

# Distance Matrix
0.0 0.10907890867147652 0.08817637589972738 0.672822465138724 0.5139257424665247 0.8918828883914058 0.4358061766354403 0.7457294138032067 0.20046379223572353 0.7659258067765389 0.39492085206548966
0.10907890867147652 0.0 0.42369086343743934 0.6387936784780882 0.4436242813958349 0.20093782423933082 0.5592003484763891 0.020783437979736696 0.6119268907040983 0.19164849516943439 0.16523613223900213
0.08817637589972738 0.42369086343743934 0.0 0.2983127762500818 0.5665679947307432 0.7810154663443872 0.7727018103817455 0.45034479900902946 0.14579140199858243 0.5203808941712516 0.737987130618094
0.672822465138724 0.6387936784780882 0.2983127762500818 0.0 0.8197237759378353 0.48383829018849156 0.8311006571804421 0.9003373953248808 0.6901395229760614 0.8085949221137525 0.42328306501723656
0.5139257424665247 0.4436242813958349 0.5665679947307432 0.8197237759378353 0.0 0.7084467926468021 0.3449882198907216 0.49314755765047336 0.3772256519971292 0.4366676403023254 0.9523984481200606
0.8918828883914058 0.20093782423933082 0.7810154663443872 0.48383829018849156 0.7084467926468021 0.0 0.8375935629110438 0.3573066808236478 0.39345377978433427 0.7544801784220279 0.6053088664310504
0.4358061766354403 0.5592003484763891 0.7727018103817455 0.8311006571804421 0.3449882198907216 0.8375935629110438 0.0 0.45250265791592814 0.08813325521715976 0.20389392488053648 0.16697409858254186
0.7457294138032067 0.020783437979736696 0.45034479900902946 0.9003373953248808 0.49314755765047336 0.3573066808236478 0.45250265791592814 0.0 0.6933671805939414 0.16683165437718017 0.887125702015607
0.20046379223572353 0.6119268907040983 0.14579140199858243 0.6901395229760614 0.3772256519971292 0.39345377978433427 0.08813325521715976 0.6933671805939414 0.0 0.2160127247526754 0.38222005144153015
0.7659258067765389 0.19164849516943439 0.5203808941712516 0.8085949221137525 0.4366676403023254 0.7544801784220279 0.20389392488053648 0.16683165437718017 0.2160127247526754 0.0 0.5543442863009731
0.39492085206548966 0.16523613223900213 0.737987130618094 0.42328306501723656 0.9523984481200606 0.6053088664310504 0.16697409858254186 0.887125702015607 0.38222005144153015 0.5543442863009731 0.0

# Optimal Walk
0 2 3 10 6 8 4 9 7 5 1 0
