# Graph size: 11
# Optimal cost: 1.8007747877326719

# Distance Matrix
0.0 0.036096098013954636 0.44820094782798325 0.7962635380439131 0.20602548293062983 0.34138304091626304 0.38310849821004567 0.3932928811331675 0.6788274826194984 0.8299240596735 0.24885477683331336
0.036096098013954636 0.0 0.7497446713133362 0.8613780489032669 0.07068908246190608 0.5492710115220542 0.6805361820659573 0.4678000910963801 0.6839030117751035 0.32593370362930085 0.14447833199133508
0.44820094782798325 0.7497446713133362 0.0 0.22596965574010008 0.33831219626590947 0.561049163013976 0.11900323123160805 0.713849701815468 0.7682121585181144 0.24363086427606973 0.15042976210642622
0.7962635380439131 0.8613780489032669 0.22596965574010008 0.0 0.5047618382385819 0.11031561719720906 0.8104260586131719 0.6108036276108951 0.3335408257262429 0.8927668964565391 0.5568369270570207
0.20602548293062983 0.07068908246190608 0.33831219626590947 0.5047618382385819 0.0 0.990199684602197 0.769930169854001 0.8220852463823972 0.5281205822104713 0.13247629299757557 0.19124183265734884
0.34138304091626304 0.5492710115220542 0.561049163013976 0.11031561719720906 0.990199684602197 0.0 0.1085457632759983 0.3474417149566117 0.18282248721534744 0.6832164332528887 0.4464840325117243
0.38310849821004567 0.6805361820659573 0.11900323123160805 0.8104260586131719 0.769930169854001 0.1085457632759983 0.0 0.4148900753307556 0.15704082935394403 0.8661852441096262 0.9232361903356305
0.3932928811331675 0.4678000910963801 0.713849701815468 0.6108036276108951 0.8220852463823972 0.3474417149566117 0.4148900753307556 0.0 0.9203647464254644 0.465359927873061 0.5430485256245237
0.6788274826194984 0.6839030117751035 0.7682121585181144 0.3335408257262429 0.5281205822104713 0.18282248721534744 0.15704082935394403 0.9203647464254644 0.0 0.06890327134535523 0.15326545581565076
0.8299240596735 0.32593370362930085 0.24363086427606973 0.8927668964565391 0.13247629299757557 0.6832164332528887 0.8661852441096262 0.465359927873061 0.06890327134535523 0.0 0.4276725591528179
0.24885477683331336 0.14447833199133508 0.15042976210642622 0.5568369270570207 0.19124183265734884 0.4464840325117243 0.9232361903356305 0.5430485256245237 0.15326545581565076 0.4276725591528179 0.0

# Optimal Walk
0 7 5 3 6 2 10 8 9 4 1 0
