# Graph size: 11
# Optimal cost: 1.0607650824393968

# Distance Matrix
0.0 0.7171080572418428 0.979820450844748 0.10475823559806252 0.65095264444328 0.9850203586382571 0.6669425905042444 0.07690366986983355 0.24501972961957064 0.9076349434663391 0.23110264450575713
0.7171080572418428 0.0 0.9311505118552817 0.9493602562367055 0.7864101727242765 0.27057402505066774 0.0039052537606844018 0.2126421904136322 0.715137180885576 0.04987137821890453 0.6233360657072113
0.979820450844748 0.9311505118552817 0.0 0.7219431229127506 0.4521295392788579 0.5730409120847155 0.6157298809229644 0.5316136966588696 0.028589634737556935 0.567298712015572 0.8891055199605143
0.10475823559806252 0.9493602562367055 0.7219431229127506 0.0 0.07992119420244792 0.2911798884925356 0.12314131258633076 0.5152562414039613 0.5197732298494803 0.46842940705118175 0.8552166252829023
0.65095264444328 0.7864101727242765 0.4521295392788579 0.07992119420244792 0.0 0.6386211383648488 0.5486109740124562 0.023457285612024092 0.09765810318911927 0.228861773003029 0.7125997980423715
0.9850203586382571 0.27057402505066774 0.5730409120847155 0.2911798884925356 0.6386211383648488 0.0 0.509596092078305 0.8282480014324582 0.16374670131791924 0.9815346631363857 0.8808504382540833
0.6669425905042444 0.0039052537606844018 0.6157298809229644 0.12314131258633076 0.5486109740124562 0.509596092078305 0.0 0.7276906396106535 0.37992348824664546 0.24341669047839398 0.7257266499834016
0.07690366986983355 0.2126421904136322 0.5316136966588696 0.5152562414039613 0.023457285612024092 0.8282480014324582 0.7276906396106535 0.0 0.02344026246496811 0.8613836605390081 0.2514459478454061
0.24501972961957064 0.715137180885576 0.028589634737556935 0.5197732298494803 0.09765810318911927 0.16374670131791924 0.37992348824664546 0.02344026246496811 0.0 0.19082184014063563 0.5419417688114735
0.9076349434663391 0.04987137821890453 0.567298712015572 0.46842940705118175 0.228861773003029 0.9815346631363857 0.24341669047839398 0.8613836605390081 0.19082184014063563 0.0 0.04890357847216287
0.23110264450575713 0.6233360657072113 0.8891055199605143 0.8552166252829023 0.7125997980423715 0.8808504382540833 0.7257266499834016 0.2514459478454061 0.5419417688114735 0.04890357847216287 0.0

# Optimal Walk
0 10 9 6 1 5 8 2 7 4 3 0
