# MCW Instance
# Type: UNIFORM
# N: 11
# Optimal cost: 1.7456186194577197
# Optimal tour (permutation): [0, 6, 10, 9, 8, 7, 3, 2, 1, 5, 4, 0]
# Optimal walk (full path): [0, 4, 6, 10, 9, 8, 7, 3, 2, 1, 2, 5, 4, 0]
# Walk size: 14
# Is walk (has repeats): true

# Distance Matrix
0.0000000000 0.6148592838 0.1600050008 0.2514765065 0.0740860875 0.2327573090 0.7424190014 0.9327741280 0.1718894678 0.6081090672 0.8830480335
0.6148592838 0.0000000000 0.0330014583 0.4905398249 0.1162117005 0.6508798175 0.3373051124 0.3585823558 0.8907227575 0.5885335561 0.4113008671
0.1600050008 0.0330014583 0.0000000000 0.0919174082 0.2633017620 0.0450073063 0.5606323423 0.9053830020 0.3184722028 0.5699117867 0.6513706867
0.2514765065 0.4905398249 0.0919174082 0.0000000000 0.9650624407 0.4809701122 0.8853341304 0.3144786160 0.9729492430 0.8350732145 0.5852645883
0.0740860875 0.1162117005 0.2633017620 0.9650624407 0.0000000000 0.1054149438 0.2000152039 0.4388802788 0.3775580041 0.5190559172 0.9393923294
0.2327573090 0.6508798175 0.0450073063 0.4809701122 0.1054149438 0.0000000000 0.2412372279 0.3796911665 0.3704623600 0.9382923266 0.3349833046
0.7424190014 0.3373051124 0.5606323423 0.8853341304 0.2000152039 0.2412372279 0.0000000000 0.7071159450 0.9436226972 0.4854523986 0.1874166993
0.9327741280 0.3585823558 0.9053830020 0.3144786160 0.4388802788 0.3796911665 0.7071159450 0.0000000000 0.3517975560 0.4831532878 0.4803095912
0.1718894678 0.8907227575 0.3184722028 0.9729492430 0.3775580041 0.3704623600 0.9436226972 0.3517975560 0.0000000000 0.1773560622 0.1385657532
0.6081090672 0.5885335561 0.5699117867 0.8350732145 0.5190559172 0.9382923266 0.4854523986 0.4831532878 0.1773560622 0.0000000000 0.0580397321
0.8830480335 0.4113008671 0.6513706867 0.5852645883 0.9393923294 0.3349833046 0.1874166993 0.4803095912 0.1385657532 0.0580397321 0.0000000000
