# MCW Instance
# Type: UNIFORM
# N: 11
# Optimal cost: 2.4446965041525734
# Optimal tour (permutation): [0, 10, 4, 3, 1, 8, 5, 9, 6, 2, 7, 0]
# Optimal walk (full path): [0, 10, 4, 3, 1, 8, 5, 9, 6, 2, 7, 0]
# Walk size: 12
# Is walk (has repeats): false

# Distance Matrix
0.0000000000 0.7687802301 0.2078666506 0.5621607183 0.6187183758 0.2233546118 0.3184506275 0.5159071356 0.8789193384 0.6290780018 0.2278381335
0.7687802301 0.0000000000 0.8366922463 0.1165958240 0.4713128275 0.5154221786 0.6246704525 0.5768413816 0.1793193305 0.9104999043 0.9959746003
0.2078666506 0.8366922463 0.0000000000 0.8432747772 0.7175263795 0.7162280435 0.1115444828 0.3532589101 0.8310389070 0.7746331508 0.1167989907
0.5621607183 0.1165958240 0.8432747772 0.0000000000 0.3119775765 0.2479029493 0.1904804106 0.4396926125 0.7002250655 0.6260006460 0.4937192617
0.6187183758 0.4713128275 0.7175263795 0.3119775765 0.0000000000 0.8956727325 0.6733025213 0.7990488224 0.9133877351 0.8302814563 0.2822035673
0.2233546118 0.5154221786 0.7162280435 0.2479029493 0.8956727325 0.0000000000 0.9240267941 0.9602717551 0.0936216666 0.1133114381 0.4614604712
0.3184506275 0.6246704525 0.1115444828 0.1904804106 0.6733025213 0.9240267941 0.0000000000 0.5712795039 0.9856340437 0.1391184392 0.5303410126
0.5159071356 0.5768413816 0.3532589101 0.4396926125 0.7990488224 0.9602717551 0.5712795039 0.0000000000 0.6554052259 0.4371080776 0.8000179147
0.8789193384 0.1793193305 0.8310389070 0.7002250655 0.9133877351 0.0936216666 0.9856340437 0.6554052259 0.0000000000 0.0710584652 0.9993207682
0.6290780018 0.9104999043 0.7746331508 0.6260006460 0.8302814563 0.1133114381 0.1391184392 0.4371080776 0.0710584652 0.0000000000 0.5985766862
0.2278381335 0.9959746003 0.1167989907 0.4937192617 0.2822035673 0.4614604712 0.5303410126 0.8000179147 0.9993207682 0.5985766862 0.0000000000
