# MCW Instance
# Type: UNIFORM
# N: 11
# Optimal cost: 1.126954328159747
# Optimal tour (permutation): [0, 4, 8, 7, 3, 10, 9, 5, 1, 6, 2, 0]
# Optimal walk (full path): [0, 4, 8, 7, 3, 10, 1, 5, 9, 5, 1, 6, 2, 6, 0]
# Walk size: 15
# Is walk (has repeats): true

# Distance Matrix
0.0000000000 0.5627234833 0.8343581597 0.2076422035 0.2337870268 0.8292992397 0.1798616305 0.8062984721 0.8797290975 0.2888511115 0.7630919889
0.5627234833 0.0000000000 0.8240774682 0.5423888983 0.9772569245 0.0683877954 0.0722408510 0.8490610428 0.4210124891 0.7388661527 0.0283483719
0.8343581597 0.8240774682 0.0000000000 0.8672362313 0.6343096286 0.4773526561 0.0020949250 0.7479174684 0.7444724074 0.5210809269 0.3970500252
0.2076422035 0.5423888983 0.8672362313 0.0000000000 0.9489468284 0.3451467918 0.5798406858 0.0627151537 0.1550722783 0.6619913903 0.0891672608
0.2337870268 0.9772569245 0.6343096286 0.9489468284 0.0000000000 0.2322904697 0.1140235718 0.8822179658 0.1233299495 0.8237697267 0.7416548015
0.8292992397 0.0683877954 0.4773526561 0.3451467918 0.2322904697 0.0000000000 0.5471821582 0.3372898578 0.9454579079 0.0142507413 0.7363266859
0.1798616305 0.0722408510 0.0020949250 0.5798406858 0.1140235718 0.5471821582 0.0000000000 0.8624629437 0.2917335608 0.3623829935 0.8811300876
0.8062984721 0.8490610428 0.7479174684 0.0627151537 0.8822179658 0.3372898578 0.8624629437 0.0000000000 0.1680371603 0.7408535170 0.5082408150
0.8797290975 0.4210124891 0.7444724074 0.1550722783 0.1233299495 0.9454579079 0.2917335608 0.1680371603 0.0000000000 0.4393167210 0.5177571949
0.2888511115 0.7388661527 0.5210809269 0.6619913903 0.8237697267 0.0142507413 0.3623829935 0.7408535170 0.4393167210 0.0000000000 0.8738250382
0.7630919889 0.0283483719 0.3970500252 0.0891672608 0.7416548015 0.7363266859 0.8811300876 0.5082408150 0.5177571949 0.8738250382 0.0000000000
