# Graph size: 11
# Optimal cost: 2.0659827398116746

# Distance Matrix
0.0 0.08259388460879247 0.6532061395374084 0.30715412969164724 0.3683180501193304 0.05377580400038695 0.3190392719794023 0.7096886431990154 0.27789828915048065 0.5683097379244948 0.26327690471520515
0.08259388460879247 0.0 0.9633835488772229 0.5278551382680665 0.5899619188015807 0.0702342632062336 0.4384942967925184 0.1786738350511683 0.15691240400408357 0.1739334497770304 0.3704415091928652
0.6532061395374084 0.9633835488772229 0.0 0.5869696967941069 0.7340520436894402 0.4173680669997001 0.48770901941692435 0.4411783506115392 0.5152317153848428 0.23418245033452578 0.37462139790707605
0.30715412969164724 0.5278551382680665 0.5869696967941069 0.0 0.2510968430885401 0.23775013836712278 0.9459602250361638 0.9325568109368152 0.16777089521090205 0.36921790445324776 0.4427305313769113
0.3683180501193304 0.5899619188015807 0.7340520436894402 0.2510968430885401 0.0 0.11662783129659304 0.9252625151668101 0.10603773824920004 0.8199647392498476 0.7195891044059057 0.6421218646774774
0.05377580400038695 0.0702342632062336 0.4173680669997001 0.23775013836712278 0.11662783129659304 0.0 0.4830914787675278 0.3822505762999421 0.3507075218074541 0.19792539901242145 0.035826908732493945
0.3190392719794023 0.4384942967925184 0.48770901941692435 0.9459602250361638 0.9252625151668101 0.4830914787675278 0.0 0.7919942334835327 0.9145570961992826 0.9090325324604831 0.8787883692364296
0.7096886431990154 0.1786738350511683 0.4411783506115392 0.9325568109368152 0.10603773824920004 0.3822505762999421 0.7919942334835327 0.0 0.0409156635908654 0.8331771276775737 0.26775084510394986
0.27789828915048065 0.15691240400408357 0.5152317153848428 0.16777089521090205 0.8199647392498476 0.3507075218074541 0.9145570961992826 0.0409156635908654 0.0 0.7687368275053097 0.3527656123003443
0.5683097379244948 0.1739334497770304 0.23418245033452578 0.36921790445324776 0.7195891044059057 0.19792539901242145 0.9090325324604831 0.8331771276775737 0.7687368275053097 0.0 0.9747591851496584
0.26327690471520515 0.3704415091928652 0.37462139790707605 0.4427305313769113 0.6421218646774774 0.035826908732493945 0.8787883692364296 0.26775084510394986 0.3527656123003443 0.9747591851496584 0.0

# Optimal Walk
0 6 2 9 3 8 7 4 10 5 1 0
