# MCW Instance
# Type: UNIFORM
# N: 11
# Optimal cost: 1.4238260734468648
# Optimal tour (permutation): [0, 7, 10, 8, 6, 1, 9, 5, 3, 2, 4, 0]
# Optimal walk (full path): [0, 7, 10, 8, 6, 1, 6, 9, 5, 2, 3, 2, 4, 0]
# Walk size: 14
# Is walk (has repeats): true

# Distance Matrix
0.0000000000 0.8097388622 0.8802680468 0.4993034822 0.0094511187 0.5486614805 0.9290769229 0.1050728147 0.3254659085 0.9437297345 0.6354358672
0.8097388622 0.0000000000 0.4985867940 0.5891028172 0.4168660563 0.9408882889 0.0278170211 0.7829998317 0.9455990464 0.8894569347 0.4199572344
0.8802680468 0.4985867940 0.0000000000 0.0227783254 0.0232801954 0.2928905958 0.8508897998 0.3724516919 0.9108666338 0.4190209073 0.6038405450
0.4993034822 0.5891028172 0.0227783254 0.0000000000 0.8473884782 0.7210717086 0.9405648936 0.8155439684 0.6317158989 0.9860369943 0.4686223066
0.0094511187 0.4168660563 0.0232801954 0.8473884782 0.0000000000 0.4342163719 0.7645886060 0.7512809422 0.6132811765 0.9208620677 0.8085369734
0.5486614805 0.9408882889 0.2928905958 0.7210717086 0.4342163719 0.0000000000 0.9115307797 0.6631590238 0.4139135851 0.3031482520 0.4581460088
0.9290769229 0.0278170211 0.8508897998 0.9405648936 0.7645886060 0.9115307797 0.0000000000 0.6563708972 0.0469337842 0.1286224069 0.5431930878
0.1050728147 0.7829998317 0.3724516919 0.8155439684 0.7512809422 0.6631590238 0.6563708972 0.0000000000 0.8273302941 0.8600840694 0.2562843327
0.3254659085 0.9455990464 0.9108666338 0.6317158989 0.6132811765 0.4139135851 0.0469337842 0.8273302941 0.0000000000 0.7818330522 0.1569518800
0.9437297345 0.8894569347 0.4190209073 0.9860369943 0.9208620677 0.3031482520 0.1286224069 0.8600840694 0.7818330522 0.0000000000 0.2782899122
0.6354358672 0.4199572344 0.6038405450 0.4686223066 0.8085369734 0.4581460088 0.5431930878 0.2562843327 0.1569518800 0.2782899122 0.0000000000
