# MCW Instance
# Type: UNIFORM
# N: 11
# Optimal cost: 1.8749230678915783
# Optimal tour (permutation): [0, 4, 7, 2, 6, 8, 10, 9, 3, 1, 5, 0]
# Optimal walk (full path): [0, 4, 7, 2, 6, 8, 10, 9, 3, 1, 5, 4, 0]
# Walk size: 13
# Is walk (has repeats): true

# Distance Matrix
0.0000000000 0.6843403127 0.7882721239 0.3650193526 0.0065563517 0.6290263798 0.4185402203 0.7960151851 0.5206673861 0.6339222821 0.4753558596
0.6843403127 0.0000000000 0.8877562809 0.1217444231 0.5655902928 0.0264960264 0.8197819478 0.4096249421 0.1102039454 0.7222432682 0.5766894833
0.7882721239 0.8877562809 0.0000000000 0.3758745754 0.6809575817 0.7290948663 0.4705839951 0.4199018076 0.5513525737 0.6251657574 0.5774084600
0.3650193526 0.1217444231 0.3758745754 0.0000000000 0.8562008203 0.8445178748 0.6269447014 0.2295186861 0.3141196960 0.1034488904 0.9633520326
0.0065563517 0.5655902928 0.6809575817 0.8562008203 0.0000000000 0.0672192386 0.7684663784 0.0430252378 0.6905867602 0.7935778249 0.8074276896
0.6290263798 0.0264960264 0.7290948663 0.8445178748 0.0672192386 0.0000000000 0.7418945567 0.7500393073 0.6996874205 0.1436916298 0.9707861457
0.4185402203 0.8197819478 0.4705839951 0.6269447014 0.7684663784 0.7418945567 0.0000000000 0.6115859656 0.2316469184 0.3053267729 0.5735446928
0.7960151851 0.4096249421 0.4199018076 0.2295186861 0.0430252378 0.7500393073 0.6115859656 0.0000000000 0.4158695096 0.3558825614 0.9048866433
0.5206673861 0.1102039454 0.5513525737 0.3141196960 0.6905867602 0.6996874205 0.2316469184 0.4158695096 0.0000000000 0.8181508075 0.1317097700
0.6339222821 0.7222432682 0.6251657574 0.1034488904 0.7935778249 0.1436916298 0.3053267729 0.3558825614 0.8181508075 0.0000000000 0.2460340573
0.4753558596 0.5766894833 0.5774084600 0.9633520326 0.8074276896 0.9707861457 0.5735446928 0.9048866433 0.1317097700 0.2460340573 0.0000000000
