# MCW Instance
# Type: UNIFORM
# N: 11
# Optimal cost: 1.0630995719095124
# Optimal tour (permutation): [0, 3, 2, 4, 9, 5, 7, 6, 10, 8, 1, 0]
# Optimal walk (full path): [0, 3, 2, 4, 9, 5, 9, 6, 7, 6, 8, 10, 8, 1, 8, 6, 3, 0]
# Walk size: 18
# Is walk (has repeats): true

# Distance Matrix
0.0000000000 0.2073335207 0.3014787398 0.0337613027 0.8555628124 0.9207883179 0.9328102211 0.6801321147 0.8362910391 0.4019690802 0.2965231448
0.2073335207 0.0000000000 0.3692266616 0.8155346230 0.3489449103 0.4954973654 0.6100430571 0.8295878136 0.1197955684 0.3481088446 0.3552137775
0.3014787398 0.3692266616 0.0000000000 0.0811788167 0.1094408644 0.3261221687 0.6719296419 0.6393714795 0.1749330150 0.6461254523 0.6036758529
0.0337613027 0.8155346230 0.0811788167 0.0000000000 0.6537423968 0.6050917572 0.0350462411 0.4574299737 0.4241727629 0.3032145160 0.3397005125
0.8555628124 0.3489449103 0.1094408644 0.6537423968 0.0000000000 0.4394476374 0.4576330373 0.3056941745 0.3309915519 0.0324892751 0.4646276427
0.9207883179 0.4954973654 0.3261221687 0.6050917572 0.4394476374 0.0000000000 0.4947297444 0.7652888710 0.7583168218 0.1005061040 0.3799161775
0.9328102211 0.6100430571 0.6719296419 0.0350462411 0.4576330373 0.4947297444 0.0000000000 0.0086819235 0.0015164231 0.1406358728 0.1213511488
0.6801321147 0.8295878136 0.6393714795 0.4574299737 0.3056941745 0.7652888710 0.0086819235 0.0000000000 0.3042175061 0.3841797791 0.6934713252
0.8362910391 0.1197955684 0.1749330150 0.4241727629 0.3309915519 0.7583168218 0.0015164231 0.3042175061 0.0000000000 0.5459985115 0.0678929291
0.4019690802 0.3481088446 0.6461254523 0.3032145160 0.0324892751 0.1005061040 0.1406358728 0.3841797791 0.5459985115 0.0000000000 0.7757029249
0.2965231448 0.3552137775 0.6036758529 0.3397005125 0.4646276427 0.3799161775 0.1213511488 0.6934713252 0.0678929291 0.7757029249 0.0000000000
