# MCW Instance
# Type: UNIFORM
# N: 11
# Optimal cost: 2.092168532359982
# Optimal tour (permutation): [0, 5, 10, 1, 8, 9, 6, 2, 7, 3, 4, 0]
# Optimal walk (full path): [0, 5, 10, 1, 8, 9, 6, 2, 7, 3, 4, 0]
# Walk size: 12
# Is walk (has repeats): false

# Distance Matrix
0.0000000000 0.4752799922 0.8728487996 0.7129682781 0.0665795750 0.1249433705 0.4352352561 0.8747415699 0.3135522809 0.2479446800 0.3540843225
0.4752799922 0.0000000000 0.4616069662 0.6251081659 0.9176154679 0.8837914000 0.3720482533 0.5784071229 0.3590552399 0.2463308924 0.2178599592
0.8728487996 0.4616069662 0.0000000000 0.8234049461 0.2573979781 0.8487950901 0.2527184338 0.4121099082 0.4140561281 0.8613389719 0.7825347643
0.7129682781 0.6251081659 0.8234049461 0.0000000000 0.0767614303 0.2805138984 0.4636668008 0.2399933092 0.5624302978 0.5252177547 0.2957359506
0.0665795750 0.9176154679 0.2573979781 0.0767614303 0.0000000000 0.4972808146 0.7377034978 0.1963388043 0.9071414564 0.6638628886 0.3565312533
0.1249433705 0.8837914000 0.8487950901 0.2805138984 0.4972808146 0.0000000000 0.2316584636 0.2896850272 0.5702661805 0.0249777744 0.0365548899
0.4352352561 0.3720482533 0.2527184338 0.4636668008 0.7377034978 0.2316584636 0.0000000000 0.8989205518 0.3741757736 0.1385309529 0.6020448095
0.8747415699 0.5784071229 0.4121099082 0.2399933092 0.1963388043 0.2896850272 0.8989205518 0.0000000000 0.9230072796 0.2417594847 0.2987907990
0.3135522809 0.3590552399 0.4140561281 0.5624302978 0.9071414564 0.5702661805 0.3741757736 0.9230072796 0.0000000000 0.1670614635 0.9409910479
0.2479446800 0.2463308924 0.8613389719 0.5252177547 0.6638628886 0.0249777744 0.1385309529 0.2417594847 0.1670614635 0.0000000000 0.8549818886
0.3540843225 0.2178599592 0.7825347643 0.2957359506 0.3565312533 0.0365548899 0.6020448095 0.2987907990 0.9409910479 0.8549818886 0.0000000000
