# Graph size: 11
# Optimal cost: 1.6952817642476394

# Distance Matrix
0.0 0.0318398211569485 0.15049543586474168 0.42542593204536316 0.15893260414664756 0.8805775854434462 0.5304551272035026 0.2543120233112395 0.11838823912736418 0.4655537741800927 0.7534983383603118
0.0318398211569485 0.0 0.6744419064307015 0.41610229517473696 0.3817839193946301 0.19293215945105513 0.2446695933399926 0.893711220753077 0.8669689153840706 0.3281035872284356 0.8291802068067717
0.15049543586474168 0.6744419064307015 0.0 0.5437828577038142 0.9437157298142749 0.4502391755916596 0.8476939557198501 0.990650502599151 0.02974621688263257 0.5563425721219121 0.6999720722873285
0.42542593204536316 0.41610229517473696 0.5437828577038142 0.0 0.48634643328569116 0.288341221780014 0.9702431155484121 0.04751672235473803 0.32840380948639003 0.25786890043918254 0.7230521542026056
0.15893260414664756 0.3817839193946301 0.9437157298142749 0.48634643328569116 0.0 0.9175833323588067 0.7400847412521466 0.8470976697670219 0.7496987789945919 0.6581001514601493 0.4186315229553206
0.8805775854434462 0.19293215945105513 0.4502391755916596 0.288341221780014 0.9175833323588067 0.0 0.6120958535586027 0.5138797891768134 0.6168167215913173 0.1534267785360166 0.3408714361462768
0.5304551272035026 0.2446695933399926 0.8476939557198501 0.9702431155484121 0.7400847412521466 0.6120958535586027 0.0 0.7606731288949988 0.04397935254442087 0.1434880310630965 0.3635072289128495
0.2543120233112395 0.893711220753077 0.990650502599151 0.04751672235473803 0.8470976697670219 0.5138797891768134 0.7606731288949988 0.0 0.7142286147771107 0.1250580961362885 0.9025103141465403
0.11838823912736418 0.8669689153840706 0.02974621688263257 0.32840380948639003 0.7496987789945919 0.6168167215913173 0.04397935254442087 0.7142286147771107 0.0 0.6783980914084992 0.18736256752547542
0.4655537741800927 0.3281035872284356 0.5563425721219121 0.25786890043918254 0.6581001514601493 0.1534267785360166 0.1434880310630965 0.1250580961362885 0.6783980914084992 0.0 0.23852658956835393
0.7534983383603118 0.8291802068067717 0.6999720722873285 0.7230521542026056 0.4186315229553206 0.3408714361462768 0.3635072289128495 0.9025103141465403 0.18736256752547542 0.23852658956835393 0.0

# Optimal Walk
0 4 1 5 3 7 9 10 6 8 2 0
