# Graph size: 11
# Optimal cost: 2.343184479047777

# Distance Matrix
0.0 0.7728079564769823 0.9798889048166386 0.11919759707292021 0.7900500519671528 0.7644093905784252 0.18638840291642 0.46095625836391685 0.7521683998458776 0.04909258599898403 0.7340943784828102
0.7728079564769823 0.0 0.775615364801461 0.8719864525671677 0.964059610414114 0.7877264092749253 0.9832980819556126 0.21586638941777103 0.591198370369782 0.8555198846399432 0.8391856919420296
0.9798889048166386 0.775615364801461 0.0 0.6297193838023816 0.21953523370460226 0.9131180031169015 0.29282516703754347 0.9811459701472782 0.8366955919320691 0.8335480955985706 0.5629833531870553
0.11919759707292021 0.8719864525671677 0.6297193838023816 0.0 0.33328658556623836 0.6281627480082114 0.5993876949730131 0.7471700511252812 0.011350416257200235 0.4641016990165453 0.37576340778886785
0.7900500519671528 0.964059610414114 0.21953523370460226 0.33328658556623836 0.0 0.5515538760268677 0.5159545586316904 0.1357413296962774 0.1566160408792283 0.7748464540730781 0.7618196818388032
0.7644093905784252 0.7877264092749253 0.9131180031169015 0.6281627480082114 0.5515538760268677 0.0 0.6667852579446719 0.36170357434692846 0.5088316651350191 0.17603233009089247 0.37004737708577573
0.18638840291642 0.9832980819556126 0.29282516703754347 0.5993876949730131 0.5159545586316904 0.6667852579446719 0.0 0.4581031920505334 0.6285689636546014 0.7769982664709126 0.4454855848150058
0.46095625836391685 0.21586638941777103 0.9811459701472782 0.7471700511252812 0.1357413296962774 0.36170357434692846 0.4581031920505334 0.0 0.40751211873565407 0.03690036922636031 0.4733750151376527
0.7521683998458776 0.591198370369782 0.8366955919320691 0.011350416257200235 0.1566160408792283 0.5088316651350191 0.6285689636546014 0.40751211873565407 0.0 0.8230331609597694 0.4994367491080145
0.04909258599898403 0.8555198846399432 0.8335480955985706 0.4641016990165453 0.7748464540730781 0.17603233009089247 0.7769982664709126 0.03690036922636031 0.8230331609597694 0.0 0.3007432098338759
0.7340943784828102 0.8391856919420296 0.5629833531870553 0.37576340778886785 0.7618196818388032 0.37004737708577573 0.4454855848150058 0.4733750151376527 0.4994367491080145 0.3007432098338759 0.0

# Optimal Walk
0 6 2 4 8 3 10 5 9 7 1 0
