# Graph size: 11
# Optimal cost: 1.635815155247892

# Distance Matrix
0.0 0.14004166945809005 0.016074263577792625 0.8001396962584453 0.39372986660632014 0.5062188647991549 0.7457982943076423 0.5017886115118411 0.04428804629567051 0.6506931553241121 0.38142966097590647
0.14004166945809005 0.0 0.5964980118363561 0.9906810815199911 0.6071165756808005 0.026203479617205705 0.0868852641784209 0.18643439591085775 0.4516173882798439 0.2696775436507506 0.17203286296881526
0.016074263577792625 0.5964980118363561 0.0 0.5454396207316624 0.6264755360338843 0.47023695321068715 0.3097164063045862 0.46705914520028613 0.5312551000532131 0.8105259535791047 0.12984505762695864
0.8001396962584453 0.9906810815199911 0.5454396207316624 0.0 0.8425472352600063 0.8225863223725968 0.9041579340522992 0.5040767466557872 0.26693927221516567 0.28664147409961405 0.6314684004436314
0.39372986660632014 0.6071165756808005 0.6264755360338843 0.8425472352600063 0.0 0.015046714154390073 0.2206000360497984 0.8524504304576177 0.31273999723343326 0.7883746264611013 0.05591024991790339
0.5062188647991549 0.026203479617205705 0.47023695321068715 0.8225863223725968 0.015046714154390073 0.0 0.299552928220958 0.2892423505424171 0.1515924074379038 0.7271109265760795 0.480086737331767
0.7457982943076423 0.0868852641784209 0.3097164063045862 0.9041579340522992 0.2206000360497984 0.299552928220958 0.0 0.47559412074605845 0.8663607717440749 0.33511254174305494 0.42326196305829134
0.5017886115118411 0.18643439591085775 0.46705914520028613 0.5040767466557872 0.8524504304576177 0.2892423505424171 0.47559412074605845 0.0 0.4713681969078477 0.7438198167482499 0.7241166937830873
0.04428804629567051 0.4516173882798439 0.5312551000532131 0.26693927221516567 0.31273999723343326 0.1515924074379038 0.8663607717440749 0.4713681969078477 0.0 0.5192736579798092 0.37552529693428716
0.6506931553241121 0.2696775436507506 0.8105259535791047 0.28664147409961405 0.7883746264611013 0.7271109265760795 0.33511254174305494 0.7438198167482499 0.5192736579798092 0.0 0.2976448117018473
0.38142966097590647 0.17203286296881526 0.12984505762695864 0.6314684004436314 0.05591024991790339 0.480086737331767 0.42326196305829134 0.7241166937830873 0.37552529693428716 0.2976448117018473 0.0

# Optimal Walk
0 8 3 9 6 7 1 5 4 10 2 0
