# MCW Instance
# Type: EXPONENTIAL
# N: 18
# Optimal cost: 1.6971171587199179
# Optimal tour (permutation): [0, 13, 16, 8, 4, 7, 6, 17, 11, 12, 5, 3, 1, 2, 14, 10, 15, 9, 0]
# Optimal walk (full path): [0, 13, 16, 8, 16, 4, 7, 6, 11, 17, 11, 1, 12, 5, 12, 3, 1, 11, 2, 11, 14, 10, 15, 9, 0]
# Walk size: 25
# Is walk (has repeats): true

# Distance Matrix
0.0000000000 0.9645740166 1.3922930986 0.4971266744 0.2952784276 0.6433189823 4.6388342974 1.4565373055 0.6406127013 0.0359748877 0.5817152053 0.1188929016 0.7688960305 0.0084399480 0.9778023483 0.0799382568 0.3918834159 0.5309216338
0.9645740166 0.0000000000 0.6643399211 0.1042403651 0.4810242312 0.5756349900 0.7239746516 1.9923645039 2.7113062143 0.6294182288 0.1125907930 0.0300532513 0.0756298038 1.0578132647 3.2138522613 2.1277826467 0.0751736844 1.5510312892
1.3922930986 0.6643399211 0.0000000000 1.3570397782 1.0177138052 0.8168507944 0.3336887158 1.0930378581 0.7550883260 0.9929622887 2.9544340790 0.1138832632 0.4360570276 2.0885522646 2.4986234697 3.0202323982 0.2210980606 1.0241857996
0.4971266744 0.1042403651 1.3570397782 0.0000000000 0.7700297115 1.5491809368 0.2080139325 1.6571846305 0.2059047870 1.4971664206 0.8952109894 2.0206473561 0.0819259783 0.6972739466 0.5584790783 3.3220303495 1.6905284686 1.7681781355
0.2952784276 0.4810242312 1.0177138052 0.7700297115 0.0000000000 1.2725111345 0.2692004442 0.0558674589 0.5289488335 2.2728653537 1.2539070182 5.2815245839 0.2307360812 0.5980416288 1.2419731206 0.7125211609 0.0977785091 1.7903049757
0.6433189823 0.5756349900 0.8168507944 1.5491809368 1.2725111345 0.0000000000 1.2268490171 1.0536294739 0.5330158041 1.5172441718 0.5331851180 3.3205887261 0.0837389471 1.0953961060 1.9468609149 0.6663231089 1.2371326507 0.2912375149
4.6388342974 0.7239746516 0.3336887158 0.2080139325 0.2692004442 1.2268490171 0.0000000000 0.0508142077 0.9079698407 0.0708465504 0.2550254449 0.0462076487 2.0277336348 0.0382191242 0.1688392722 3.6876152067 2.7001547696 0.2128248425
1.4565373055 1.9923645039 1.0930378581 1.6571846305 0.0558674589 1.0536294739 0.0508142077 0.0000000000 0.1891352102 2.7162614447 2.6382469654 0.0450223814 0.5746609704 0.5954275140 0.6921868102 4.2150974900 1.1420847371 0.9578760954
0.6406127013 2.7113062143 0.7550883260 0.2059047870 0.5289488335 0.5330158041 0.9079698407 0.1891352102 0.0000000000 0.6152523313 3.0799153822 0.6565494052 2.3307943220 0.1957675089 2.4635822011 1.0760392156 0.0241353381 0.6218373424
0.0359748877 0.6294182288 0.9929622887 1.4971664206 2.2728653537 1.5172441718 0.0708465504 2.7162614447 0.6152523313 0.0000000000 0.3440958887 0.1722530670 0.3423166863 0.2495999888 0.9277702914 0.0474493400 0.3444956867 0.5884965976
0.5817152053 0.1125907930 2.9544340790 0.8952109894 1.2539070182 0.5331851180 0.2550254449 2.6382469654 3.0799153822 0.3440958887 0.0000000000 1.2203483638 1.6693032783 1.7461616900 0.1773126423 0.1498579837 3.4647154690 0.7323334608
0.1188929016 0.0300532513 0.1138832632 2.0206473561 5.2815245839 3.3205887261 0.0462076487 0.0450223814 0.6565494052 0.1722530670 1.2203483638 0.0000000000 1.6305299339 0.5220209204 0.0966590616 1.1792177160 0.0912981180 0.0747008470
0.7688960305 0.0756298038 0.4360570276 0.0819259783 0.2307360812 0.0837389471 2.0277336348 0.5746609704 2.3307943220 0.3423166863 1.6693032783 1.6305299339 0.0000000000 1.5561873191 0.9756079394 2.4775476415 3.4646408004 1.5892325110
0.0084399480 1.0578132647 2.0885522646 0.6972739466 0.5980416288 1.0953961060 0.0382191242 0.5954275140 0.1957675089 0.2495999888 1.7461616900 0.5220209204 1.5561873191 0.0000000000 0.7387588688 4.3001028723 0.0159360304 0.4110927041
0.9778023483 3.2138522613 2.4986234697 0.5584790783 1.2419731206 1.9468609149 0.1688392722 0.6921868102 2.4635822011 0.9277702914 0.1773126423 0.0966590616 0.9756079394 0.7387588688 0.0000000000 0.2414164581 1.3999148514 0.6722160663
0.0799382568 2.1277826467 3.0202323982 3.3220303495 0.7125211609 0.6663231089 3.6876152067 4.2150974900 1.0760392156 0.0474493400 0.1498579837 1.1792177160 2.4775476415 4.3001028723 0.2414164581 0.0000000000 0.1273340065 1.2796643948
0.3918834159 0.0751736844 0.2210980606 1.6905284686 0.0977785091 1.2371326507 2.7001547696 1.1420847371 0.0241353381 0.3444956867 3.4647154690 0.0912981180 3.4646408004 0.0159360304 1.3999148514 0.1273340065 0.0000000000 0.1875910155
0.5309216338 1.5510312892 1.0241857996 1.7681781355 1.7903049757 0.2912375149 0.2128248425 0.9578760954 0.6218373424 0.5884965976 0.7323334608 0.0747008470 1.5892325110 0.4110927041 0.6722160663 1.2796643948 0.1875910155 0.0000000000
