# MCW Instance
# Type: EXPONENTIAL
# N: 18
# Optimal cost: 1.9590769718086865
# Optimal tour (permutation): [0, 13, 12, 14, 9, 16, 5, 7, 10, 1, 4, 11, 6, 8, 3, 15, 2, 17, 0]
# Optimal walk (full path): [0, 13, 12, 9, 14, 9, 7, 16, 7, 5, 7, 10, 1, 4, 11, 6, 8, 3, 15, 2, 15, 17, 0]
# Walk size: 23
# Is walk (has repeats): true

# Distance Matrix
0.0000000000 1.1423973504 2.7453593170 0.2770012113 0.7259863570 0.7414909983 1.2823882307 0.3270649586 0.1086812414 1.2636646209 0.6959749398 0.1826973385 0.3225011009 0.0841931991 1.3965905616 0.7234644518 0.5602784107 0.1471347495
1.1423973504 0.0000000000 1.0128770801 0.7400752542 0.2002322443 0.4770670649 0.5949732253 1.4351060850 2.5025123087 0.0663520987 0.0769276605 1.1172626938 1.0046091054 1.2140663448 0.7998463015 0.1139222482 1.0442922943 2.5712707585
2.7453593170 1.0128770801 0.0000000000 0.3234893134 0.2693419273 0.4512767193 0.1330172433 0.5507482303 2.5681876975 2.0564640771 0.5162513290 0.9778602532 0.2853446983 2.1795531569 0.8255664868 0.0587479874 0.1939545637 0.1695649076
0.2770012113 0.7400752542 0.3234893134 0.0000000000 0.9430509287 1.0612904173 0.7474659461 0.3068763383 0.0750712735 0.2886643893 0.3279015928 0.6369159915 0.8583693821 0.1909491331 3.3306920719 0.0292785099 1.1047080628 2.5352777828
0.7259863570 0.2002322443 0.2693419273 0.9430509287 0.0000000000 0.3924907436 0.2853415300 0.7301348307 0.3718806844 1.2999558511 0.5573118253 0.2189789862 1.2822739599 1.5901967486 1.0380757471 0.7474412068 1.6941212726 0.8539106801
0.7414909983 0.4770670649 0.4512767193 1.0612904173 0.3924907436 0.0000000000 0.4195819296 0.0554441758 0.5616823962 0.1227005079 0.7688142184 0.8598435670 0.2149498623 1.4778780948 0.7609187950 1.5568226755 1.4288713969 0.9454339107
1.2823882307 0.5949732253 0.1330172433 0.7474659461 0.2853415300 0.4195819296 0.0000000000 3.3600793343 0.0362628388 0.6127409904 0.4047905430 0.0621233683 2.0027158520 0.8997326869 1.4494833104 0.0891966900 0.0672104655 0.9327177017
0.3270649586 1.4351060850 0.5507482303 0.3068763383 0.7301348307 0.0554441758 3.3600793343 0.0000000000 0.7838393762 0.0464889323 0.1280111901 1.4446851913 1.7576854074 1.7270684162 0.8874456101 0.1069891544 0.0058598358 0.1273208497
0.1086812414 2.5025123087 2.5681876975 0.0750712735 0.3718806844 0.5616823962 0.0362628388 0.7838393762 0.0000000000 1.2589594929 2.1562516135 0.1687356926 1.4820749608 1.2967304107 2.9159381918 1.1077960031 0.2326933640 0.9243397204
1.2636646209 0.0663520987 2.0564640771 0.2886643893 1.2999558511 0.1227005079 0.6127409904 0.0464889323 1.2589594929 0.0000000000 2.0575102226 2.0117987066 0.0969159640 2.0099631424 0.1726531348 0.8473355885 0.7336496774 1.5707792774
0.6959749398 0.0769276605 0.5162513290 0.3279015928 0.5573118253 0.7688142184 0.4047905430 0.1280111901 2.1562516135 2.0575102226 0.0000000000 0.1521402654 1.0745831843 0.4660251661 1.4534682045 1.2728085173 0.2979407907 2.1263663716
0.1826973385 1.1172626938 0.9778602532 0.6369159915 0.2189789862 0.8598435670 0.0621233683 1.4446851913 0.1687356926 2.0117987066 0.1521402654 0.0000000000 3.3289165398 0.9976921063 2.2321844033 1.4511401911 0.4621773031 0.3607064581
0.3225011009 1.0046091054 0.2853446983 0.8583693821 1.2822739599 0.2149498623 2.0027158520 1.7576854074 1.4820749608 0.0969159640 1.0745831843 3.3289165398 0.0000000000 0.1204171902 1.4881243752 0.2326849096 0.1404060513 0.3345017428
0.0841931991 1.2140663448 2.1795531569 0.1909491331 1.5901967486 1.4778780948 0.8997326869 1.7270684162 1.2967304107 2.0099631424 0.4660251661 0.9976921063 0.1204171902 0.0000000000 1.9576160083 0.2543145476 0.4395138503 0.0712371592
1.3965905616 0.7998463015 0.8255664868 3.3306920719 1.0380757471 0.7609187950 1.4494833104 0.8874456101 2.9159381918 0.1726531348 1.4534682045 2.2321844033 1.4881243752 1.9576160083 0.0000000000 1.3253789474 2.4494806633 0.8591200959
0.7234644518 0.1139222482 0.0587479874 0.0292785099 0.7474412068 1.5568226755 0.0891966900 0.1069891544 1.1077960031 0.8473355885 1.2728085173 1.4511401911 0.2326849096 0.2543145476 1.3253789474 0.0000000000 1.6336086252 0.0516305974
0.5602784107 1.0442922943 0.1939545637 1.1047080628 1.6941212726 1.4288713969 0.0672104655 0.0058598358 0.2326933640 0.7336496774 0.2979407907 0.4621773031 0.1404060513 0.4395138503 2.4494806633 1.6336086252 0.0000000000 1.1190771138
0.1471347495 2.5712707585 0.1695649076 2.5352777828 0.8539106801 0.9454339107 0.9327177017 0.1273208497 0.9243397204 1.5707792774 2.1263663716 0.3607064581 0.3345017428 0.0712371592 0.8591200959 0.0516305974 1.1190771138 0.0000000000
