# MCW Instance
# Type: EXPONENTIAL
# N: 18
# Optimal cost: 1.6590705492290532
# Optimal tour (permutation): [0, 11, 7, 3, 14, 4, 2, 16, 1, 5, 9, 13, 8, 17, 6, 12, 15, 10, 0]
# Optimal walk (full path): [0, 11, 0, 7, 3, 7, 14, 4, 2, 16, 1, 5, 9, 13, 6, 8, 17, 8, 6, 12, 15, 10, 15, 12, 0]
# Walk size: 25
# Is walk (has repeats): true

# Distance Matrix
0.0000000000 0.2208332228 0.3824252699 1.2432606397 0.9451202105 0.2464671185 1.9583346346 0.0195732330 0.9750163509 0.4355795073 2.3212633484 0.0006179390 0.0475953013 5.8583885681 0.3161454115 1.4442346508 1.7457435890 0.2842720040
0.2208332228 0.0000000000 1.9917811235 0.1045263750 0.0366028446 0.0992586579 0.2602517696 1.0166469514 2.7870776668 1.1938745304 2.5447541273 2.0161212266 1.7967530559 1.0764998326 2.8855123382 1.6541861434 0.1027158163 0.4434469129
0.3824252699 1.9917811235 0.0000000000 0.4194651728 0.1011063087 2.0701408183 0.3184116804 1.3961778993 0.3788944671 0.8679367631 3.1566002768 0.7016331743 3.4595255295 0.7578194913 1.4821211754 1.2226293984 0.1375069522 1.2684841021
1.2432606397 0.1045263750 0.4194651728 0.0000000000 1.3237163581 0.8563289653 2.1205572363 0.0197628585 2.0553172363 0.2070456809 2.8096939759 2.1464739797 0.3842758149 1.1867528865 0.5514651035 1.8970124528 2.4794669308 0.0620103268
0.9451202105 0.0366028446 0.1011063087 1.3237163581 0.0000000000 0.9055258572 0.1000149973 0.7464165070 0.3243607490 0.8317043320 0.8085579541 0.4854967034 0.1055261945 0.4052557585 0.0983400367 1.4673560106 0.3886319656 0.3409207017
0.2464671185 0.0992586579 2.0701408183 0.8563289653 0.9055258572 0.0000000000 0.9402700286 3.6768239959 1.2565983874 0.2601298708 2.4641991454 0.0964839767 1.9703085040 0.3109187435 1.3970834477 0.4669376377 0.2365677248 0.7375347146
1.9583346346 0.2602517696 0.3184116804 2.1205572363 0.1000149973 0.9402700286 0.0000000000 0.3659418868 0.0158116966 2.4344702343 0.3770572760 0.1448030821 0.0599110160 0.1024769792 1.2615568303 0.7750319917 1.1877388718 0.8821627978
0.0195732330 1.0166469514 1.3961778993 0.0197628585 0.7464165070 3.6768239959 0.3659418868 0.0000000000 1.1365074294 5.7861206524 1.3196621658 0.2279583946 1.0101357558 0.5725744613 0.0963411330 0.2245856430 0.6075172729 1.6891492996
0.9750163509 2.7870776668 0.3788944671 2.0553172363 0.3243607490 1.2565983874 0.0158116966 1.1365074294 0.0000000000 0.2673240883 0.8909338330 1.7075068479 1.1387439596 0.1565053466 0.8177885778 1.0242804857 0.1109456299 0.0217176779
0.4355795073 1.1938745304 0.8679367631 0.2070456809 0.8317043320 0.2601298708 2.4344702343 5.7861206524 0.2673240883 0.0000000000 0.7319458881 2.8065725984 1.2844417069 0.1722888584 1.3531083441 1.0150708964 0.3908136684 0.8679529953
2.3212633484 2.5447541273 3.1566002768 2.8096939759 0.8085579541 2.4641991454 0.3770572760 1.3196621658 0.8909338330 0.7319458881 0.0000000000 5.2569475934 0.1592077289 1.9648441304 2.1177084946 0.0759848839 0.2508088906 0.8347502079
0.0006179390 2.0161212266 0.7016331743 2.1464739797 0.4854967034 0.0964839767 0.1448030821 0.2279583946 1.7075068479 2.8065725984 5.2569475934 0.0000000000 0.4387670922 0.9414677410 0.6704434583 0.3258520822 4.8247808645 0.1178076012
0.0475953013 1.7967530559 3.4595255295 0.3842758149 0.1055261945 1.9703085040 0.0599110160 1.0101357558 1.1387439596 1.2844417069 0.1592077289 0.4387670922 0.0000000000 0.3204477605 5.0897844005 0.0470181370 1.2659240181 1.7563142361
5.8583885681 1.0764998326 0.7578194913 1.1867528865 0.4052557585 0.3109187435 0.1024769792 0.5725744613 0.1565053466 0.1722888584 1.9648441304 0.9414677410 0.3204477605 0.0000000000 0.1768473357 4.6467661458 1.6504146137 1.6178057760
0.3161454115 2.8855123382 1.4821211754 0.5514651035 0.0983400367 1.3970834477 1.2615568303 0.0963411330 0.8177885778 1.3531083441 2.1177084946 0.6704434583 5.0897844005 0.1768473357 0.0000000000 0.2068544029 0.4622692696 0.1955590473
1.4442346508 1.6541861434 1.2226293984 1.8970124528 1.4673560106 0.4669376377 0.7750319917 0.2245856430 1.0242804857 1.0150708964 0.0759848839 0.3258520822 0.0470181370 4.6467661458 0.2068544029 0.0000000000 2.4836330606 0.1699948377
1.7457435890 0.1027158163 0.1375069522 2.4794669308 0.3886319656 0.2365677248 1.1877388718 0.6075172729 0.1109456299 0.3908136684 0.2508088906 4.8247808645 1.2659240181 1.6504146137 0.4622692696 2.4836330606 0.0000000000 1.1044930172
0.2842720040 0.4434469129 1.2684841021 0.0620103268 0.3409207017 0.7375347146 0.8821627978 1.6891492996 0.0217176779 0.8679529953 0.8347502079 0.1178076012 1.7563142361 1.6178057760 0.1955590473 0.1699948377 1.1044930172 0.0000000000
