# MCW Instance
# Type: EXPONENTIAL
# N: 18
# Optimal cost: 2.2890880623534002
# Optimal tour (permutation): [0, 14, 12, 17, 7, 13, 10, 8, 1, 2, 5, 6, 15, 16, 9, 4, 11, 3, 0]
# Optimal walk (full path): [0, 14, 7, 17, 12, 17, 7, 10, 13, 10, 8, 1, 2, 5, 6, 15, 16, 4, 9, 4, 11, 3, 11, 0]
# Walk size: 24
# Is walk (has repeats): true

# Distance Matrix
0.0000000000 1.1322788365 1.4647990700 0.3180748442 0.0858110841 0.7016864493 3.2889321761 0.9926697862 0.0962877787 0.9507215908 2.4130794451 0.0803262659 2.9473240764 3.6622513492 0.0753243217 1.8983092296 0.5495564562 0.9747771529
1.1322788365 0.0000000000 0.0176980741 0.8798828879 1.6309192441 3.0944139488 1.0448969858 0.3303311389 0.0472515245 0.4787039047 1.2448693130 2.6682434671 1.0547815926 0.3098785228 0.7625397133 0.2764281470 0.9456300072 2.3593959897
1.4647990700 0.0176980741 0.0000000000 1.7426396024 0.6109099349 0.0353961284 1.8817611594 0.4671045954 0.1401019771 2.9139559581 0.3619457394 0.4817311858 1.9761649108 0.0911662887 0.6685760243 0.2979224299 0.5399490578 0.6341871955
0.3180748442 0.8798828879 1.7426396024 0.0000000000 1.2193876726 1.0750002124 0.4716452952 1.8271712537 1.2384794358 1.2663961598 0.5108372105 0.2161303708 0.4563943769 0.5587318046 0.7480882004 3.9611094040 2.3562409575 0.3965134680
0.0858110841 1.6309192441 0.6109099349 1.2193876726 0.0000000000 0.5224866668 0.9473296014 0.1863391993 1.5596783465 0.2861871920 0.7401703587 0.0551488427 0.5251774722 0.4134538856 0.0503571371 3.6959906114 0.2229099035 0.5085808650
0.7016864493 3.0944139488 0.0353961284 1.0750002124 0.5224866668 0.0000000000 0.0454503166 1.0376013201 0.9368419008 1.2661570844 0.3494774634 0.8264677915 0.8796117838 2.8816698306 0.6389262627 1.0188513938 0.4071485215 1.0689963439
3.2889321761 1.0448969858 1.8817611594 0.4716452952 0.9473296014 0.0454503166 0.0000000000 0.8635091318 0.1414950902 1.1100772463 0.4624353308 0.8680728768 0.8085465922 0.3820549439 0.5042609019 0.2255090548 0.8754169777 2.2763157326
0.9926697862 0.3303311389 0.4671045954 1.8271712537 0.1863391993 1.0376013201 0.8635091318 0.0000000000 0.0903659955 1.0577042806 0.0595228322 1.5768393611 0.4107898532 0.5189361607 0.0490462549 0.8254102841 2.0084304088 0.0001222736
0.0962877787 0.0472515245 0.1401019771 1.2384794358 1.5596783465 0.9368419008 0.1414950902 0.0903659955 0.0000000000 0.9766692638 0.0689032613 1.2502654570 0.3132504311 0.5056684571 0.0548241272 0.9360229611 0.3165013305 0.1393973719
0.9507215908 0.4787039047 2.9139559581 1.2663961598 0.2861871920 1.2661570844 1.1100772463 1.0577042806 0.9766692638 0.0000000000 0.6080515757 0.3947717073 1.3256682894 1.1977984360 0.3846302868 3.0966321847 1.3969360128 0.6618026734
2.4130794451 1.2448693130 0.3619457394 0.5108372105 0.7401703587 0.3494774634 0.4624353308 0.0595228322 0.0689032613 0.6080515757 0.0000000000 2.0714286263 4.4947707251 0.0430522707 1.8525484127 2.7988525919 0.7979895809 0.0999306402
0.0803262659 2.6682434671 0.4817311858 0.2161303708 0.0551488427 0.8264677915 0.8680728768 1.5768393611 1.2502654570 0.3947717073 2.0714286263 0.0000000000 0.9640996514 0.8033871424 0.9300849750 0.1850468906 1.7059768701 0.5665400212
2.9473240764 1.0547815926 1.9761649108 0.4563943769 0.5251774722 0.8796117838 0.8085465922 0.4107898532 0.3132504311 1.3256682894 4.4947707251 0.9640996514 0.0000000000 3.5040943409 0.1756952514 0.6302962920 1.0586285144 0.0330461412
3.6622513492 0.3098785228 0.0911662887 0.5587318046 0.4134538856 2.8816698306 0.3820549439 0.5189361607 0.5056684571 1.1977984360 0.0430522707 0.8033871424 3.5040943409 0.0000000000 0.0740287838 0.4193048530 1.1493315841 0.9707420541
0.0753243217 0.7625397133 0.6685760243 0.7480882004 0.0503571371 0.6389262627 0.5042609019 0.0490462549 0.0548241272 0.3846302868 1.8525484127 0.9300849750 0.1756952514 0.0740287838 0.0000000000 2.6982955373 1.4242107264 1.5405538804
1.8983092296 0.2764281470 0.2979224299 3.9611094040 3.6959906114 1.0188513938 0.2255090548 0.8254102841 0.9360229611 3.0966321847 2.7988525919 0.1850468906 0.6302962920 0.4193048530 2.6982955373 0.0000000000 0.1495247852 1.6376630921
0.5495564562 0.9456300072 0.5399490578 2.3562409575 0.2229099035 0.4071485215 0.8754169777 2.0084304088 0.3165013305 1.3969360128 0.7979895809 1.7059768701 1.0586285144 1.1493315841 1.4242107264 0.1495247852 0.0000000000 1.8482284691
0.9747771529 2.3593959897 0.6341871955 0.3965134680 0.5085808650 1.0689963439 2.2763157326 0.0001222736 0.1393973719 0.6618026734 0.0999306402 0.5665400212 0.0330461412 0.9707420541 1.5405538804 1.6376630921 1.8482284691 0.0000000000
