# MCW Instance
# Type: EXPONENTIAL
# N: 18
# Optimal cost: 2.32742792534677
# Optimal tour (permutation): [0, 1, 5, 13, 10, 8, 16, 17, 7, 4, 11, 15, 12, 9, 3, 2, 14, 6, 0]
# Optimal walk (full path): [0, 1, 5, 13, 10, 8, 16, 17, 7, 4, 11, 12, 15, 12, 11, 9, 3, 2, 14, 6, 0]
# Walk size: 21
# Is walk (has repeats): true

# Distance Matrix
0.0000000000 0.0481023820 1.4303459149 2.1511642413 0.3788959894 2.8348840887 0.1177050309 1.5548974123 0.1378086902 0.7372569267 0.2365756310 0.9499888789 0.7394334063 4.0081076475 1.6579575032 0.7501476453 0.2777786425 0.1790265710
0.0481023820 0.0000000000 1.3385847070 0.9781729631 0.8524357759 0.1235015490 0.2184364593 0.2576079566 0.1684632125 1.0828452690 2.7293295627 0.2853319676 3.1580806262 1.3221277287 0.7487299592 1.5922667885 2.5206471403 0.4355903626
1.4303459149 1.3385847070 0.0000000000 0.0340395739 2.2265995949 3.3841021043 0.7009246915 3.3093154757 0.7567544462 0.4944344388 1.8477579843 0.9114913807 0.7756229972 2.0487497202 0.1419847368 0.5344247380 0.9959690815 1.2817250413
2.1511642413 0.9781729631 0.0340395739 0.0000000000 0.7442464423 0.8255552217 1.6827755818 0.3761508023 0.3955128319 0.1013739022 1.9732155577 5.7499185318 1.1817547504 2.6027152200 1.7191383259 0.3346299790 1.4515918438 0.3048181980
0.3788959894 0.8524357759 2.2265995949 0.7442464423 0.0000000000 1.1873415647 0.6242449144 0.1370457889 1.1479234699 0.2757818923 0.3947840162 0.1094512093 1.5069359897 0.7778962850 0.1891310854 0.4085794149 1.5414280328 0.5168188008
2.8348840887 0.1235015490 3.3841021043 0.8255552217 1.1873415647 0.0000000000 1.7885250426 0.3467388348 0.6866025273 2.2887215921 3.5729374939 1.8389672486 0.2591820817 0.3614511986 0.8631998608 1.4476326737 0.9683196928 0.7942630182
0.1177050309 0.2184364593 0.7009246915 1.6827755818 0.6242449144 1.7885250426 0.0000000000 0.1767609890 0.2249017989 0.7908048593 1.5664049163 1.9082969425 0.2861424351 0.6748068927 0.1152335916 0.3192448940 1.0269487849 0.3835710480
1.5548974123 0.2576079566 3.3093154757 0.3761508023 0.1370457889 0.3467388348 0.1767609890 0.0000000000 0.5237962209 1.7672018386 0.3134008813 0.6895085962 0.8602221810 1.3724414123 0.6576551914 0.6359647619 0.8743386551 0.0613250011
0.1378086902 0.1684632125 0.7567544462 0.3955128319 1.1479234699 0.6866025273 0.2249017989 0.5237962209 0.0000000000 0.9191900517 0.0529228572 1.1449815941 0.7105890562 1.4171907785 0.6140514497 0.1919947798 0.2154792496 0.2556963670
0.7372569267 1.0828452690 0.4944344388 0.1013739022 0.2757818923 2.2887215921 0.7908048593 1.7672018386 0.9191900517 0.0000000000 1.6181021642 0.1769732957 1.2076009656 1.2098379181 1.0331069298 0.8434369521 0.4133731366 0.8257834938
0.2365756310 2.7293295627 1.8477579843 1.9732155577 0.3947840162 3.5729374939 1.5664049163 0.3134008813 0.0529228572 1.6181021642 0.0000000000 0.8173217704 0.3699266667 0.0656820212 4.7872614143 0.5515510029 1.7020627903 1.0758000355
0.9499888789 0.2853319676 0.9114913807 5.7499185318 0.1094512093 1.8389672486 1.9082969425 0.6895085962 1.1449815941 0.1769732957 0.8173217704 0.0000000000 0.0206908995 0.8970407372 0.4668618871 1.3014811073 2.5844863285 2.8159487211
0.7394334063 3.1580806262 0.7756229972 1.1817547504 1.5069359897 0.2591820817 0.2861424351 0.8602221810 0.7105890562 1.2076009656 0.3699266667 0.0206908995 0.0000000000 0.7392424562 0.1206421148 0.1664950457 0.3063755087 1.1460274636
4.0081076475 1.3221277287 2.0487497202 2.6027152200 0.7778962850 0.3614511986 0.6748068927 1.3724414123 1.4171907785 1.2098379181 0.0656820212 0.8970407372 0.7392424562 0.0000000000 0.5535879047 2.6747990992 0.5570756707 0.6233024153
1.6579575032 0.7487299592 0.1419847368 1.7191383259 0.1891310854 0.8631998608 0.1152335916 0.6576551914 0.6140514497 1.0331069298 4.7872614143 0.4668618871 0.1206421148 0.5535879047 0.0000000000 0.5947966136 2.9108090631 0.1875979166
0.7501476453 1.5922667885 0.5344247380 0.3346299790 0.4085794149 1.4476326737 0.3192448940 0.6359647619 0.1919947798 0.8434369521 0.5515510029 1.3014811073 0.1664950457 2.6747990992 0.5947966136 0.0000000000 0.8480966636 0.4473153127
0.2777786425 2.5206471403 0.9959690815 1.4515918438 1.5414280328 0.9683196928 1.0269487849 0.8743386551 0.2154792496 0.4133731366 1.7020627903 2.5844863285 0.3063755087 0.5570756707 2.9108090631 0.8480966636 0.0000000000 0.0907846468
0.1790265710 0.4355903626 1.2817250413 0.3048181980 0.5168188008 0.7942630182 0.3835710480 0.0613250011 0.2556963670 0.8257834938 1.0758000355 2.8159487211 1.1460274636 0.6233024153 0.1875979166 0.4473153127 0.0907846468 0.0000000000
