# MCW Instance
# Type: EXPONENTIAL
# N: 18
# Optimal cost: 1.2151748475295654
# Optimal tour (permutation): [0, 6, 11, 14, 13, 7, 17, 3, 10, 9, 8, 12, 1, 4, 15, 2, 16, 5, 0]
# Optimal walk (full path): [0, 6, 11, 14, 13, 7, 17, 3, 17, 10, 9, 8, 9, 10, 12, 1, 4, 15, 2, 16, 5, 0]
# Walk size: 22
# Is walk (has repeats): true

# Distance Matrix
0.0000000000 0.2406439771 2.0486313098 2.2107266959 0.6629193669 0.0733586617 0.0748359759 1.3094236664 0.3395168992 0.3543784106 0.9214816935 2.1825864481 1.6628825535 0.7890794049 0.1219710615 0.9287357751 1.8017505937 0.1342641663
0.2406439771 0.0000000000 2.4362264976 0.9014023056 0.0805172062 1.5127686309 1.1468808697 1.6942341432 0.6695821605 0.4099544224 2.9839187981 2.4174942186 0.0627992072 0.1432607029 0.5826256237 1.4138507152 1.9687882199 0.1520018880
2.0486313098 2.4362264976 0.0000000000 1.3075624277 0.6810581615 0.7719285181 0.8257649666 1.2003914280 0.5702090168 1.1728582411 0.3845883963 1.0245528412 1.1716979982 0.0383681630 0.2717468069 0.0061082663 0.0090391548 0.7708692993
2.2107266959 0.9014023056 1.3075624277 0.0000000000 2.6405533779 0.1670036361 0.3245567564 0.2840214584 0.4138976752 1.4150230924 0.4586034774 2.8864264805 1.1928294071 2.0171514714 0.7824625919 0.3057723983 0.1047434681 0.0316417640
0.6629193669 0.0805172062 0.6810581615 2.6405533779 0.0000000000 0.5205457893 0.4917713744 0.3819218317 0.3189383397 0.6726519482 0.1416571862 0.6382675694 0.2048542188 2.4567608018 0.8762408567 0.1362923015 2.0204770072 0.2238752272
0.0733586617 1.5127686309 0.7719285181 0.1670036361 0.5205457893 0.0000000000 0.4567173109 5.4321062757 2.9940142606 0.2779727475 2.9952754486 2.1247917826 0.6567033260 1.0451694933 0.4897795072 1.2841631666 0.0332494623 0.1525008111
0.0748359759 1.1468808697 0.8257649666 0.3245567564 0.4917713744 0.4567173109 0.0000000000 0.3850216904 0.9103760837 3.4900868148 0.6671386322 0.0741775278 0.3531533164 0.6590752413 0.5923544447 0.2147401171 1.2420780797 0.9870629363
1.3094236664 1.6942341432 1.2003914280 0.2840214584 0.3819218317 5.4321062757 0.3850216904 0.0000000000 0.9347068492 1.9567566938 0.7610239478 0.3860290972 0.7309884362 0.1221785919 3.8745109435 3.5610350958 0.6851729363 0.1038050416
0.3395168992 0.6695821605 0.5702090168 0.4138976752 0.3189383397 2.9940142606 0.9103760837 0.9347068492 0.0000000000 0.0963885256 0.2059723879 0.8853964924 3.9406487147 2.2061000287 1.4236576606 1.1311702943 0.8830450346 0.1180034522
0.3543784106 0.4099544224 1.1728582411 1.4150230924 0.6726519482 0.2779727475 3.4900868148 1.9567566938 0.0963885256 0.0000000000 0.0133450551 0.5590067397 0.4254352800 0.7558386883 0.4703072471 1.5073029123 0.6452332249 2.0393150519
0.9214816935 2.9839187981 0.3845883963 0.4586034774 0.1416571862 2.9952754486 0.6671386322 0.7610239478 0.2059723879 0.0133450551 0.0000000000 3.7098443431 0.0128288973 0.0581014643 0.1537433750 3.4627374209 0.0001392088 0.0079665449
2.1825864481 2.4174942186 1.0245528412 2.8864264805 0.6382675694 2.1247917826 0.0741775278 0.3860290972 0.8853964924 0.5590067397 3.7098443431 0.0000000000 1.8905447421 0.2453367031 0.0583386537 1.3878457062 1.8145579765 3.3412667781
1.6628825535 0.0627992072 1.1716979982 1.1928294071 0.2048542188 0.6567033260 0.3531533164 0.7309884362 3.9406487147 0.4254352800 0.0128288973 1.8905447421 0.0000000000 0.0292309045 1.4155869982 1.5246305401 0.1267989508 0.9643240443
0.7890794049 0.1432607029 0.0383681630 2.0171514714 2.4567608018 1.0451694933 0.6590752413 0.1221785919 2.2061000287 0.7558386883 0.0581014643 0.2453367031 0.0292309045 0.0000000000 0.0769286650 0.2114903128 1.7821123772 1.1262852647
0.1219710615 0.5826256237 0.2717468069 0.7824625919 0.8762408567 0.4897795072 0.5923544447 3.8745109435 1.4236576606 0.4703072471 0.1537433750 0.0583386537 1.4155869982 0.0769286650 0.0000000000 0.3870352993 0.7812550750 0.1030641037
0.9287357751 1.4138507152 0.0061082663 0.3057723983 0.1362923015 1.2841631666 0.2147401171 3.5610350958 1.1311702943 1.5073029123 3.4627374209 1.3878457062 1.5246305401 0.2114903128 0.3870352993 0.0000000000 0.1781493048 1.0618879950
1.8017505937 1.9687882199 0.0090391548 0.1047434681 2.0204770072 0.0332494623 1.2420780797 0.6851729363 0.8830450346 0.6452332249 0.0001392088 1.8145579765 0.1267989508 1.7821123772 0.7812550750 0.1781493048 0.0000000000 1.1918315948
0.1342641663 0.1520018880 0.7708692993 0.0316417640 0.2238752272 0.1525008111 0.9870629363 0.1038050416 0.1180034522 2.0393150519 0.0079665449 3.3412667781 0.9643240443 1.1262852647 0.1030641037 1.0618879950 1.1918315948 0.0000000000
