# MCW Instance
# Type: EXPONENTIAL
# N: 18
# Optimal cost: 2.443797437808172
# Optimal tour (permutation): [0, 17, 9, 6, 16, 4, 2, 1, 15, 3, 11, 7, 8, 5, 10, 13, 14, 12, 0]
# Optimal walk (full path): [0, 17, 9, 2, 4, 6, 4, 16, 4, 2, 1, 15, 3, 11, 7, 8, 5, 10, 12, 13, 12, 14, 12, 0]
# Walk size: 24
# Is walk (has repeats): true

# Distance Matrix
0.0000000000 0.7656463780 3.6929947877 1.1100540673 1.8475481413 0.6252192992 1.5672173036 0.3706232279 1.4503561540 1.0647222105 2.1301882133 1.2467096871 0.3018204683 1.7743853861 0.4451223331 0.7884364506 1.9361896142 0.3538927189
0.7656463780 0.0000000000 0.0139552893 1.7848089627 0.7811701413 0.6483093850 0.5687700762 0.6211138421 0.3738369022 0.7784029705 0.0423945384 2.1272969329 0.0643934306 0.1601059329 0.2167410025 0.0560615816 1.9897774351 0.5763960892
3.6929947877 0.0139552893 0.0000000000 0.5974379511 0.0508949912 0.1719323235 3.1362940519 0.7745023016 0.7604029452 0.0728615333 2.7523024601 0.9542872171 0.3653832146 0.9772536608 0.5352785249 1.7575618017 0.7953570363 0.4211018377
1.1100540673 1.7848089627 0.5974379511 0.0000000000 4.8122326248 0.4586423982 1.4685252018 0.5298509248 1.0458684325 1.1684321193 0.9763213289 0.3040771791 2.6322343929 1.3493387490 0.9777787097 0.3364031811 3.4385945988 1.1885069641
1.8475481413 0.7811701413 0.0508949912 4.8122326248 0.0000000000 0.6992484360 0.0697216465 0.3772234508 1.8078831335 0.5291376481 0.5809296987 0.2108474472 3.6079955644 0.5418354960 0.6246747951 2.3494682492 0.0129032050 1.6584544244
0.6252192992 0.6483093850 0.1719323235 0.4586423982 0.6992484360 0.0000000000 0.4003091388 0.4918384105 0.0740661779 0.6281356297 0.1158889039 0.5456974585 1.7540529354 0.2758964734 0.2433248526 3.4611074482 1.0533402008 0.8931103112
1.5672173036 0.5687700762 3.1362940519 1.4685252018 0.0697216465 0.4003091388 0.0000000000 0.5240717396 0.2384484005 0.5455552834 2.3252193536 0.2125404667 0.2683037001 1.6562804471 2.1114818004 0.7123416525 0.0869299497 0.3570453292
0.3706232279 0.6211138421 0.7745023016 0.5298509248 0.3772234508 0.4918384105 0.5240717396 0.0000000000 0.0754736376 1.1279931134 1.9696333622 0.1135471107 0.1682203804 0.9738602934 1.6953285618 1.1929042456 1.5841212367 1.0364434657
1.4503561540 0.3738369022 0.7604029452 1.0458684325 1.8078831335 0.0740661779 0.2384484005 0.0754736376 0.0000000000 2.4195073986 0.9744404327 0.0862525405 0.0294096234 0.2010656343 2.8950246230 0.3191435553 0.0935390339 0.4275522363
1.0647222105 0.7784029705 0.0728615333 1.1684321193 0.5291376481 0.6281356297 0.5455552834 1.1279931134 2.4195073986 0.0000000000 0.8724052541 0.3016562855 0.5648466450 0.6296701127 0.8638770346 0.8944486141 0.6247996410 0.1694676013
2.1301882133 0.0423945384 2.7523024601 0.9763213289 0.5809296987 0.1158889039 2.3252193536 1.9696333622 0.9744404327 0.8724052541 0.0000000000 0.5137127890 0.0229972203 0.7053469496 1.6539502410 0.0838667749 0.8989247730 0.1437426540
1.2467096871 2.1272969329 0.9542872171 0.3040771791 0.2108474472 0.5456974585 0.2125404667 0.1135471107 0.0862525405 0.3016562855 0.5137127890 0.0000000000 0.7227721229 0.2161713734 2.6072514108 1.5781997077 2.0171925165 0.6481871093
0.3018204683 0.0643934306 0.3653832146 2.6322343929 3.6079955644 1.7540529354 0.2683037001 0.1682203804 0.0294096234 0.5648466450 0.0229972203 0.7227721229 0.0000000000 0.0290590894 0.0540634850 1.1103553827 0.0652858192 0.1514479165
1.7743853861 0.1601059329 0.9772536608 1.3493387490 0.5418354960 0.2758964734 1.6562804471 0.9738602934 0.2010656343 0.6296701127 0.7053469496 0.2161713734 0.0290590894 0.0000000000 0.3688086827 0.9790180654 0.2506241963 0.3693392904
0.4451223331 0.2167410025 0.5352785249 0.9777787097 0.6246747951 0.2433248526 2.1114818004 1.6953285618 2.8950246230 0.8638770346 1.6539502410 2.6072514108 0.0540634850 0.3688086827 0.0000000000 0.2301201239 0.5460954916 1.3754959638
0.7884364506 0.0560615816 1.7575618017 0.3364031811 2.3494682492 3.4611074482 0.7123416525 1.1929042456 0.3191435553 0.8944486141 0.0838667749 1.5781997077 1.1103553827 0.9790180654 0.2301201239 0.0000000000 0.2444191504 0.6745226131
1.9361896142 1.9897774351 0.7953570363 3.4385945988 0.0129032050 1.0533402008 0.0869299497 1.5841212367 0.0935390339 0.6247996410 0.8989247730 2.0171925165 0.0652858192 0.2506241963 0.5460954916 0.2444191504 0.0000000000 0.4209985338
0.3538927189 0.5763960892 0.4211018377 1.1885069641 1.6584544244 0.8931103112 0.3570453292 1.0364434657 0.4275522363 0.1694676013 0.1437426540 0.6481871093 0.1514479165 0.3693392904 1.3754959638 0.6745226131 0.4209985338 0.0000000000
