# MCW Instance
# Type: EXPONENTIAL
# N: 18
# Optimal cost: 2.1050333261292407
# Optimal tour (permutation): [0, 12, 6, 5, 14, 16, 2, 11, 10, 4, 15, 1, 3, 17, 8, 13, 7, 9, 0]
# Optimal walk (full path): [0, 12, 6, 5, 14, 16, 2, 11, 10, 4, 15, 1, 3, 1, 17, 8, 13, 7, 9, 0]
# Walk size: 20
# Is walk (has repeats): true

# Distance Matrix
0.0000000000 1.1034807516 0.3279865307 0.1261134755 0.4970967148 1.7533298726 0.6194734901 0.2179676281 0.1588480951 0.1452181949 1.0354549165 0.4904166933 0.1903215259 0.4922635971 1.7781698201 0.9792829969 0.2098490689 0.9190287696
1.1034807516 0.0000000000 0.7464993442 0.0744304930 1.3620870195 0.4817529467 0.1035599612 1.6041915092 1.2749639869 0.7709931114 5.8550301387 0.3658144401 0.6920887984 0.4594498330 1.6928409037 0.0643721782 0.2290404479 0.0724742830
0.3279865307 0.7464993442 0.0000000000 3.0611642268 0.4709801759 0.1200211863 0.3565891868 0.5162933866 0.4809869687 0.6564230903 0.6391517443 0.0417570613 1.0752499179 1.4265402321 0.8497497027 0.9336641332 0.0013233789 0.5215582942
0.1261134755 0.0744304930 3.0611642268 0.0000000000 0.3992090277 0.6788838480 0.2043158636 0.3341874517 0.4877206682 0.4062160405 0.1337275687 2.7720255218 1.2572435450 0.4565160387 1.2174283912 2.0775840741 2.2185396776 0.6651014750
0.4970967148 1.3620870195 0.4709801759 0.3992090277 0.0000000000 1.1035474403 0.4361274219 4.6656084104 2.8792275099 0.5762692804 0.0681443113 1.8517043515 1.1207179522 0.4432539364 0.8026360476 0.0546180328 0.3476040042 2.4918393164
1.7533298726 0.4817529467 0.1200211863 0.6788838480 1.1035474403 0.0000000000 0.1366326970 1.3200077791 2.8708001451 1.2827025826 0.9508197152 0.1712881252 0.2905713122 0.8365771546 0.1814490027 0.9778696951 2.1640256167 1.3945849955
0.6194734901 0.1035599612 0.3565891868 0.2043158636 0.4361274219 0.1366326970 0.0000000000 0.0808145179 1.0090581103 0.3928271242 3.0058006169 0.6823542864 0.1751874767 1.4537388793 0.3078696901 0.9586919932 0.1332440041 0.3056930363
0.2179676281 1.6041915092 0.5162933866 0.3341874517 4.6656084104 1.3200077791 0.0808145179 0.0000000000 1.7913411407 0.1046382260 0.6475814554 0.8102773735 0.3137796100 0.0560253490 0.1608800261 0.3888115847 0.6391100928 0.2982761013
0.1588480951 1.2749639869 0.4809869687 0.4877206682 2.8792275099 2.8708001451 1.0090581103 1.7913411407 0.0000000000 3.5590438808 3.5933590354 1.8911594469 2.5046735370 0.1583325520 0.5937107989 1.5922465859 1.0028360486 0.2003256330
0.1452181949 0.7709931114 0.6564230903 0.4062160405 0.5762692804 1.2827025826 0.3928271242 0.1046382260 3.5590438808 0.0000000000 2.9005756296 0.4532185784 3.3485410723 0.3598338412 2.3607122256 0.4875668177 0.5214439008 0.2426542171
1.0354549165 5.8550301387 0.6391517443 0.1337275687 0.0681443113 0.9508197152 3.0058006169 0.6475814554 3.5933590354 2.9005756296 0.0000000000 0.0983028686 6.8405200066 0.4686100195 1.4627317736 0.1030153892 0.5248514340 0.3091626395
0.4904166933 0.3658144401 0.0417570613 2.7720255218 1.8517043515 0.1712881252 0.6823542864 0.8102773735 1.8911594469 0.4532185784 0.0983028686 0.0000000000 0.6510361698 0.1414558864 2.8180702594 0.7995257599 0.1428792597 0.8566517480
0.1903215259 0.6920887984 1.0752499179 1.2572435450 1.1207179522 0.2905713122 0.1751874767 0.3137796100 2.5046735370 3.3485410723 6.8405200066 0.6510361698 0.0000000000 2.6210545137 0.3845089333 1.0702009872 0.3648299042 1.3039591590
0.4922635971 0.4594498330 1.4265402321 0.4565160387 0.4432539364 0.8365771546 1.4537388793 0.0560253490 0.1583325520 0.3598338412 0.4686100195 0.1414558864 2.6210545137 0.0000000000 1.2849094412 0.2591585956 0.6921319481 0.2710976583
1.7781698201 1.6928409037 0.8497497027 1.2174283912 0.8026360476 0.1814490027 0.3078696901 0.1608800261 0.5937107989 2.3607122256 1.4627317736 2.8180702594 0.3845089333 1.2849094412 0.0000000000 0.2776304834 0.2070495689 0.2904784711
0.9792829969 0.0643721782 0.9336641332 2.0775840741 0.0546180328 0.9778696951 0.9586919932 0.3888115847 1.5922465859 0.4875668177 0.1030153892 0.7995257599 1.0702009872 0.2591585956 0.2776304834 0.0000000000 0.8161485909 1.5547817353
0.2098490689 0.2290404479 0.0013233789 2.2185396776 0.3476040042 2.1640256167 0.1332440041 0.6391100928 1.0028360486 0.5214439008 0.5248514340 0.1428792597 0.3648299042 0.6921319481 0.2070495689 0.8161485909 0.0000000000 0.9836140184
0.9190287696 0.0724742830 0.5215582942 0.6651014750 2.4918393164 1.3945849955 0.3056930363 0.2982761013 0.2003256330 0.2426542171 0.3091626395 0.8566517480 1.3039591590 0.2710976583 0.2904784711 1.5547817353 0.9836140184 0.0000000000
