# MCW Instance
# Type: EXPONENTIAL
# N: 18
# Optimal cost: 2.157534086766528
# Optimal tour (permutation): [0, 10, 16, 13, 15, 12, 6, 17, 1, 8, 11, 14, 4, 2, 9, 3, 5, 7, 0]
# Optimal walk (full path): [0, 10, 16, 10, 0, 13, 15, 12, 6, 17, 1, 8, 11, 14, 4, 2, 3, 9, 3, 5, 7, 0]
# Walk size: 22
# Is walk (has repeats): true

# Distance Matrix
0.0000000000 0.4140040016 0.3756346549 6.4619859796 1.2636269012 2.3706472159 0.3376429785 0.2472728667 2.1670713071 3.3156352632 0.0103289982 4.1996622770 2.0606912003 0.1355103698 0.0194689880 0.0999220409 0.3948334289 1.5319517556
0.4140040016 0.0000000000 1.2746414281 0.3101940240 0.3333142037 1.6040860397 1.2281732653 0.5352691806 0.0272862282 0.6081618245 0.5087153208 0.3755310147 0.8618240762 3.3394286363 3.5929728639 0.7756119711 0.4901799741 0.0757413348
0.3756346549 1.2746414281 0.0000000000 0.1355539539 0.0810433520 0.2939106995 0.3870858734 1.6933731590 1.3187071209 0.6501196829 0.3115551229 1.3221552371 0.7962972367 1.5715170386 0.8570509681 3.8875451213 1.4462847418 1.1398523474
6.4619859796 0.3101940240 0.1355539539 0.0000000000 0.2056195405 0.0570390925 0.5550988655 0.2814252295 2.8715727065 0.0435454217 1.2076852710 2.9549398293 2.7680341329 0.8966671784 0.0877161092 0.1671702800 0.7150330066 0.1466996858
1.2636269012 0.3333142037 0.0810433520 0.2056195405 0.0000000000 0.1600142039 0.9941753530 0.4564714450 0.8164648894 0.2686399550 1.7577949507 0.5773297561 0.5100237903 0.6792745694 0.0449648518 0.2790039581 0.8867502456 2.9940317826
2.3706472159 1.6040860397 0.2939106995 0.0570390925 0.1600142039 0.0000000000 0.3862121104 0.2563035915 0.8137596719 2.6707451312 0.2812007605 0.2482251909 0.9098815354 2.8034381522 1.0949303868 0.7131869635 0.2880927044 0.3588841215
0.3376429785 1.2281732653 0.3870858734 0.5550988655 0.9941753530 0.3862121104 0.0000000000 1.1393223376 0.1627486563 0.8040297287 0.3206340517 0.2028651970 0.1272725283 9.8010038519 0.0338644805 1.0991277740 0.9817074811 0.1673535032
0.2472728667 0.5352691806 1.6933731590 0.2814252295 0.4564714450 0.2563035915 1.1393223376 0.0000000000 2.7380572482 2.7106257189 0.4496281194 2.5757373003 1.2738546197 2.2493990508 1.6860043962 1.1692320852 1.9952738981 0.9651630095
2.1670713071 0.0272862282 1.3187071209 2.8715727065 0.8164648894 0.8137596719 0.1627486563 2.7380572482 0.0000000000 1.4280920211 0.9091746927 0.1313559104 0.4787755346 3.4040594492 0.8085581523 0.5481767285 0.7365394331 1.2501119479
3.3156352632 0.6081618245 0.6501196829 0.0435454217 0.2686399550 2.6707451312 0.8040297287 2.7106257189 1.4280920211 0.0000000000 1.1304111211 0.9848011477 0.8668015779 0.1785004439 0.2266676670 0.5411824072 0.3143983572 1.6539214301
0.0103289982 0.5087153208 0.3115551229 1.2076852710 1.7577949507 0.2812007605 0.3206340517 0.4496281194 0.9091746927 1.1304111211 0.0000000000 0.1928762144 0.5775606350 0.8831957171 0.1963571780 0.7391623845 0.1206309054 0.7385377321
4.1996622770 0.3755310147 1.3221552371 2.9549398293 0.5773297561 0.2482251909 0.2028651970 2.5757373003 0.1313559104 0.9848011477 0.1928762144 0.0000000000 1.3833308786 0.7025111068 0.0713975790 0.9664668637 0.7629093304 2.2737016773
2.0606912003 0.8618240762 0.7962972367 2.7680341329 0.5100237903 0.9098815354 0.1272725283 1.2738546197 0.4787755346 0.8668015779 0.5775606350 1.3833308786 0.0000000000 2.0292509643 2.0071610479 0.1371873306 1.1359995975 2.0137153971
0.1355103698 3.3394286363 1.5715170386 0.8966671784 0.6792745694 2.8034381522 9.8010038519 2.2493990508 3.4040594492 0.1785004439 0.8831957171 0.7025111068 2.0292509643 0.0000000000 0.2641454922 0.1132409436 0.6037636918 0.4055459676
0.0194689880 3.5929728639 0.8570509681 0.0877161092 0.0449648518 1.0949303868 0.0338644805 1.6860043962 0.8085581523 0.2266676670 0.1963571780 0.0713975790 2.0071610479 0.2641454922 0.0000000000 0.7102947574 0.7260301233 0.3524737844
0.0999220409 0.7756119711 3.8875451213 0.1671702800 0.2790039581 0.7131869635 1.0991277740 1.1692320852 0.5481767285 0.5411824072 0.7391623845 0.9664668637 0.1371873306 0.1132409436 0.7102947574 0.0000000000 1.0754166821 2.8000636867
0.3948334289 0.4901799741 1.4462847418 0.7150330066 0.8867502456 0.2880927044 0.9817074811 1.9952738981 0.7365394331 0.3143983572 0.1206309054 0.7629093304 1.1359995975 0.6037636918 0.7260301233 1.0754166821 0.0000000000 2.1360919189
1.5319517556 0.0757413348 1.1398523474 0.1466996858 2.9940317826 0.3588841215 0.1673535032 0.9651630095 1.2501119479 1.6539214301 0.7385377321 2.2737016773 2.0137153971 0.4055459676 0.3524737844 2.8000636867 2.1360919189 0.0000000000
