# MCW Instance
# Type: EXPONENTIAL
# N: 18
# Optimal cost: 1.98407854534827
# Optimal tour (permutation): [0, 2, 9, 1, 13, 7, 11, 6, 17, 14, 16, 12, 10, 4, 5, 15, 3, 8, 0]
# Optimal walk (full path): [0, 2, 9, 1, 13, 7, 11, 6, 14, 17, 14, 12, 16, 12, 10, 5, 4, 5, 15, 3, 8, 0]
# Walk size: 22
# Is walk (has repeats): true

# Distance Matrix
0.0000000000 0.5521634178 0.0316074588 0.1440408191 0.2058768943 0.2081864977 3.7332634853 0.4613234568 0.0506550117 1.7503602410 2.5828969760 2.4538615360 0.2650519370 0.5927406897 2.9606989378 0.7439823575 1.5929187421 0.2238314973
0.5521634178 0.0000000000 1.3072821966 0.4131731116 0.3989977089 2.5612900566 1.5642672329 0.7230146537 0.7865538482 0.1299437597 0.1751286060 0.5082530629 0.3891007832 0.2970954954 2.1725063443 1.9299711782 0.3762038521 1.3386872806
0.0316074588 1.3072821966 0.0000000000 0.9848249167 0.1823076757 3.3369190751 0.3809794773 0.5364197088 2.3009506861 0.0410724102 0.8770426641 0.8187302651 0.5822028524 0.7166451310 0.0867540925 0.8239573961 0.6773283929 3.5482252445
0.1440408191 0.4131731116 0.9848249167 0.0000000000 0.1811917421 2.2959732228 1.0735492574 0.8764192615 0.0774366857 0.6272668708 0.5559770256 2.8404309730 2.3458006112 0.6792241189 0.2613525844 0.1034062281 0.0282537389 1.6844932607
0.2058768943 0.3989977089 0.1823076757 0.1811917421 0.0000000000 0.0178049610 0.6550012153 0.3491043082 0.5087093015 1.2870465830 0.4232784172 1.6512096144 0.2002491634 0.3605677333 2.7334363256 0.4683116153 0.4541151034 0.7707744490
0.2081864977 2.5612900566 3.3369190751 2.2959732228 0.0178049610 0.0000000000 0.7327284127 1.4743624943 0.7224008151 1.0998087026 0.0541517825 1.8680324801 3.8058942182 3.9991496294 0.3256242452 0.0510949335 0.4848346425 2.6123932053
3.7332634853 1.5642672329 0.3809794773 1.0735492574 0.6550012153 0.7327284127 0.0000000000 1.2602888216 0.6157822757 0.2663171463 2.7272440969 0.1463217072 0.6733834029 2.1368587802 0.1657031463 1.4710725141 0.6851337986 0.7833999774
0.4613234568 0.7230146537 0.5364197088 0.8764192615 0.3491043082 1.4743624943 1.2602888216 0.0000000000 0.6368956192 1.4779713923 0.2288259576 0.3436434649 1.4868024526 0.1394681811 0.5898268109 0.5357146851 0.1425151857 0.8042913646
0.0506550117 0.7865538482 2.3009506861 0.0774366857 0.5087093015 0.7224008151 0.6157822757 0.6368956192 0.0000000000 3.5429132968 2.4228039895 1.3508381720 0.9643527891 0.2780342152 0.3992839122 1.3742105392 1.9075365800 2.9079883118
1.7503602410 0.1299437597 0.0410724102 0.6272668708 1.2870465830 1.0998087026 0.2663171463 1.4779713923 3.5429132968 0.0000000000 1.1085651313 1.5563456346 0.2455979919 1.0233315259 0.8039768449 3.0671126768 3.5319296405 0.5322635727
2.5828969760 0.1751286060 0.8770426641 0.5559770256 0.4232784172 0.0541517825 2.7272440969 0.2288259576 2.4228039895 1.1085651313 0.0000000000 0.4928380206 0.0868069150 1.1320433265 0.8696679233 2.2482057445 1.9097626712 1.3311180031
2.4538615360 0.5082530629 0.8187302651 2.8404309730 1.6512096144 1.8680324801 0.1463217072 0.3436434649 1.3508381720 1.5563456346 0.4928380206 0.0000000000 0.7977813439 1.8815895949 1.5187480804 1.1297779788 1.0621373302 1.0975086114
0.2650519370 0.3891007832 0.5822028524 2.3458006112 0.2002491634 3.8058942182 0.6733834029 1.4868024526 0.9643527891 0.2455979919 0.0868069150 0.7977813439 0.0000000000 0.5579760396 0.0832804323 0.5447503004 0.0112043297 0.3567485033
0.5927406897 0.2970954954 0.7166451310 0.6792241189 0.3605677333 3.9991496294 2.1368587802 0.1394681811 0.2780342152 1.0233315259 1.1320433265 1.8815895949 0.5579760396 0.0000000000 3.5838731718 7.1770215725 0.4166572145 1.1008637811
2.9606989378 2.1725063443 0.0867540925 0.2613525844 2.7334363256 0.3256242452 0.1657031463 0.5898268109 0.3992839122 0.8039768449 0.8696679233 1.5187480804 0.0832804323 3.5838731718 0.0000000000 0.2018604383 1.1279159971 0.0621861758
0.7439823575 1.9299711782 0.8239573961 0.1034062281 0.4683116153 0.0510949335 1.4710725141 0.5357146851 1.3742105392 3.0671126768 2.2482057445 1.1297779788 0.5447503004 7.1770215725 0.2018604383 0.0000000000 0.3884516709 0.2622358868
1.5929187421 0.3762038521 0.6773283929 0.0282537389 0.4541151034 0.4848346425 0.6851337986 0.1425151857 1.9075365800 3.5319296405 1.9097626712 1.0621373302 0.0112043297 0.4166572145 1.1279159971 0.3884516709 0.0000000000 0.2708507560
0.2238314973 1.3386872806 3.5482252445 1.6844932607 0.7707744490 2.6123932053 0.7833999774 0.8042913646 2.9079883118 0.5322635727 1.3311180031 1.0975086114 0.3567485033 1.1008637811 0.0621861758 0.2622358868 0.2708507560 0.0000000000
