# MCW Instance
# Type: EXPONENTIAL
# N: 18
# Optimal cost: 1.7836762111250135
# Optimal tour (permutation): [0, 13, 3, 7, 9, 16, 5, 4, 12, 1, 10, 15, 17, 6, 14, 2, 11, 8, 0]
# Optimal walk (full path): [0, 13, 3, 9, 7, 9, 16, 5, 16, 4, 16, 9, 12, 1, 10, 15, 6, 17, 6, 14, 2, 14, 11, 8, 0]
# Walk size: 25
# Is walk (has repeats): true

# Distance Matrix
0.0000000000 1.9068684646 1.7800361193 1.9026376326 1.2903139503 0.8466881465 1.7803044537 1.0285323554 0.0952713783 1.2631473270 1.9498063714 2.0717486215 0.1508426106 0.0599186260 0.5616471006 1.1444394966 0.0880666601 0.2237529573
1.9068684646 0.0000000000 0.4355024482 1.2441844282 1.6463808242 0.3354004391 0.7601630274 0.3650295887 0.7223441586 1.4587579241 0.1357261611 0.5239783755 0.0835885296 0.4495959040 0.0820511011 0.8240713175 0.4550498348 0.2735584320
1.7800361193 0.4355024482 0.0000000000 0.3420515790 0.4901057007 1.0893669334 2.0488247497 0.6813163579 1.4006292792 0.4244472281 0.6799140251 0.2024993852 0.5726402028 1.3078446428 0.0164186877 1.4829479592 0.6061241026 0.1751100916
1.9026376326 1.2441844282 0.3420515790 0.0000000000 0.4395626648 0.8489791385 0.5384664625 0.3842563192 0.8666474768 0.0136415311 0.1539379673 1.5702280668 3.5344774435 0.0362233641 0.8526399616 0.0314804639 0.0928003551 0.6274938892
1.2903139503 1.6463808242 0.4901057007 0.4395626648 0.0000000000 0.5917777425 2.4357201891 0.2017225787 1.4013429582 0.7433804960 0.2945317096 1.9446003356 0.5377255956 0.2443203438 1.6702181616 1.2471554555 0.1367338504 0.3257836158
0.8466881465 0.3354004391 1.0893669334 0.8489791385 0.5917777425 0.0000000000 0.5986438332 1.6542213238 0.6245034294 2.2632416201 0.6275059978 0.1863152903 2.6061399528 2.1889483981 0.2541076597 0.2824989296 0.0260400448 2.4498788130
1.7803044537 0.7601630274 2.0488247497 0.5384664625 2.4357201891 0.5986438332 0.0000000000 0.9884112108 0.1971350563 2.2837443795 0.8704536761 0.2435497459 3.5103812540 0.1104995186 0.0773799997 0.0683464459 0.1729070139 0.0469565021
1.0285323554 0.3650295887 0.6813163579 0.3842563192 0.2017225787 1.6542213238 0.9884112108 0.0000000000 0.6207287330 0.0389717022 0.5375714102 1.1202120624 0.1800009582 0.4082778208 0.7793225567 5.9518066173 0.1520055807 1.5137682079
0.0952713783 0.7223441586 1.4006292792 0.8666474768 1.4013429582 0.6245034294 0.1971350563 0.6207287330 0.0000000000 1.2411707281 0.2415810789 0.2876537075 1.2101193408 0.6173604684 0.1865578580 2.1117883846 1.7546341481 1.7070524645
1.2631473270 1.4587579241 0.4244472281 0.0136415311 0.7433804960 2.2632416201 2.2837443795 0.0389717022 1.2411707281 0.0000000000 0.2737576569 0.4861649283 0.1143737603 0.2250895413 1.1037183411 0.1131413312 0.0012054497 0.1915510154
1.9498063714 0.1357261611 0.6799140251 0.1539379673 0.2945317096 0.6275059978 0.8704536761 0.5375714102 0.2415810789 0.2737576569 0.0000000000 1.9764750231 1.2382587748 0.3574653928 2.8183027207 0.1098596835 0.5211094486 0.3191438951
2.0717486215 0.5239783755 0.2024993852 1.5702280668 1.9446003356 0.1863152903 0.2435497459 1.1202120624 0.2876537075 0.4861649283 1.9764750231 0.0000000000 0.6490122551 1.3007306616 0.1690405502 0.7009892579 0.8297082806 1.5347649770
0.1508426106 0.0835885296 0.5726402028 3.5344774435 0.5377255956 2.6061399528 3.5103812540 0.1800009582 1.2101193408 0.1143737603 1.2382587748 0.6490122551 0.0000000000 0.3616991103 0.8073263937 0.7916236214 2.1469935468 0.2577722194
0.0599186260 0.4495959040 1.3078446428 0.0362233641 0.2443203438 2.1889483981 0.1104995186 0.4082778208 0.6173604684 0.2250895413 0.3574653928 1.3007306616 0.3616991103 0.0000000000 0.3114909486 0.9223242991 3.1353900854 0.6513240415
0.5616471006 0.0820511011 0.0164186877 0.8526399616 1.6702181616 0.2541076597 0.0773799997 0.7793225567 0.1865578580 1.1037183411 2.8183027207 0.1690405502 0.8073263937 0.3114909486 0.0000000000 0.3810104892 0.5137987032 0.4798668283
1.1444394966 0.8240713175 1.4829479592 0.0314804639 1.2471554555 0.2824989296 0.0683464459 5.9518066173 2.1117883846 0.1131413312 0.1098596835 0.7009892579 0.7916236214 0.9223242991 0.3810104892 0.0000000000 0.9071858132 0.4546811693
0.0880666601 0.4550498348 0.6061241026 0.0928003551 0.1367338504 0.0260400448 0.1729070139 0.1520055807 1.7546341481 0.0012054497 0.5211094486 0.8297082806 2.1469935468 3.1353900854 0.5137987032 0.9071858132 0.0000000000 0.8224121712
0.2237529573 0.2735584320 0.1751100916 0.6274938892 0.3257836158 2.4498788130 0.0469565021 1.5137682079 1.7070524645 0.1915510154 0.3191438951 1.5347649770 0.2577722194 0.6513240415 0.4798668283 0.4546811693 0.8224121712 0.0000000000
