# MCW Instance
# Type: EXPONENTIAL
# N: 18
# Optimal cost: 2.0446304260920285
# Optimal tour (permutation): [0, 10, 8, 1, 17, 16, 12, 4, 2, 3, 11, 14, 5, 13, 7, 15, 6, 9, 0]
# Optimal walk (full path): [0, 10, 8, 1, 17, 12, 16, 12, 4, 2, 3, 11, 14, 11, 5, 13, 5, 7, 15, 6, 9, 0]
# Walk size: 22
# Is walk (has repeats): true

# Distance Matrix
0.0000000000 0.4865752471 1.5387686032 0.6403151158 0.4922721335 0.7871669609 1.9484636515 0.7081413721 1.9847049684 0.2464126173 0.2099854711 1.6122459152 1.0497680834 0.8851425638 2.4821456648 0.6379555133 0.9502949280 0.3424572374
0.4865752471 0.0000000000 1.6367497599 0.1841141228 2.3286528414 0.1479503894 0.6723902806 1.3028120551 0.0636635532 0.0975922435 1.1000975678 1.2655448392 2.6903865713 0.1688855964 0.6285513082 3.0327916707 1.0924260347 0.0444969400
1.5387686032 1.6367497599 0.0000000000 0.0330121528 0.1296900133 0.5026836229 0.9284895706 0.3176577579 3.1055531461 2.4760267366 1.1697248736 0.9603483194 2.3853378527 3.7603012543 1.7349553949 0.9147431956 0.2859140386 1.1667136626
0.6403151158 0.1841141228 0.0330121528 0.0000000000 0.4964521915 0.0190208484 0.7842278252 2.0570055404 0.2166892801 0.6781114542 3.3392401753 0.0937819929 0.2184451132 0.2323626881 0.8062787564 0.7582835307 3.4548668324 1.5097919050
0.4922721335 2.3286528414 0.1296900133 0.4964521915 0.0000000000 0.8143400831 2.2331849717 2.1268269678 0.2402409954 0.2432773796 1.9710724265 0.3993062950 0.1149807744 2.7823949563 2.0285003553 0.4814928898 0.4990392386 0.9575492210
0.7871669609 0.1479503894 0.5026836229 0.0190208484 0.8143400831 0.0000000000 0.3843220393 0.0620590763 0.1042937736 3.1798776349 0.8491809292 0.0966606462 2.2417240804 0.1000161520 0.9313248144 0.5072173809 0.4253752643 0.5023478821
1.9484636515 0.6723902806 0.9284895706 0.7842278252 2.2331849717 0.3843220393 0.0000000000 0.5336255659 1.3329096729 0.2351278227 0.4751243310 2.0915112987 2.6309923913 0.3593461201 1.9241688820 0.0699652028 1.6632872976 2.8696287964
0.7081413721 1.3028120551 0.3176577579 2.0570055404 2.1268269678 0.0620590763 0.5336255659 0.0000000000 2.5002403515 1.1366444203 0.9652434736 0.3121307094 0.2893984261 0.7947789032 1.5993826316 0.1783232740 0.2718194367 0.0570786981
1.9847049684 0.0636635532 3.1055531461 0.2166892801 0.2402409954 0.1042937736 1.3329096729 2.5002403515 0.0000000000 0.4171649769 0.0220646861 1.5021465149 0.7100714066 1.0200550099 3.8888552698 0.3732285809 0.6825127292 0.6295473651
0.2464126173 0.0975922435 2.4760267366 0.6781114542 0.2432773796 3.1798776349 0.2351278227 1.1366444203 0.4171649769 0.0000000000 1.6795319392 0.7141087562 0.8737547111 0.1966524104 0.2466151265 0.3009838608 1.1474128395 0.5217520236
0.2099854711 1.1000975678 1.1697248736 3.3392401753 1.9710724265 0.8491809292 0.4751243310 0.9652434736 0.0220646861 1.6795319392 0.0000000000 1.3877304384 0.0891892104 1.8417507636 0.8118954370 0.3964396448 2.3830110495 0.2722863856
1.6122459152 1.2655448392 0.9603483194 0.0937819929 0.3993062950 0.0966606462 2.0915112987 0.3121307094 1.5021465149 0.7141087562 1.3877304384 0.0000000000 0.1806062629 1.6865342888 0.0834323425 1.1109878537 1.4891796821 2.1473242451
1.0497680834 2.6903865713 2.3853378527 0.2184451132 0.1149807744 2.2417240804 2.6309923913 0.2893984261 0.7100714066 0.8737547111 0.0891892104 0.1806062629 0.0000000000 3.7957980074 2.1147996218 0.3331541003 0.0243977466 0.0287137207
0.8851425638 0.1688855964 3.7603012543 0.2323626881 2.7823949563 0.1000161520 0.3593461201 0.7947789032 1.0200550099 0.1966524104 1.8417507636 1.6865342888 3.7957980074 0.0000000000 1.0336018524 2.3751219689 0.4165439972 3.2461040263
2.4821456648 0.6285513082 1.7349553949 0.8062787564 2.0285003553 0.9313248144 1.9241688820 1.5993826316 3.8888552698 0.2466151265 0.8118954370 0.0834323425 2.1147996218 1.0336018524 0.0000000000 1.2211398430 1.3684896695 0.6597883228
0.6379555133 3.0327916707 0.9147431956 0.7582835307 0.4814928898 0.5072173809 0.0699652028 0.1783232740 0.3732285809 0.3009838608 0.3964396448 1.1109878537 0.3331541003 2.3751219689 1.2211398430 0.0000000000 0.2485652414 0.2297432715
0.9502949280 1.0924260347 0.2859140386 3.4548668324 0.4990392386 0.4253752643 1.6632872976 0.2718194367 0.6825127292 1.1474128395 2.3830110495 1.4891796821 0.0243977466 0.4165439972 1.3684896695 0.2485652414 0.0000000000 1.1147917975
0.3424572374 0.0444969400 1.1667136626 1.5097919050 0.9575492210 0.5023478821 2.8696287964 0.0570786981 0.6295473651 0.5217520236 0.2722863856 2.1473242451 0.0287137207 3.2461040263 0.6597883228 0.2297432715 1.1147917975 0.0000000000
