# MCW Instance
# Type: EXPONENTIAL
# N: 18
# Optimal cost: 1.731376703369785
# Optimal tour (permutation): [0, 12, 9, 6, 5, 14, 8, 7, 17, 16, 4, 13, 11, 2, 10, 15, 1, 3, 0]
# Optimal walk (full path): [0, 12, 9, 6, 5, 14, 8, 7, 11, 17, 16, 4, 16, 17, 13, 17, 11, 2, 10, 15, 1, 3, 0]
# Walk size: 23
# Is walk (has repeats): true

# Distance Matrix
0.0000000000 4.7843794313 1.5601194238 0.0037682081 2.1402845068 0.7630802605 1.8259130501 1.2201162696 0.0737665351 0.2306520096 1.7332020401 2.0060310284 0.0302569058 2.7080765062 0.4727366795 0.8320757413 1.9998761762 0.1061984840
4.7843794313 0.0000000000 0.5396800352 0.1183351919 0.4743627103 0.7902709068 1.6470890267 2.9653427917 0.1896257914 0.9113582148 0.8310893237 0.9889605878 2.0455494835 3.2271134461 0.1509355598 0.1135303913 0.9410205791 0.0873606350
1.5601194238 0.5396800352 0.0000000000 1.9447563580 0.6031323492 0.2232238071 1.4400970592 1.0958822573 1.1239929899 0.7579655224 0.1076522361 0.0109176688 1.6910458250 0.0954675415 1.0510619445 1.3464071908 0.9277932404 1.3422637318
0.0037682081 0.1183351919 1.9447563580 0.0000000000 0.6552890944 1.1167635349 3.3929359342 0.2314201779 0.2242439204 1.0768050872 0.5340011549 0.1571726438 0.5439098087 1.1928318532 2.2318508916 2.5494654752 3.7432490489 3.0058415524
2.1402845068 0.4743627103 0.6031323492 0.6552890944 0.0000000000 3.2350169070 1.5400884346 0.4010383571 0.4072760721 0.3175896326 0.6413688979 1.9594585327 1.0044550716 0.2514385330 1.5728854016 0.6194178155 0.0299797508 0.2979992127
0.7630802605 0.7902709068 0.2232238071 1.1167635349 3.2350169070 0.0000000000 0.2700982439 1.5391065768 0.3311468486 1.6046549596 0.2563507963 0.9008947063 1.4089552140 2.8846675585 0.1461773098 0.3369489132 2.7884746588 0.1242308466
1.8259130501 1.6470890267 1.4400970592 3.3929359342 1.5400884346 0.2700982439 0.0000000000 2.1099348897 0.4139620149 0.0984805271 0.9474010390 0.5811995762 0.6794091301 0.2387511101 0.8006274596 0.5762673596 1.7914297531 0.6670033734
1.2201162696 2.9653427917 1.0958822573 0.2314201779 0.4010383571 1.5391065768 2.1099348897 0.0000000000 0.1051036879 0.6015612304 0.7430086039 0.1223534449 2.8666473621 1.0086709682 1.9198820359 0.4510335977 2.2585785615 1.7894766520
0.0737665351 0.1896257914 1.1239929899 0.2242439204 0.4072760721 0.3311468486 0.4139620149 0.1051036879 0.0000000000 0.5184990505 0.6116053221 0.2675908181 0.3001552433 1.0348640683 0.0750724198 1.6350920426 0.8850973453 2.7242438377
0.2306520096 0.9113582148 0.7579655224 1.0768050872 0.3175896326 1.6046549596 0.0984805271 0.6015612304 0.5184990505 0.0000000000 2.0507400728 0.2101878730 0.1780650262 5.4847299807 1.7337260527 0.3362190211 2.8160951031 0.1816973816
1.7332020401 0.8310893237 0.1076522361 0.5340011549 0.6413688979 0.2563507963 0.9474010390 0.7430086039 0.6116053221 2.0507400728 0.0000000000 1.4861972488 0.5570934447 1.0329662772 0.4214756073 0.0679541010 1.5933560025 0.9779548093
2.0060310284 0.9889605878 0.0109176688 0.1571726438 1.9594585327 0.9008947063 0.5811995762 0.1223534449 0.2675908181 0.2101878730 1.4861972488 0.0000000000 0.5072303739 1.8286255674 0.2761577234 1.7425560921 2.9339046079 0.0066562934
0.0302569058 2.0455494835 1.6910458250 0.5439098087 1.0044550716 1.4089552140 0.6794091301 2.8666473621 0.3001552433 0.1780650262 0.5570934447 0.5072303739 0.0000000000 1.4567981263 0.3924014251 1.8627460466 1.5966543290 2.5929021420
2.7080765062 3.2271134461 0.0954675415 1.1928318532 0.2514385330 2.8846675585 0.2387511101 1.0086709682 1.0348640683 5.4847299807 1.0329662772 1.8286255674 1.4567981263 0.0000000000 2.4745769039 0.5221605410 0.2295983295 0.0208627544
0.4727366795 0.1509355598 1.0510619445 2.2318508916 1.5728854016 0.1461773098 0.8006274596 1.9198820359 0.0750724198 1.7337260527 0.4214756073 0.2761577234 0.3924014251 2.4745769039 0.0000000000 0.3442197694 0.5090870364 0.9680483027
0.8320757413 0.1135303913 1.3464071908 2.5494654752 0.6194178155 0.3369489132 0.5762673596 0.4510335977 1.6350920426 0.3362190211 0.0679541010 1.7425560921 1.8627460466 0.5221605410 0.3442197694 0.0000000000 0.8574222702 0.6636756886
1.9998761762 0.9410205791 0.9277932404 3.7432490489 0.0299797508 2.7884746588 1.7914297531 2.2585785615 0.8850973453 2.8160951031 1.5933560025 2.9339046079 1.5966543290 0.2295983295 0.5090870364 0.8574222702 0.0000000000 0.0843068716
0.1061984840 0.0873606350 1.3422637318 3.0058415524 0.2979992127 0.1242308466 0.6670033734 1.7894766520 2.7242438377 0.1816973816 0.9779548093 0.0066562934 2.5929021420 0.0208627544 0.9680483027 0.6636756886 0.0843068716 0.0000000000
