# MCW Instance
# Type: EXPONENTIAL
# N: 18
# Optimal cost: 2.642316007646064
# Optimal tour (permutation): [0, 13, 2, 10, 5, 7, 17, 15, 4, 12, 9, 14, 11, 8, 16, 6, 1, 3, 0]
# Optimal walk (full path): [0, 13, 2, 5, 10, 5, 7, 17, 15, 4, 12, 4, 9, 14, 11, 8, 16, 1, 6, 1, 3, 0]
# Walk size: 22
# Is walk (has repeats): true

# Distance Matrix
0.0000000000 0.8108281643 0.4810816320 0.1023240042 0.1654535230 1.5441974007 0.4601962249 0.6316116612 0.8196533520 2.8528632726 1.4868059524 0.0305537407 0.5187573629 0.1786265298 1.6417328451 1.5999295533 1.1258489217 0.9949948200
0.8108281643 0.0000000000 1.8045043216 0.1439769652 1.2600833038 1.0592320489 0.1676439268 1.7204339249 1.2152330454 0.7787038168 0.2579378694 0.0525089641 0.2287241067 0.9377820992 1.2276723671 0.2941237148 0.0652255864 1.0081033192
0.4810816320 1.8045043216 0.0000000000 0.7938267337 0.5104740994 0.3262767423 1.5894190210 0.9539831193 0.4744759915 0.7194396232 0.9029777003 0.3373763386 0.4468972605 0.4405836393 0.9289995683 1.1641297840 0.8095253446 0.6781489513
0.1023240042 0.1439769652 0.7938267337 0.0000000000 2.2584346481 0.4347936486 0.9673972066 0.6512349222 1.9082311321 0.3688644405 0.1164490159 2.6358697129 1.3541018061 1.6662388101 1.2421617935 0.7123883998 1.4883254315 0.2318058122
0.1654535230 1.2600833038 0.5104740994 2.2584346481 0.0000000000 1.2141262816 0.3829582949 0.8814522050 1.1985037540 0.0325878452 2.0344828908 0.0727601787 0.1086212620 0.9809765692 0.1718198750 0.2293496897 0.0550393383 0.0822672368
1.5441974007 1.0592320489 0.3262767423 0.4347936486 1.2141262816 0.0000000000 4.3146978737 0.0722246691 0.6330491001 1.1012731983 0.0309210193 0.8201170065 0.7753891590 1.1438175911 2.4638470482 0.5030581160 2.4964793423 0.6528030976
0.4601962249 0.1676439268 1.5894190210 0.9673972066 0.3829582949 4.3146978737 0.0000000000 2.5443449548 2.3414331498 0.3348300091 0.3158437948 1.6161750723 1.2190801997 3.4102225591 0.8440014092 0.8633962031 2.0507046689 1.7354061851
0.6316116612 1.7204339249 0.9539831193 0.6512349222 0.8814522050 0.0722246691 2.5443449548 0.0000000000 0.6356337039 0.1654820882 0.4504416845 0.2099347860 0.4604960666 3.8611065269 0.7144340707 0.3110542333 0.7766257806 0.0901732241
0.8196533520 1.2152330454 0.4744759915 1.9082311321 1.1985037540 0.6330491001 2.3414331498 0.6356337039 0.0000000000 0.1565280066 5.4540406334 0.0031618764 0.2585404777 0.6725500285 0.0806785370 0.6204033561 0.0119797784 0.3763327738
2.8528632726 0.7787038168 0.7194396232 0.3688644405 0.0325878452 1.1012731983 0.3348300091 0.1654820882 0.1565280066 0.0000000000 0.8215928961 1.2033391702 0.5860485230 2.9178462302 0.0830522444 1.2168415586 0.5632033626 1.1083905340
1.4868059524 0.2579378694 0.9029777003 0.1164490159 2.0344828908 0.0309210193 0.3158437948 0.4504416845 5.4540406334 0.8215928961 0.0000000000 1.0199677193 3.8168904979 0.6089892855 1.2092427464 0.8905093277 2.7867000493 1.5904236545
0.0305537407 0.0525089641 0.3373763386 2.6358697129 0.0727601787 0.8201170065 1.6161750723 0.2099347860 0.0031618764 1.2033391702 1.0199677193 0.0000000000 0.5553601475 0.3403506642 0.0372486233 0.4784438520 1.7004116396 1.5295937578
0.5187573629 0.2287241067 0.4468972605 1.3541018061 0.1086212620 0.7753891590 1.2190801997 0.4604960666 0.2585404777 0.5860485230 3.8168904979 0.5553601475 0.0000000000 0.3081927429 0.9907609516 6.0828368172 1.3118299523 8.5792226729
0.1786265298 0.9377820992 0.4405836393 1.6662388101 0.9809765692 1.1438175911 3.4102225591 3.8611065269 0.6725500285 2.9178462302 0.6089892855 0.3403506642 0.3081927429 0.0000000000 0.4774927431 1.2350952009 1.1749076962 1.2362565936
1.6417328451 1.2276723671 0.9289995683 1.2421617935 0.1718198750 2.4638470482 0.8440014092 0.7144340707 0.0806785370 0.0830522444 1.2092427464 0.0372486233 0.9907609516 0.4774927431 0.0000000000 0.3890690611 0.0634394442 2.1325496515
1.5999295533 0.2941237148 1.1641297840 0.7123883998 0.2293496897 0.5030581160 0.8633962031 0.3110542333 0.6204033561 1.2168415586 0.8905093277 0.4784438520 6.0828368172 1.2350952009 0.3890690611 0.0000000000 2.6722296379 0.2111521736
1.1258489217 0.0652255864 0.8095253446 1.4883254315 0.0550393383 2.4964793423 2.0507046689 0.7766257806 0.0119797784 0.5632033626 2.7867000493 1.7004116396 1.3118299523 1.1749076962 0.0634394442 2.6722296379 0.0000000000 0.3536030978
0.9949948200 1.0081033192 0.6781489513 0.2318058122 0.0822672368 0.6528030976 1.7354061851 0.0901732241 0.3763327738 1.1083905340 1.5904236545 1.5295937578 8.5792226729 1.2362565936 2.1325496515 0.2111521736 0.3536030978 0.0000000000
