# MCW Instance
# Type: EXPONENTIAL
# N: 18
# Optimal cost: 1.7710364803880028
# Optimal tour (permutation): [0, 15, 13, 12, 14, 16, 2, 5, 4, 8, 17, 1, 6, 3, 11, 7, 9, 10, 0]
# Optimal walk (full path): [0, 15, 13, 2, 14, 12, 14, 2, 16, 2, 4, 5, 4, 2, 8, 17, 1, 6, 3, 11, 7, 9, 15, 0, 10, 0]
# Walk size: 26
# Is walk (has repeats): true

# Distance Matrix
0.0000000000 1.4645162593 0.0511761369 0.2534089677 0.5455306565 1.3455380415 0.1575244952 0.7242510589 0.3489184536 0.2673780738 0.0498018901 0.4907630306 0.5186315960 1.8695547030 0.1670207297 0.0189469811 1.9830930714 1.4522039282
1.4645162593 0.0000000000 0.3610351780 0.7274376221 2.0860484643 4.0429543835 0.0270589523 1.5850923697 0.5435131521 0.4453107878 1.1286237862 1.7525229490 0.3859758058 0.1519322333 0.1817572730 0.7620537731 1.8473430816 0.1758974511
0.0511761369 0.3610351780 0.0000000000 0.4957128123 0.0732873556 0.8823245926 0.8598511083 1.5152901602 0.0778833631 1.6211411862 0.2894786512 1.9312922720 0.7177809127 0.0194932868 0.0198553045 0.1079614485 0.1435944012 0.2536707548
0.2534089677 0.7274376221 0.4957128123 0.0000000000 2.6425645902 3.3219717569 0.2007430254 1.2094173087 0.2444966757 0.2735418945 2.4337155038 0.0408030357 0.2545571544 1.3713482761 1.2234765630 1.3331656525 1.0710627924 1.0548673624
0.5455306565 2.0860484643 0.0732873556 2.6425645902 0.0000000000 0.0251543340 0.3621354248 0.9472899050 0.6746086202 0.2725954243 1.4672368335 0.8529118204 0.7349508260 0.4902852638 3.9320413583 0.1482105344 1.3047752919 0.3393258963
1.3455380415 4.0429543835 0.8823245926 3.3219717569 0.0251543340 0.0000000000 0.2099957637 0.8474617925 0.6996952094 4.2230876583 3.8350115326 0.5910245498 1.2178718260 0.6225253534 1.1939415106 0.6540172429 1.0101226674 1.1274152826
0.1575244952 0.0270589523 0.8598511083 0.2007430254 0.3621354248 0.2099957637 0.0000000000 0.2771924477 0.5483986316 0.2306459632 0.5787353476 0.2053277621 0.3245102580 0.4789915778 0.5838364972 3.4641687647 0.5439742556 2.2695166069
0.7242510589 1.5850923697 1.5152901602 1.2094173087 0.9472899050 0.8474617925 0.2771924477 0.0000000000 1.0794655685 0.1332833793 0.1994309291 0.0807065379 1.3841283105 0.3115827349 0.3626172414 0.7168341972 0.8664403163 2.1795500595
0.3489184536 0.5435131521 0.0778833631 0.2444966757 0.6746086202 0.6996952094 0.5483986316 1.0794655685 0.0000000000 0.2994500487 0.3577908464 2.5713370302 1.7633772479 1.5090311939 0.8246585187 0.6255369256 1.2372282215 0.1645767446
0.2673780738 0.4453107878 1.6211411862 0.2735418945 0.2725954243 4.2230876583 0.2306459632 0.1332833793 0.2994500487 0.0000000000 2.0790260361 1.2201343882 0.5326122211 1.2623595062 0.5339284387 0.0563043220 0.2689096411 1.4225984512
0.0498018901 1.1286237862 0.2894786512 2.4337155038 1.4672368335 3.8350115326 0.5787353476 0.1994309291 0.3577908464 2.0790260361 0.0000000000 0.8099780370 0.4946572464 0.2726283068 0.6434301446 2.1505524894 0.9177269885 1.7082370707
0.4907630306 1.7525229490 1.9312922720 0.0408030357 0.8529118204 0.5910245498 0.2053277621 0.0807065379 2.5713370302 1.2201343882 0.8099780370 0.0000000000 4.0747099057 0.9792874335 0.2537245035 0.8451121703 0.5185776450 1.2544692207
0.5186315960 0.3859758058 0.7177809127 0.2545571544 0.7349508260 1.2178718260 0.3245102580 1.3841283105 1.7633772479 0.5326122211 0.4946572464 4.0747099057 0.0000000000 0.0869724273 0.0422021935 2.1425037309 2.4403010556 2.9322014392
1.8695547030 0.1519322333 0.0194932868 1.3713482761 0.4902852638 0.6225253534 0.4789915778 0.3115827349 1.5090311939 1.2623595062 0.2726283068 0.9792874335 0.0869724273 0.0000000000 0.0896279483 0.0486014623 0.8568413571 1.0077308621
0.1670207297 0.1817572730 0.0198553045 1.2234765630 3.9320413583 1.1939415106 0.5838364972 0.3626172414 0.8246585187 0.5339284387 0.6434301446 0.2537245035 0.0422021935 0.0896279483 0.0000000000 0.1414327970 1.7698096957 4.8032603319
0.0189469811 0.7620537731 0.1079614485 1.3331656525 0.1482105344 0.6540172429 3.4641687647 0.7168341972 0.6255369256 0.0563043220 2.1505524894 0.8451121703 2.1425037309 0.0486014623 0.1414327970 0.0000000000 1.0833139085 1.7685958154
1.9830930714 1.8473430816 0.1435944012 1.0710627924 1.3047752919 1.0101226674 0.5439742556 0.8664403163 1.2372282215 0.2689096411 0.9177269885 0.5185776450 2.4403010556 0.8568413571 1.7698096957 1.0833139085 0.0000000000 1.2616497841
1.4522039282 0.1758974511 0.2536707548 1.0548673624 0.3393258963 1.1274152826 2.2695166069 2.1795500595 0.1645767446 1.4225984512 1.7082370707 1.2544692207 2.9322014392 1.0077308621 4.8032603319 1.7685958154 1.2616497841 0.0000000000
