# MCW Instance
# Type: EXPONENTIAL
# N: 18
# Optimal cost: 2.1662967217191906
# Optimal tour (permutation): [0, 17, 11, 10, 1, 4, 12, 14, 16, 2, 15, 8, 13, 9, 7, 6, 5, 3, 0]
# Optimal walk (full path): [0, 17, 11, 10, 1, 10, 11, 4, 12, 14, 16, 2, 15, 8, 13, 9, 7, 5, 6, 5, 3, 0]
# Walk size: 22
# Is walk (has repeats): true

# Distance Matrix
0.0000000000 0.5015292273 1.1890632199 0.1837127376 0.4583957979 0.9366170431 1.2713021035 1.2687106109 0.4533154452 0.5662425282 2.0978261934 0.9461752144 1.5775461221 0.1914712031 1.2560289282 0.3197250040 0.7347542735 0.1253435807
0.5015292273 0.0000000000 2.2053001138 3.5388460455 1.7307908852 0.4515375025 0.7458205691 2.5361136641 2.4918411558 0.6442007616 0.0573258700 2.5768471912 0.6215762972 0.5218451246 1.1986186116 1.2239233456 0.8229613061 2.6564838696
1.1890632199 2.2053001138 0.0000000000 0.0842157112 1.1064885002 0.7037099505 0.3798604494 2.2981129509 0.8167494720 1.7186268287 0.4186265894 2.6181368468 0.9521616288 2.5868172335 1.5164136956 0.1229493765 0.1796021374 0.0954909522
0.1837127376 3.5388460455 0.0842157112 0.0000000000 0.5346977257 0.0323607324 0.2533818539 0.2975126372 0.3135646405 0.4448571620 0.9548634629 0.9707329877 0.2252044156 1.3877830130 0.3808363170 2.2879395079 0.2122672023 2.1238051423
0.4583957979 1.7307908852 1.1064885002 0.5346977257 0.0000000000 0.2635229040 0.8669434391 1.1923875726 0.1647566268 0.4139792059 0.7206150812 0.2343906516 0.1540959538 0.2684666796 1.1121171711 1.2259281365 0.7932737786 0.5205521684
0.9366170431 0.4515375025 0.7037099505 0.0323607324 0.2635229040 0.0000000000 0.0009390139 0.0527213022 0.0628621254 0.1856487151 2.0335160308 0.6997127132 0.4774415113 0.1542803666 1.2064703299 0.5571752577 0.3002033631 0.2632651514
1.2713021035 0.7458205691 0.3798604494 0.2533818539 0.8669434391 0.0009390139 0.0000000000 0.0888047087 3.2553636573 0.4299099324 0.9535333941 1.5552255196 2.1517112758 0.4365745715 2.6603280487 1.8072099417 0.1766277516 2.4709666284
1.2687106109 2.5361136641 2.2981129509 0.2975126372 1.1923875726 0.0527213022 0.0888047087 0.0000000000 2.0570934035 0.0500355119 1.2375945280 0.7119243993 1.2829594225 0.2620020501 1.1445497400 0.7726102002 2.4020515110 0.6208382894
0.4533154452 2.4918411558 0.8167494720 0.3135646405 0.1647566268 0.0628621254 3.2553636573 2.0570934035 0.0000000000 0.2627305769 1.5118726499 0.7918118784 1.8181311643 0.0435146137 0.3585950289 0.0612875279 0.3729672961 0.0972838450
0.5662425282 0.6442007616 1.7186268287 0.4448571620 0.4139792059 0.1856487151 0.4299099324 0.0500355119 0.2627305769 0.0000000000 3.9156990428 0.5168705315 0.2946230392 0.0436165827 1.5567619975 0.1249331696 1.3047673622 0.4808897893
2.0978261934 0.0573258700 0.4186265894 0.9548634629 0.7206150812 2.0335160308 0.9535333941 1.2375945280 1.5118726499 3.9156990428 0.0000000000 0.1068148941 0.5173444955 0.5877854320 2.8347075469 0.4272190528 1.2955033133 2.2681104638
0.9461752144 2.5768471912 2.6181368468 0.9707329877 0.2343906516 0.6997127132 1.5552255196 0.7119243993 0.7918118784 0.5168705315 0.1068148941 0.0000000000 1.1458963496 0.7195523097 2.7971493920 0.1599912350 1.2792819805 0.1155005125
1.5775461221 0.6215762972 0.9521616288 0.2252044156 0.1540959538 0.4774415113 2.1517112758 1.2829594225 1.8181311643 0.2946230392 0.5173444955 1.1458963496 0.0000000000 1.6506048521 0.3925103683 0.5313944674 0.6273156505 2.1471467001
0.1914712031 0.5218451246 2.5868172335 1.3877830130 0.2684666796 0.1542803666 0.4365745715 0.2620020501 0.0435146137 0.0436165827 0.5877854320 0.7195523097 1.6506048521 0.0000000000 3.1047435730 2.3457789427 0.5252852544 0.0819663717
1.2560289282 1.1986186116 1.5164136956 0.3808363170 1.1121171711 1.2064703299 2.6603280487 1.1445497400 0.3585950289 1.5567619975 2.8347075469 2.7971493920 0.3925103683 3.1047435730 0.0000000000 2.3885206069 0.0444955766 1.0315478896
0.3197250040 1.2239233456 0.1229493765 2.2879395079 1.2259281365 0.5571752577 1.8072099417 0.7726102002 0.0612875279 0.1249331696 0.4272190528 0.1599912350 0.5313944674 2.3457789427 2.3885206069 0.0000000000 4.6133556547 1.8032772527
0.7347542735 0.8229613061 0.1796021374 0.2122672023 0.7932737786 0.3002033631 0.1766277516 2.4020515110 0.3729672961 1.3047673622 1.2955033133 1.2792819805 0.6273156505 0.5252852544 0.0444955766 4.6133556547 0.0000000000 0.9953266016
0.1253435807 2.6564838696 0.0954909522 2.1238051423 0.5205521684 0.2632651514 2.4709666284 0.6208382894 0.0972838450 0.4808897893 2.2681104638 0.1155005125 2.1471467001 0.0819663717 1.0315478896 1.8032772527 0.9953266016 0.0000000000
