# MCW Instance
# Type: EXPONENTIAL
# N: 18
# Optimal cost: 1.54799689205547
# Optimal tour (permutation): [0, 16, 3, 5, 1, 13, 2, 10, 7, 6, 8, 15, 9, 12, 14, 11, 4, 17, 0]
# Optimal walk (full path): [0, 16, 3, 5, 1, 13, 2, 10, 7, 10, 6, 8, 15, 14, 12, 9, 12, 14, 4, 11, 4, 17, 0]
# Walk size: 23
# Is walk (has repeats): true

# Distance Matrix
0.0000000000 0.1443646140 1.9957898888 0.4571178504 0.9451814748 0.9905409587 1.4046231887 2.1616424694 0.7697956442 0.1230829113 1.2196246134 2.6252052860 1.3681373863 1.5146451071 2.2579209336 0.5762279342 0.1383734720 0.0285353960
0.1443646140 0.0000000000 0.5379732461 1.1322338881 2.0336537846 0.0602164768 1.2215271063 0.2911044346 0.6864180079 0.5311321709 0.2813300810 0.6216026720 1.1796272112 0.1288307053 1.3655101530 0.3165506790 0.3810644636 0.1264510709
1.9957898888 0.5379732461 0.0000000000 0.8432555103 1.3665368977 1.7520418447 2.4027667375 0.2713846759 0.1910079609 2.7989053310 0.1004283661 0.4758528060 0.2133824342 0.1296889736 0.3059504599 1.1457452401 0.1482802676 0.2859332574
0.4571178504 1.1322338881 0.8432555103 0.0000000000 2.2623986831 0.0003592175 0.8512050644 0.8198319396 0.5620879835 3.2254718864 0.4448131204 2.0190052974 0.3925896128 0.1541142985 2.6277514381 1.7467462111 0.0079448133 0.1503174594
0.9451814748 2.0336537846 1.3665368977 2.2623986831 0.0000000000 0.5593568054 2.8538056125 2.1049678654 0.8296351220 0.2702904862 2.8486956511 0.1187014633 0.5162460395 2.4355936002 0.0313411408 2.1982524830 2.7592982926 0.0653496884
0.9905409587 0.0602164768 1.7520418447 0.0003592175 0.5593568054 0.0000000000 0.8889261749 1.5565731195 1.6356318032 1.3320173982 1.7634286232 0.7699554890 1.3044817944 2.1885301563 5.1387323470 3.7104102364 1.5528498745 0.2415804437
1.4046231887 1.2215271063 2.4027667375 0.8512050644 2.8538056125 0.8889261749 0.0000000000 1.3938964001 0.1446170130 0.1717267657 0.1194187707 0.7342706301 0.7475935509 1.0763346826 1.7912002408 0.9789643450 0.4293403403 0.7864044951
2.1616424694 0.2911044346 0.2713846759 0.8198319396 2.1049678654 1.5565731195 1.3938964001 0.0000000000 3.0436472485 0.3943937882 0.1130155859 0.6134673549 0.1287410210 3.5558103668 0.3132427845 0.9820377154 1.1734653789 1.3239683706
0.7697956442 0.6864180079 0.1910079609 0.5620879835 0.8296351220 1.6356318032 0.1446170130 3.0436472485 0.0000000000 3.7091824142 2.5473594036 0.2438389220 1.1377663432 0.6498223756 1.0342474283 0.0195817059 0.1992197119 2.9889912764
0.1230829113 0.5311321709 2.7989053310 3.2254718864 0.2702904862 1.3320173982 0.1717267657 0.3943937882 3.7091824142 0.0000000000 0.6306598776 3.7258624177 0.0201391916 0.7845263052 0.3404481350 0.5727053340 2.1150178083 0.0879863256
1.2196246134 0.2813300810 0.1004283661 0.4448131204 2.8486956511 1.7634286232 0.1194187707 0.1130155859 2.5473594036 0.6306598776 0.0000000000 0.5281953924 1.2602151588 0.3502065318 0.8766727111 1.5311489517 2.5509366537 0.8548329185
2.6252052860 0.6216026720 0.4758528060 2.0190052974 0.1187014633 0.7699554890 0.7342706301 0.6134673549 0.2438389220 3.7258624177 0.5281953924 0.0000000000 1.9040308630 1.7786600134 2.9153081632 0.9412167203 1.7008617941 1.2687709667
1.3681373863 1.1796272112 0.2133824342 0.3925896128 0.5162460395 1.3044817944 0.7475935509 0.1287410210 1.1377663432 0.0201391916 1.2602151588 1.9040308630 0.0000000000 0.4677631608 0.0168453422 1.9200490003 1.6473220366 1.1262455865
1.5146451071 0.1288307053 0.1296889736 0.1541142985 2.4355936002 2.1885301563 1.0763346826 3.5558103668 0.6498223756 0.7845263052 0.3502065318 1.7786600134 0.4677631608 0.0000000000 0.7273640145 0.3061631503 0.5316024865 0.7101823100
2.2579209336 1.3655101530 0.3059504599 2.6277514381 0.0313411408 5.1387323470 1.7912002408 0.3132427845 1.0342474283 0.3404481350 0.8766727111 2.9153081632 0.0168453422 0.7273640145 0.0000000000 0.0359079866 0.4479063663 2.7338596002
0.5762279342 0.3165506790 1.1457452401 1.7467462111 2.1982524830 3.7104102364 0.9789643450 0.9820377154 0.0195817059 0.5727053340 1.5311489517 0.9412167203 1.9200490003 0.3061631503 0.0359079866 0.0000000000 0.1804291257 0.8007934944
0.1383734720 0.3810644636 0.1482802676 0.0079448133 2.7592982926 1.5528498745 0.4293403403 1.1734653789 0.1992197119 2.1150178083 2.5509366537 1.7008617941 1.6473220366 0.5316024865 0.4479063663 0.1804291257 0.0000000000 5.7983033473
0.0285353960 0.1264510709 0.2859332574 0.1503174594 0.0653496884 0.2415804437 0.7864044951 1.3239683706 2.9889912764 0.0879863256 0.8548329185 1.2687709667 1.1262455865 0.7101823100 2.7338596002 0.8007934944 5.7983033473 0.0000000000
