# MCW Instance
# Type: EXPONENTIAL
# N: 18
# Optimal cost: 0.9559580316875236
# Optimal tour (permutation): [0, 15, 13, 8, 9, 4, 1, 6, 5, 3, 2, 14, 12, 10, 17, 16, 7, 11, 0]
# Optimal walk (full path): [0, 15, 13, 8, 9, 4, 9, 1, 6, 3, 5, 3, 2, 10, 14, 10, 12, 10, 17, 16, 7, 15, 0, 11, 0]
# Walk size: 25
# Is walk (has repeats): true

# Distance Matrix
0.0000000000 2.6019525474 1.4833154411 0.6796208313 0.3993281405 2.5034908170 0.4333491593 0.1958018828 0.2807868353 0.3521743533 0.5952350985 0.0210646575 1.2326919518 2.8176836270 0.7866731324 0.0040132831 1.2515496008 0.1522151290
2.6019525474 0.0000000000 0.9125862990 0.5679838413 0.5242574174 1.5748018920 0.0549918886 0.7283624961 0.9725178647 0.0242472443 1.5073048586 2.6666083815 1.4839476555 1.7155016196 0.3232942803 0.2373786820 0.1946941543 0.9486318459
1.4833154411 0.9125862990 0.0000000000 0.0333233754 0.0468987337 1.3134423637 0.0297534516 0.6027170442 3.7434242343 0.5275049673 0.0062647930 0.5580017546 1.8229369547 4.1469893657 0.2791185723 0.2478957637 0.3276555587 2.5050080551
0.6796208313 0.5679838413 0.0333233754 0.0000000000 0.7904011773 0.0042111207 0.0395409514 0.5908425195 2.8421835151 0.1258518849 0.3337638055 0.5367583112 0.8820170360 1.5118234790 0.2008989785 0.9390487787 0.4861588725 1.6560735316
0.3993281405 0.5242574174 0.0468987337 0.7904011773 0.0000000000 0.0706729250 2.3125843326 2.7571839395 1.1240191522 0.0155980866 1.5334430465 2.0996037573 5.6020139631 0.4400318472 0.7357802563 3.3610590467 0.6960943401 1.2534214270
2.5034908170 1.5748018920 1.3134423637 0.0042111207 0.0706729250 0.0000000000 0.5252661685 0.2981243373 0.3814296231 0.5340104307 0.5615803786 0.8409235074 0.4755315377 1.1774463599 1.9437094127 3.5151874308 1.2022688448 0.0313881983
0.4333491593 0.0549918886 0.0297534516 0.0395409514 2.3125843326 0.5252661685 0.0000000000 0.2555658143 0.6751621245 0.2463919741 0.0378145528 0.6006915682 0.3751654665 2.8454429025 1.3428176661 1.4752753139 1.2472207726 0.1664121946
0.1958018828 0.7283624961 0.6027170442 0.5908425195 2.7571839395 0.2981243373 0.2555658143 0.0000000000 2.0273861085 0.9492822435 1.2356083114 0.7324060647 1.1430872511 0.6348648958 2.1346249461 0.0339813119 0.1450705524 0.4136703991
0.2807868353 0.9725178647 3.7434242343 2.8421835151 1.1240191522 0.3814296231 0.6751621245 2.0273861085 0.0000000000 0.1098850709 2.0321222378 1.5782536092 0.3711121882 0.0080224824 0.4723540806 1.0623569755 0.6094287423 1.7481623533
0.3521743533 0.0242472443 0.5275049673 0.1258518849 0.0155980866 0.5340104307 0.2463919741 0.9492822435 0.1098850709 0.0000000000 1.0810355664 0.2307768514 0.2836105875 2.2685056806 0.5054946663 0.5397337275 0.4128382110 0.7343232294
0.5952350985 1.5073048586 0.0062647930 0.3337638055 1.5334430465 0.5615803786 0.0378145528 1.2356083114 2.0321222378 1.0810355664 0.0000000000 1.6330704453 0.0243653986 1.3396584539 0.0408100380 4.9379430435 0.5953132168 0.0228923472
0.0210646575 2.6666083815 0.5580017546 0.5367583112 2.0996037573 0.8409235074 0.6006915682 0.7324060647 1.5782536092 0.2307768514 1.6330704453 0.0000000000 5.3684394825 0.2236802642 2.3278282382 0.6862616099 2.8826234881 1.7269653306
1.2326919518 1.4839476555 1.8229369547 0.8820170360 5.6020139631 0.4755315377 0.3751654665 1.1430872511 0.3711121882 0.2836105875 0.0243653986 5.3684394825 0.0000000000 1.4252357765 2.6587210039 0.0862687501 0.6592376741 0.0724946661
2.8176836270 1.7155016196 4.1469893657 1.5118234790 0.4400318472 1.1774463599 2.8454429025 0.6348648958 0.0080224824 2.2685056806 1.3396584539 0.2236802642 1.4252357765 0.0000000000 1.5185872109 0.1142438722 1.8513685598 0.1883121976
0.7866731324 0.3232942803 0.2791185723 0.2008989785 0.7357802563 1.9437094127 1.3428176661 2.1346249461 0.4723540806 0.5054946663 0.0408100380 2.3278282382 2.6587210039 1.5185872109 0.0000000000 0.9602075775 1.9385326992 0.3094529603
0.0040132831 0.2373786820 0.2478957637 0.9390487787 3.3610590467 3.5151874308 1.4752753139 0.0339813119 1.0623569755 0.5397337275 4.9379430435 0.6862616099 0.0862687501 0.1142438722 0.9602075775 0.0000000000 1.2537402370 1.5474407810
1.2515496008 0.1946941543 0.3276555587 0.4861588725 0.6960943401 1.2022688448 1.2472207726 0.1450705524 0.6094287423 0.4128382110 0.5953132168 2.8826234881 0.6592376741 1.8513685598 1.9385326992 1.2537402370 0.0000000000 0.1433689731
0.1522151290 0.9486318459 2.5050080551 1.6560735316 1.2534214270 0.0313881983 0.1664121946 0.4136703991 1.7481623533 0.7343232294 0.0228923472 1.7269653306 0.0724946661 0.1883121976 0.3094529603 1.5474407810 0.1433689731 0.0000000000
