# MCW Instance
# Type: EXPONENTIAL
# N: 18
# Optimal cost: 1.4329582006295971
# Optimal tour (permutation): [0, 13, 15, 12, 16, 9, 4, 11, 17, 5, 3, 6, 2, 7, 14, 8, 10, 1, 0]
# Optimal walk (full path): [0, 13, 15, 12, 16, 9, 4, 11, 17, 5, 17, 3, 17, 11, 2, 6, 2, 11, 7, 14, 8, 1, 10, 1, 13, 0]
# Walk size: 26
# Is walk (has repeats): true

# Distance Matrix
0.0000000000 0.5515781803 0.2799262146 0.9069985419 1.0083960105 2.4192033131 0.9457228746 0.2748898023 0.5408452938 0.6135822769 2.0535064629 2.6332815635 0.6463471414 0.0139220342 0.2089902351 1.8577237504 1.8659576731 0.4578552523
0.5515781803 0.0000000000 0.5013250677 0.6130972408 1.2235866460 0.1291749693 1.7718588204 1.2790382438 0.1680986683 0.1404185620 0.0668361140 3.5417713447 2.4535772331 0.0874910920 0.7741629953 0.6094254885 0.1818673919 0.2034166032
0.2799262146 0.5013250677 0.0000000000 0.9115634678 0.6408210539 0.7178204892 0.0182945995 1.7370366221 0.5935579449 0.4811514174 0.7768451331 0.0535617800 3.2790436439 0.1066797085 1.5255066453 3.5695023037 1.0028876427 0.2368423675
0.9069985419 0.6130972408 0.9115634678 0.0000000000 0.4010494719 1.3590901496 3.0636390376 0.8469042060 1.7200576988 1.0214416947 1.2156044408 0.2775831284 1.3006472030 0.3977519056 0.3520349751 0.1353064663 0.6413765203 0.0229686048
1.0083960105 1.2235866460 0.6408210539 0.4010494719 0.0000000000 0.6375766083 2.1393375108 0.6524595574 0.5657365924 0.0800416342 1.1251679743 0.1045717718 0.1006740696 0.3658236197 2.5230348367 0.7354523932 0.5923612914 0.9731999791
2.4192033131 0.1291749693 0.7178204892 1.3590901496 0.6375766083 0.0000000000 0.3254862522 0.9467035704 1.1760855794 1.5734636401 1.8395297769 0.4999629244 0.4860775959 2.4529413223 0.8954608028 0.3184114734 0.5281625322 0.0234937346
0.9457228746 1.7718588204 0.0182945995 3.0636390376 2.1393375108 0.3254862522 0.0000000000 3.1200105093 0.5774207613 2.4234616393 2.6610818569 0.7098146258 1.8353024795 0.9705127067 0.2081301605 1.0584696904 4.6542097829 2.7902445371
0.2748898023 1.2790382438 1.7370366221 0.8469042060 0.6524595574 0.9467035704 3.1200105093 0.0000000000 1.2244891321 0.5460809533 0.5555944001 0.0569473500 0.4575893354 0.4352610652 0.0416748702 0.5252616247 0.1633111991 1.6802267692
0.5408452938 0.1680986683 0.5935579449 1.7200576988 0.5657365924 1.1760855794 0.5774207613 1.2244891321 0.0000000000 1.0481586742 1.3788541929 1.1746675393 3.5465250172 0.1037740748 0.1550975158 2.3103804539 0.1250936917 2.8611214489
0.6135822769 0.1404185620 0.4811514174 1.0214416947 0.0800416342 1.5734636401 2.4234616393 0.5460809533 1.0481586742 0.0000000000 0.4011531869 0.3193460045 3.2609500681 0.2432310933 2.2420903252 1.3879159965 0.0196936685 0.1117110506
2.0535064629 0.0668361140 0.7768451331 1.2156044408 1.1251679743 1.8395297769 2.6610818569 0.5555944001 1.3788541929 0.4011531869 0.0000000000 2.6114894371 0.8715749314 0.2932601290 0.5179819074 3.2121858329 0.5782194274 1.1082273470
2.6332815635 3.5417713447 0.0535617800 0.2775831284 0.1045717718 0.4999629244 0.7098146258 0.0569473500 1.1746675393 0.3193460045 2.6114894371 0.0000000000 0.6001407496 0.1746895903 0.1663147184 1.0612551655 2.4389983314 0.0213621312
0.6463471414 2.4535772331 3.2790436439 1.3006472030 0.1006740696 0.4860775959 1.8353024795 0.4575893354 3.5465250172 3.2609500681 0.8715749314 0.6001407496 0.0000000000 1.8017945955 0.6504657557 0.1582975835 0.0242980677 1.6940513829
0.0139220342 0.0874910920 0.1066797085 0.3977519056 0.3658236197 2.4529413223 0.9705127067 0.4352610652 0.1037740748 0.2432310933 0.2932601290 0.1746895903 1.8017945955 0.0000000000 0.7317423085 0.0958679819 0.0488246342 1.5973962364
0.2089902351 0.7741629953 1.5255066453 0.3520349751 2.5230348367 0.8954608028 0.2081301605 0.0416748702 0.1550975158 2.2420903252 0.5179819074 0.1663147184 0.6504657557 0.7317423085 0.0000000000 0.5773992854 0.8959800993 0.9537554187
1.8577237504 0.6094254885 3.5695023037 0.1353064663 0.7354523932 0.3184114734 1.0584696904 0.5252616247 2.3103804539 1.3879159965 3.2121858329 1.0612551655 0.1582975835 0.0958679819 0.5773992854 0.0000000000 1.7598252010 1.5189677938
1.8659576731 0.1818673919 1.0028876427 0.6413765203 0.5923612914 0.5281625322 4.6542097829 0.1633111991 0.1250936917 0.0196936685 0.5782194274 2.4389983314 0.0242980677 0.0488246342 0.8959800993 1.7598252010 0.0000000000 1.6735968740
0.4578552523 0.2034166032 0.2368423675 0.0229686048 0.9731999791 0.0234937346 2.7902445371 1.6802267692 2.8611214489 0.1117110506 1.1082273470 0.0213621312 1.6940513829 1.5973962364 0.9537554187 1.5189677938 1.6735968740 0.0000000000
