# MCW Instance
# Type: EXPONENTIAL
# N: 18
# Optimal cost: 1.4774605941078942
# Optimal tour (permutation): [0, 3, 16, 11, 12, 8, 5, 9, 10, 1, 13, 7, 4, 17, 6, 14, 15, 2, 0]
# Optimal walk (full path): [0, 3, 16, 11, 16, 12, 5, 8, 5, 9, 1, 10, 1, 7, 13, 7, 4, 17, 6, 17, 14, 15, 2, 15, 0]
# Walk size: 25
# Is walk (has repeats): true

# Distance Matrix
0.0000000000 0.1773136493 0.7766217791 0.0556291839 1.0863753840 0.4822108489 2.1016117850 2.5308480957 4.7588165332 1.1469699354 4.2928461411 0.3934750045 0.9739830290 0.9821655509 0.6767415785 0.0175383833 1.4516975192 0.3285379697
0.1773136493 0.0000000000 2.7235723237 0.2996868931 0.2960824456 0.3760186038 1.8740770281 0.0714761352 0.1114608096 0.1327427950 0.0133685661 3.5017734279 4.7860465517 0.5135786619 0.0644084439 1.5891029836 1.4644363857 0.5242256142
0.7766217791 2.7235723237 0.0000000000 0.3373647084 0.3496477203 1.3022169426 3.6035958079 0.4965222033 1.2351543059 0.7438342910 1.0524061938 1.1631694591 0.2922288060 0.5027948721 1.3976958778 0.0927114120 0.5652402870 0.7611774517
0.0556291839 0.2996868931 0.3373647084 0.0000000000 4.1923819836 0.1891411619 0.5533138247 0.3083162373 0.2899922114 0.6323950474 0.4514993922 3.9273963661 1.4600609804 0.0914353681 0.1751815887 0.8847115126 0.0003168614 1.4992970829
1.0863753840 0.2960824456 0.3496477203 4.1923819836 0.0000000000 1.2896005085 1.0959086203 0.1326672567 0.7168540896 1.5249262364 0.4405745426 0.9336771969 1.3913736124 0.3088029254 0.6415137294 0.3026232725 0.8546611233 0.2019538377
0.4822108489 0.3760186038 1.3022169426 0.1891411619 1.2896005085 0.0000000000 0.3422915076 0.9308042444 0.0100462797 0.1903197825 2.6244284863 1.0638008045 0.0030939290 0.6679537091 0.3867090518 0.3863704038 1.0096445597 3.2988669160
2.1016117850 1.8740770281 3.6035958079 0.5533138247 1.0959086203 0.3422915076 0.0000000000 0.3117954484 0.6138506965 0.5174381068 1.1532512067 0.1969654883 0.2414191286 0.8960170933 0.4956941468 1.3488292249 1.3003628916 0.0334880181
2.5308480957 0.0714761352 0.4965222033 0.3083162373 0.1326672567 0.9308042444 0.3117954484 0.0000000000 0.4938626478 2.0775834193 0.6010284212 1.8782809154 1.1059733084 0.0425228124 0.3673838512 0.0577805330 0.1612963508 0.1664873747
4.7588165332 0.1114608096 1.2351543059 0.2899922114 0.7168540896 0.0100462797 0.6138506965 0.4938626478 0.0000000000 1.0219290659 0.4112940925 0.7405346329 0.1154767389 0.6701138749 0.8141726649 2.8642777409 0.2641772331 3.9055026955
1.1469699354 0.1327427950 0.7438342910 0.6323950474 1.5249262364 0.1903197825 0.5174381068 2.0775834193 1.0219290659 0.0000000000 0.1537335982 2.0581551479 1.2047663167 1.4566162193 1.5736405651 1.6310495354 0.4986229020 0.3432848241
4.2928461411 0.0133685661 1.0524061938 0.4514993922 0.4405745426 2.6244284863 1.1532512067 0.6010284212 0.4112940925 0.1537335982 0.0000000000 0.7172276040 0.1882054740 0.5980057494 0.3825308096 0.6057275295 1.2202400970 0.2740064702
0.3934750045 3.5017734279 1.1631694591 3.9273963661 0.9336771969 1.0638008045 0.1969654883 1.8782809154 0.7405346329 2.0581551479 0.7172276040 0.0000000000 1.0165266716 0.9421533939 1.1981094661 0.4292907321 0.0202994248 2.7188266360
0.9739830290 4.7860465517 0.2922288060 1.4600609804 1.3913736124 0.0030939290 0.2414191286 1.1059733084 0.1154767389 1.2047663167 0.1882054740 1.0165266716 0.0000000000 0.1343768827 1.1908472072 0.7671339119 0.1265435211 0.3849636880
0.9821655509 0.5135786619 0.5027948721 0.0914353681 0.3088029254 0.6679537091 0.8960170933 0.0425228124 0.6701138749 1.4566162193 0.5980057494 0.9421533939 0.1343768827 0.0000000000 1.7889980184 0.1478034486 1.9239042576 3.4607344281
0.6767415785 0.0644084439 1.3976958778 0.1751815887 0.6415137294 0.3867090518 0.4956941468 0.3673838512 0.8141726649 1.5736405651 0.3825308096 1.1981094661 1.1908472072 1.7889980184 0.0000000000 0.0493159867 2.8090690198 0.0709898955
0.0175383833 1.5891029836 0.0927114120 0.8847115126 0.3026232725 0.3863704038 1.3488292249 0.0577805330 2.8642777409 1.6310495354 0.6057275295 0.4292907321 0.7671339119 0.1478034486 0.0493159867 0.0000000000 0.7454568613 2.6048479538
1.4516975192 1.4644363857 0.5652402870 0.0003168614 0.8546611233 1.0096445597 1.3003628916 0.1612963508 0.2641772331 0.4986229020 1.2202400970 0.0202994248 0.1265435211 1.9239042576 2.8090690198 0.7454568613 0.0000000000 7.3356303811
0.3285379697 0.5242256142 0.7611774517 1.4992970829 0.2019538377 3.2988669160 0.0334880181 0.1664873747 3.9055026955 0.3432848241 0.2740064702 2.7188266360 0.3849636880 3.4607344281 0.0709898955 2.6048479538 7.3356303811 0.0000000000
