# MCW Instance
# Type: EXPONENTIAL
# N: 18
# Optimal cost: 1.2047585380458778
# Optimal tour (permutation): [0, 10, 11, 16, 8, 9, 3, 12, 15, 1, 13, 7, 2, 17, 14, 6, 4, 5, 0]
# Optimal walk (full path): [0, 5, 4, 10, 11, 16, 8, 3, 9, 3, 12, 15, 1, 7, 13, 7, 2, 8, 17, 14, 17, 6, 4, 5, 0]
# Walk size: 25
# Is walk (has repeats): true

# Distance Matrix
0.0000000000 1.6431434267 0.1273099312 0.1499864224 0.2504719413 0.0245741142 0.6786220985 0.1725857248 1.0081026127 0.8489956334 0.2223574691 0.1249058241 1.3115334204 0.9412315805 1.6240013912 1.2204041216 0.2508903361 0.4653797975
1.6431434267 0.0000000000 0.1758354065 0.9469456611 0.6102532198 0.9903327476 0.4203883798 0.0718840730 0.1140924286 1.3746337261 0.1271881513 1.4830462718 0.7395614694 1.0009974867 0.3097131900 0.0014307632 1.0337114616 0.2086792447
0.1273099312 0.1758354065 0.0000000000 2.2852623799 1.9753179778 1.5111553981 0.1128613022 0.0531975374 0.0294923210 0.4979927899 1.3077879958 1.5463055960 0.0562616855 0.7635587043 0.5882565913 0.1508226433 0.3308865398 0.6449356049
0.1499864224 0.9469456611 2.2852623799 0.0000000000 0.8686677741 0.4565182698 1.2156472708 0.9368741391 0.0469535380 0.0474309539 0.9780603331 1.2152070489 0.0255742959 1.5464660135 1.7124401364 0.1837816436 2.1459482803 0.6148128789
0.2504719413 0.6102532198 1.9753179778 0.8686677741 0.0000000000 0.0099400533 0.0329101601 0.0600705587 0.1333298156 1.8078171124 0.0176472433 0.1476671863 0.0793462695 0.2464391816 0.1951043964 0.6542036403 1.1985475975 2.5346499507
0.0245741142 0.9903327476 1.5111553981 0.4565182698 0.0099400533 0.0000000000 0.3538466244 1.3775170452 0.2003421637 0.4775287276 0.5867186278 0.5548054531 0.6370641470 0.4789745217 1.5232917200 3.6748576266 0.2475096449 3.0504204997
0.6786220985 0.4203883798 0.1128613022 1.2156472708 0.0329101601 0.3538466244 0.0000000000 0.1018467379 0.7956537826 2.5430850917 2.8170267264 0.2306095040 0.3883880958 2.0140280353 0.0663319343 1.7693383976 0.4040622737 0.0066943729
0.1725857248 0.0718840730 0.0531975374 0.9368741391 0.0600705587 1.3775170452 0.1018467379 0.0000000000 2.6757668443 0.4031255771 0.5422331560 0.4461770917 0.4612238124 0.1654712496 0.2917483850 0.1088463229 1.1280369356 1.1356702554
1.0081026127 0.1140924286 0.0294923210 0.0469535380 0.1333298156 0.2003421637 0.7956537826 2.6757668443 0.0000000000 1.2239010790 0.0823407413 1.8611578666 1.4552451502 1.4490341069 0.0485130618 0.9294066754 0.1250857074 0.0278126246
0.8489956334 1.3746337261 0.4979927899 0.0474309539 1.8078171124 0.4775287276 2.5430850917 0.4031255771 1.2239010790 0.0000000000 1.0265363243 0.1862691399 0.2719969645 0.4057409755 1.0803310542 2.1578803970 1.4569742128 0.6352187357
0.2223574691 0.1271881513 1.3077879958 0.9780603331 0.0176472433 0.5867186278 2.8170267264 0.5422331560 0.0823407413 1.0265363243 0.0000000000 0.0145375191 0.9609034118 0.7780242887 4.0774719567 0.4834247865 0.9148146729 2.1746524243
0.1249058241 1.4830462718 1.5463055960 1.2152070489 0.1476671863 0.5548054531 0.2306095040 0.4461770917 1.8611578666 0.1862691399 0.0145375191 0.0000000000 0.0564692953 0.4964619730 0.9110075897 0.3315088573 0.0952900349 2.3109056810
1.3115334204 0.7395614694 0.0562616855 0.0255742959 0.0793462695 0.6370641470 0.3883880958 0.4612238124 1.4552451502 0.2719969645 0.9609034118 0.0564692953 0.0000000000 1.4780701020 1.2129043940 0.1304833056 1.8768504823 0.3312240094
0.9412315805 1.0009974867 0.7635587043 1.5464660135 0.2464391816 0.4789745217 2.0140280353 0.1654712496 1.4490341069 0.4057409755 0.7780242887 0.4964619730 1.4780701020 0.0000000000 1.1447463159 0.4970693973 2.1700800914 1.3815888042
1.6240013912 0.3097131900 0.5882565913 1.7124401364 0.1951043964 1.5232917200 0.0663319343 0.2917483850 0.0485130618 1.0803310542 4.0774719567 0.9110075897 1.2129043940 1.1447463159 0.0000000000 0.4568553581 0.7206068860 0.0154661498
1.2204041216 0.0014307632 0.1508226433 0.1837816436 0.6542036403 3.6748576266 1.7693383976 0.1088463229 0.9294066754 2.1578803970 0.4834247865 0.3315088573 0.1304833056 0.4970693973 0.4568553581 0.0000000000 3.0654317990 0.9512885725
0.2508903361 1.0337114616 0.3308865398 2.1459482803 1.1985475975 0.2475096449 0.4040622737 1.1280369356 0.1250857074 1.4569742128 0.9148146729 0.0952900349 1.8768504823 2.1700800914 0.7206068860 3.0654317990 0.0000000000 0.5443298579
0.4653797975 0.2086792447 0.6449356049 0.6148128789 2.5346499507 3.0504204997 0.0066943729 1.1356702554 0.0278126246 0.6352187357 2.1746524243 2.3109056810 0.3312240094 1.3815888042 0.0154661498 0.9512885725 0.5443298579 0.0000000000
