# MCW Instance
# Type: UNIFORM
# N: 23
# Optimal cost: 1.7662639490777345
# Optimal tour (permutation): [0, 22, 10, 12, 14, 2, 13, 9, 4, 5, 3, 7, 1, 19, 21, 20, 15, 17, 16, 11, 18, 6, 8, 0]
# Optimal walk (full path): [0, 22, 10, 12, 14, 2, 13, 4, 9, 4, 5, 3, 7, 1, 19, 20, 21, 20, 15, 16, 17, 16, 11, 18, 6, 8, 0]
# Walk size: 27
# Is walk (has repeats): true

# Distance Matrix
0.0000000000 0.1360257949 0.8819908446 0.4906386408 0.6321722165 0.2975719258 0.6866517999 0.4539661898 0.0840346282 0.7918390203 0.6934456816 0.6499770361 0.3437639788 0.1796907439 0.7912136671 0.7147357600 0.2839537819 0.4874897894 0.9921097282 0.5903609817 0.5732486917 0.2393661958 0.1141613697
0.1360257949 0.0000000000 0.7374584516 0.4981347387 0.7157287555 0.4014766614 0.1739100995 0.0232941078 0.9861454820 0.8384751106 0.0878523979 0.0661407744 0.7344462676 0.7358099689 0.5080284158 0.6730676765 0.1448768211 0.0181880863 0.5313006239 0.0280999234 0.1503599733 0.5280827660 0.9049617471
0.8819908446 0.7374584516 0.0000000000 0.9990626201 0.1573965409 0.5743741264 0.3405835479 0.2320362271 0.9568652947 0.9012402513 0.7964944947 0.6417859139 0.9059568668 0.2301617374 0.1075788953 0.5140160164 0.6237046456 0.5366914121 0.7639417623 0.3347143319 0.3810506074 0.2636797380 0.3440850965
0.4906386408 0.4981347387 0.9990626201 0.0000000000 0.8925152351 0.0861117920 0.7439356821 0.0935930131 0.1619247519 0.2662891995 0.2078417670 0.4069244398 0.9684143958 0.7310874082 0.8852313664 0.5177638575 0.4608051859 0.6629900352 0.8758750219 0.5324823269 0.9720269854 0.7284624642 0.6592116614
0.6321722165 0.7157287555 0.1573965409 0.8925152351 0.0000000000 0.0516118673 0.9362523347 0.4271298085 0.3415001436 0.0158388330 0.1485680997 0.3044052794 0.9973547049 0.0858727332 0.8027625424 0.8413194556 0.7526680768 0.8196486306 0.4234689836 0.8050287814 0.5772139550 0.1456732492 0.0208218382
0.2975719258 0.4014766614 0.5743741264 0.0861117920 0.0516118673 0.0000000000 0.5944575954 0.1077604537 0.1479258735 0.5389442614 0.6477540653 0.2063149341 0.9755771195 0.9440015909 0.2917184123 0.3731593555 0.7698901060 0.1032176332 0.5080864880 0.5806249025 0.8610199468 0.9431660970 0.9675301175
0.6866517999 0.1739100995 0.3405835479 0.7439356821 0.9362523347 0.5944575954 0.0000000000 0.5710932883 0.1290293709 0.2438127233 0.3394607720 0.1715013982 0.3462895376 0.8241980386 0.3242005803 0.7166650115 0.5225368567 0.8063149237 0.0738110178 0.2450260947 0.7592080251 0.1056484681 0.6688459174
0.4539661898 0.0232941078 0.2320362271 0.0935930131 0.4271298085 0.1077604537 0.5710932883 0.0000000000 0.7329678413 0.8862774128 0.2900108973 0.1005222717 0.2676300577 0.2026718201 0.4727171287 0.7712788886 0.7231967131 0.9704400735 0.9618115161 0.8714194499 0.2019170221 0.9232056872 0.9739698345
0.0840346282 0.9861454820 0.9568652947 0.1619247519 0.3415001436 0.1479258735 0.1290293709 0.7329678413 0.0000000000 0.1155127628 0.2286598003 0.9410328067 0.8398649962 0.2294503639 0.4465903010 0.2166872631 0.7771987426 0.2675371975 0.3515976653 0.6923758154 0.4882659816 0.3087185951 0.4243902833
0.7918390203 0.8384751106 0.9012402513 0.2662891995 0.0158388330 0.5389442614 0.2438127233 0.8862774128 0.1155127628 0.0000000000 0.2813983527 0.5508319937 0.3320224570 0.8717153896 0.4057497334 0.8142673330 0.1035229562 0.0719481702 0.6785588487 0.7872989500 0.7206079405 0.7353347274 0.1393546638
0.6934456816 0.0878523979 0.7964944947 0.2078417670 0.1485680997 0.6477540653 0.3394607720 0.2900108973 0.2286598003 0.2813983527 0.0000000000 0.3094003342 0.0540593248 0.7354627188 0.3105001397 0.6347572153 0.7044316342 0.5460717950 0.4847367235 0.4259100366 0.2464415052 0.2261057709 0.0766336823
0.6499770361 0.0661407744 0.6417859139 0.4069244398 0.3044052794 0.2063149341 0.1715013982 0.1005222717 0.9410328067 0.5508319937 0.3094003342 0.0000000000 0.0535876881 0.4735562595 0.9359470658 0.5748378823 0.0299117452 0.0746971343 0.0390631347 0.6173713997 0.3640640651 0.6759489763 0.9458337412
0.3437639788 0.7344462676 0.9059568668 0.9684143958 0.9973547049 0.9755771195 0.3462895376 0.2676300577 0.8398649962 0.3320224570 0.0540593248 0.0535876881 0.0000000000 0.9788258312 0.1226748945 0.4623948170 0.9901169611 0.8061538438 0.5016026798 0.6586702251 0.7941507089 0.2688596728 0.2714406419
0.1796907439 0.7358099689 0.2301617374 0.7310874082 0.0858727332 0.9440015909 0.8241980386 0.2026718201 0.2294503639 0.8717153896 0.7354627188 0.4735562595 0.9788258312 0.0000000000 0.9915590537 0.7736759228 0.8997426266 0.5459994731 0.8839286085 0.6627063758 0.2939480718 0.4411795069 0.5365289128
0.7912136671 0.5080284158 0.1075788953 0.8852313664 0.8027625424 0.2917184123 0.3242005803 0.4727171287 0.4465903010 0.4057497334 0.3105001397 0.9359470658 0.1226748945 0.9915590537 0.0000000000 0.1961592693 0.5069332590 0.3410596904 0.2426574151 0.3785996817 0.4460557882 0.1686949433 0.2504167187
0.7147357600 0.6730676765 0.5140160164 0.5177638575 0.8413194556 0.3731593555 0.7166650115 0.7712788886 0.2166872631 0.8142673330 0.6347572153 0.5748378823 0.4623948170 0.7736759228 0.1961592693 0.0000000000 0.0886412696 0.7858445977 0.2710271562 0.2382697382 0.1210843811 0.4536150999 0.2704797033
0.2839537819 0.1448768211 0.6237046456 0.4608051859 0.7526680768 0.7698901060 0.5225368567 0.7231967131 0.7771987426 0.1035229562 0.7044316342 0.0299117452 0.9901169611 0.8997426266 0.5069332590 0.0886412696 0.0000000000 0.0018233291 0.1526620464 0.5299411494 0.5102189630 0.2632476978 0.5323031318
0.4874897894 0.0181880863 0.5366914121 0.6629900352 0.8196486306 0.1032176332 0.8063149237 0.9704400735 0.2675371975 0.0719481702 0.5460717950 0.0746971343 0.8061538438 0.5459994731 0.3410596904 0.7858445977 0.0018233291 0.0000000000 0.4875982718 0.5257305304 0.6094656980 0.2431113216 0.0529447094
0.9921097282 0.5313006239 0.7639417623 0.8758750219 0.4234689836 0.5080864880 0.0738110178 0.9618115161 0.3515976653 0.6785588487 0.4847367235 0.0390631347 0.5016026798 0.8839286085 0.2426574151 0.2710271562 0.1526620464 0.4875982718 0.0000000000 0.3122720476 0.4412226200 0.8607972882 0.6153071822
0.5903609817 0.0280999234 0.3347143319 0.5324823269 0.8050287814 0.5806249025 0.2450260947 0.8714194499 0.6923758154 0.7872989500 0.4259100366 0.6173713997 0.6586702251 0.6627063758 0.3785996817 0.2382697382 0.5299411494 0.5257305304 0.3122720476 0.0000000000 0.0259281508 0.4723735576 0.8420909216
0.5732486917 0.1503599733 0.3810506074 0.9720269854 0.5772139550 0.8610199468 0.7592080251 0.2019170221 0.4882659816 0.7206079405 0.2464415052 0.3640640651 0.7941507089 0.2939480718 0.4460557882 0.1210843811 0.5102189630 0.6094656980 0.4412226200 0.0259281508 0.0000000000 0.0327912930 0.1554078577
0.2393661958 0.5280827660 0.2636797380 0.7284624642 0.1456732492 0.9431660970 0.1056484681 0.9232056872 0.3087185951 0.7353347274 0.2261057709 0.6759489763 0.2688596728 0.4411795069 0.1686949433 0.4536150999 0.2632476978 0.2431113216 0.8607972882 0.4723735576 0.0327912930 0.0000000000 0.7572021657
0.1141613697 0.9049617471 0.3440850965 0.6592116614 0.0208218382 0.9675301175 0.6688459174 0.9739698345 0.4243902833 0.1393546638 0.0766336823 0.9458337412 0.2714406419 0.5365289128 0.2504167187 0.2704797033 0.5323031318 0.0529447094 0.6153071822 0.8420909216 0.1554078577 0.7572021657 0.0000000000
