# MCW Instance
# Type: UNIFORM
# N: 23
# Optimal cost: 2.1304805971420633
# Optimal tour (permutation): [0, 21, 10, 13, 11, 9, 7, 16, 15, 17, 4, 22, 20, 18, 19, 12, 1, 2, 5, 3, 14, 8, 6, 0]
# Optimal walk (full path): [0, 21, 10, 21, 13, 11, 9, 7, 16, 15, 17, 4, 17, 22, 20, 18, 1, 19, 1, 12, 1, 2, 5, 3, 5, 14, 8, 14, 6, 21, 0]
# Walk size: 31
# Is walk (has repeats): true

# Distance Matrix
0.0000000000 0.4260135613 0.6623158930 0.8094185815 0.2220359219 0.9897171864 0.7200639429 0.6909893565 0.4433547453 0.7297882767 0.3431661050 0.6451487768 0.4818568447 0.2490567854 0.6025132501 0.3589350155 0.3653632453 0.8626196376 0.7662846183 0.9082129942 0.9443380480 0.1883261044 0.6309435140
0.4260135613 0.0000000000 0.0484202175 0.4174874157 0.0556997256 0.4858320302 0.0473975377 0.5130679812 0.8800560244 0.8241887867 0.7348956662 0.1110910324 0.0245513221 0.8909518935 0.5849499450 0.4597737967 0.8301251134 0.1664987633 0.0701678068 0.0390024434 0.9317744563 0.9255136066 0.2310744246
0.6623158930 0.0484202175 0.0000000000 0.5542356226 0.1993258521 0.0814623318 0.3890142408 0.5061919978 0.1418463029 0.6296934485 0.1977067551 0.2748282786 0.8970621799 0.1359729827 0.7764074275 0.6805296081 0.9906305172 0.8823004484 0.4967255008 0.5410966727 0.8948346542 0.4781415533 0.1055023267
0.8094185815 0.4174874157 0.5542356226 0.0000000000 0.8300295593 0.0422521623 0.9727529892 0.2577553744 0.6597711926 0.3571694754 0.7630632743 0.2065445259 0.4629880365 0.5559948769 0.8816126893 0.3507190878 0.4256292768 0.4376474391 0.5703449426 0.5768550044 0.4374202087 0.1358760126 0.3985814132
0.2220359219 0.0556997256 0.1993258521 0.8300295593 0.0000000000 0.8482941385 0.5686093393 0.8376895827 0.5672986148 0.2920478918 0.3562027062 0.7855563075 0.4568682138 0.1134304936 0.9885834631 0.4757550439 0.9217080850 0.0286371876 0.8143280380 0.8412404133 0.3128319612 0.5470856562 0.4691951033
0.9897171864 0.4858320302 0.0814623318 0.0422521623 0.8482941385 0.0000000000 0.8646080534 0.7180743255 0.3581892074 0.3146770330 0.5052242552 0.4498061404 0.2813331724 0.8121678342 0.0443098430 0.3812462353 0.7231762852 0.9187155757 0.9527455923 0.3350120412 0.3530010422 0.5834915547 0.1685920535
0.7200639429 0.0473975377 0.3890142408 0.9727529892 0.5686093393 0.8646080534 0.0000000000 0.3613427785 0.7546887563 0.9485219512 0.2347942578 0.4084665638 0.1429960100 0.9128925801 0.0922675505 0.5838730590 0.8421609824 0.3065509127 0.4495377847 0.9327909582 0.1164703096 0.0379934153 0.5573353460
0.6909893565 0.5130679812 0.5061919978 0.2577553744 0.8376895827 0.7180743255 0.3613427785 0.0000000000 0.4189602264 0.1152675557 0.2295410040 0.9050194080 0.5828265653 0.1489868325 0.5345688547 0.8254352866 0.1735757386 0.2481465391 0.5429709739 0.2457838904 0.9039640645 0.9738391228 0.4243045244
0.4433547453 0.8800560244 0.1418463029 0.6597711926 0.5672986148 0.3581892074 0.7546887563 0.4189602264 0.0000000000 0.8543094965 0.3606900757 0.7461053962 0.7324719261 0.7660881693 0.0180923475 0.5356823536 0.6014641165 0.3659259766 0.2492462598 0.6249660424 0.3986011687 0.3823524128 0.2060731127
0.7297882767 0.8241887867 0.6296934485 0.3571694754 0.2920478918 0.3146770330 0.9485219512 0.1152675557 0.8543094965 0.0000000000 0.2856316805 0.2698714978 0.4039214142 0.4488622989 0.6432054973 0.9113842360 0.9875083728 0.2456478602 0.7029840613 0.3316140554 0.2280188949 0.5331689441 0.4970480422
0.3431661050 0.7348956662 0.1977067551 0.7630632743 0.3562027062 0.5052242552 0.2347942578 0.2295410040 0.3606900757 0.2856316805 0.0000000000 0.3310311427 0.1599006423 0.6336829103 0.5787198989 0.9188735581 0.6430770278 0.9556890077 0.6386652649 0.9112332173 0.4493975665 0.0716594625 0.8459406635
0.6451487768 0.1110910324 0.2748282786 0.2065445259 0.7855563075 0.4498061404 0.4084665638 0.9050194080 0.7461053962 0.2698714978 0.3310311427 0.0000000000 0.5102905299 0.1104265857 0.7621642352 0.6276404700 0.7514468788 0.7133679569 0.8433141322 0.9923988897 0.3232687519 0.2391511923 0.8532364923
0.4818568447 0.0245513221 0.8970621799 0.4629880365 0.4568682138 0.2813331724 0.1429960100 0.5828265653 0.7324719261 0.4039214142 0.1599006423 0.5102905299 0.0000000000 0.1758532027 0.4145702219 0.2251794857 0.9633369114 0.3402766215 0.9236258352 0.5049678546 0.8013888220 0.2959407156 0.5764191226
0.2490567854 0.8909518935 0.1359729827 0.5559948769 0.1134304936 0.8121678342 0.9128925801 0.1489868325 0.7660881693 0.4488622989 0.6336829103 0.1104265857 0.1758532027 0.0000000000 0.5278756055 0.2260324052 0.7283686636 0.2439962791 0.2943640428 0.4760533472 0.2134921930 0.0234089304 0.2556868307
0.6025132501 0.5849499450 0.7764074275 0.8816126893 0.9885834631 0.0443098430 0.0922675505 0.5345688547 0.0180923475 0.6432054973 0.5787198989 0.7621642352 0.4145702219 0.5278756055 0.0000000000 0.5328506095 0.3818269290 0.4523932511 0.6216472114 0.9807918062 0.9531320925 0.5648477991 0.3960325796
0.3589350155 0.4597737967 0.6805296081 0.3507190878 0.4757550439 0.3812462353 0.5838730590 0.8254352866 0.5356823536 0.9113842360 0.9188735581 0.6276404700 0.2251794857 0.2260324052 0.5328506095 0.0000000000 0.1276937444 0.0046220089 0.3623352085 0.1165633413 0.6564549288 0.7586490370 0.6762482618
0.3653632453 0.8301251134 0.9906305172 0.4256292768 0.9217080850 0.7231762852 0.8421609824 0.1735757386 0.6014641165 0.9875083728 0.6430770278 0.7514468788 0.9633369114 0.7283686636 0.3818269290 0.1276937444 0.0000000000 0.7146703451 0.6189050908 0.3798782633 0.3259438168 0.1301404134 0.1542273705
0.8626196376 0.1664987633 0.8823004484 0.4376474391 0.0286371876 0.9187155757 0.3065509127 0.2481465391 0.3659259766 0.2456478602 0.9556890077 0.7133679569 0.3402766215 0.2439962791 0.4523932511 0.0046220089 0.7146703451 0.0000000000 0.7573263267 0.9400629787 0.3166476837 0.9168461562 0.0132387300
0.7662846183 0.0701678068 0.4967255008 0.5703449426 0.8143280380 0.9527455923 0.4495377847 0.5429709739 0.2492462598 0.7029840613 0.6386652649 0.8433141322 0.9236258352 0.2943640428 0.6216472114 0.3623352085 0.6189050908 0.7573263267 0.0000000000 0.8014192612 0.0564133010 0.8324639301 0.5286302291
0.9082129942 0.0390024434 0.5410966727 0.5768550044 0.8412404133 0.3350120412 0.9327909582 0.2457838904 0.6249660424 0.3316140554 0.9112332173 0.9923988897 0.5049678546 0.4760533472 0.9807918062 0.1165633413 0.3798782633 0.9400629787 0.8014192612 0.0000000000 0.6002511958 0.5657140674 0.4659687360
0.9443380480 0.9317744563 0.8948346542 0.4374202087 0.3128319612 0.3530010422 0.1164703096 0.9039640645 0.3986011687 0.2280188949 0.4493975665 0.3232687519 0.8013888220 0.2134921930 0.9531320925 0.6564549288 0.3259438168 0.3166476837 0.0564133010 0.6002511958 0.0000000000 0.6044161421 0.0362992801
0.1883261044 0.9255136066 0.4781415533 0.1358760126 0.5470856562 0.5834915547 0.0379934153 0.9738391228 0.3823524128 0.5331689441 0.0716594625 0.2391511923 0.2959407156 0.0234089304 0.5648477991 0.7586490370 0.1301404134 0.9168461562 0.8324639301 0.5657140674 0.6044161421 0.0000000000 0.2176863106
0.6309435140 0.2310744246 0.1055023267 0.3985814132 0.4691951033 0.1685920535 0.5573353460 0.4243045244 0.2060731127 0.4970480422 0.8459406635 0.8532364923 0.5764191226 0.2556868307 0.3960325796 0.6762482618 0.1542273705 0.0132387300 0.5286302291 0.4659687360 0.0362992801 0.2176863106 0.0000000000
