# MCW Instance
# Type: UNIFORM
# N: 23
# Optimal cost: 1.5082503072182099
# Optimal tour (permutation): [0, 12, 15, 4, 22, 17, 13, 21, 14, 5, 19, 16, 3, 1, 6, 7, 11, 8, 9, 20, 18, 10, 2, 0]
# Optimal walk (full path): [0, 12, 15, 4, 22, 17, 22, 9, 13, 21, 14, 21, 5, 21, 19, 16, 19, 3, 1, 6, 7, 11, 8, 9, 20, 18, 20, 2, 10, 2, 0]
# Walk size: 31
# Is walk (has repeats): true

# Distance Matrix
0.0000000000 0.1964501592 0.1191735157 0.3948767446 0.7322271251 0.3155870255 0.4795588650 0.5835559262 0.6326217654 0.5115770036 0.8748535071 0.7024758153 0.1124929242 0.6466198008 0.8443008562 0.6431513665 0.8470729210 0.6505958906 0.7397745540 0.5093542048 0.2126123539 0.5635525325 0.6384209278
0.1964501592 0.0000000000 0.9968983992 0.1030529283 0.1563003799 0.9203034891 0.0034076612 0.6471909839 0.3588877584 0.8396927868 0.3037878657 0.0304640761 0.5089458344 0.0524352045 0.1749803851 0.1499062371 0.9953746365 0.7268717911 0.1826730353 0.8864826824 0.2175666935 0.5620688607 0.9529973748
0.1191735157 0.9968983992 0.0000000000 0.3659277898 0.9063410223 0.7646598768 0.6438425607 0.6973750452 0.7599874835 0.7943880644 0.0032670444 0.3284810063 0.0372974805 0.4784776702 0.3565919951 0.3364099475 0.2191838811 0.9162513909 0.5991105389 0.6859597377 0.1014695541 0.4479499151 0.2879499457
0.3948767446 0.1030529283 0.3659277898 0.0000000000 0.7292732951 0.7136502679 0.8454993481 0.2244739511 0.9959945918 0.2719145773 0.7980105462 0.4977153606 0.6283916141 0.9694297268 0.7110841491 0.8196796483 0.6528831895 0.7828790044 0.8165336801 0.1249621542 0.6475705460 0.6314629707 0.5979284126
0.7322271251 0.1563003799 0.9063410223 0.7292732951 0.0000000000 0.8299732496 0.2647883285 0.1630529496 0.5773966520 0.8511671650 0.4983542854 0.1619124148 0.5804191814 0.4670217833 0.5471104286 0.0733778158 0.6978815438 0.3751181373 0.6195127600 0.4231174580 0.2984433848 0.8435203319 0.0484408420
0.3155870255 0.9203034891 0.7646598768 0.7136502679 0.8299732496 0.0000000000 0.9720633393 0.6093212177 0.6847576239 0.6410622834 0.2928374603 0.5798711727 0.8910624048 0.2755015608 0.0794706229 0.9698963240 0.1611191053 0.3742262485 0.9094386246 0.8633930760 0.2214308322 0.0334783610 0.3655167620
0.4795588650 0.0034076612 0.6438425607 0.8454993481 0.2647883285 0.9720633393 0.0000000000 0.0984893946 0.7995117975 0.2687419864 0.3946807392 0.4256175779 0.3414655142 0.0481529947 0.5322579998 0.5585023629 0.0831101519 0.5289200550 0.1517606233 0.6663351614 0.8816637839 0.1862410918 0.2143072491
0.5835559262 0.6471909839 0.6973750452 0.2244739511 0.1630529496 0.6093212177 0.0984893946 0.0000000000 0.2705436015 0.2941043494 0.3298622962 0.0862678518 0.9558549638 0.7486700985 0.8403419118 0.8697422813 0.7828909575 0.2975682459 0.8252446212 0.3477094449 0.7983206477 0.3618111677 0.2949060025
0.6326217654 0.3588877584 0.7599874835 0.9959945918 0.5773966520 0.6847576239 0.7995117975 0.2705436015 0.0000000000 0.0841609805 0.5786368707 0.0832006468 0.8880713778 0.4392597191 0.3149113879 0.3838326433 0.1396272420 0.2605397323 0.5484218981 0.6000964646 0.7758066688 0.7933914081 0.3008344716
0.5115770036 0.8396927868 0.7943880644 0.2719145773 0.8511671650 0.6410622834 0.2687419864 0.2941043494 0.0841609805 0.0000000000 0.6059937415 0.0466656108 0.9175514408 0.0076627514 0.6697040319 0.1612897822 0.1610444236 0.3600154194 0.8976760939 0.4781065542 0.0689990138 0.8871813883 0.0121243866
0.8748535071 0.3037878657 0.0032670444 0.7980105462 0.4983542854 0.2928374603 0.3946807392 0.3298622962 0.5786368707 0.6059937415 0.0000000000 0.2208403186 0.4119883732 0.8713924748 0.3806629045 0.1400634498 0.4070210846 0.9761411369 0.6709094349 0.7209596018 0.5940353135 0.7907210036 0.2382449298
0.7024758153 0.0304640761 0.3284810063 0.4977153606 0.1619124148 0.5798711727 0.4256175779 0.0862678518 0.0832006468 0.0466656108 0.2208403186 0.0000000000 0.2498295418 0.2617257586 0.3461961325 0.3715147114 0.2950345016 0.3487587921 0.5417945851 0.8193091095 0.9324852681 0.5599089965 0.3357605911
0.1124929242 0.5089458344 0.0372974805 0.6283916141 0.5804191814 0.8910624048 0.3414655142 0.9558549638 0.8880713778 0.9175514408 0.4119883732 0.2498295418 0.0000000000 0.5985631732 0.3514500256 0.0313753793 0.5009888642 0.9475666271 0.3133675274 0.2555135485 0.7233036854 0.4270763658 0.3045166364
0.6466198008 0.0524352045 0.4784776702 0.9694297268 0.4670217833 0.2755015608 0.0481529947 0.7486700985 0.4392597191 0.0076627514 0.8713924748 0.2617257586 0.5985631732 0.0000000000 0.1324452720 0.8290342252 0.5960761765 0.1228068796 0.9544850002 0.9685768062 0.3928289874 0.0696191052 0.8490477763
0.8443008562 0.1749803851 0.3565919951 0.7110841491 0.5471104286 0.0794706229 0.5322579998 0.8403419118 0.3149113879 0.6697040319 0.3806629045 0.3461961325 0.3514500256 0.1324452720 0.0000000000 0.6539240028 0.3372191152 0.8795392941 0.7066810005 0.6506790588 0.9369834946 0.0139924641 0.9030882589
0.6431513665 0.1499062371 0.3364099475 0.8196796483 0.0733778158 0.9698963240 0.5585023629 0.8697422813 0.3838326433 0.1612897822 0.1400634498 0.3715147114 0.0313753793 0.8290342252 0.6539240028 0.0000000000 0.8588639421 0.2282822148 0.9691981189 0.1874899558 0.4818673963 0.2101603976 0.8045318455
0.8470729210 0.9953746365 0.2191838811 0.6528831895 0.6978815438 0.1611191053 0.0831101519 0.7828909575 0.1396272420 0.1610444236 0.4070210846 0.2950345016 0.5009888642 0.5960761765 0.3372191152 0.8588639421 0.0000000000 0.9543926935 0.9791695417 0.0428048750 0.1842932048 0.7418152994 0.5260176503
0.6505958906 0.7268717911 0.9162513909 0.7828790044 0.3751181373 0.3742262485 0.5289200550 0.2975682459 0.2605397323 0.3600154194 0.9761411369 0.3487587921 0.9475666271 0.1228068796 0.8795392941 0.2282822148 0.9543926935 0.0000000000 0.2711010874 0.8440422549 0.2062460123 0.9620173839 0.0078465194
0.7397745540 0.1826730353 0.5991105389 0.8165336801 0.6195127600 0.9094386246 0.1517606233 0.8252446212 0.5484218981 0.8976760939 0.6709094349 0.5417945851 0.3133675274 0.9544850002 0.7066810005 0.9691981189 0.9791695417 0.2711010874 0.0000000000 0.5420829255 0.0130821785 0.5006427331 0.9650791935
0.5093542048 0.8864826824 0.6859597377 0.1249621542 0.4231174580 0.8633930760 0.6663351614 0.3477094449 0.6000964646 0.4781065542 0.7209596018 0.8193091095 0.2555135485 0.9685768062 0.6506790588 0.1874899558 0.0428048750 0.8440422549 0.5420829255 0.0000000000 0.2373343580 0.0510305170 0.7929567244
0.2126123539 0.2175666935 0.1014695541 0.6475705460 0.2984433848 0.2214308322 0.8816637839 0.7983206477 0.7758066688 0.0689990138 0.5940353135 0.9324852681 0.7233036854 0.3928289874 0.9369834946 0.4818673963 0.1842932048 0.2062460123 0.0130821785 0.2373343580 0.0000000000 0.4573308821 0.4467455133
0.5635525325 0.5620688607 0.4479499151 0.6314629707 0.8435203319 0.0334783610 0.1862410918 0.3618111677 0.7933914081 0.8871813883 0.7907210036 0.5599089965 0.4270763658 0.0696191052 0.0139924641 0.2101603976 0.7418152994 0.9620173839 0.5006427331 0.0510305170 0.4573308821 0.0000000000 0.1299217210
0.6384209278 0.9529973748 0.2879499457 0.5979284126 0.0484408420 0.3655167620 0.2143072491 0.2949060025 0.3008344716 0.0121243866 0.2382449298 0.3357605911 0.3045166364 0.8490477763 0.9030882589 0.8045318455 0.5260176503 0.0078465194 0.9650791935 0.7929567244 0.4467455133 0.1299217210 0.0000000000
