# MCW Instance
# Type: UNIFORM
# N: 23
# Optimal cost: 1.7545474859101384
# Optimal tour (permutation): [0, 7, 1, 18, 13, 22, 10, 8, 2, 21, 9, 14, 11, 6, 4, 16, 17, 19, 5, 3, 20, 15, 12, 0]
# Optimal walk (full path): [0, 7, 1, 13, 18, 13, 22, 10, 8, 2, 8, 10, 22, 21, 9, 14, 11, 14, 6, 4, 6, 16, 17, 19, 5, 3, 20, 15, 20, 12, 0]
# Walk size: 31
# Is walk (has repeats): true

# Distance Matrix
0.0000000000 0.9721266875 0.7272871523 0.7481392344 0.9617274426 0.1332301599 0.8834465148 0.0936246168 0.5957218997 0.4941209482 0.2980422891 0.4142332125 0.0933378813 0.5633911253 0.8764318832 0.9944885103 0.9154745669 0.9597292087 0.7493861454 0.7734133532 0.1757968644 0.1940168130 0.2481726915
0.9721266875 0.0000000000 0.1292400243 0.5809147405 0.4348705024 0.7610108487 0.5191630560 0.0587122123 0.1924737482 0.8327448878 0.2961861765 0.3434106465 0.7002705120 0.0658718240 0.1354675847 0.8728663582 0.4000686817 0.6085984973 0.8941681773 0.9717650850 0.3433279118 0.2743923245 0.4016596873
0.7272871523 0.1292400243 0.0000000000 0.4437914629 0.5098830556 0.6275288212 0.6310509045 0.3765143309 0.0150810913 0.6904280067 0.9383418185 0.1746438830 0.9272857751 0.2811111724 0.5721170396 0.5804797678 0.9499309855 0.3728982269 0.4545414066 0.7147842505 0.5357803147 0.2835051500 0.3135223609
0.7481392344 0.5809147405 0.4437914629 0.0000000000 0.9769779109 0.0957766897 0.9469899660 0.6062551345 0.9804693794 0.8408428499 0.9995348151 0.3159682489 0.5670956556 0.4522198004 0.9188407394 0.6265387465 0.3440621151 0.2144069151 0.9969509689 0.6837477130 0.1174365928 0.4644939303 0.4976069709
0.9617274426 0.4348705024 0.5098830556 0.9769779109 0.0000000000 0.1372984755 0.0581656333 0.2126517328 0.9517819050 0.9243213012 0.4297446405 0.5707754786 0.1788234810 0.8029402822 0.2310883278 0.1897496627 0.2856786803 0.4735789251 0.1638116284 0.2505321146 0.5929611575 0.7360334854 0.9200453222
0.1332301599 0.7610108487 0.6275288212 0.0957766897 0.1372984755 0.0000000000 0.6802296253 0.1641613122 0.0219440141 0.9050746324 0.1715650610 0.3730883161 0.8151445657 0.1585032900 0.2726123138 0.7346720899 0.9264762783 0.4183095227 0.2834014197 0.0455425133 0.3249977281 0.9840743732 0.9469737726
0.8834465148 0.5191630560 0.6310509045 0.9469899660 0.0581656333 0.6802296253 0.0000000000 0.7333422943 0.2441291418 0.2788270512 0.9546928881 0.1975186703 0.5791184306 0.7833658593 0.0990933579 0.8393785080 0.1713182843 0.3225775205 0.5022771145 0.4254801887 0.4351159222 0.5201915204 0.7238424284
0.0936246168 0.0587122123 0.3765143309 0.6062551345 0.2126517328 0.1641613122 0.7333422943 0.0000000000 0.4059748760 0.9249574183 0.6065704369 0.7095578699 0.8182988334 0.8627614346 0.6635511021 0.4804700553 0.4466573720 0.3501176732 0.8210154101 0.1818602637 0.9790300712 0.9750177067 0.8817841123
0.5957218997 0.1924737482 0.0150810913 0.9804693794 0.9517819050 0.0219440141 0.2441291418 0.4059748760 0.0000000000 0.6124419303 0.0059665292 0.7894666773 0.3445903805 0.6364173804 0.8392297233 0.1821767182 0.8193042408 0.9444887079 0.2933848150 0.9996437300 0.3842435910 0.4746444964 0.7697185529
0.4941209482 0.8327448878 0.6904280067 0.8408428499 0.9243213012 0.9050746324 0.2788270512 0.9249574183 0.6124419303 0.0000000000 0.3792614071 0.5223203431 0.4295201609 0.2094148935 0.1497272967 0.8909355740 0.2343571165 0.7417007124 0.3268478823 0.3299508795 0.9680612156 0.1427148442 0.1869508701
0.2980422891 0.2961861765 0.9383418185 0.9995348151 0.4297446405 0.1715650610 0.9546928881 0.6065704369 0.0059665292 0.3792614071 0.0000000000 0.1927272335 0.7695891273 0.5421425901 0.6354642424 0.2971373322 0.4728662375 0.1671970640 0.1048238984 0.5366203589 0.2556673591 0.2973179288 0.0137223397
0.4142332125 0.3434106465 0.1746438830 0.3159682489 0.5707754786 0.3730883161 0.1975186703 0.7095578699 0.7894666773 0.5223203431 0.1927272335 0.0000000000 0.4657633942 0.4013678352 0.0179964663 0.8988134143 0.9805568983 0.3671985812 0.8084260015 0.6903386826 0.5503858942 0.2286163210 0.4752148316
0.0933378813 0.7002705120 0.9272857751 0.5670956556 0.1788234810 0.8151445657 0.5791184306 0.8182988334 0.3445903805 0.4295201609 0.7695891273 0.4657633942 0.0000000000 0.2447433123 0.3269831705 0.2266255093 0.4531885314 0.1702007625 0.8549837496 0.5833661956 0.0343471394 0.1850667356 0.0393852021
0.5633911253 0.0658718240 0.2811111724 0.4522198004 0.8029402822 0.1585032900 0.7833658593 0.8627614346 0.6364173804 0.2094148935 0.5421425901 0.4013678352 0.2447433123 0.0000000000 0.9710078286 0.6573320430 0.7346350231 0.4871313378 0.0199658457 0.9922963112 0.3581687220 0.3332016148 0.0346846408
0.8764318832 0.1354675847 0.5721170396 0.9188407394 0.2310883278 0.2726123138 0.0990933579 0.6635511021 0.8392297233 0.1497272967 0.6354642424 0.0179964663 0.3269831705 0.9710078286 0.0000000000 0.1898615340 0.3460328079 0.1860023327 0.6487066646 0.3278826035 0.5558544730 0.8825199728 0.4954743608
0.9944885103 0.8728663582 0.5804797678 0.6265387465 0.1897496627 0.7346720899 0.8393785080 0.4804700553 0.1821767182 0.8909355740 0.2971373322 0.8988134143 0.2266255093 0.6573320430 0.1898615340 0.0000000000 0.7860321471 0.8669903180 0.3306104771 0.0972879432 0.0057538499 0.6441801493 0.8339634567
0.9154745669 0.4000686817 0.9499309855 0.3440621151 0.2856786803 0.9264762783 0.1713182843 0.4466573720 0.8193042408 0.2343571165 0.4728662375 0.9805568983 0.4531885314 0.7346350231 0.3460328079 0.7860321471 0.0000000000 0.0820686407 0.8519245889 0.7541191933 0.9446932421 0.5260537775 0.5826028294
0.9597292087 0.6085984973 0.3728982269 0.2144069151 0.4735789251 0.4183095227 0.3225775205 0.3501176732 0.9444887079 0.7417007124 0.1671970640 0.3671985812 0.1702007625 0.4871313378 0.1860023327 0.8669903180 0.0820686407 0.0000000000 0.1327821317 0.0691733623 0.6902762525 0.2545310282 0.6366835308
0.7493861454 0.8941681773 0.4545414066 0.9969509689 0.1638116284 0.2834014197 0.5022771145 0.8210154101 0.2933848150 0.3268478823 0.1048238984 0.8084260015 0.8549837496 0.0199658457 0.6487066646 0.3306104771 0.8519245889 0.1327821317 0.0000000000 0.7646450147 0.6696580496 0.2445980854 0.9278611050
0.7734133532 0.9717650850 0.7147842505 0.6837477130 0.2505321146 0.0455425133 0.4254801887 0.1818602637 0.9996437300 0.3299508795 0.5366203589 0.6903386826 0.5833661956 0.9922963112 0.3278826035 0.0972879432 0.7541191933 0.0691733623 0.7646450147 0.0000000000 0.9072941804 0.5057733799 0.4512573031
0.1757968644 0.3433279118 0.5357803147 0.1174365928 0.5929611575 0.3249977281 0.4351159222 0.9790300712 0.3842435910 0.9680612156 0.2556673591 0.5503858942 0.0343471394 0.3581687220 0.5558544730 0.0057538499 0.9446932421 0.6902762525 0.6696580496 0.9072941804 0.0000000000 0.4402199472 0.6869056838
0.1940168130 0.2743923245 0.2835051500 0.4644939303 0.7360334854 0.9840743732 0.5201915204 0.9750177067 0.4746444964 0.1427148442 0.2973179288 0.2286163210 0.1850667356 0.3332016148 0.8825199728 0.6441801493 0.5260537775 0.2545310282 0.2445980854 0.5057733799 0.4402199472 0.0000000000 0.1278140782
0.2481726915 0.4016596873 0.3135223609 0.4976069709 0.9200453222 0.9469737726 0.7238424284 0.8817841123 0.7697185529 0.1869508701 0.0137223397 0.4752148316 0.0393852021 0.0346846408 0.4954743608 0.8339634567 0.5826028294 0.6366835308 0.9278611050 0.4512573031 0.6869056838 0.1278140782 0.0000000000
