# MCW Instance
# Type: UNIFORM
# N: 23
# Optimal cost: 2.0888236878055926
# Optimal tour (permutation): [0, 12, 8, 4, 17, 13, 5, 16, 11, 14, 1, 7, 21, 15, 19, 6, 22, 2, 20, 10, 18, 9, 3, 0]
# Optimal walk (full path): [0, 12, 8, 4, 17, 5, 13, 5, 16, 11, 14, 1, 7, 21, 15, 19, 6, 22, 2, 20, 10, 18, 9, 20, 3, 20, 0]
# Walk size: 27
# Is walk (has repeats): true

# Distance Matrix
0.0000000000 0.1855148574 0.9588844017 0.2510892568 0.4483960603 0.8375905802 0.5450509438 0.1575686196 0.3234063825 0.3037027688 0.9057701574 0.3047816775 0.0913806005 0.4431182962 0.3043716101 0.4779696526 0.1386010912 0.3536781985 0.2788593673 0.3038965540 0.0780082020 0.8547528701 0.4051457319
0.1855148574 0.0000000000 0.4561369551 0.5284868666 0.4730364455 0.1264555287 0.2052590255 0.0402949073 0.8967868253 0.9907286398 0.2839043132 0.2198866636 0.8182199625 0.3185120192 0.0064915927 0.4286740035 0.3191177467 0.5357467090 0.3342498083 0.7828060876 0.4713111835 0.1490196141 0.1085102854
0.9588844017 0.4561369551 0.0000000000 0.5648381154 0.6215518865 0.6152634132 0.9886663491 0.5731986982 0.9093860275 0.1635525741 0.7259337764 0.3816541088 0.9269970790 0.9635570585 0.2800231794 0.9585071117 0.0715849668 0.9033796342 0.9430611698 0.6040569808 0.0637007268 0.6389166881 0.0735741018
0.2510892568 0.5284868666 0.5648381154 0.0000000000 0.7048862251 0.3090574641 0.5075463892 0.2630748563 0.3748290094 0.2666898528 0.3608623336 0.7587690990 0.6550148560 0.7529363156 0.3643348500 0.7481248863 0.5791704665 0.1585688080 0.3361956789 0.6745253241 0.0754019648 0.8854978927 0.2535069108
0.4483960603 0.4730364455 0.6215518865 0.7048862251 0.0000000000 0.0979507686 0.3719679353 0.9198310697 0.1402876805 0.7406139120 0.3020938496 0.3496648101 0.6707376575 0.2646971689 0.6616667669 0.8088418323 0.4700091990 0.0178186781 0.5636883544 0.2820070350 0.2756449240 0.4515797653 0.5546537842
0.8375905802 0.1264555287 0.6152634132 0.3090574641 0.0979507686 0.0000000000 0.4416467586 0.8347110009 0.1695230751 0.1105625038 0.7043977819 0.6548211364 0.5930573698 0.0140564038 0.4917640330 0.5016592236 0.0473815718 0.0292197888 0.7594805094 0.8412741127 0.6641667295 0.2368645580 0.7201154210
0.5450509438 0.2052590255 0.9886663491 0.5075463892 0.3719679353 0.4416467586 0.0000000000 0.2623327291 0.8737319211 0.3706632738 0.8251031646 0.2816825544 0.4166760357 0.5032816406 0.4952526338 0.8359885352 0.7434041455 0.4717009939 0.7928759393 0.1928728742 0.3897137540 0.5022107476 0.2140356335
0.1575686196 0.0402949073 0.5731986982 0.2630748563 0.9198310697 0.8347110009 0.2623327291 0.0000000000 0.9769014749 0.4175829674 0.5980894327 0.0460088092 0.4989233553 0.2925285735 0.3867822345 0.2829185745 0.6016846092 0.6323795669 0.2884219291 0.9215851878 0.7903021623 0.1070370817 0.0638293000
0.3234063825 0.8967868253 0.9093860275 0.3748290094 0.1402876805 0.1695230751 0.8737319211 0.9769014749 0.0000000000 0.5700000094 0.5030962213 0.3947692062 0.0276678270 0.6924277953 0.9964451762 0.5078152366 0.4712172845 0.4879935836 0.4667400009 0.9885505959 0.1292687021 0.3537130224 0.7131799570
0.3037027688 0.9907286398 0.1635525741 0.2666898528 0.7406139120 0.1105625038 0.3706632738 0.4175829674 0.5700000094 0.0000000000 0.4471900434 0.8469335187 0.1182752283 0.8570646112 0.6629838042 0.9546980661 0.7494902072 0.3764023646 0.0030873652 0.2438434326 0.0361633977 0.9890686292 0.2267623228
0.9057701574 0.2839043132 0.7259337764 0.3608623336 0.3020938496 0.7043977819 0.8251031646 0.5980894327 0.5030962213 0.4471900434 0.0000000000 0.8493906996 0.8242618478 0.7234116583 0.8372925648 0.7940195160 0.7475884099 0.8521175510 0.0199760531 0.4239478108 0.0347810844 0.2333105986 0.8617797973
0.3047816775 0.2198866636 0.3816541088 0.7587690990 0.3496648101 0.6548211364 0.2816825544 0.0460088092 0.3947692062 0.8469335187 0.8493906996 0.0000000000 0.4765492934 0.8973072093 0.0022785614 0.9867212220 0.0595242827 0.2072228242 0.4878768689 0.9607666405 0.3927285698 0.6588198087 0.6895799918
0.0913806005 0.8182199625 0.9269970790 0.6550148560 0.6707376575 0.5930573698 0.4166760357 0.4989233553 0.0276678270 0.1182752283 0.8242618478 0.4765492934 0.0000000000 0.8210134757 0.7663044383 0.3748845238 0.6443117387 0.8661496983 0.8025461190 0.9661435291 0.5366009335 0.4086604531 0.7739723246
0.4431182962 0.3185120192 0.9635570585 0.7529363156 0.2646971689 0.0140564038 0.5032816406 0.2925285735 0.6924277953 0.8570646112 0.7234116583 0.8973072093 0.8210134757 0.0000000000 0.3815731269 0.4612724871 0.5339782593 0.4263661358 0.4976016300 0.3347980582 0.0377501977 0.4830828941 0.2858341807
0.3043716101 0.0064915927 0.2800231794 0.3643348500 0.6616667669 0.4917640330 0.4952526338 0.3867822345 0.9964451762 0.6629838042 0.8372925648 0.0022785614 0.7663044383 0.3815731269 0.0000000000 0.5695949470 0.6196213976 0.7657147518 0.5717820832 0.7749752080 0.1004113436 0.6562403582 0.8511795924
0.4779696526 0.4286740035 0.9585071117 0.7481248863 0.8088418323 0.5016592236 0.8359885352 0.2829185745 0.5078152366 0.9546980661 0.7940195160 0.9867212220 0.3748845238 0.4612724871 0.5695949470 0.0000000000 0.9291118771 0.8992854746 0.4470767348 0.3658232259 0.1783023988 0.2585017135 0.9779898168
0.1386010912 0.3191177467 0.0715849668 0.5791704665 0.4700091990 0.0473815718 0.7434041455 0.6016846092 0.4712172845 0.7494902072 0.7475884099 0.0595242827 0.6443117387 0.5339782593 0.6196213976 0.9291118771 0.0000000000 0.6574699951 0.6629741562 0.7355377317 0.8426087378 0.1161821546 0.5442905366
0.3536781985 0.5357467090 0.9033796342 0.1585688080 0.0178186781 0.0292197888 0.4717009939 0.6323795669 0.4879935836 0.3764023646 0.8521175510 0.2072228242 0.8661496983 0.4263661358 0.7657147518 0.8992854746 0.6574699951 0.0000000000 0.2958812528 0.3623286703 0.6186084165 0.7108804230 0.9344927175
0.2788593673 0.3342498083 0.9430611698 0.3361956789 0.5636883544 0.7594805094 0.7928759393 0.2884219291 0.4667400009 0.0030873652 0.0199760531 0.4878768689 0.8025461190 0.4976016300 0.5717820832 0.4470767348 0.6629741562 0.2958812528 0.0000000000 0.4716753015 0.2120424130 0.4821276912 0.1299257393
0.3038965540 0.7828060876 0.6040569808 0.6745253241 0.2820070350 0.8412741127 0.1928728742 0.9215851878 0.9885505959 0.2438434326 0.4239478108 0.9607666405 0.9661435291 0.3347980582 0.7749752080 0.3658232259 0.7355377317 0.3623286703 0.4716753015 0.0000000000 0.6367438049 0.9417010191 0.9926217181
0.0780082020 0.4713111835 0.0637007268 0.0754019648 0.2756449240 0.6641667295 0.3897137540 0.7903021623 0.1292687021 0.0361633977 0.0347810844 0.3927285698 0.5366009335 0.0377501977 0.1004113436 0.1783023988 0.8426087378 0.6186084165 0.2120424130 0.6367438049 0.0000000000 0.5923173961 0.9371138020
0.8547528701 0.1490196141 0.6389166881 0.8854978927 0.4515797653 0.2368645580 0.5022107476 0.1070370817 0.3537130224 0.9890686292 0.2333105986 0.6588198087 0.4086604531 0.4830828941 0.6562403582 0.2585017135 0.1161821546 0.7108804230 0.4821276912 0.9417010191 0.5923173961 0.0000000000 0.3415169893
0.4051457319 0.1085102854 0.0735741018 0.2535069108 0.5546537842 0.7201154210 0.2140356335 0.0638293000 0.7131799570 0.2267623228 0.8617797973 0.6895799918 0.7739723246 0.2858341807 0.8511795924 0.9779898168 0.5442905366 0.9344927175 0.1299257393 0.9926217181 0.9371138020 0.3415169893 0.0000000000
