# Graph size: 23
# Optimal cost: 1.1393755547972217

# Distance Matrix
0.0 0.9218741279481539 0.6152704393263949 0.1594664229169016 0.2463193878636737 0.37597924292115725 0.7504533712380141 0.19910548557725305 0.06421196007444108 0.36873908742517536 0.29473244337068627 0.44502671931075355 0.5579459788171888 0.09090990684492262 0.42850677996683795 0.9677480824975013 0.3430478653449236 0.08943905568288424 0.49376394118634015 0.24242151787268906 0.39059225234506756 0.06265044932737407 0.8505572183386322
0.9218741279481539 0.0 0.8483119227553871 0.8259558660938355 0.7265367667194849 0.2333999051450515 0.4471618108440424 0.9583384124942409 0.6757732202248012 0.040224391007050664 0.04657603913155761 0.8882495030521923 0.5234186423636932 0.32346773476862956 0.4305367608559528 0.517698550375239 0.24487172957025005 0.12100954620484261 0.29638619422177825 0.2966147273387244 0.574501668189309 0.16410205060550498 0.07609066315299517
0.6152704393263949 0.8483119227553871 0.0 0.5790625708466782 0.5074737031346698 0.9300964671797477 0.6393263527789931 0.0341076764799888 0.44464209106591146 0.46968347501901786 0.07690337665963398 0.15872666601054197 0.28498426451495984 0.4315299419302927 0.5452719077655468 0.5739441296045455 0.8179018300775278 0.2316082383087299 0.7163300606733171 0.45041827707586335 0.09681493617773462 0.37017790332486944 0.7214801783870677
0.1594664229169016 0.8259558660938355 0.5790625708466782 0.0 0.10598669699015761 0.08582925622563153 0.486294468834659 0.6048566686409206 0.5452219071062153 0.7628549900779373 0.8578834205115976 0.20787487929652715 0.4698359667810367 0.03541021029657576 0.7048316404872278 0.09572744558429602 0.07881225519983714 0.2794413245688607 0.833213113681963 0.6061807274404843 0.7984318652197689 0.04684577274879009 0.8706791479315342
0.2463193878636737 0.7265367667194849 0.5074737031346698 0.10598669699015761 0.0 0.35200066456479484 0.9349005056265831 0.503983182155867 0.5862077186103203 0.540564267337845 0.12607166927778257 0.4613129455724867 0.5618207288378961 0.28768869229032723 0.38380035422922953 0.43339780285397844 0.7895416040002453 0.6974374761439129 0.46475063745634637 0.028864424701078972 0.603780472559277 0.8556390290367634 0.2850200004940975
0.37597924292115725 0.2333999051450515 0.9300964671797477 0.08582925622563153 0.35200066456479484 0.0 0.11151349906498687 0.7274970500162156 0.042080057926709546 0.1027316752902191 0.5966238538950573 0.1099069780053552 0.4048120777111073 0.23278603939801623 0.4505960604697351 0.6641597706566393 0.059736876749631684 0.12925030679974514 0.4474327759304263 0.9753318993627423 0.07961224997535055 0.7734059359220008 0.5021551611157367
0.7504533712380141 0.4471618108440424 0.6393263527789931 0.486294468834659 0.9349005056265831 0.11151349906498687 0.0 0.5422419279309634 0.11884681796703334 0.43926104804854804 0.9491052771316784 0.14100883891408544 0.483928603842687 0.07337506849273268 0.9621866846463654 0.45393875541843265 0.3040591324460298 0.7221316552182959 0.42444705517146797 0.19423936949794007 0.0825410022668096 0.6671346144602849 0.9460073492791384
0.19910548557725305 0.9583384124942409 0.0341076764799888 0.6048566686409206 0.503983182155867 0.7274970500162156 0.5422419279309634 0.0 0.5752252850403932 0.3166936499786567 0.18819133590710868 0.40219483912173726 0.12209187019067014 0.0625485161271927 0.163386584248145 0.3178378688542912 0.5049989444464207 0.2903012816761332 0.03703913529275915 0.6590322732802667 0.28411974168542287 0.6274758152619189 0.03887228473455906
0.06421196007444108 0.6757732202248012 0.44464209106591146 0.5452219071062153 0.5862077186103203 0.042080057926709546 0.11884681796703334 0.5752252850403932 0.0 0.11029090490129523 0.20047497333158382 0.6189804600018829 0.9215189211433673 0.7128389909695249 0.9207852884464611 0.9467141591922469 0.8985202726320896 0.8189200981985842 0.9502402547217711 0.14610662913905437 0.9112670824591899 0.6773286098521829 0.7639952604191994
0.36873908742517536 0.040224391007050664 0.46968347501901786 0.7628549900779373 0.540564267337845 0.1027316752902191 0.43926104804854804 0.3166936499786567 0.11029090490129523 0.0 0.23295302176312283 0.8308704286016987 0.6069862932131058 0.07637229347755203 0.31113027788700587 0.7097392390683349 0.6382323079049402 0.5661546021445426 0.6702588644862822 0.7376798477898014 0.7055973407525136 0.3070291243180183 0.1021002329017231
0.29473244337068627 0.04657603913155761 0.07690337665963398 0.8578834205115976 0.12607166927778257 0.5966238538950573 0.9491052771316784 0.18819133590710868 0.20047497333158382 0.23295302176312283 0.0 0.12862229302684114 0.9611840021676705 0.6141444542119416 0.1654568618421477 0.7666174382949187 0.5443777337776473 0.010916948670299575 0.9115681738612111 0.0735376646605359 0.19146334982528102 0.5446306345247964 0.14547236899865157
0.44502671931075355 0.8882495030521923 0.15872666601054197 0.20787487929652715 0.4613129455724867 0.1099069780053552 0.14100883891408544 0.40219483912173726 0.6189804600018829 0.8308704286016987 0.12862229302684114 0.0 0.22595284129599102 0.3978242456412786 0.7350413198991012 0.6435308425016714 0.5449428115089112 0.45575307802703047 0.02710918820500563 0.8732879277526068 0.6101464674914338 0.582503758645546 0.7371481919342233
0.5579459788171888 0.5234186423636932 0.28498426451495984 0.4698359667810367 0.5618207288378961 0.4048120777111073 0.483928603842687 0.12209187019067014 0.9215189211433673 0.6069862932131058 0.9611840021676705 0.22595284129599102 0.0 0.6690660784688574 0.40813623970908275 0.5260666012303797 0.13109464501442647 0.005172310579114714 0.6152465392524759 0.49024980236134263 0.4542613586555633 0.47831892296242196 0.9362730539260066
0.09090990684492262 0.32346773476862956 0.4315299419302927 0.03541021029657576 0.28768869229032723 0.23278603939801623 0.07337506849273268 0.0625485161271927 0.7128389909695249 0.07637229347755203 0.6141444542119416 0.3978242456412786 0.6690660784688574 0.0 0.956002276011928 0.44385798290197465 0.36183779347540157 0.2729995233579319 0.9925137586340829 0.0987221594693043 0.12649409448100368 0.3802969631721741 0.9494807215190839
0.42850677996683795 0.4305367608559528 0.5452719077655468 0.7048316404872278 0.38380035422922953 0.4505960604697351 0.9621866846463654 0.163386584248145 0.9207852884464611 0.31113027788700587 0.1654568618421477 0.7350413198991012 0.40813623970908275 0.956002276011928 0.0 0.25511983969658425 0.1361819414177361 0.5825802236935592 0.0010270962569195463 0.8231379411818919 0.8215110552941234 0.06969497650967682 0.8721211457230948
0.9677480824975013 0.517698550375239 0.5739441296045455 0.09572744558429602 0.43339780285397844 0.6641597706566393 0.45393875541843265 0.3178378688542912 0.9467141591922469 0.7097392390683349 0.7666174382949187 0.6435308425016714 0.5260666012303797 0.44385798290197465 0.25511983969658425 0.0 0.37510566608094875 0.010269955556790555 0.26884780702444033 0.21993100201776994 0.14564554648627126 0.25097792079457315 0.7979811753644378
0.3430478653449236 0.24487172957025005 0.8179018300775278 0.07881225519983714 0.7895416040002453 0.059736876749631684 0.3040591324460298 0.5049989444464207 0.8985202726320896 0.6382323079049402 0.5443777337776473 0.5449428115089112 0.13109464501442647 0.36183779347540157 0.1361819414177361 0.37510566608094875 0.0 0.5654131279988228 0.4023690547702604 0.9042142608508665 0.5460337257497381 0.37452940602277207 0.5768957901757644
0.08943905568288424 0.12100954620484261 0.2316082383087299 0.2794413245688607 0.6974374761439129 0.12925030679974514 0.7221316552182959 0.2903012816761332 0.8189200981985842 0.5661546021445426 0.010916948670299575 0.45575307802703047 0.005172310579114714 0.2729995233579319 0.5825802236935592 0.010269955556790555 0.5654131279988228 0.0 0.4961404825114346 0.4968156995879539 0.8738401036656964 0.5077891418187461 0.3296069883815773
0.49376394118634015 0.29638619422177825 0.7163300606733171 0.833213113681963 0.46475063745634637 0.4474327759304263 0.42444705517146797 0.03703913529275915 0.9502402547217711 0.6702588644862822 0.9115681738612111 0.02710918820500563 0.6152465392524759 0.9925137586340829 0.0010270962569195463 0.26884780702444033 0.4023690547702604 0.4961404825114346 0.0 0.01576838444297135 0.4518218350577571 0.6401655733796724 0.6304625894868278
0.24242151787268906 0.2966147273387244 0.45041827707586335 0.6061807274404843 0.028864424701078972 0.9753318993627423 0.19423936949794007 0.6590322732802667 0.14610662913905437 0.7376798477898014 0.0735376646605359 0.8732879277526068 0.49024980236134263 0.0987221594693043 0.8231379411818919 0.21993100201776994 0.9042142608508665 0.4968156995879539 0.01576838444297135 0.0 0.45266526694111975 0.045110665739100164 0.05114878436479309
0.39059225234506756 0.574501668189309 0.09681493617773462 0.7984318652197689 0.603780472559277 0.07961224997535055 0.0825410022668096 0.28411974168542287 0.9112670824591899 0.7055973407525136 0.19146334982528102 0.6101464674914338 0.4542613586555633 0.12649409448100368 0.8215110552941234 0.14564554648627126 0.5460337257497381 0.8738401036656964 0.4518218350577571 0.45266526694111975 0.0 0.570162232217085 0.07835205960173985
0.06265044932737407 0.16410205060550498 0.37017790332486944 0.04684577274879009 0.8556390290367634 0.7734059359220008 0.6671346144602849 0.6274758152619189 0.6773286098521829 0.3070291243180183 0.5446306345247964 0.582503758645546 0.47831892296242196 0.3802969631721741 0.06969497650967682 0.25097792079457315 0.37452940602277207 0.5077891418187461 0.6401655733796724 0.045110665739100164 0.570162232217085 0.0 0.7379724569688068
0.8505572183386322 0.07609066315299517 0.7214801783870677 0.8706791479315342 0.2850200004940975 0.5021551611157367 0.9460073492791384 0.03887228473455906 0.7639952604191994 0.1021002329017231 0.14547236899865157 0.7371481919342233 0.9362730539260066 0.9494807215190839 0.8721211457230948 0.7979811753644378 0.5768957901757644 0.3296069883815773 0.6304625894868278 0.05114878436479309 0.07835205960173985 0.7379724569688068 0.0

# Optimal Walk
0 8 5 16 3 21 19 4 18 14 11 7 2 22 20 6 13 9 1 10 15 12 17 0
