# MCW Instance
# Type: UNIFORM
# N: 23
# Optimal cost: 1.4224362200864378
# Optimal tour (permutation): [0, 10, 8, 20, 15, 4, 1, 13, 18, 5, 3, 16, 9, 22, 6, 14, 17, 21, 11, 19, 7, 12, 2, 0]
# Optimal walk (full path): [0, 10, 0, 8, 0, 20, 15, 20, 4, 1, 13, 5, 18, 5, 13, 3, 16, 9, 16, 22, 6, 14, 17, 21, 11, 19, 7, 12, 17, 2, 0]
# Walk size: 31
# Is walk (has repeats): true

# Distance Matrix
0.0000000000 0.5183916435 0.0166235514 0.1412458614 0.4935424109 0.9135837076 0.0660732183 0.9142669381 0.1571467552 0.4813652122 0.0124003875 0.9281344942 0.7257743417 0.8102064357 0.8365293409 0.3736049850 0.9243838788 0.8362203539 0.9619634971 0.2487577173 0.0617172456 0.4552913188 0.2648070689
0.5183916435 0.0000000000 0.2543688938 0.8897478983 0.1407280841 0.8069399505 0.8923354734 0.5904725083 0.9304858382 0.4701105529 0.5105872201 0.1542365098 0.8521027700 0.0993755658 0.7576525473 0.4850730957 0.8388485543 0.7262297368 0.4110197453 0.6710747604 0.4571835325 0.9349327678 0.8256622997
0.0166235514 0.2543688938 0.0000000000 0.9916049615 0.3134791263 0.4599542815 0.3125729194 0.3981970579 0.8370515370 0.6581223389 0.6018780770 0.4022763146 0.2469121141 0.5859745133 0.1710811673 0.5303801433 0.9012396727 0.0309750045 0.6262085057 0.7663407305 0.9014314011 0.9946752755 0.5121101863
0.1412458614 0.8897478983 0.9916049615 0.0000000000 0.6899330323 0.7766906498 0.8065592479 0.8978926880 0.3427806611 0.3104612445 0.2592292334 0.8344383811 0.2048505650 0.0866200204 0.8987514955 0.3131920955 0.0486573645 0.1311901874 0.8783956384 0.6688728973 0.8533362969 0.1044401761 0.5896651211
0.4935424109 0.1407280841 0.3134791263 0.6899330323 0.0000000000 0.4634946630 0.4070335636 0.8585841468 0.6214309596 0.7650562009 0.7036015396 0.8179015073 0.4661442677 0.3914880518 0.7483752938 0.5609449318 0.7915175739 0.1289197905 0.9278464280 0.1886073654 0.0267289282 0.1530578442 0.6693386613
0.9135837076 0.8069399505 0.4599542815 0.7766906498 0.4634946630 0.0000000000 0.5471704997 0.4741167685 0.8834410705 0.7193292319 0.1420585443 0.1504975009 0.2825670954 0.0028485450 0.6258728408 0.0866522971 0.1753596687 0.6914305713 0.0733839589 0.8691928784 0.5091735189 0.8033745987 0.8665104291
0.0660732183 0.8923354734 0.3125729194 0.8065592479 0.4070335636 0.5471704997 0.0000000000 0.7959308261 0.6005095453 0.3876182860 0.9039135576 0.1340386832 0.3218405431 0.1013116244 0.0226907389 0.6197052676 0.8704230060 0.7812194601 0.9737497521 0.5186515514 0.2306984067 0.4303700223 0.0277996058
0.9142669381 0.5904725083 0.3981970579 0.8978926880 0.8585841468 0.4741167685 0.7959308261 0.0000000000 0.2787877135 0.6928629441 0.8939059552 0.3054936616 0.0494559361 0.8224116708 0.3818827565 0.2231134457 0.1161176034 0.0889396543 0.9117994861 0.0242823726 0.6050075172 0.9572091568 0.6899350548
0.1571467552 0.9304858382 0.8370515370 0.3427806611 0.6214309596 0.8834410705 0.6005095453 0.2787877135 0.0000000000 0.2285505984 0.6491920121 0.6194682233 0.4281024939 0.9692935355 0.5756316986 0.7052330564 0.6012232008 0.6162182170 0.5722638160 0.2432229531 0.6911613640 0.7818734147 0.7247831071
0.4813652122 0.4701105529 0.6581223389 0.3104612445 0.7650562009 0.7193292319 0.3876182860 0.6928629441 0.2285505984 0.0000000000 0.8698627819 0.5335485837 0.7969105764 0.2747141990 0.7797451244 0.9868677171 0.0054447367 0.4435326555 0.1956704133 0.2768530730 0.7797155415 0.1920057716 0.1993599845
0.0124003875 0.5105872201 0.6018780770 0.2592292334 0.7036015396 0.1420585443 0.9039135576 0.8939059552 0.6491920121 0.8698627819 0.0000000000 0.5343047132 0.9823506853 0.8395883308 0.6086636184 0.2407023402 0.7148850606 0.5556225632 0.2130596777 0.5235438823 0.5827910073 0.3522558004 0.0864724765
0.9281344942 0.1542365098 0.4022763146 0.8344383811 0.8179015073 0.1504975009 0.1340386832 0.3054936616 0.6194682233 0.5335485837 0.5343047132 0.0000000000 0.5021231101 0.3801260762 0.3584028993 0.8849080521 0.1744992347 0.0510068218 0.8347452880 0.0061363570 0.6577007038 0.0204681572 0.6016717602
0.7257743417 0.8521027700 0.2469121141 0.2048505650 0.4661442677 0.2825670954 0.3218405431 0.0494559361 0.4281024939 0.7969105764 0.9823506853 0.5021231101 0.0000000000 0.2396237273 0.9457447978 0.5038700480 0.2952308932 0.0671472173 0.7338429695 0.2018639523 0.1405786243 0.0879975731 0.2722017150
0.8102064357 0.0993755658 0.5859745133 0.0866200204 0.3914880518 0.0028485450 0.1013116244 0.8224116708 0.9692935355 0.2747141990 0.8395883308 0.3801260762 0.2396237273 0.0000000000 0.8670340501 0.7380685768 0.1374054198 0.6591171620 0.5886788991 0.6940471629 0.5428009752 0.4606012088 0.2838014352
0.8365293409 0.7576525473 0.1710811673 0.8987514955 0.7483752938 0.6258728408 0.0226907389 0.3818827565 0.5756316986 0.7797451244 0.6086636184 0.3584028993 0.9457447978 0.8670340501 0.0000000000 0.7965790664 0.6197444228 0.0525655922 0.8052262637 0.8357430340 0.9478410164 0.6216297150 0.2818653451
0.3736049850 0.4850730957 0.5303801433 0.3131920955 0.5609449318 0.0866522971 0.6197052676 0.2231134457 0.7052330564 0.9868677171 0.2407023402 0.8849080521 0.5038700480 0.7380685768 0.7965790664 0.0000000000 0.0988020623 0.1866805734 0.3319067796 0.7915038779 0.0324658672 0.1928189719 0.7676623502
0.9243838788 0.8388485543 0.9012396727 0.0486573645 0.7915175739 0.1753596687 0.8704230060 0.1161176034 0.6012232008 0.0054447367 0.7148850606 0.1744992347 0.2952308932 0.1374054198 0.6197444228 0.0988020623 0.0000000000 0.2330807644 0.5576277362 0.9810443055 0.3955278756 0.3132888075 0.0463719630
0.8362203539 0.7262297368 0.0309750045 0.1311901874 0.1289197905 0.6914305713 0.7812194601 0.0889396543 0.6162182170 0.4435326555 0.5556225632 0.0510068218 0.0671472173 0.6591171620 0.0525655922 0.1866805734 0.2330807644 0.0000000000 0.6366482084 0.4549911596 0.8914216273 0.0267120147 0.6301487532
0.9619634971 0.4110197453 0.6262085057 0.8783956384 0.9278464280 0.0733839589 0.9737497521 0.9117994861 0.5722638160 0.1956704133 0.2130596777 0.8347452880 0.7338429695 0.5886788991 0.8052262637 0.3319067796 0.5576277362 0.6366482084 0.0000000000 0.3821750251 0.5367461007 0.2674336865 0.1118877464
0.2487577173 0.6710747604 0.7663407305 0.6688728973 0.1886073654 0.8691928784 0.5186515514 0.0242823726 0.2432229531 0.2768530730 0.5235438823 0.0061363570 0.2018639523 0.6940471629 0.8357430340 0.7915038779 0.9810443055 0.4549911596 0.3821750251 0.0000000000 0.5994538972 0.0442802229 0.0135817527
0.0617172456 0.4571835325 0.9014314011 0.8533362969 0.0267289282 0.5091735189 0.2306984067 0.6050075172 0.6911613640 0.7797155415 0.5827910073 0.6577007038 0.1405786243 0.5428009752 0.9478410164 0.0324658672 0.3955278756 0.8914216273 0.5367461007 0.5994538972 0.0000000000 0.6711524787 0.2622476189
0.4552913188 0.9349327678 0.9946752755 0.1044401761 0.1530578442 0.8033745987 0.4303700223 0.9572091568 0.7818734147 0.1920057716 0.3522558004 0.0204681572 0.0879975731 0.4606012088 0.6216297150 0.1928189719 0.3132888075 0.0267120147 0.2674336865 0.0442802229 0.6711524787 0.0000000000 0.8277080818
0.2648070689 0.8256622997 0.5121101863 0.5896651211 0.6693386613 0.8665104291 0.0277996058 0.6899350548 0.7247831071 0.1993599845 0.0864724765 0.6016717602 0.2722017150 0.2838014352 0.2818653451 0.7676623502 0.0463719630 0.6301487532 0.1118877464 0.0135817527 0.2622476189 0.8277080818 0.0000000000
