# MCW Instance
# Type: UNIFORM
# N: 23
# Optimal cost: 2.0968938916367983
# Optimal tour (permutation): [0, 20, 11, 9, 12, 14, 4, 17, 2, 16, 3, 10, 1, 19, 22, 13, 18, 5, 21, 15, 7, 6, 8, 0]
# Optimal walk (full path): [0, 20, 0, 8, 11, 9, 12, 14, 4, 14, 17, 2, 3, 16, 3, 19, 1, 10, 1, 19, 22, 13, 18, 5, 21, 15, 7, 6, 8, 0]
# Walk size: 30
# Is walk (has repeats): true

# Distance Matrix
0.0000000000 0.8165743886 0.9088582603 0.4240628260 0.2461929025 0.4007521709 0.4991241324 0.6367535611 0.0022569056 0.8800606329 0.6989023839 0.9706130658 0.4576321367 0.8538353610 0.7840622664 0.7257439732 0.7556630055 0.8840092021 0.4205086491 0.8248782285 0.0088896793 0.9605851496 0.8371374672
0.8165743886 0.0000000000 0.9273986316 0.8540307371 0.7180106837 0.1505487053 0.9764058205 0.0729228709 0.4271417731 0.6369569076 0.0282263605 0.9190968270 0.5072123305 0.8180296149 0.1991092797 0.7515820312 0.8032005431 0.3299221420 0.8304599813 0.0706977001 0.1562108684 0.6785666811 0.5218118172
0.9088582603 0.9273986316 0.0000000000 0.0750010136 0.8579663246 0.1493126807 0.5098376320 0.4142277149 0.4252329180 0.3353043477 0.9820544256 0.8999747001 0.7559740090 0.9765204699 0.3054765627 0.5540373284 0.1362594166 0.0601907693 0.8233242819 0.5237294930 0.7554306922 0.4233415106 0.8269953003
0.4240628260 0.8540307371 0.0750010136 0.0000000000 0.0741774332 0.3567498502 0.4195130673 0.5458599391 0.0794930717 0.4017363896 0.5642307475 0.5140406609 0.1778962361 0.6586231792 0.4575986537 0.4711892431 0.0302697469 0.4388389305 0.6974268244 0.0333758540 0.9272946450 0.8001510827 0.9425895250
0.2461929025 0.7180106837 0.8579663246 0.0741774332 0.0000000000 0.7305564808 0.3272277016 0.9110797671 0.7638524891 0.6486857771 0.7745467935 0.4284201591 0.4281956631 0.8373950472 0.0491042067 0.1781866456 0.3026972061 0.8482558845 0.3260916481 0.6500192948 0.1353333787 0.2540016076 0.5890352121
0.4007521709 0.1505487053 0.1493126807 0.3567498502 0.7305564808 0.0000000000 0.8160695404 0.0725881841 0.7656808437 0.5312020508 0.5676082074 0.9075555151 0.6125682136 0.7052154080 0.6260761031 0.7172559684 0.1787592937 0.7363375091 0.1300237251 0.7441790759 0.5007286560 0.0017952842 0.2253627975
0.4991241324 0.9764058205 0.5098376320 0.4195130673 0.3272277016 0.8160695404 0.0000000000 0.1046010348 0.1217307028 0.2966868384 0.8935799044 0.6650171682 0.9717752208 0.6564210811 0.9410379195 0.2180672599 0.3960109927 0.6863071707 0.5422181983 0.9106209087 0.1897019616 0.4608241085 0.9807330223
0.6367535611 0.0729228709 0.4142277149 0.5458599391 0.9110797671 0.0725881841 0.1046010348 0.0000000000 0.7292291443 0.5145827515 0.2982651740 0.2641639491 0.7319380436 0.8692310196 0.4908657046 0.1022587032 0.6304982381 0.8651965933 0.3761871222 0.3327455728 0.2732942478 0.4209780949 0.9724438575
0.0022569056 0.4271417731 0.4252329180 0.0794930717 0.7638524891 0.7656808437 0.1217307028 0.7292291443 0.0000000000 0.2550010522 0.5568558477 0.1275398513 0.7686238920 0.4890325103 0.3026034011 0.9619132982 0.1596681128 0.9157151902 0.6755175687 0.2295285888 0.4476370719 0.9739482736 0.7927131875
0.8800606329 0.6369569076 0.3353043477 0.4017363896 0.6486857771 0.5312020508 0.2966868384 0.5145827515 0.2550010522 0.0000000000 0.6012736261 0.2917085420 0.0913720867 0.2724363297 0.3778796129 0.9830125787 0.3075149369 0.6077920834 0.6620834002 0.9447255226 0.2117145224 0.4145501404 0.9481185136
0.6989023839 0.0282263605 0.9820544256 0.5642307475 0.7745467935 0.5676082074 0.8935799044 0.2982651740 0.5568558477 0.6012736261 0.0000000000 0.4135079753 0.1628851431 0.7986642512 0.7484388779 0.3452861423 0.3841792611 0.3166804903 0.2691797806 0.2065396705 0.9328178468 0.2609983251 0.8187132326
0.9706130658 0.9190968270 0.8999747001 0.5140406609 0.4284201591 0.9075555151 0.6650171682 0.2641639491 0.1275398513 0.2917085420 0.4135079753 0.0000000000 0.4616737473 0.7338407074 0.2919881060 0.5877556817 0.2477163628 0.8362545115 0.7602565212 0.6748381626 0.9394968556 0.8010331953 0.4148920065
0.4576321367 0.5072123305 0.7559740090 0.1778962361 0.4281956631 0.6125682136 0.9717752208 0.7319380436 0.7686238920 0.0913720867 0.1628851431 0.4616737473 0.0000000000 0.7475498889 0.0516248735 0.6626512176 0.5773100953 0.5278185737 0.1980035618 0.2193074606 0.2753581086 0.3685919182 0.6352747541
0.8538353610 0.8180296149 0.9765204699 0.6586231792 0.8373950472 0.7052154080 0.6564210811 0.8692310196 0.4890325103 0.2724363297 0.7986642512 0.7338407074 0.7475498889 0.0000000000 0.5017236580 0.2786278449 0.5496361248 0.2535077662 0.1463779735 0.4534638220 0.5617692261 0.7456077599 0.0562609014
0.7840622664 0.1991092797 0.3054765627 0.4575986537 0.0491042067 0.6260761031 0.9410379195 0.4908657046 0.3026034011 0.3778796129 0.7484388779 0.2919881060 0.0516248735 0.5017236580 0.0000000000 0.3649433396 0.5716985199 0.0863335089 0.1707172124 0.5931446855 0.4637325428 0.3824785375 0.3856642249
0.7257439732 0.7515820312 0.5540373284 0.4711892431 0.1781866456 0.7172559684 0.2180672599 0.1022587032 0.9619132982 0.9830125787 0.3452861423 0.5877556817 0.6626512176 0.2786278449 0.3649433396 0.0000000000 0.8023075108 0.3399902715 0.6176836182 0.6664532195 0.2040295643 0.1273311006 0.8085127459
0.7556630055 0.8032005431 0.1362594166 0.0302697469 0.3026972061 0.1787592937 0.3960109927 0.6304982381 0.1596681128 0.3075149369 0.3841792611 0.2477163628 0.5773100953 0.5496361248 0.5716985199 0.8023075108 0.0000000000 0.1778673930 0.6894327708 0.9870813319 0.6128388109 0.8192264539 0.5702701407
0.8840092021 0.3299221420 0.0601907693 0.4388389305 0.8482558845 0.7363375091 0.6863071707 0.8651965933 0.9157151902 0.6077920834 0.3166804903 0.8362545115 0.5278185737 0.2535077662 0.0863335089 0.3399902715 0.1778673930 0.0000000000 0.5527338816 0.4872489053 0.8972942756 0.5652348945 0.6311500109
0.4205086491 0.8304599813 0.8233242819 0.6974268244 0.3260916481 0.1300237251 0.5422181983 0.3761871222 0.6755175687 0.6620834002 0.2691797806 0.7602565212 0.1980035618 0.1463779735 0.1707172124 0.6176836182 0.6894327708 0.5527338816 0.0000000000 0.0770938619 0.7956625868 0.3952716276 0.8943931462
0.8248782285 0.0706977001 0.5237294930 0.0333758540 0.6500192948 0.7441790759 0.9106209087 0.3327455728 0.2295285888 0.9447255226 0.2065396705 0.6748381626 0.2193074606 0.4534638220 0.5931446855 0.6664532195 0.9870813319 0.4872489053 0.0770938619 0.0000000000 0.6409701427 0.4065107108 0.1104787686
0.0088896793 0.1562108684 0.7554306922 0.9272946450 0.1353333787 0.5007286560 0.1897019616 0.2732942478 0.4476370719 0.2117145224 0.9328178468 0.9394968556 0.2753581086 0.5617692261 0.4637325428 0.2040295643 0.6128388109 0.8972942756 0.7956625868 0.6409701427 0.0000000000 0.2621763018 0.9608365447
0.9605851496 0.6785666811 0.4233415106 0.8001510827 0.2540016076 0.0017952842 0.4608241085 0.4209780949 0.9739482736 0.4145501404 0.2609983251 0.8010331953 0.3685919182 0.7456077599 0.3824785375 0.1273311006 0.8192264539 0.5652348945 0.3952716276 0.4065107108 0.2621763018 0.0000000000 0.7791171583
0.8371374672 0.5218118172 0.8269953003 0.9425895250 0.5890352121 0.2253627975 0.9807330223 0.9724438575 0.7927131875 0.9481185136 0.8187132326 0.4148920065 0.6352747541 0.0562609014 0.3856642249 0.8085127459 0.5702701407 0.6311500109 0.8943931462 0.1104787686 0.9608365447 0.7791171583 0.0000000000
