# Graph size: 23
# Optimal cost: 0.9886010128928645

# Distance Matrix
0.0 0.5609390225322105 0.37897619234592483 0.9490733473823274 0.7401118479145556 0.02674984493990129 0.12160261321219212 0.02459439045662648 0.3948802281534126 0.7280301020774287 0.7027466953400103 0.41472169141250126 0.9417148142627326 0.5947241563238856 0.045824576030659814 0.02764846234573959 0.6135940747635671 0.03711893695921897 0.41192441234517285 0.25132256698656397 0.5080974940989934 0.05488641632189317 0.68539793277663
0.5609390225322105 0.0 0.2426461764984591 0.9918941300409279 0.3866849348533148 0.7486940456088436 0.046556148387774665 0.7373351347124741 0.2167070642642337 0.12029311297419709 0.8782674651117768 0.5889346497230121 0.5336639850836459 0.3352645594022008 0.4966889790453135 0.40381240902043924 0.09804698272486045 0.3848843930205197 0.9729970864252631 0.9877109082722217 0.11510909199576791 0.8999139451073076 0.31557907785949224
0.37897619234592483 0.2426461764984591 0.0 0.2569883983595105 0.1338606270169027 0.6615542207060439 0.35103547079440445 0.7970286021911439 0.3964748384656861 0.45475505226298685 0.9806561629128828 0.058796897057826425 0.8478506368572439 0.24047212222729308 0.43276249497400854 0.5378114942091807 0.28168147255572895 0.11662877823564799 0.4135334011832418 0.4135880455383172 0.6472305669900543 0.561953942328703 0.12241094526748864
0.9490733473823274 0.9918941300409279 0.2569883983595105 0.0 0.2926537763399163 0.3701150101008631 0.012531166226310675 0.9429064558494626 0.8945179878819838 0.6507515130171231 0.9078081554119065 0.24560558455693626 0.7475233206095344 0.09571976463529352 0.9609802646957873 0.1473966942918511 0.22029227002872565 0.7101493958847696 0.5580749609960439 0.2594241889890214 0.5045219750807289 0.2333393025619691 0.8707292308640444
0.7401118479145556 0.3866849348533148 0.1338606270169027 0.2926537763399163 0.0 0.4259941868169259 0.4861695925882187 0.03516879303388787 0.479564908818084 0.2076369387182091 0.7946094092485462 0.30746218282077464 0.04823194114763463 0.3937573219551337 0.70313219323193 0.08231964007864967 0.8626029979247287 0.14378011870039586 0.9691963162553142 0.6885287844318319 0.8552671814092893 0.4504248993296822 0.14912872013013467
0.02674984493990129 0.7486940456088436 0.6615542207060439 0.3701150101008631 0.4259941868169259 0.0 0.617523190209318 0.07238462996644002 0.494720580993682 0.39951378147490324 0.4119553502016928 0.40812783634575633 0.11959701185481753 0.28629634079159616 0.11280332421669881 0.8313495771119968 0.08736728963783325 0.6626646323640505 0.0050317064310420045 0.25978130735016247 0.006141107252972011 0.2480680148250014 0.8871795163772987
0.12160261321219212 0.046556148387774665 0.35103547079440445 0.012531166226310675 0.4861695925882187 0.617523190209318 0.0 0.6989803075412185 0.8111859450837282 0.14326309484325805 0.8568485261413673 0.256407287602345 0.4694794437915619 0.15007123539555833 0.6519177651635494 0.16543091089065054 0.13917318060770278 0.42956927891015106 0.9164109309353452 0.00971929508678393 0.36041402475505546 0.7287246074800993 0.3702956077536548
0.02459439045662648 0.7373351347124741 0.7970286021911439 0.9429064558494626 0.03516879303388787 0.07238462996644002 0.6989803075412185 0.0 0.9253927356418469 0.9799464394407945 0.13302439406471211 0.7540940531392394 0.6764761146433214 0.4191453830152846 0.06143836652842494 0.5920375645583238 0.14860319689388568 0.583605794079799 0.01009309058940877 0.27159742039728385 0.9865894528927531 0.18214165039290697 0.3723251385790053
0.3948802281534126 0.2167070642642337 0.3964748384656861 0.8945179878819838 0.479564908818084 0.494720580993682 0.8111859450837282 0.9253927356418469 0.0 0.6725773637069428 0.8134038292568488 0.4740240474781422 0.5153192966502075 0.5955539706308643 0.7112340092965403 0.4955137392806104 0.17732732110825422 0.5373028372250344 0.419753961351514 0.6302212956270931 0.1645015672818816 0.9399501050470537 0.012366274643309527
0.7280301020774287 0.12029311297419709 0.45475505226298685 0.6507515130171231 0.2076369387182091 0.39951378147490324 0.14326309484325805 0.9799464394407945 0.6725773637069428 0.0 0.9825532425843181 0.27266705038536876 0.9009402486274902 0.6481061984107003 0.38948019436777104 0.33689436737766754 0.4725130713970527 0.36505820806732425 0.06308914022330803 0.32052529107413974 0.10223374249374706 0.7805498883018381 0.7948582068020227
0.7027466953400103 0.8782674651117768 0.9806561629128828 0.9078081554119065 0.7946094092485462 0.4119553502016928 0.8568485261413673 0.13302439406471211 0.8134038292568488 0.9825532425843181 0.0 0.3953414612088745 0.4702218840034157 0.9940521858479822 0.3723197170798307 0.035856155414758284 0.9640767875081035 0.9506290182365288 0.35975302198855785 0.2532477039346268 0.29909799080022836 0.01594332094145623 0.6767756092757816
0.41472169141250126 0.5889346497230121 0.058796897057826425 0.24560558455693626 0.30746218282077464 0.40812783634575633 0.256407287602345 0.7540940531392394 0.4740240474781422 0.27266705038536876 0.3953414612088745 0.0 0.22824266735205956 0.3392512066737997 0.538240650431435 0.4721775628534488 0.76729544488025 0.0034320056638221796 0.7283955390429561 0.6350706891408197 0.20270041421935248 0.2519305693265067 0.27602006831478787
0.9417148142627326 0.5336639850836459 0.8478506368572439 0.7475233206095344 0.04823194114763463 0.11959701185481753 0.4694794437915619 0.6764761146433214 0.5153192966502075 0.9009402486274902 0.4702218840034157 0.22824266735205956 0.0 0.9114006324403543 0.5848117858904158 0.5396027237287766 0.737797532482467 0.0010965641884558286 0.2733349958704744 0.7951039335366235 0.8836191960282684 0.19960951957202167 0.324693060997746
0.5947241563238856 0.3352645594022008 0.24047212222729308 0.09571976463529352 0.3937573219551337 0.28629634079159616 0.15007123539555833 0.4191453830152846 0.5955539706308643 0.6481061984107003 0.9940521858479822 0.3392512066737997 0.9114006324403543 0.0 0.9396446113069218 0.8667649554007019 0.11731743771740555 0.3937599895407019 0.1940762590406091 0.2962840828389367 0.7612509036210736 0.22079259444848098 0.9397202190720918
0.045824576030659814 0.4966889790453135 0.43276249497400854 0.9609802646957873 0.70313219323193 0.11280332421669881 0.6519177651635494 0.06143836652842494 0.7112340092965403 0.38948019436777104 0.3723197170798307 0.538240650431435 0.5848117858904158 0.9396446113069218 0.0 0.03289498895870424 0.7958210243983439 0.15818115406464006 0.6962016953575856 0.8041381865743231 0.11270613359247283 0.6066780958753287 0.8586535089626659
0.02764846234573959 0.40381240902043924 0.5378114942091807 0.1473966942918511 0.08231964007864967 0.8313495771119968 0.16543091089065054 0.5920375645583238 0.4955137392806104 0.33689436737766754 0.035856155414758284 0.4721775628534488 0.5396027237287766 0.8667649554007019 0.03289498895870424 0.0 0.5401797368853861 0.9347823057162593 0.6770535693799807 0.19700604287969836 0.6685772998494164 0.5549573180732189 0.8706650104294199
0.6135940747635671 0.09804698272486045 0.28168147255572895 0.22029227002872565 0.8626029979247287 0.08736728963783325 0.13917318060770278 0.14860319689388568 0.17732732110825422 0.4725130713970527 0.9640767875081035 0.76729544488025 0.737797532482467 0.11731743771740555 0.7958210243983439 0.5401797368853861 0.0 0.7616804466070979 0.47448439385192276 0.467996034695381 0.08121772551789508 0.7628547331535005 0.03218269673647178
0.03711893695921897 0.3848843930205197 0.11662877823564799 0.7101493958847696 0.14378011870039586 0.6626646323640505 0.42956927891015106 0.583605794079799 0.5373028372250344 0.36505820806732425 0.9506290182365288 0.0034320056638221796 0.0010965641884558286 0.3937599895407019 0.15818115406464006 0.9347823057162593 0.7616804466070979 0.0 0.09190033850457391 0.7600319218911684 0.1945733042098895 0.1444967140325133 0.4951342904891397
0.41192441234517285 0.9729970864252631 0.4135334011832418 0.5580749609960439 0.9691963162553142 0.0050317064310420045 0.9164109309353452 0.01009309058940877 0.419753961351514 0.06308914022330803 0.35975302198855785 0.7283955390429561 0.2733349958704744 0.1940762590406091 0.6962016953575856 0.6770535693799807 0.47448439385192276 0.09190033850457391 0.0 0.658420877029341 0.46032224616123674 0.1885583958004382 0.5469611105736604
0.25132256698656397 0.9877109082722217 0.4135880455383172 0.2594241889890214 0.6885287844318319 0.25978130735016247 0.00971929508678393 0.27159742039728385 0.6302212956270931 0.32052529107413974 0.2532477039346268 0.6350706891408197 0.7951039335366235 0.2962840828389367 0.8041381865743231 0.19700604287969836 0.467996034695381 0.7600319218911684 0.658420877029341 0.0 0.1633243638248616 0.023294481810824386 0.7595539384072685
0.5080974940989934 0.11510909199576791 0.6472305669900543 0.5045219750807289 0.8552671814092893 0.006141107252972011 0.36041402475505546 0.9865894528927531 0.1645015672818816 0.10223374249374706 0.29909799080022836 0.20270041421935248 0.8836191960282684 0.7612509036210736 0.11270613359247283 0.6685772998494164 0.08121772551789508 0.1945733042098895 0.46032224616123674 0.1633243638248616 0.0 0.6903854914510354 0.8761298037079205
0.05488641632189317 0.8999139451073076 0.561953942328703 0.2333393025619691 0.4504248993296822 0.2480680148250014 0.7287246074800993 0.18214165039290697 0.9399501050470537 0.7805498883018381 0.01594332094145623 0.2519305693265067 0.19960951957202167 0.22079259444848098 0.6066780958753287 0.5549573180732189 0.7628547331535005 0.1444967140325133 0.1885583958004382 0.023294481810824386 0.6903854914510354 0.0 0.15241967589774297
0.68539793277663 0.31557907785949224 0.12241094526748864 0.8707292308640444 0.14912872013013467 0.8871795163772987 0.3702956077536548 0.3723251385790053 0.012366274643309527 0.7948582068020227 0.6767756092757816 0.27602006831478787 0.324693060997746 0.9397202190720918 0.8586535089626659 0.8706650104294199 0.03218269673647178 0.4951342904891397 0.5469611105736604 0.7595539384072685 0.8761298037079205 0.15241967589774297 0.0

# Optimal Walk
0 14 15 10 21 19 6 1 3 13 16 22 8 2 11 17 12 4 7 18 9 20 5 0
