# Graph size: 23
# Optimal cost: 1.602171783049451

# Distance Matrix
0.0 0.8139140797127786 0.012430919376994032 0.12113819314555652 0.018062806060388903 0.0454133289156865 0.47137159501318615 0.7621910866734948 0.013956240694112054 0.3828554817899238 0.9578778996922932 0.8427655195643693 0.39367878247009713 0.6057626898399201 0.271152002962742 0.593304690201736 0.7029977202330356 0.44975994326230184 0.23042742982003783 0.24301078410160504 0.7802297288911234 0.25359430133711625 0.6685775791434867
0.8139140797127786 0.0 0.1740097488219675 0.2923532385162406 0.8860164753294777 0.25903044526089125 0.8368386779241107 0.19684950548355207 0.7399088268584224 0.5544383463307032 0.992472517092742 0.4300844152709049 0.4570203771109548 0.09308984849952784 0.4877072867127762 0.9912064702238681 0.7038961656450187 0.9378406582077871 0.6935691601992566 0.9899512534910672 0.7580643279634528 0.5523792335372452 0.9405202961079328
0.012430919376994032 0.1740097488219675 0.0 0.1574060514236466 0.883271381592386 0.49093164145233914 0.769583398825641 0.7807026600992091 0.47353278193426707 0.9800497148571465 0.5851092165795543 0.01577071379779227 0.7279916379727104 0.10491514283900139 0.3427621626244717 0.056697394266123635 0.1820559332682007 0.9776315474375628 0.23540137975572595 0.6959037187819598 0.7650108781821364 0.9612654898577349 0.9498853116534263
0.12113819314555652 0.2923532385162406 0.1574060514236466 0.0 0.3962621067216695 0.18027904877369028 0.7509365278000872 0.9594304752470896 0.1144427556985359 0.31172844506190944 0.8720452131587558 0.4890057272928561 0.7641922132423076 0.04790426298006312 0.9457675721352502 0.2453453874513094 0.3889097029097839 0.3857876115503154 0.8932329424652825 0.7385161672903133 0.8248022283951165 0.9266601476038061 0.10234169246020519
0.018062806060388903 0.8860164753294777 0.883271381592386 0.3962621067216695 0.0 0.038574034320043804 0.8790629606359794 0.9088806100952311 0.4649680489484026 0.10869905978594585 0.8219314740875393 0.7358560543982376 0.10733258058693695 0.4352980197265296 0.2971584283126244 0.552216185738258 0.5826177316151505 0.5359152360840215 0.5923118709589413 0.7971770718956858 0.27243901340478616 0.06739480886684568 0.5785253669988908
0.0454133289156865 0.25903044526089125 0.49093164145233914 0.18027904877369028 0.038574034320043804 0.0 0.8213059399252861 0.7525733665732668 0.6795882911145554 0.5287035707010413 0.5913759022125664 0.9183855053226344 0.46400326068470443 0.45386352518518713 0.22772594443987737 0.7366818986801139 0.8321406086032084 0.5592050851892316 0.61951802741769 0.5932612202088707 0.9248689659825162 0.9146676269509658 0.645509587040512
0.47137159501318615 0.8368386779241107 0.769583398825641 0.7509365278000872 0.8790629606359794 0.8213059399252861 0.0 0.3392189826805122 0.20203706189059278 0.45914375246823347 0.5914364492824457 0.3041036208285469 0.690625724397476 0.013185682777052454 0.1998279568347312 0.7403095862857452 0.48009322463127846 0.061953247628171004 0.41405187272429245 0.3906328755664227 0.44516919912348485 0.6883170804025841 0.28561421525896014
0.7621910866734948 0.19684950548355207 0.7807026600992091 0.9594304752470896 0.9088806100952311 0.7525733665732668 0.3392189826805122 0.0 0.12970282935372224 0.8492036329270581 0.18544407547205577 0.7022150861487869 0.9200435376882115 0.43527919431636286 0.558856997987223 0.5637879999267246 0.6448070174917092 0.8476469703776673 0.3398733283276706 0.7847275952660864 0.7317594796758259 0.7426466015137487 0.8754932087274421
0.013956240694112054 0.7399088268584224 0.47353278193426707 0.1144427556985359 0.4649680489484026 0.6795882911145554 0.20203706189059278 0.12970282935372224 0.0 0.03273612094952627 0.8668910854480684 0.7461240677808066 0.5342200407856186 0.42819652597968183 0.5110584861302228 0.49346149726004407 0.07296149881258307 0.5227059620715445 0.37935887800099766 0.34868501526995466 0.7470724619694264 0.7513804415191669 0.5204728081526137
0.3828554817899238 0.5544383463307032 0.9800497148571465 0.31172844506190944 0.10869905978594585 0.5287035707010413 0.45914375246823347 0.8492036329270581 0.03273612094952627 0.0 0.040718445718378904 0.6137662372560628 0.21076767485907277 0.1420025358647743 0.37770177781072023 0.878533226942182 0.05268200745840801 0.8678717027180306 0.40439543630589236 0.06487185010084728 0.004001451625986752 0.6851408406267845 0.853042440480869
0.9578778996922932 0.992472517092742 0.5851092165795543 0.8720452131587558 0.8219314740875393 0.5913759022125664 0.5914364492824457 0.18544407547205577 0.8668910854480684 0.040718445718378904 0.0 0.24954890431778742 0.5234439635264087 0.44013253562349397 0.5046624728814018 0.598772043008377 0.8885661366995089 0.37754937483171536 0.12560328819025612 0.9650702220562709 0.06970449231442666 0.8813062852602581 0.973276296675818
0.8427655195643693 0.4300844152709049 0.01577071379779227 0.4890057272928561 0.7358560543982376 0.9183855053226344 0.3041036208285469 0.7022150861487869 0.7461240677808066 0.6137662372560628 0.24954890431778742 0.0 0.3603424427736758 0.5923055734662735 0.2720882990721246 0.4753551517396065 0.7074489344211811 0.7150684214348929 0.2441841077487681 0.5783173116484455 0.3908833304124705 0.15854856682334584 0.282934058309379
0.39367878247009713 0.4570203771109548 0.7279916379727104 0.7641922132423076 0.10733258058693695 0.46400326068470443 0.690625724397476 0.9200435376882115 0.5342200407856186 0.21076767485907277 0.5234439635264087 0.3603424427736758 0.0 0.4340601429179869 0.776477892848826 0.3073502225758217 0.19417104655496265 0.5474252019101045 0.050758590848474006 0.2787591341456833 0.6983215270893368 0.24281499447107402 0.44248033586144453
0.6057626898399201 0.09308984849952784 0.10491514283900139 0.04790426298006312 0.4352980197265296 0.45386352518518713 0.013185682777052454 0.43527919431636286 0.42819652597968183 0.1420025358647743 0.44013253562349397 0.5923055734662735 0.4340601429179869 0.0 0.5016454898754219 0.8943728840248837 0.3246891236316988 0.13203696325078962 0.48169302125224 0.2827024811936698 0.10457731390457903 0.9288547894107189 0.24248652578446983
0.271152002962742 0.4877072867127762 0.3427621626244717 0.9457675721352502 0.2971584283126244 0.22772594443987737 0.1998279568347312 0.558856997987223 0.5110584861302228 0.37770177781072023 0.5046624728814018 0.2720882990721246 0.776477892848826 0.5016454898754219 0.0 0.9508029108602234 0.5463491026401996 0.10254212683152064 0.5267168510083964 0.47222691284177964 0.1418310936148004 0.5904818535540368 0.21773909682076564
0.593304690201736 0.9912064702238681 0.056697394266123635 0.2453453874513094 0.552216185738258 0.7366818986801139 0.7403095862857452 0.5637879999267246 0.49346149726004407 0.878533226942182 0.598772043008377 0.4753551517396065 0.3073502225758217 0.8943728840248837 0.9508029108602234 0.0 0.0466143949049308 0.2704645871758917 0.17271763909832138 0.5989460673114311 0.4174533675568498 0.21954752554034596 0.10439888687030308
0.7029977202330356 0.7038961656450187 0.1820559332682007 0.3889097029097839 0.5826177316151505 0.8321406086032084 0.48009322463127846 0.6448070174917092 0.07296149881258307 0.05268200745840801 0.8885661366995089 0.7074489344211811 0.19417104655496265 0.3246891236316988 0.5463491026401996 0.0466143949049308 0.0 0.006895771316395516 0.14426523469286678 0.7457067199576285 0.12671310490977872 0.15385807934962048 0.877194469633698
0.44975994326230184 0.9378406582077871 0.9776315474375628 0.3857876115503154 0.5359152360840215 0.5592050851892316 0.061953247628171004 0.8476469703776673 0.5227059620715445 0.8678717027180306 0.37754937483171536 0.7150684214348929 0.5474252019101045 0.13203696325078962 0.10254212683152064 0.2704645871758917 0.006895771316395516 0.0 0.043597544783384734 0.7391491401891885 0.8964226854952847 0.3845210485132069 0.2544301076665889
0.23042742982003783 0.6935691601992566 0.23540137975572595 0.8932329424652825 0.5923118709589413 0.61951802741769 0.41405187272429245 0.3398733283276706 0.37935887800099766 0.40439543630589236 0.12560328819025612 0.2441841077487681 0.050758590848474006 0.48169302125224 0.5267168510083964 0.17271763909832138 0.14426523469286678 0.043597544783384734 0.0 0.10909777959287492 0.5090365528148454 0.2174040154876461 0.1947721727462065
0.24301078410160504 0.9899512534910672 0.6959037187819598 0.7385161672903133 0.7971770718956858 0.5932612202088707 0.3906328755664227 0.7847275952660864 0.34868501526995466 0.06487185010084728 0.9650702220562709 0.5783173116484455 0.2787591341456833 0.2827024811936698 0.47222691284177964 0.5989460673114311 0.7457067199576285 0.7391491401891885 0.10909777959287492 0.0 0.019211477700488366 0.5848157534787918 0.06120270015584073
0.7802297288911234 0.7580643279634528 0.7650108781821364 0.8248022283951165 0.27243901340478616 0.9248689659825162 0.44516919912348485 0.7317594796758259 0.7470724619694264 0.004001451625986752 0.06970449231442666 0.3908833304124705 0.6983215270893368 0.10457731390457903 0.1418310936148004 0.4174533675568498 0.12671310490977872 0.8964226854952847 0.5090365528148454 0.019211477700488366 0.0 0.8151809425679255 0.8086078578105521
0.25359430133711625 0.5523792335372452 0.9612654898577349 0.9266601476038061 0.06739480886684568 0.9146676269509658 0.6883170804025841 0.7426466015137487 0.7513804415191669 0.6851408406267845 0.8813062852602581 0.15854856682334584 0.24281499447107402 0.9288547894107189 0.5904818535540368 0.21954752554034596 0.15385807934962048 0.3845210485132069 0.2174040154876461 0.5848157534787918 0.8151809425679255 0.0 0.5307035584330939
0.6685775791434867 0.9405202961079328 0.9498853116534263 0.10234169246020519 0.5785253669988908 0.645509587040512 0.28561421525896014 0.8754932087274421 0.5204728081526137 0.853042440480869 0.973276296675818 0.282934058309379 0.44248033586144453 0.24248652578446983 0.21773909682076564 0.10439888687030308 0.877194469633698 0.2544301076665889 0.1947721727462065 0.06120270015584073 0.8086078578105521 0.5307035584330939 0.0

# Optimal Walk
0 5 21 4 8 7 1 13 6 3 22 19 20 9 10 18 12 14 17 16 15 11 2 0
