# MCW Instance
# Type: UNIFORM
# N: 23
# Optimal cost: 2.298402561840295
# Optimal tour (permutation): [0, 18, 11, 5, 2, 19, 3, 22, 21, 4, 6, 7, 9, 15, 14, 8, 13, 12, 16, 17, 1, 10, 20, 0]
# Optimal walk (full path): [0, 11, 18, 11, 5, 2, 19, 3, 22, 21, 22, 4, 6, 7, 9, 15, 14, 8, 14, 13, 12, 16, 1, 17, 1, 10, 20, 0]
# Walk size: 28
# Is walk (has repeats): true

# Distance Matrix
0.0000000000 0.4418494513 0.7390620501 0.6262991481 0.4642189850 0.9315450759 0.7940854250 0.5355306633 0.4784552639 0.2040704657 0.2055520801 0.0743736644 0.7920462951 0.5099907727 0.8093003944 0.3469505983 0.3255278951 0.3938273514 0.4654367240 0.3717846967 0.1021825443 0.8040115366 0.7723703869
0.4418494513 0.0000000000 0.1727454755 0.3053290811 0.9572489354 0.2854809190 0.7142640831 0.3145026589 0.9458505902 0.7419123036 0.1659561928 0.6131339825 0.8900631543 0.7080292521 0.5608920990 0.7660000500 0.0321572264 0.0123586893 0.7721052848 0.5016336557 0.5450093911 0.3043789865 0.8735315610
0.7390620501 0.1727454755 0.0000000000 0.3030421284 0.9851403272 0.0883087330 0.3744234911 0.8095003599 0.2586473955 0.6210854538 0.5203856525 0.7628470971 0.6881971579 0.1350143680 0.8395278311 0.1936273894 0.2702197387 0.9481055851 0.3788355162 0.0355883141 0.4936732966 0.1589079729 0.6237076457
0.6262991481 0.3053290811 0.3030421284 0.0000000000 0.3814493018 0.1552236100 0.7876862835 0.9227138587 0.1485319842 0.4504104068 0.4220778459 0.3499748260 0.0097490262 0.2463483615 0.6529035522 0.3291707388 0.0636152125 0.8487376305 0.8445976013 0.0160344736 0.8663581013 0.7644349725 0.0747588056
0.4642189850 0.9572489354 0.9851403272 0.3814493018 0.0000000000 0.3902881042 0.1298699161 0.9305632434 0.3986159684 0.2433321021 0.6011559984 0.6321138345 0.9467385236 0.7645989294 0.3820994099 0.8622225798 0.7481128200 0.2273338691 0.2227754287 0.1927769603 0.5857435035 0.3536674669 0.1272135454
0.9315450759 0.2854809190 0.0883087330 0.1552236100 0.3902881042 0.0000000000 0.3177384752 0.6382283213 0.2991959266 0.9474189555 0.3075408305 0.1382941630 0.8388867535 0.5096288365 0.2701508510 0.7880707498 0.2589791625 0.2161941161 0.5528564076 0.2109177068 0.6636497154 0.9971397862 0.8385709965
0.7940854250 0.7142640831 0.3744234911 0.7876862835 0.1298699161 0.3177384752 0.0000000000 0.2909097810 0.8905656672 0.9473726055 0.4914222104 0.8536239011 0.9960499588 0.9786676186 0.2886174950 0.7756611701 0.3184330121 0.3399800930 0.2390569104 0.2753753229 0.4572686881 0.9152927568 0.5338896677
0.5355306633 0.3145026589 0.8095003599 0.9227138587 0.9305632434 0.6382283213 0.2909097810 0.0000000000 0.8335692292 0.1164427260 0.7951228729 0.8001875749 0.9204586688 0.6508038609 0.7359772122 0.7361347590 0.4639933819 0.3287992863 0.7714575538 0.8946101604 0.7846628952 0.7776978497 0.4193831001
0.4784552639 0.9458505902 0.2586473955 0.1485319842 0.3986159684 0.2991959266 0.8905656672 0.8335692292 0.0000000000 0.8517654315 0.5432047527 0.8133355579 0.6412101305 0.2481777765 0.1001711104 0.8729199957 0.9531937982 0.2223833399 0.5700995003 0.5672813906 0.8631504858 0.5700738836 0.7680717273
0.2040704657 0.7419123036 0.6210854538 0.4504104068 0.2433321021 0.9474189555 0.9473726055 0.1164427260 0.8517654315 0.0000000000 0.4480600785 0.1123434922 0.5569656104 0.1927347839 0.9456711217 0.0389288382 0.6893258769 0.1673958668 0.5754890952 0.7475619750 0.9033698555 0.2695937509 0.9325467329
0.2055520801 0.1659561928 0.5203856525 0.4220778459 0.6011559984 0.3075408305 0.4914222104 0.7951228729 0.5432047527 0.4480600785 0.0000000000 0.6691802496 0.5732158406 0.2195864972 0.6991437063 0.5256403788 0.4568145440 0.4694857714 0.8751124735 0.6758033433 0.2002443640 0.8373062623 0.7070902303
0.0743736644 0.6131339825 0.7628470971 0.3499748260 0.6321138345 0.1382941630 0.8536239011 0.8001875749 0.8133355579 0.1123434922 0.6691802496 0.0000000000 0.3128245474 0.3029905684 0.6639882104 0.3409974996 0.0068196832 0.5103040312 0.1364898487 0.0510249371 0.6427420206 0.4434604392 0.6163359109
0.7920462951 0.8900631543 0.6881971579 0.0097490262 0.9467385236 0.8388867535 0.9960499588 0.9204586688 0.6412101305 0.5569656104 0.5732158406 0.3128245474 0.0000000000 0.0087826305 0.8902199849 0.9047184562 0.0405471073 0.9478663219 0.9602688227 0.7010013556 0.7206647159 0.7519476008 0.5532032160
0.5099907727 0.7080292521 0.1350143680 0.2463483615 0.7645989294 0.5096288365 0.9786676186 0.6508038609 0.2481777765 0.1927347839 0.2195864972 0.3029905684 0.0087826305 0.0000000000 0.0188033462 0.1556235178 0.9485962957 0.5827427504 0.3525483951 0.7955152115 0.3263947998 0.4732153598 0.7396058451
0.8093003944 0.5608920990 0.8395278311 0.6529035522 0.3820994099 0.2701508510 0.2886174950 0.7359772122 0.1001711104 0.9456711217 0.6991437063 0.6639882104 0.8902199849 0.0188033462 0.0000000000 0.0458238153 0.4095057588 0.5699288235 0.5873939327 0.1855030387 0.3217060591 0.4771933553 0.6914782757
0.3469505983 0.7660000500 0.1936273894 0.3291707388 0.8622225798 0.7880707498 0.7756611701 0.7361347590 0.8729199957 0.0389288382 0.5256403788 0.3409974996 0.9047184562 0.1556235178 0.0458238153 0.0000000000 0.2873054803 0.6510015143 0.9441435247 0.1382998347 0.6750618467 0.2862885947 0.2554210553
0.3255278951 0.0321572264 0.2702197387 0.0636152125 0.7481128200 0.2589791625 0.3184330121 0.4639933819 0.9531937982 0.6893258769 0.4568145440 0.0068196832 0.0405471073 0.9485962957 0.4095057588 0.2873054803 0.0000000000 0.6621426000 0.9301478137 0.8391303692 0.9519440679 0.6831783087 0.9681653165
0.3938273514 0.0123586893 0.9481055851 0.8487376305 0.2273338691 0.2161941161 0.3399800930 0.3287992863 0.2223833399 0.1673958668 0.4694857714 0.5103040312 0.9478663219 0.5827427504 0.5699288235 0.6510015143 0.6621426000 0.0000000000 0.1865663144 0.1064033178 0.6919019307 0.2469034854 0.8749765977
0.4654367240 0.7721052848 0.3788355162 0.8445976013 0.2227754287 0.5528564076 0.2390569104 0.7714575538 0.5700995003 0.5754890952 0.8751124735 0.1364898487 0.9602688227 0.3525483951 0.5873939327 0.9441435247 0.9301478137 0.1865663144 0.0000000000 0.3087886721 0.8649980517 0.7379345577 0.6103728102
0.3717846967 0.5016336557 0.0355883141 0.0160344736 0.1927769603 0.2109177068 0.2753753229 0.8946101604 0.5672813906 0.7475619750 0.6758033433 0.0510249371 0.7010013556 0.7955152115 0.1855030387 0.1382998347 0.8391303692 0.1064033178 0.3087886721 0.0000000000 0.9791642617 0.7986552277 0.8967381056
0.1021825443 0.5450093911 0.4936732966 0.8663581013 0.5857435035 0.6636497154 0.4572686881 0.7846628952 0.8631504858 0.9033698555 0.2002443640 0.6427420206 0.7206647159 0.3263947998 0.3217060591 0.6750618467 0.9519440679 0.6919019307 0.8649980517 0.9791642617 0.0000000000 0.8270895742 0.6180744152
0.8040115366 0.3043789865 0.1589079729 0.7644349725 0.3536674669 0.9971397862 0.9152927568 0.7776978497 0.5700738836 0.2695937509 0.8373062623 0.4434604392 0.7519476008 0.4732153598 0.4771933553 0.2862885947 0.6831783087 0.2469034854 0.7379345577 0.7986552277 0.8270895742 0.0000000000 0.0275715389
0.7723703869 0.8735315610 0.6237076457 0.0747588056 0.1272135454 0.8385709965 0.5338896677 0.4193831001 0.7680717273 0.9325467329 0.7070902303 0.6163359109 0.5532032160 0.7396058451 0.6914782757 0.2554210553 0.9681653165 0.8749765977 0.6103728102 0.8967381056 0.6180744152 0.0275715389 0.0000000000
