# MCW Instance
# Type: UNIFORM
# N: 23
# Optimal cost: 1.9151622750008985
# Optimal tour (permutation): [0, 12, 19, 22, 16, 2, 10, 11, 6, 14, 7, 9, 5, 3, 17, 20, 18, 4, 15, 8, 13, 21, 1, 0]
# Optimal walk (full path): [0, 12, 19, 22, 16, 2, 16, 10, 11, 6, 14, 3, 7, 3, 9, 5, 9, 3, 14, 17, 20, 18, 4, 15, 13, 8, 13, 21, 1, 0]
# Walk size: 30
# Is walk (has repeats): true

# Distance Matrix
0.0000000000 0.1413093256 0.4861053540 0.4627149083 0.9085753778 0.1163493262 0.8016653840 0.9905657436 0.2352603514 0.0728362243 0.8557264477 0.1510860875 0.1345408577 0.7146515707 0.2081999734 0.9560536765 0.4859521842 0.8695709193 0.8210161119 0.3811971391 0.4164663722 0.2123351144 0.7308156669
0.1413093256 0.0000000000 0.2774811061 0.5630284589 0.1108000731 0.7254346308 0.3901042556 0.3895597077 0.6271777551 0.3386651944 0.5841174412 0.1468374543 0.7854829209 0.2834409703 0.4702960292 0.5099502172 0.5766518041 0.7805078940 0.5008772260 0.4055653133 0.8144002496 0.1078070616 0.2619992729
0.4861053540 0.2774811061 0.0000000000 0.0500358630 0.8777403982 0.0952089005 0.1281564967 0.7594125575 0.5801770818 0.2199031628 0.6637101697 0.6637154370 0.8909554977 0.4196623177 0.1574725011 0.0603586988 0.0003350385 0.7343606683 0.4586065926 0.7754123399 0.2687137296 0.4105452004 0.8455628715
0.4627149083 0.5630284589 0.0500358630 0.0000000000 0.5664216804 0.9285309052 0.1595186005 0.0044981120 0.2967962417 0.0182265088 0.8463082480 0.3196004919 0.3393181076 0.9191371448 0.0050601158 0.5849698831 0.4251084140 0.0390604692 0.2258094592 0.9361803090 0.9444306637 0.6403213357 0.6382450741
0.9085753778 0.1108000731 0.8777403982 0.5664216804 0.0000000000 0.2693765047 0.5269976770 0.5455245422 0.4299973757 0.6667345731 0.5819888280 0.4707801669 0.5801451881 0.3793423335 0.3617726686 0.0340400926 0.7630495892 0.7320321084 0.0283693595 0.0652845004 0.6832877660 0.9094243972 0.1479768045
0.1163493262 0.7254346308 0.0952089005 0.9285309052 0.2693765047 0.0000000000 0.7056500250 0.9393733393 0.9584188686 0.0164224010 0.9241917194 0.8821144378 0.4995940548 0.2271924802 0.5038233997 0.8328739168 0.5784550118 0.9337300477 0.2520817322 0.4576610628 0.8071938830 0.3289802929 0.1777117581
0.8016653840 0.3901042556 0.1281564967 0.1595186005 0.5269976770 0.7056500250 0.0000000000 0.0548976017 0.4486054138 0.9677030497 0.6406725299 0.0078650831 0.3760257956 0.6908597989 0.0310132300 0.6772550057 0.9066396229 0.0764222003 0.3611720025 0.5649065588 0.3502268519 0.5372382175 0.2666008527
0.9905657436 0.3895597077 0.7594125575 0.0044981120 0.5455245422 0.9393733393 0.0548976017 0.0000000000 0.6667314385 0.7413975113 0.4141307141 0.3012218894 0.5509891557 0.6305889183 0.6711928878 0.0870713907 0.8474900109 0.9975768871 0.0902834834 0.8315903531 0.5139673149 0.3209782441 0.1830141372
0.2352603514 0.6271777551 0.5801770818 0.2967962417 0.4299973757 0.9584188686 0.4486054138 0.6667314385 0.0000000000 0.9613707201 0.4577743841 0.5881994195 0.3910600596 0.1377693279 0.8342258513 0.5625116881 0.5294145970 0.7176520598 0.6173169450 0.9374108793 0.8422469150 0.8016328263 0.8442183386
0.0728362243 0.3386651944 0.2199031628 0.0182265088 0.6667345731 0.0164224010 0.9677030497 0.7413975113 0.9613707201 0.0000000000 0.1031452495 0.4873113205 0.3725235687 0.2718587143 0.1262722789 0.7423958821 0.6683126450 0.0520702515 0.2003316448 0.7360868047 0.8568411342 0.4311875344 0.2641978471
0.8557264477 0.5841174412 0.6637101697 0.8463082480 0.5819888280 0.9241917194 0.6406725299 0.4141307141 0.4577743841 0.1031452495 0.0000000000 0.0451644530 0.2834474841 0.4106534535 0.7044029505 0.0722353973 0.0482029853 0.7671003287 0.0586962813 0.7197447097 0.4359619713 0.8235381128 0.4203344212
0.1510860875 0.1468374543 0.6637154370 0.3196004919 0.4707801669 0.8821144378 0.0078650831 0.3012218894 0.5881994195 0.4873113205 0.0451644530 0.0000000000 0.5103010649 0.7703020816 0.8876961225 0.8060714870 0.9682866642 0.5915316425 0.3292282104 0.0955461921 0.7740130555 0.6692927991 0.8544058024
0.1345408577 0.7854829209 0.8909554977 0.3393181076 0.5801451881 0.4995940548 0.3760257956 0.5509891557 0.3910600596 0.3725235687 0.2834474841 0.5103010649 0.0000000000 0.2757389877 0.9292226679 0.2518902744 0.6550871026 0.6313985999 0.9315254826 0.1273279020 0.7581648943 0.2108144460 0.7453987504
0.7146515707 0.2834409703 0.4196623177 0.9191371448 0.3793423335 0.2271924802 0.6908597989 0.6305889183 0.1377693279 0.2718587143 0.4106534535 0.7703020816 0.2757389877 0.0000000000 0.5251356122 0.0823592044 0.3660376718 0.1786671490 0.6234222391 0.4211357481 0.4176301130 0.1259195558 0.4421900751
0.2081999734 0.4702960292 0.1574725011 0.0050601158 0.3617726686 0.5038233997 0.0310132300 0.6711928878 0.8342258513 0.1262722789 0.7044029505 0.8876961225 0.9292226679 0.5251356122 0.0000000000 0.8136941611 0.5262470314 0.0241079731 0.2017993848 0.5403852515 0.6668361613 0.7806127435 0.8045723407
0.9560536765 0.5099502172 0.0603586988 0.5849698831 0.0340400926 0.8328739168 0.6772550057 0.0870713907 0.5625116881 0.7423958821 0.0722353973 0.8060714870 0.2518902744 0.0823592044 0.8136941611 0.0000000000 0.2845796102 0.1959622575 0.3803479842 0.9578773146 0.8399243636 0.8787423394 0.3560192898
0.4859521842 0.5766518041 0.0003350385 0.4251084140 0.7630495892 0.5784550118 0.9066396229 0.8474900109 0.5294145970 0.6683126450 0.0482029853 0.9682866642 0.6550871026 0.3660376718 0.5262470314 0.2845796102 0.0000000000 0.5986363236 0.1100890871 0.3991042644 0.3144356307 0.7020496382 0.0475156596
0.8695709193 0.7805078940 0.7343606683 0.0390604692 0.7320321084 0.9337300477 0.0764222003 0.9975768871 0.7176520598 0.0520702515 0.7671003287 0.5915316425 0.6313985999 0.1786671490 0.0241079731 0.1959622575 0.5986363236 0.0000000000 0.3155568948 0.7518160284 0.2614335617 0.6083509018 0.1443875992
0.8210161119 0.5008772260 0.4586065926 0.2258094592 0.0283693595 0.2520817322 0.3611720025 0.0902834834 0.6173169450 0.2003316448 0.0586962813 0.3292282104 0.9315254826 0.6234222391 0.2017993848 0.3803479842 0.1100890871 0.3155568948 0.0000000000 0.4623208835 0.2114183994 0.7626552734 0.7531785082
0.3811971391 0.4055653133 0.7754123399 0.9361803090 0.0652845004 0.4576610628 0.5649065588 0.8315903531 0.9374108793 0.7360868047 0.7197447097 0.0955461921 0.1273279020 0.4211357481 0.5403852515 0.9578773146 0.3991042644 0.7518160284 0.4623208835 0.0000000000 0.9465764247 0.3333556070 0.0921445626
0.4164663722 0.8144002496 0.2687137296 0.9444306637 0.6832877660 0.8071938830 0.3502268519 0.5139673149 0.8422469150 0.8568411342 0.4359619713 0.7740130555 0.7581648943 0.4176301130 0.6668361613 0.8399243636 0.3144356307 0.2614335617 0.2114183994 0.9465764247 0.0000000000 0.5297602599 0.3607504217
0.2123351144 0.1078070616 0.4105452004 0.6403213357 0.9094243972 0.3289802929 0.5372382175 0.3209782441 0.8016328263 0.4311875344 0.8235381128 0.6692927991 0.2108144460 0.1259195558 0.7806127435 0.8787423394 0.7020496382 0.6083509018 0.7626552734 0.3333556070 0.5297602599 0.0000000000 0.7296347956
0.7308156669 0.2619992729 0.8455628715 0.6382450741 0.1479768045 0.1777117581 0.2666008527 0.1830141372 0.8442183386 0.2641978471 0.4203344212 0.8544058024 0.7453987504 0.4421900751 0.8045723407 0.3560192898 0.0475156596 0.1443875992 0.7531785082 0.0921445626 0.3607504217 0.7296347956 0.0000000000
