# Graph size: 23
# Optimal cost: 2.641007644433299

# Distance Matrix
0.0 0.6129330608090399 0.5068766858476341 0.6446843598354535 0.6069164116771875 0.5095980272259082 0.07887197962824599 0.2644972963165786 0.07924551707527272 0.2767790857289061 0.6212522337342454 0.6923006935464874 0.7490984596213309 0.7515621357031399 0.013424217412742467 0.053091646288796035 0.33695503203010646 0.5684512113762695 0.5413882428742082 0.1903336556792835 0.6570363900937375 0.1729243556182205 0.7114318385298554
0.6129330608090399 0.0 0.3467758407281194 0.6882469964451345 0.06924328996557472 0.35042241677919295 0.6320317036548289 0.3588551021533166 0.18120954059695038 0.7085499500769633 0.019379325630903055 0.7065630223379755 0.6274114450046883 0.17978459048605855 0.5527218014635382 0.11565849104329728 0.9166073746387017 0.6859780582010936 0.16437329841299897 0.40422618054325354 0.5542429043227362 0.7324519753444155 0.005312405300200385
0.5068766858476341 0.3467758407281194 0.0 0.6369386753232983 0.3177005446281156 0.6360799555006968 0.47177133230111057 0.672734420255296 0.005732606536218765 0.45128505451423184 0.17550586704993398 0.6217299028252662 0.29662903029140175 0.6750372233970089 0.9498176084475933 0.5820016153560975 0.46002408735815103 0.8988504497793737 0.6093766176748986 0.25441337873939784 0.058846565379215066 0.19394278370224516 0.5891190824281918
0.6446843598354535 0.6882469964451345 0.6369386753232983 0.0 0.29245257955486226 0.45077069394426483 0.16513656246762254 0.7759713174628656 0.5340791138498467 0.8526256405077602 0.2897404903023314 0.8168777217923965 0.5838784854976925 0.9665735219223147 0.3695687933708002 0.937587208527525 0.566351282095491 0.6834674218150641 0.6674173218412845 0.8388789848637191 0.25495856048716026 0.1766521754525867 0.573730151906123
0.6069164116771875 0.06924328996557472 0.3177005446281156 0.29245257955486226 0.0 0.550384938478019 0.1965831333214959 0.7785725311809731 0.4548541439732061 0.2168930574391793 0.8973548292464553 0.39290476731739254 0.6711937837409353 0.6679920831969975 0.6133277343301134 0.8365292633334925 0.6217414307056494 0.2791448313207848 0.7982855453998478 0.42851335624519926 0.07087356239807086 0.07075374940339585 0.8009910087795445
0.5095980272259082 0.35042241677919295 0.6360799555006968 0.45077069394426483 0.550384938478019 0.0 0.34737519304060405 0.9439663231822539 0.2115090444707537 0.9754841193570637 0.7632508733887249 0.24029895368902465 0.09328625397123114 0.9705729243562128 0.5181887402595984 0.7048768268325422 0.9270866635808057 0.5984494897471127 0.17564623435155013 0.42522039534973366 0.3729903873404876 0.3474035287372742 0.5893665644866725
0.07887197962824599 0.6320317036548289 0.47177133230111057 0.16513656246762254 0.1965831333214959 0.34737519304060405 0.0 0.5748300840303167 0.061818995902498286 0.2998940829874954 0.7521632938018071 0.11195166149646896 0.9921803250466135 0.9447797349227759 0.5767434679375387 0.3604302028135875 0.6937955887771914 0.13129609044529367 0.4335504955296866 0.048855104099349456 0.736484582945989 0.202409237079322 0.724710611746568
0.2644972963165786 0.3588551021533166 0.672734420255296 0.7759713174628656 0.7785725311809731 0.9439663231822539 0.5748300840303167 0.0 0.5648626160603697 0.6339121876457796 0.16646169368600672 0.5085169867460326 0.8933763826520119 0.4421751174167933 0.6185678970589152 0.20548868756231164 0.9507306379377964 0.38553511645058147 0.007003959816056948 0.7148917291038017 0.8010346114878493 0.6550809437608872 0.7548766325575448
0.07924551707527272 0.18120954059695038 0.005732606536218765 0.5340791138498467 0.4548541439732061 0.2115090444707537 0.061818995902498286 0.5648626160603697 0.0 0.8497120945960853 0.5468008418416005 0.12082819474732964 0.6936444919002475 0.858421785021588 0.5227743794591599 0.07374253054833069 0.24260431844054164 0.9434802802137198 0.7900633066230185 0.2713985479890736 0.777243997666546 0.10936593181138121 0.827085906705748
0.2767790857289061 0.7085499500769633 0.45128505451423184 0.8526256405077602 0.2168930574391793 0.9754841193570637 0.2998940829874954 0.6339121876457796 0.8497120945960853 0.0 0.4994629929528658 0.669402694946371 0.3770327337114159 0.74451309454985 0.580917507256323 0.5534681818544459 0.3870400429600791 0.3132993983485437 0.2659127973054002 0.4753797421418162 0.6802038137175526 0.5880592238655644 0.7173727835318916
0.6212522337342454 0.019379325630903055 0.17550586704993398 0.2897404903023314 0.8973548292464553 0.7632508733887249 0.7521632938018071 0.16646169368600672 0.5468008418416005 0.4994629929528658 0.0 0.714995088166376 0.4924702773082126 0.9324600460992992 0.3709435305272436 0.23741761119777327 0.7298134294748071 0.8089671939193815 0.7926083735650893 0.9251703334313104 0.8993105080248252 0.7821898493806401 0.7832677968474206
0.6923006935464874 0.7065630223379755 0.6217299028252662 0.8168777217923965 0.39290476731739254 0.24029895368902465 0.11195166149646896 0.5085169867460326 0.12082819474732964 0.669402694946371 0.714995088166376 0.0 0.9706415495068682 0.1641501513252065 0.8032415417980575 0.38680819615920736 0.0670160991697315 0.36318012897951224 0.9919424014737198 0.646660966829166 0.32594575374992363 0.7897028377076962 0.8143546448944944
0.7490984596213309 0.6274114450046883 0.29662903029140175 0.5838784854976925 0.6711937837409353 0.09328625397123114 0.9921803250466135 0.8933763826520119 0.6936444919002475 0.3770327337114159 0.4924702773082126 0.9706415495068682 0.0 0.9255798786740422 0.17150056903825728 0.7595784692448847 0.7650571028604038 0.3543408501827061 0.8124828785051305 0.5152970038135566 0.4067278385619707 0.5072949086442403 0.2789738934099215
0.7515621357031399 0.17978459048605855 0.6750372233970089 0.9665735219223147 0.6679920831969975 0.9705729243562128 0.9447797349227759 0.4421751174167933 0.858421785021588 0.74451309454985 0.9324600460992992 0.1641501513252065 0.9255798786740422 0.0 0.810532243903108 0.8940189845301318 0.7161823361422003 0.4240228737366294 0.5987922501772517 0.9143712942571114 0.528341309534887 0.7376767362690676 0.6101320707241031
0.013424217412742467 0.5527218014635382 0.9498176084475933 0.3695687933708002 0.6133277343301134 0.5181887402595984 0.5767434679375387 0.6185678970589152 0.5227743794591599 0.580917507256323 0.3709435305272436 0.8032415417980575 0.17150056903825728 0.810532243903108 0.0 0.3153301042294854 0.6914223948811083 0.2980880054162297 0.2414969390951377 0.5560888092767812 0.7039452865031222 0.6932279252611018 0.1091143840315133
0.053091646288796035 0.11565849104329728 0.5820016153560975 0.937587208527525 0.8365292633334925 0.7048768268325422 0.3604302028135875 0.20548868756231164 0.07374253054833069 0.5534681818544459 0.23741761119777327 0.38680819615920736 0.7595784692448847 0.8940189845301318 0.3153301042294854 0.0 0.5203993317239601 0.40951219317121623 0.28676971026322606 0.8154565638094867 0.15865390133795387 0.3322177702192063 0.7729974612417407
0.33695503203010646 0.9166073746387017 0.46002408735815103 0.566351282095491 0.6217414307056494 0.9270866635808057 0.6937955887771914 0.9507306379377964 0.24260431844054164 0.3870400429600791 0.7298134294748071 0.0670160991697315 0.7650571028604038 0.7161823361422003 0.6914223948811083 0.5203993317239601 0.0 0.9686450360943443 0.8888561507738427 0.45177239576242134 0.5681340121961729 0.2587715885683177 0.6793631579400672
0.5684512113762695 0.6859780582010936 0.8988504497793737 0.6834674218150641 0.2791448313207848 0.5984494897471127 0.13129609044529367 0.38553511645058147 0.9434802802137198 0.3132993983485437 0.8089671939193815 0.36318012897951224 0.3543408501827061 0.4240228737366294 0.2980880054162297 0.40951219317121623 0.9686450360943443 0.0 0.8990825802873009 0.2192708046689713 0.44346088010747786 0.2606952715419508 0.6165079512030915
0.5413882428742082 0.16437329841299897 0.6093766176748986 0.6674173218412845 0.7982855453998478 0.17564623435155013 0.4335504955296866 0.007003959816056948 0.7900633066230185 0.2659127973054002 0.7926083735650893 0.9919424014737198 0.8124828785051305 0.5987922501772517 0.2414969390951377 0.28676971026322606 0.8888561507738427 0.8990825802873009 0.0 0.6771215761646705 0.424101688786233 0.9693733604187853 0.37174195005487454
0.1903336556792835 0.40422618054325354 0.25441337873939784 0.8388789848637191 0.42851335624519926 0.42522039534973366 0.048855104099349456 0.7148917291038017 0.2713985479890736 0.4753797421418162 0.9251703334313104 0.646660966829166 0.5152970038135566 0.9143712942571114 0.5560888092767812 0.8154565638094867 0.45177239576242134 0.2192708046689713 0.6771215761646705 0.0 0.9751110751619676 0.20452540903213146 0.3136579419054555
0.6570363900937375 0.5542429043227362 0.058846565379215066 0.25495856048716026 0.07087356239807086 0.3729903873404876 0.736484582945989 0.8010346114878493 0.777243997666546 0.6802038137175526 0.8993105080248252 0.32594575374992363 0.4067278385619707 0.528341309534887 0.7039452865031222 0.15865390133795387 0.5681340121961729 0.44346088010747786 0.424101688786233 0.9751110751619676 0.0 0.6402386198426155 0.5848485085568311
0.1729243556182205 0.7324519753444155 0.19394278370224516 0.1766521754525867 0.07075374940339585 0.3474035287372742 0.202409237079322 0.6550809437608872 0.10936593181138121 0.5880592238655644 0.7821898493806401 0.7897028377076962 0.5072949086442403 0.7376767362690676 0.6932279252611018 0.3322177702192063 0.2587715885683177 0.2606952715419508 0.9693733604187853 0.20452540903213146 0.6402386198426155 0.0 0.41551198315223414
0.7114318385298554 0.005312405300200385 0.5891190824281918 0.573730151906123 0.8009910087795445 0.5893665644866725 0.724710611746568 0.7548766325575448 0.827085906705748 0.7173727835318916 0.7832677968474206 0.8143546448944944 0.2789738934099215 0.6101320707241031 0.1091143840315133 0.7729974612417407 0.6793631579400672 0.6165079512030915 0.37174195005487454 0.3136579419054555 0.5848485085568311 0.41551198315223414 0.0

# Optimal Walk
0 14 12 5 18 7 9 17 19 6 3 21 4 20 2 8 16 11 13 22 10 1 15 0
