# Graph size: 23
# Optimal cost: 1.2849461563977203

# Distance Matrix
0.0 0.030183932411005032 0.8398101118150576 0.28673710725644763 0.2527779493618648 0.5483376461576056 0.14048686826850565 0.7646440504566231 0.662749529686254 0.22898419976288953 0.6573766905045211 0.9523664095060789 0.5731186541966651 0.25556222675179097 0.1574749633010597 0.42796276547544043 0.1894434220382778 0.9943576394597737 0.9203009179738464 0.2295449589309475 0.07743644669585514 0.05110153324641553 0.2590087281498513
0.030183932411005032 0.0 0.8037030762483094 0.4033146137433894 0.990685624375259 0.24939278518821995 0.9923073865412649 0.4483426942061589 0.7832580092825074 0.2625210600518182 0.6878445711476235 0.7672300114580233 0.11906368668310185 0.7023941829352197 0.8821720581038056 0.806328960686823 0.09474608157800668 0.6869417738745768 0.709551566419309 0.2751225801303323 0.4154271109812362 0.27883227765131446 0.7420485013342308
0.8398101118150576 0.8037030762483094 0.0 0.07327807590940483 0.17973493974196408 0.2719857550726583 0.23386116858231576 0.11558179337566798 0.5190502080739157 0.470343919213826 0.23087015117534537 0.9683604253899912 0.8475931256176724 0.8573652886140076 0.46267448063935335 0.813532402488825 0.2465751816329229 0.04787749257385754 0.7166082257307166 0.8902219148388693 0.5534909728981867 0.9383330148677995 0.9567073253244903
0.28673710725644763 0.4033146137433894 0.07327807590940483 0.0 0.22890800209245843 0.05672718913749264 0.5271784947205352 0.7953232644041112 0.18936938118454394 0.306017224605048 0.46396172875133546 0.051056683524590585 0.04122515889063405 0.44087163597376355 0.003965062587551138 0.03391058039843131 0.584660403146026 0.6119660703393432 0.6945671229497871 0.8870392136496237 0.5989650211111752 0.5245699688172805 0.3001997110406105
0.2527779493618648 0.990685624375259 0.17973493974196408 0.22890800209245843 0.0 0.7841957344415155 0.7278029779364781 0.8684508191372079 0.18468007148616017 0.0329576999115363 0.262668093149379 0.4152903126531652 0.6128634096992264 0.1660363489477097 0.16977202452272544 0.8625005019929655 0.2079741595744733 0.9164523242779452 0.6206486236101899 0.08142913560109222 0.10663851850178563 0.5670866004505709 0.23304835138707158
0.5483376461576056 0.24939278518821995 0.2719857550726583 0.05672718913749264 0.7841957344415155 0.0 0.2882956273325933 0.19055539130965216 0.5410924535981425 0.20623504377004231 0.7978000549316877 0.14190640529352205 0.256880463646451 0.5435869225560545 0.4421993462478062 0.9690196544672635 0.20986541198458308 0.5954423458619151 0.44274649743271155 0.0794666155236109 0.9628901566430322 0.22642011199665002 0.5057402582240254
0.14048686826850565 0.9923073865412649 0.23386116858231576 0.5271784947205352 0.7278029779364781 0.2882956273325933 0.0 0.9396847324055583 0.22821857814785573 0.013983009568165006 0.18203379852041823 0.8533831565607001 0.5062158234996577 0.018802638583524378 0.0767031961289133 0.4154026435086243 0.8093108381840524 0.8325223586740989 0.32467752030968067 0.7533646102508978 0.8445628664006251 0.8048041772116487 0.858484064732548
0.7646440504566231 0.4483426942061589 0.11558179337566798 0.7953232644041112 0.8684508191372079 0.19055539130965216 0.9396847324055583 0.0 0.7563590758113762 0.6541298005677626 0.5790850084209184 0.38586405732601303 0.10808425462572324 0.12016317961512724 0.32525600298174895 0.667865227988111 0.09126571959692342 0.9291310348176061 0.34751835256622154 0.6421197363783697 0.8108462005788823 0.5602963772100383 0.06695783539626055
0.662749529686254 0.7832580092825074 0.5190502080739157 0.18936938118454394 0.18468007148616017 0.5410924535981425 0.22821857814785573 0.7563590758113762 0.0 0.17136733307964647 0.6953518260227917 0.6140555245206936 0.7309192813041163 0.7138846953426949 0.879004134201308 0.3280674380325851 0.5850512916473222 0.010334386840731402 0.34156162158098213 0.44258140991841277 0.6589308315617712 0.9606477399245178 0.48853866314274774
0.22898419976288953 0.2625210600518182 0.470343919213826 0.306017224605048 0.0329576999115363 0.20623504377004231 0.013983009568165006 0.6541298005677626 0.17136733307964647 0.0 0.6710969418854881 0.7624659743734477 0.22490759257100568 0.19136324334667154 0.9084667993357991 0.7678144765367203 0.7237987090197282 0.1751996714248214 0.9657800894436139 0.7603446849227989 0.1370449640200756 0.04157592167808688 0.0598392105668234
0.6573766905045211 0.6878445711476235 0.23087015117534537 0.46396172875133546 0.262668093149379 0.7978000549316877 0.18203379852041823 0.5790850084209184 0.6953518260227917 0.6710969418854881 0.0 0.18220461443071623 0.7023540783552507 0.1436197183267346 0.5047709406050446 0.6633537353456326 0.10274227671980574 0.9936213509938363 0.05428848855308466 0.8374514475321854 0.9967125639967503 0.8758051316377328 0.1253478924622501
0.9523664095060789 0.7672300114580233 0.9683604253899912 0.051056683524590585 0.4152903126531652 0.14190640529352205 0.8533831565607001 0.38586405732601303 0.6140555245206936 0.7624659743734477 0.18220461443071623 0.0 0.07378494701139093 0.7936122467746412 0.8616058635315245 0.6974189616339155 0.7214585061292768 0.6055966565707633 0.48041049562135263 0.026316794333368865 0.15835521221546356 0.9179775792473628 0.8856390561412896
0.5731186541966651 0.11906368668310185 0.8475931256176724 0.04122515889063405 0.6128634096992264 0.256880463646451 0.5062158234996577 0.10808425462572324 0.7309192813041163 0.22490759257100568 0.7023540783552507 0.07378494701139093 0.0 0.4375176007489999 0.6649209860538156 0.4113365125122589 0.47420332554658684 0.37110792220495703 0.9016102588251536 0.5416346197877245 0.5667957606895712 0.5389939066186105 0.5588713257015071
0.25556222675179097 0.7023941829352197 0.8573652886140076 0.44087163597376355 0.1660363489477097 0.5435869225560545 0.018802638583524378 0.12016317961512724 0.7138846953426949 0.19136324334667154 0.1436197183267346 0.7936122467746412 0.4375176007489999 0.0 0.9386523343507033 0.9371247855932132 0.5247230237616975 0.5698385315827773 0.4184436316209852 0.6901273136005524 0.4072480881168876 0.12843799016302648 0.4220914353776325
0.1574749633010597 0.8821720581038056 0.46267448063935335 0.003965062587551138 0.16977202452272544 0.4421993462478062 0.0767031961289133 0.32525600298174895 0.879004134201308 0.9084667993357991 0.5047709406050446 0.8616058635315245 0.6649209860538156 0.9386523343507033 0.0 0.2323529216114364 0.022188738310815137 0.6394015693451122 0.9909017982444341 0.8521282626019435 0.2876238156568117 0.6417241192793365 0.9672766198977051
0.42796276547544043 0.806328960686823 0.813532402488825 0.03391058039843131 0.8625005019929655 0.9690196544672635 0.4154026435086243 0.667865227988111 0.3280674380325851 0.7678144765367203 0.6633537353456326 0.6974189616339155 0.4113365125122589 0.9371247855932132 0.2323529216114364 0.0 0.7327745561157379 0.6161726102272694 0.6933872165602134 0.9708558009633685 0.05906493558913006 0.81110158381107 0.18271182099135663
0.1894434220382778 0.09474608157800668 0.2465751816329229 0.584660403146026 0.2079741595744733 0.20986541198458308 0.8093108381840524 0.09126571959692342 0.5850512916473222 0.7237987090197282 0.10274227671980574 0.7214585061292768 0.47420332554658684 0.5247230237616975 0.022188738310815137 0.7327745561157379 0.0 0.84112157521734 0.24527216053089107 0.001417888468764561 0.040491817292817034 0.660509259501338 0.21257216613654306
0.9943576394597737 0.6869417738745768 0.04787749257385754 0.6119660703393432 0.9164523242779452 0.5954423458619151 0.8325223586740989 0.9291310348176061 0.010334386840731402 0.1751996714248214 0.9936213509938363 0.6055966565707633 0.37110792220495703 0.5698385315827773 0.6394015693451122 0.6161726102272694 0.84112157521734 0.0 0.10938904894385493 0.36709871464326005 0.17616989912233338 0.07423181481713026 0.0636535468534829
0.9203009179738464 0.709551566419309 0.7166082257307166 0.6945671229497871 0.6206486236101899 0.44274649743271155 0.32467752030968067 0.34751835256622154 0.34156162158098213 0.9657800894436139 0.05428848855308466 0.48041049562135263 0.9016102588251536 0.4184436316209852 0.9909017982444341 0.6933872165602134 0.24527216053089107 0.10938904894385493 0.0 0.06003761834064181 0.4238823840050122 0.5489242354918265 0.4720646666504388
0.2295449589309475 0.2751225801303323 0.8902219148388693 0.8870392136496237 0.08142913560109222 0.0794666155236109 0.7533646102508978 0.6421197363783697 0.44258140991841277 0.7603446849227989 0.8374514475321854 0.026316794333368865 0.5416346197877245 0.6901273136005524 0.8521282626019435 0.9708558009633685 0.001417888468764561 0.36709871464326005 0.06003761834064181 0.0 0.6299728855891306 0.6242139283851349 0.9156787408557877
0.07743644669585514 0.4154271109812362 0.5534909728981867 0.5989650211111752 0.10663851850178563 0.9628901566430322 0.8445628664006251 0.8108462005788823 0.6589308315617712 0.1370449640200756 0.9967125639967503 0.15835521221546356 0.5667957606895712 0.4072480881168876 0.2876238156568117 0.05906493558913006 0.040491817292817034 0.17616989912233338 0.4238823840050122 0.6299728855891306 0.0 0.7506355611873886 0.5270317309184815
0.05110153324641553 0.27883227765131446 0.9383330148677995 0.5245699688172805 0.5670866004505709 0.22642011199665002 0.8048041772116487 0.5602963772100383 0.9606477399245178 0.04157592167808688 0.8758051316377328 0.9179775792473628 0.5389939066186105 0.12843799016302648 0.6417241192793365 0.81110158381107 0.660509259501338 0.07423181481713026 0.5489242354918265 0.6242139283851349 0.7506355611873886 0.0 0.9688790745244243
0.2590087281498513 0.7420485013342308 0.9567073253244903 0.3001997110406105 0.23304835138707158 0.5057402582240254 0.858484064732548 0.06695783539626055 0.48853866314274774 0.0598392105668234 0.1253478924622501 0.8856390561412896 0.5588713257015071 0.4220914353776325 0.9672766198977051 0.18271182099135663 0.21257216613654306 0.0636535468534829 0.4720646666504388 0.9156787408557877 0.5270317309184815 0.9688790745244243 0.0

# Optimal Walk
0 21 9 4 6 13 10 18 19 16 11 12 7 22 17 8 2 14 5 3 15 20 1 0
