# Graph size: 23
# Optimal cost: 1.6921936844097814

# Distance Matrix
0.0 0.6728376473630918 0.992649093335666 0.3536912296507163 0.9865860198873719 0.320442340821673 0.1917873696109761 0.7119032422422529 0.6249774037997778 0.7725202223470277 0.6870896123780394 0.9000556790977814 0.5542835695114078 0.13314642964201107 0.4331387995152689 0.014644192897331987 0.368702942536996 0.6551362726843564 0.126808200144364 0.06506722041480506 0.991684313285411 0.5962858440832356 0.7758026630909742
0.6728376473630918 0.0 0.32310350616052175 0.7211224278349122 0.8531708539072533 0.46014026162465715 0.8593871222179129 0.6226609949471674 0.30100113945602647 0.7319178833558063 0.1060216681260665 0.5841217392572648 0.034629707372971774 0.591867496593284 0.5667021692952248 0.4778674625347654 0.2536667163117411 0.005624530117485649 0.859189641975798 0.042946070195547525 0.363750413665921 0.4782932111765583 0.11970980426790157
0.992649093335666 0.32310350616052175 0.0 0.295151476879009 0.9763786102442039 0.29280855838213193 0.4248239860578028 0.5006765060121883 0.8813057526165805 0.6357578332167241 0.293547164518581 0.00782179251856796 0.7383624663048828 0.983739460567519 0.5209638252055961 0.5212639557469931 0.1896555509619322 0.8040002796233124 0.5643201063534018 0.724675260743021 0.32845846520652144 0.8350071903799887 0.45354601499580416
0.3536912296507163 0.7211224278349122 0.295151476879009 0.0 0.5100261218994286 0.9777035408159631 0.9557721091280192 0.7303887591239434 0.4556905724615833 0.028838944035459835 0.9271647646425908 0.23381496157694415 0.6105144631233099 0.17091490647789498 0.09411010118351826 0.6440653809003161 0.08729469607647877 0.7001152178773922 0.4744827146687334 0.5737229971830496 0.446656841797048 0.7415514972321078 0.5286739038497122
0.9865860198873719 0.8531708539072533 0.9763786102442039 0.5100261218994286 0.0 0.651381438401339 0.3611083523872699 0.1379898889691784 0.30322132408233227 0.48197775161298617 0.5890822674136393 0.4642802570075434 0.5725549054978968 0.5875794369038808 0.8600767679696172 0.111610784703009 0.06482757718738219 0.4333928444723001 0.8745341057563875 0.15231158778023723 0.8509623994816342 0.42598631107859153 0.2558917733832985
0.320442340821673 0.46014026162465715 0.29280855838213193 0.9777035408159631 0.651381438401339 0.0 0.7437826993368295 0.5004623897094924 0.3341979137753519 0.9572779338365388 0.1592237712814688 0.6631935616832619 0.9279243867618392 0.3216119272372183 0.14319350542041998 0.32326475543966404 0.7559644770679299 0.7214101944919868 0.18162962200279464 0.08929339204121789 0.8913160764105686 0.4633863673877866 0.4488104298114244
0.1917873696109761 0.8593871222179129 0.4248239860578028 0.9557721091280192 0.3611083523872699 0.7437826993368295 0.0 0.5347589542975575 0.1608037226244825 0.4329740317889026 0.6478416525226487 0.7828107897898205 0.8456388323399566 0.7751891224524607 0.696603186950595 0.24181106046375733 0.09049251081332788 0.7607884834771861 0.22769209550912695 0.6410569507695887 0.2908862895225811 0.8704697860805072 0.16874995053506292
0.7119032422422529 0.6226609949471674 0.5006765060121883 0.7303887591239434 0.1379898889691784 0.5004623897094924 0.5347589542975575 0.0 0.29054106746163577 0.5421838396461712 0.04489731478405112 0.24866387715912586 0.7942727259263158 0.8281921593018837 0.9946270710959385 0.1354824464769656 0.2835967421784512 0.0033581365616759395 0.4415437368518621 0.05348899818716024 0.6051107493773747 0.7797727834469008 0.17221122791107024
0.6249774037997778 0.30100113945602647 0.8813057526165805 0.4556905724615833 0.30322132408233227 0.3341979137753519 0.1608037226244825 0.29054106746163577 0.0 0.14972655806817692 0.7971956513661543 0.8686713249856122 0.8235772270493094 0.5843702904641617 0.6198386845908227 0.14584505146207227 0.39276185177623235 0.30469445056698663 0.8643413757539905 0.2113563182899758 0.5651987764184301 0.7289831022771281 0.662670164465585
0.7725202223470277 0.7319178833558063 0.6357578332167241 0.028838944035459835 0.48197775161298617 0.9572779338365388 0.4329740317889026 0.5421838396461712 0.14972655806817692 0.0 0.9961753894134296 0.08918710051698264 0.11458471788618485 0.04062040746743345 0.13183386734185687 0.5899506399255277 0.21341290266167 0.5146291405589367 0.64391651573439 0.41259069086216615 0.9285466554559468 0.6189858278419277 0.15618918329645226
0.6870896123780394 0.1060216681260665 0.293547164518581 0.9271647646425908 0.5890822674136393 0.1592237712814688 0.6478416525226487 0.04489731478405112 0.7971956513661543 0.9961753894134296 0.0 0.3108572500546254 0.07718532052541982 0.8683543886129136 0.19938796284510085 0.05745294088332564 0.03806497567645761 0.8099340154568144 0.40717041828719613 0.3416228255191237 0.015544512156801304 0.5002500420880648 0.35145679927824347
0.9000556790977814 0.5841217392572648 0.00782179251856796 0.23381496157694415 0.4642802570075434 0.6631935616832619 0.7828107897898205 0.24866387715912586 0.8686713249856122 0.08918710051698264 0.3108572500546254 0.0 0.64107199568081 0.8879210923854133 0.9534806826435925 0.5203656268330762 0.10779281991803269 0.12413649949699812 0.851388759295147 0.47417455859581803 0.8911716155957938 0.05088735781056508 0.07934258715144016
0.5542835695114078 0.034629707372971774 0.7383624663048828 0.6105144631233099 0.5725549054978968 0.9279243867618392 0.8456388323399566 0.7942727259263158 0.8235772270493094 0.11458471788618485 0.07718532052541982 0.64107199568081 0.0 0.5282138808341784 0.7367846601560673 0.8312534398248405 0.4585733138767868 0.4063268619438829 0.1455816715341357 0.8763105497957963 0.38173080744221355 0.18450734724004358 0.8556945096720403
0.13314642964201107 0.591867496593284 0.983739460567519 0.17091490647789498 0.5875794369038808 0.3216119272372183 0.7751891224524607 0.8281921593018837 0.5843702904641617 0.04062040746743345 0.8683543886129136 0.8879210923854133 0.5282138808341784 0.0 0.05279523826445354 0.9269634451977069 0.501551882090804 0.917897689428386 0.9727406872970936 0.4251623827832658 0.45204020242755205 0.17578618429767612 0.8551046351287387
0.4331387995152689 0.5667021692952248 0.5209638252055961 0.09411010118351826 0.8600767679696172 0.14319350542041998 0.696603186950595 0.9946270710959385 0.6198386845908227 0.13183386734185687 0.19938796284510085 0.9534806826435925 0.7367846601560673 0.05279523826445354 0.0 0.3856735870321921 0.7966839048279872 0.5330256405779356 0.9347614197828379 0.14769607995043277 0.12606087199795668 0.9925683373930917 0.16083214225562803
0.014644192897331987 0.4778674625347654 0.5212639557469931 0.6440653809003161 0.111610784703009 0.32326475543966404 0.24181106046375733 0.1354824464769656 0.14584505146207227 0.5899506399255277 0.05745294088332564 0.5203656268330762 0.8312534398248405 0.9269634451977069 0.3856735870321921 0.0 0.6177483185579717 0.39597811322690657 0.08651817833258446 0.9741785081190331 0.9779987971368832 0.8161836264919723 0.980366332653709
0.368702942536996 0.2536667163117411 0.1896555509619322 0.08729469607647877 0.06482757718738219 0.7559644770679299 0.09049251081332788 0.2835967421784512 0.39276185177623235 0.21341290266167 0.03806497567645761 0.10779281991803269 0.4585733138767868 0.501551882090804 0.7966839048279872 0.6177483185579717 0.0 0.28298699760308743 0.30592126780389817 0.41887321570985314 0.23160868922287636 0.3657223669024148 0.6326486723539871
0.6551362726843564 0.005624530117485649 0.8040002796233124 0.7001152178773922 0.4333928444723001 0.7214101944919868 0.7607884834771861 0.0033581365616759395 0.30469445056698663 0.5146291405589367 0.8099340154568144 0.12413649949699812 0.4063268619438829 0.917897689428386 0.5330256405779356 0.39597811322690657 0.28298699760308743 0.0 0.7594160142819604 0.9102950776970401 0.3223302961929704 0.08556412529608992 0.10894772305325029
0.126808200144364 0.859189641975798 0.5643201063534018 0.4744827146687334 0.8745341057563875 0.18162962200279464 0.22769209550912695 0.4415437368518621 0.8643413757539905 0.64391651573439 0.40717041828719613 0.851388759295147 0.1455816715341357 0.9727406872970936 0.9347614197828379 0.08651817833258446 0.30592126780389817 0.7594160142819604 0.0 0.5478493813542193 0.867420999557542 0.41008150377744745 0.18695822919534333
0.06506722041480506 0.042946070195547525 0.724675260743021 0.5737229971830496 0.15231158778023723 0.08929339204121789 0.6410569507695887 0.05348899818716024 0.2113563182899758 0.41259069086216615 0.3416228255191237 0.47417455859581803 0.8763105497957963 0.4251623827832658 0.14769607995043277 0.9741785081190331 0.41887321570985314 0.9102950776970401 0.5478493813542193 0.0 0.1705388419433359 0.7132669211551145 0.3462317737213977
0.991684313285411 0.363750413665921 0.32845846520652144 0.446656841797048 0.8509623994816342 0.8913160764105686 0.2908862895225811 0.6051107493773747 0.5651987764184301 0.9285466554559468 0.015544512156801304 0.8911716155957938 0.38173080744221355 0.45204020242755205 0.12606087199795668 0.9779987971368832 0.23160868922287636 0.3223302961929704 0.867420999557542 0.1705388419433359 0.0 0.951726309016444 0.4952595024966563
0.5962858440832356 0.4782932111765583 0.8350071903799887 0.7415514972321078 0.42598631107859153 0.4633863673877866 0.8704697860805072 0.7797727834469008 0.7289831022771281 0.6189858278419277 0.5002500420880648 0.05088735781056508 0.18450734724004358 0.17578618429767612 0.9925683373930917 0.8161836264919723 0.3657223669024148 0.08556412529608992 0.41008150377744745 0.7132669211551145 0.951726309016444 0.0 0.5257996314369422
0.7758026630909742 0.11970980426790157 0.45354601499580416 0.5286739038497122 0.2558917733832985 0.4488104298114244 0.16874995053506292 0.17221122791107024 0.662670164465585 0.15618918329645226 0.35145679927824347 0.07934258715144016 0.8556945096720403 0.8551046351287387 0.16083214225562803 0.980366332653709 0.6326486723539871 0.10894772305325029 0.18695822919534333 0.3462317737213977 0.4952595024966563 0.5257996314369422 0.0

# Optimal Walk
0 19 5 14 13 9 3 8 6 16 4 20 10 12 1 17 7 21 11 2 22 18 15 0
