# Graph size: 23
# Optimal cost: 1.3309762305870716

# Distance Matrix
0.0 0.2822019933185337 0.009892288954922002 0.9012380624716314 0.15448422250382232 0.7085866514215768 0.08062259808805128 0.23371918231616184 0.9847853893695189 0.6298012640188774 0.5292371558960139 0.9800003004150734 0.1886537992659546 0.9490220345500542 0.7262188201036028 0.31977465868008403 0.12777970025877194 0.6041099209498257 0.04534370326906689 0.8869929155059173 0.9218933865393542 0.7311808402590744 0.465751918127272
0.2822019933185337 0.0 0.47614689579371405 0.38269228756448204 0.7677978448990685 0.2664496918544855 0.07735087770986626 0.19268024752408452 0.2470363357178882 0.8977453340192558 0.44117825576349834 0.8826603705639368 0.0034002553256256007 0.4354119245422119 0.6095638339366587 0.37353687861048 0.2625435793312886 0.3759077553265455 0.36568266819399153 0.5912458860984751 0.6189779932340872 0.9147748352993981 0.35356885611075217
0.009892288954922002 0.47614689579371405 0.0 0.9380483492728126 0.2194241108817212 0.265374976230622 0.6973383863108342 0.2090831259127912 0.5641905824371624 0.021412026462464206 0.310232270946153 0.8799918342351745 0.21494136126901497 0.04422751787651902 0.7252978726336229 0.5595913684758712 0.3544382617555747 0.8646467089496608 0.20237688784033403 0.800983976787345 0.5823231029192856 0.1291904041262717 0.07017157206051206
0.9012380624716314 0.38269228756448204 0.9380483492728126 0.0 0.39515870481752047 0.5507287671971216 0.19175743584922433 0.7475109450274708 0.7330526050222107 0.04448701234011598 0.554421447801581 0.6545410822541433 0.8152032467385677 0.8929257197656071 0.49477524044143695 0.27241494884490713 0.012539177479983676 0.6637258521580837 0.8822939591709753 0.939158590949448 0.7375181478967038 0.4340346587117867 0.8824787553741916
0.15448422250382232 0.7677978448990685 0.2194241108817212 0.39515870481752047 0.0 0.5797426293955326 0.771737772165634 0.06000817275238346 0.9750805074177793 0.4599885892618176 0.11430645476268642 0.2731826743567829 0.47149302916960545 0.22679240352681984 0.8646774350090354 0.6205512419862932 0.5064436989982375 0.9512479185029065 0.8343121806959676 0.7349483732041027 0.3003988775516012 0.6266053523423677 0.29345358997552873
0.7085866514215768 0.2664496918544855 0.265374976230622 0.5507287671971216 0.5797426293955326 0.0 0.6733219168857144 0.34164041736158557 0.5896009865970031 0.5024538213001493 0.09269806241549239 0.020758552827226162 0.6315462755300507 0.4515151406318908 0.8471222477229229 0.16534561460128938 0.14466557830588844 0.5383666372520984 0.18358455109063487 0.8689642186343393 0.5095237626673964 0.7503134645643105 0.09091561031114836
0.08062259808805128 0.07735087770986626 0.6973383863108342 0.19175743584922433 0.771737772165634 0.6733219168857144 0.0 0.986002077157502 0.07098625181730633 0.28525969179713195 0.5128648652078549 0.6728155422796586 0.4730057320295822 0.44571923754936627 0.07504997070360175 0.39560217418357035 0.826631200390382 0.07049428947906311 0.695192938389712 0.8967322884827728 0.17098669743563766 0.7306138476681507 0.947034204762441
0.23371918231616184 0.19268024752408452 0.2090831259127912 0.7475109450274708 0.06000817275238346 0.34164041736158557 0.986002077157502 0.0 0.7138081522576765 0.9535687893021522 0.4092897511434599 0.3305438063186463 0.979508740840168 0.8040628038763127 0.4100611798023428 0.6645239948349063 0.3953169627007005 0.7049803396925372 0.7929628514079395 0.6624252403066856 0.4685155144499088 0.772771153229518 0.725466284833216
0.9847853893695189 0.2470363357178882 0.5641905824371624 0.7330526050222107 0.9750805074177793 0.5896009865970031 0.07098625181730633 0.7138081522576765 0.0 0.3781734718712756 0.32937595421339294 0.2546649597699858 0.7531072783209437 0.6160333850972805 0.7042557275720567 0.01934945335621585 0.14412716846779727 0.5870087899457442 0.9103557523700706 0.7736930918326707 0.1431192253359821 0.06400826934805282 0.05918120752417266
0.6298012640188774 0.8977453340192558 0.021412026462464206 0.04448701234011598 0.4599885892618176 0.5024538213001493 0.28525969179713195 0.9535687893021522 0.3781734718712756 0.0 0.47307235542047854 0.18058575952775047 0.038979853668945075 0.008286517120891457 0.9094647469308202 0.8284754529710453 0.41744602954400656 0.9846751845969274 0.2593207436945878 0.5661846130001629 0.5993466164212093 0.21826371357540786 0.45232881995358165
0.5292371558960139 0.44117825576349834 0.310232270946153 0.554421447801581 0.11430645476268642 0.09269806241549239 0.5128648652078549 0.4092897511434599 0.32937595421339294 0.47307235542047854 0.0 0.22717004203888658 0.8898232315022448 0.3701079613024494 0.5825400968237334 0.3332352661247784 0.5595561326423827 0.017629952297903984 0.2249196879339994 0.391716034256839 0.03149059960432232 0.9678712731329552 0.44324438597686344
0.9800003004150734 0.8826603705639368 0.8799918342351745 0.6545410822541433 0.2731826743567829 0.020758552827226162 0.6728155422796586 0.3305438063186463 0.2546649597699858 0.18058575952775047 0.22717004203888658 0.0 0.6302048251685984 0.10926646173233179 0.709838848122701 0.4793672980909882 0.5741183981887068 0.3823913218504388 0.888298163418422 0.5992214872972089 0.33432664900832787 0.944173867568275 0.2839071631472918
0.1886537992659546 0.0034002553256256007 0.21494136126901497 0.8152032467385677 0.47149302916960545 0.6315462755300507 0.4730057320295822 0.979508740840168 0.7531072783209437 0.038979853668945075 0.8898232315022448 0.6302048251685984 0.0 0.3375370750617578 0.465224255557076 0.34066112911289326 0.4183742598241962 0.4310965666284562 0.7780419232384261 0.2322994335448162 0.5683618311120027 0.059455920898790926 0.5498569474396148
0.9490220345500542 0.4354119245422119 0.04422751787651902 0.8929257197656071 0.22679240352681984 0.4515151406318908 0.44571923754936627 0.8040628038763127 0.6160333850972805 0.008286517120891457 0.3701079613024494 0.10926646173233179 0.3375370750617578 0.0 0.5947656221568102 0.6681467609872394 0.6224096896015733 0.15567767055027448 0.41139155949455564 0.3085875700304971 0.17508037651451192 0.2691399573440939 0.7168317691340743
0.7262188201036028 0.6095638339366587 0.7252978726336229 0.49477524044143695 0.8646774350090354 0.8471222477229229 0.07504997070360175 0.4100611798023428 0.7042557275720567 0.9094647469308202 0.5825400968237334 0.709838848122701 0.465224255557076 0.5947656221568102 0.0 0.7987375498231284 0.8143637648809743 0.4267681475624121 0.5401001996248364 0.04648189634665767 0.7645634044122626 0.9314170546088625 0.7648291439760336
0.31977465868008403 0.37353687861048 0.5595913684758712 0.27241494884490713 0.6205512419862932 0.16534561460128938 0.39560217418357035 0.6645239948349063 0.01934945335621585 0.8284754529710453 0.3332352661247784 0.4793672980909882 0.34066112911289326 0.6681467609872394 0.7987375498231284 0.0 0.8358663769240593 0.645399140710253 0.7824253452107062 0.17557946429069327 0.931323299636225 0.42217597314543154 0.5631749358938287
0.12777970025877194 0.2625435793312886 0.3544382617555747 0.012539177479983676 0.5064436989982375 0.14466557830588844 0.826631200390382 0.3953169627007005 0.14412716846779727 0.41744602954400656 0.5595561326423827 0.5741183981887068 0.4183742598241962 0.6224096896015733 0.8143637648809743 0.8358663769240593 0.0 0.9912579699519383 0.32279077644913434 0.8357511786230075 0.9911651927011196 1.7475021336699204E-4 0.8407591452595692
0.6041099209498257 0.3759077553265455 0.8646467089496608 0.6637258521580837 0.9512479185029065 0.5383666372520984 0.07049428947906311 0.7049803396925372 0.5870087899457442 0.9846751845969274 0.017629952297903984 0.3823913218504388 0.4310965666284562 0.15567767055027448 0.4267681475624121 0.645399140710253 0.9912579699519383 0.0 0.6890395233637434 0.14137443763603774 0.005999218443709209 0.3165685312673089 0.22714692329331188
0.04534370326906689 0.36568266819399153 0.20237688784033403 0.8822939591709753 0.8343121806959676 0.18358455109063487 0.695192938389712 0.7929628514079395 0.9103557523700706 0.2593207436945878 0.2249196879339994 0.888298163418422 0.7780419232384261 0.41139155949455564 0.5401001996248364 0.7824253452107062 0.32279077644913434 0.6890395233637434 0.0 0.1905955323112305 0.6698504333685832 0.44081950356822974 0.9898259950774535
0.8869929155059173 0.5912458860984751 0.800983976787345 0.939158590949448 0.7349483732041027 0.8689642186343393 0.8967322884827728 0.6624252403066856 0.7736930918326707 0.5661846130001629 0.391716034256839 0.5992214872972089 0.2322994335448162 0.3085875700304971 0.04648189634665767 0.17557946429069327 0.8357511786230075 0.14137443763603774 0.1905955323112305 0.0 0.8985967089936063 0.9909840432708418 0.4815492528967319
0.9218933865393542 0.6189779932340872 0.5823231029192856 0.7375181478967038 0.3003988775516012 0.5095237626673964 0.17098669743563766 0.4685155144499088 0.1431192253359821 0.5993466164212093 0.03149059960432232 0.33432664900832787 0.5683618311120027 0.17508037651451192 0.7645634044122626 0.931323299636225 0.9911651927011196 0.005999218443709209 0.6698504333685832 0.8985967089936063 0.0 0.9377971700396133 0.9413720403600729
0.7311808402590744 0.9147748352993981 0.1291904041262717 0.4340346587117867 0.6266053523423677 0.7503134645643105 0.7306138476681507 0.772771153229518 0.06400826934805282 0.21826371357540786 0.9678712731329552 0.944173867568275 0.059455920898790926 0.2691399573440939 0.9314170546088625 0.42217597314543154 1.7475021336699204E-4 0.3165685312673089 0.44081950356822974 0.9909840432708418 0.9377971700396133 0.0 0.6070145946277629
0.465751918127272 0.35356885611075217 0.07017157206051206 0.8824787553741916 0.29345358997552873 0.09091561031114836 0.947034204762441 0.725466284833216 0.05918120752417266 0.45232881995358165 0.44324438597686344 0.2839071631472918 0.5498569474396148 0.7168317691340743 0.7648291439760336 0.5631749358938287 0.8407591452595692 0.22714692329331188 0.9898259950774535 0.4815492528967319 0.9413720403600729 0.6070145946277629 0.0

# Optimal Walk
0 18 9 13 11 5 22 15 8 6 14 19 20 17 10 4 7 1 12 21 16 3 2 0
