# MCW Instance
# Type: UNIFORM
# N: 23
# Optimal cost: 2.0673092635293506
# Optimal tour (permutation): [0, 15, 22, 11, 9, 5, 12, 7, 20, 2, 19, 16, 4, 1, 17, 18, 14, 13, 10, 3, 21, 8, 6, 0]
# Optimal walk (full path): [0, 15, 22, 9, 11, 9, 22, 5, 3, 12, 3, 7, 20, 2, 4, 16, 19, 16, 4, 1, 17, 18, 14, 13, 10, 3, 21, 8, 6, 8, 0]
# Walk size: 31
# Is walk (has repeats): true

# Distance Matrix
0.0000000000 0.8887249412 0.3639985914 0.5987734407 0.8172196552 0.6491698328 0.5057836827 0.7415248414 0.1018962920 0.6018140657 0.6540039702 0.1667263453 0.7106880128 0.8760491839 0.6279612648 0.0775619295 0.8024244568 0.6914737312 0.1858713610 0.2794952031 0.2420197599 0.2232672225 0.9337533841
0.8887249412 0.0000000000 0.5578164945 0.4508755630 0.1133169051 0.1658157093 0.4936826093 0.8405289974 0.3300087888 0.8951581454 0.4728304262 0.7216665646 0.8774459841 0.6080238754 0.9546214897 0.9956629295 0.9339587243 0.0804989970 0.1638018977 0.3820933431 0.3601221410 0.9334714218 0.2433379745
0.3639985914 0.5578164945 0.0000000000 0.4132070878 0.1580994799 0.4698247788 0.5639148126 0.9351387171 0.3869799724 0.7372575672 0.3241614972 0.3956725697 0.2428820224 0.6907810597 0.7953932777 0.7696655755 0.4979440375 0.7908644416 0.5656376718 0.5757717789 0.2589268457 0.3663588816 0.9199374347
0.5987734407 0.4508755630 0.4132070878 0.0000000000 0.0719017488 0.0540031316 0.5957469431 0.0574010942 0.3818887155 0.5854107508 0.0159272771 0.1901968716 0.0021222895 0.0959987888 0.0546592664 0.6956635664 0.8644501175 0.1892960418 0.2009555368 0.3999378932 0.8904361264 0.1155841807 0.0771247964
0.8172196552 0.1133169051 0.1580994799 0.0719017488 0.0000000000 0.7599743928 0.7621039398 0.9905582285 0.8568318698 0.1805609232 0.4555826217 0.1485097000 0.1854548784 0.9539088935 0.9366108403 0.8485684726 0.0021844692 0.3416242230 0.3006449885 0.8503913901 0.4377236744 0.1323414343 0.5553556865
0.6491698328 0.1658157093 0.4698247788 0.0540031316 0.7599743928 0.0000000000 0.9547871724 0.2671111133 0.6030301444 0.1895861056 0.4651185940 0.2341043234 0.1879590819 0.6503846721 0.6669246934 0.9317239020 0.3165303788 0.8585136796 0.8460570017 0.8229735795 0.8196723237 0.9328747061 0.0697257813
0.5057836827 0.4936826093 0.5639148126 0.5957469431 0.7621039398 0.9547871724 0.0000000000 0.4164150591 0.0242062040 0.3655803123 0.9402033457 0.5731905413 0.1555789406 0.9919410431 0.7975336269 0.4152502567 0.9515799889 0.2334253727 0.3954480351 0.3289559529 0.4531374184 0.2566897513 0.9037900813
0.7415248414 0.8405289974 0.9351387171 0.0574010942 0.9905582285 0.2671111133 0.4164150591 0.0000000000 0.1138955505 0.7830146071 0.8880644920 0.2011018794 0.4136584406 0.3492060235 0.3504208456 0.8126280302 0.1834843890 0.3170562804 0.1481330221 0.5218432920 0.0991137741 0.3826039222 0.7158886583
0.1018962920 0.3300087888 0.3869799724 0.3818887155 0.8568318698 0.6030301444 0.0242062040 0.1138955505 0.0000000000 0.6377124473 0.4918305542 0.8493778545 0.7683897894 0.1352421594 0.6066032683 0.7618504012 0.6405255819 0.4034861272 0.7233939216 0.3809782733 0.2913874485 0.1330165665 0.9561181223
0.6018140657 0.8951581454 0.7372575672 0.5854107508 0.1805609232 0.1895861056 0.3655803123 0.7830146071 0.6377124473 0.0000000000 0.6007386812 0.0605354801 0.9539764614 0.3494045625 0.9992946953 0.7112154009 0.7961786895 0.2302151495 0.0944004319 0.7727628045 0.5843195804 0.6395519936 0.0298833692
0.6540039702 0.4728304262 0.3241614972 0.0159272771 0.4555826217 0.4651185940 0.9402033457 0.8880644920 0.4918305542 0.6007386812 0.0000000000 0.7032218902 0.8042262037 0.0688909112 0.3585171765 0.9332440793 0.6801579473 0.6566455063 0.8063257486 0.4236212310 0.1885350943 0.4618799228 0.9043350143
0.1667263453 0.7216665646 0.3956725697 0.1901968716 0.1485097000 0.2341043234 0.5731905413 0.2011018794 0.8493778545 0.0605354801 0.7032218902 0.0000000000 0.9713475587 0.9000677187 0.4256520324 0.1560159111 0.1328926107 0.6901107738 0.1547836556 0.9721387947 0.2984077282 0.6861722810 0.7185176333
0.7106880128 0.8774459841 0.2428820224 0.0021222895 0.1854548784 0.1879590819 0.1555789406 0.4136584406 0.7683897894 0.9539764614 0.8042262037 0.9713475587 0.0000000000 0.9494854271 0.1468766393 0.4318529711 0.2354361895 0.1958419590 0.4397604169 0.1380978948 0.1461789725 0.3109223164 0.8694758387
0.8760491839 0.6080238754 0.6907810597 0.0959987888 0.9539088935 0.6503846721 0.9919410431 0.3492060235 0.1352421594 0.3494045625 0.0688909112 0.9000677187 0.9494854271 0.0000000000 0.0654912289 0.7169129472 0.3213484272 0.4690852736 0.5354279690 0.4991708972 0.3375399022 0.9108654785 0.8033470326
0.6279612648 0.9546214897 0.7953932777 0.0546592664 0.9366108403 0.6669246934 0.7975336269 0.3504208456 0.6066032683 0.9992946953 0.3585171765 0.4256520324 0.1468766393 0.0654912289 0.0000000000 0.1835887633 0.9513426480 0.8739614707 0.0438121882 0.5282365999 0.4254521657 0.5451208687 0.9950788931
0.0775619295 0.9956629295 0.7696655755 0.6956635664 0.8485684726 0.9317239020 0.4152502567 0.8126280302 0.7618504012 0.7112154009 0.9332440793 0.1560159111 0.4318529711 0.7169129472 0.1835887633 0.0000000000 0.8166516487 0.5391641849 0.2315431736 0.3898864703 0.6063463576 0.5497115494 0.0111674166
0.8024244568 0.9339587243 0.4979440375 0.8644501175 0.0021844692 0.3165303788 0.9515799889 0.1834843890 0.6405255819 0.7961786895 0.6801579473 0.1328926107 0.2354361895 0.3213484272 0.9513426480 0.8166516487 0.0000000000 0.1595665046 0.3654781105 0.1044229464 0.3232607498 0.5401604470 0.9635312551
0.6914737312 0.0804989970 0.7908644416 0.1892960418 0.3416242230 0.8585136796 0.2334253727 0.3170562804 0.4034861272 0.2302151495 0.6566455063 0.6901107738 0.1958419590 0.4690852736 0.8739614707 0.5391641849 0.1595665046 0.0000000000 0.0961657469 0.4109596435 0.6320902767 0.8812767679 0.3930114866
0.1858713610 0.1638018977 0.5656376718 0.2009555368 0.3006449885 0.8460570017 0.3954480351 0.1481330221 0.7233939216 0.0944004319 0.8063257486 0.1547836556 0.4397604169 0.5354279690 0.0438121882 0.2315431736 0.3654781105 0.0961657469 0.0000000000 0.5674541743 0.6690282434 0.4359380598 0.0927894949
0.2794952031 0.3820933431 0.5757717789 0.3999378932 0.8503913901 0.8229735795 0.3289559529 0.5218432920 0.3809782733 0.7727628045 0.4236212310 0.9721387947 0.1380978948 0.4991708972 0.5282365999 0.3898864703 0.1044229464 0.4109596435 0.5674541743 0.0000000000 0.2087954898 0.2369627261 0.2794062049
0.2420197599 0.3601221410 0.2589268457 0.8904361264 0.4377236744 0.8196723237 0.4531374184 0.0991137741 0.2913874485 0.5843195804 0.1885350943 0.2984077282 0.1461789725 0.3375399022 0.4254521657 0.6063463576 0.3232607498 0.6320902767 0.6690282434 0.2087954898 0.0000000000 0.4541703876 0.8988448373
0.2232672225 0.9334714218 0.3663588816 0.1155841807 0.1323414343 0.9328747061 0.2566897513 0.3826039222 0.1330165665 0.6395519936 0.4618799228 0.6861722810 0.3109223164 0.9108654785 0.5451208687 0.5497115494 0.5401604470 0.8812767679 0.4359380598 0.2369627261 0.4541703876 0.0000000000 0.9510593174
0.9337533841 0.2433379745 0.9199374347 0.0771247964 0.5553556865 0.0697257813 0.9037900813 0.7158886583 0.9561181223 0.0298833692 0.9043350143 0.7185176333 0.8694758387 0.8033470326 0.9950788931 0.0111674166 0.9635312551 0.3930114866 0.0927894949 0.2794062049 0.8988448373 0.9510593174 0.0000000000
