# MCW Instance
# Type: UNIFORM
# N: 23
# Optimal cost: 1.6924456677416437
# Optimal tour (permutation): [0, 10, 15, 11, 16, 18, 9, 6, 22, 13, 12, 7, 3, 21, 20, 17, 14, 5, 19, 8, 4, 2, 1, 0]
# Optimal walk (full path): [0, 1, 10, 15, 11, 16, 18, 9, 6, 22, 13, 12, 7, 3, 7, 21, 17, 20, 17, 14, 5, 19, 8, 19, 4, 1, 2, 1, 0]
# Walk size: 29
# Is walk (has repeats): true

# Distance Matrix
0.0000000000 0.0029625231 0.4417191258 0.4745761641 0.1583340896 0.3687083670 0.2980006960 0.2869501772 0.8461492008 0.5244579085 0.8391945968 0.6448266318 0.5020051413 0.2922573662 0.8669246831 0.1893253445 0.6132394610 0.9620197449 0.6788792052 0.8136730181 0.7566636251 0.8556565511 0.1668334892
0.0029625231 0.0000000000 0.0806410874 0.7578576861 0.0347800487 0.5311206831 0.4749759159 0.1052341965 0.9686575918 0.0661714755 0.0540843925 0.7146051722 0.2925750708 0.8867819478 0.1393393759 0.9456496714 0.8814938440 0.9110580985 0.0507209660 0.1085938563 0.3398613559 0.8935244983 0.5291115062
0.4417191258 0.0806410874 0.0000000000 0.5675792784 0.6656630172 0.8106740019 0.4134130713 0.9466093825 0.2852787241 0.4412737020 0.3437586910 0.8746280776 0.8754346374 0.5550323280 0.7474391456 0.1681984799 0.3895166207 0.7257726523 0.1307695525 0.3434138382 0.4877391490 0.4190416304 0.7479711483
0.4745761641 0.7578576861 0.5675792784 0.0000000000 0.8730868921 0.1341396694 0.6691306452 0.0472449720 0.6609276559 0.4680943500 0.3567663515 0.9045663700 0.7913341943 0.1840292690 0.8262724865 0.5473303452 0.7315844327 0.5602258160 0.3397915657 0.2428292442 0.8126315851 0.9660970027 0.6561948771
0.1583340896 0.0347800487 0.6656630172 0.8730868921 0.0000000000 0.2806463957 0.9953695806 0.1470374506 0.8435977083 0.5134001373 0.6411490094 0.8369261697 0.2869363220 0.7368748767 0.2484881691 0.2805882711 0.7358520113 0.4884269637 0.8923379006 0.0619979770 0.1531665328 0.4216550625 0.4079227825
0.3687083670 0.5311206831 0.8106740019 0.1341396694 0.2806463957 0.0000000000 0.2287318876 0.0705226274 0.2756758649 0.1980956980 0.0791583654 0.1353018213 0.5989478730 0.9113062823 0.1360747638 0.5417216649 0.8104374920 0.1366984789 0.7689817762 0.0790524476 0.8850231368 0.6935157943 0.6469096190
0.2980006960 0.4749759159 0.4134130713 0.6691306452 0.9953695806 0.2287318876 0.0000000000 0.6011836281 0.9353846746 0.0539077802 0.7046882721 0.8243085613 0.2292269790 0.9313940932 0.5877801718 0.4932852849 0.7285383088 0.0916581504 0.6042699548 0.1222706476 0.0666850850 0.9980047409 0.0573334594
0.2869501772 0.1052341965 0.9466093825 0.0472449720 0.1470374506 0.0705226274 0.6011836281 0.0000000000 0.7115132853 0.9894971633 0.9907314680 0.4574832337 0.0697308846 0.6780981922 0.3178270854 0.5211160427 0.6302857530 0.0440881901 0.4838241883 0.0503629690 0.9394115858 0.0417862847 0.0642975866
0.8461492008 0.9686575918 0.2852787241 0.6609276559 0.8435977083 0.2756758649 0.9353846746 0.7115132853 0.0000000000 0.7589702366 0.3160342262 0.2775935701 0.3454141145 0.8599149789 0.5352670664 0.7131374775 0.8911033317 0.7626868002 0.7714520441 0.0567104747 0.4148326362 0.5416428508 0.4516551746
0.5244579085 0.0661714755 0.4412737020 0.4680943500 0.5134001373 0.1980956980 0.0539077802 0.9894971633 0.7589702366 0.0000000000 0.5166178489 0.1386346459 0.9315700863 0.1168154858 0.9504001980 0.1589487284 0.4825656275 0.8652846103 0.0854987811 0.2070021743 0.1635721961 0.4622838870 0.4097825309
0.8391945968 0.0540843925 0.3437586910 0.3567663515 0.6411490094 0.0791583654 0.7046882721 0.9907314680 0.3160342262 0.5166178489 0.0000000000 0.5908711523 0.1423823769 0.7388444289 0.5344576292 0.0370254714 0.6896520559 0.4750850784 0.3172319483 0.6110748292 0.1554399106 0.5652219197 0.8002082554
0.6448266318 0.7146051722 0.8746280776 0.9045663700 0.8369261697 0.1353018213 0.8243085613 0.4574832337 0.2775935701 0.1386346459 0.5908711523 0.0000000000 0.8905989857 0.7490160455 0.8954922720 0.0648315474 0.0873578696 0.4161602167 0.0312151002 0.4353176128 0.8718416776 0.4528959659 0.5054987346
0.5020051413 0.2925750708 0.8754346374 0.7913341943 0.2869363220 0.5989478730 0.2292269790 0.0697308846 0.3454141145 0.9315700863 0.1423823769 0.8905989857 0.0000000000 0.0723412881 0.2400354708 0.6205834052 0.2296460979 0.8903645984 0.8804365117 0.4345211493 0.3040964403 0.9048365080 0.1487766680
0.2922573662 0.8867819478 0.5550323280 0.1840292690 0.7368748767 0.9113062823 0.9313940932 0.6780981922 0.8599149789 0.1168154858 0.7388444289 0.7490160455 0.0723412881 0.0000000000 0.9866826337 0.2987816822 0.5695974374 0.9385663639 0.1329404314 0.8930649738 0.4001733018 0.4474906814 0.1261073696
0.8669246831 0.1393393759 0.7474391456 0.8262724865 0.2484881691 0.1360747638 0.5877801718 0.3178270854 0.5352670664 0.9504001980 0.5344576292 0.8954922720 0.2400354708 0.9866826337 0.0000000000 0.6179671382 0.1952458141 0.0828521015 0.8083506029 0.3271770044 0.4664364919 0.5236685817 0.2900110779
0.1893253445 0.9456496714 0.1681984799 0.5473303452 0.2805882711 0.5417216649 0.4932852849 0.5211160427 0.7131374775 0.1589487284 0.0370254714 0.0648315474 0.6205834052 0.2987816822 0.6179671382 0.0000000000 0.9383797055 0.2656441821 0.2626995638 0.6365873797 0.9327264155 0.4595271297 0.7885869374
0.6132394610 0.8814938440 0.3895166207 0.7315844327 0.7358520113 0.8104374920 0.7285383088 0.6302857530 0.8911033317 0.4825656275 0.6896520559 0.0873578696 0.2296460979 0.5695974374 0.1952458141 0.9383797055 0.0000000000 0.4616195482 0.0778081843 0.6423221320 0.9364613851 0.4804352337 0.8482854904
0.9620197449 0.9110580985 0.7257726523 0.5602258160 0.4884269637 0.1366984789 0.0916581504 0.0440881901 0.7626868002 0.8652846103 0.4750850784 0.4161602167 0.8903645984 0.9385663639 0.0828521015 0.2656441821 0.4616195482 0.0000000000 0.3010450829 0.8347794839 0.0181963606 0.0583641807 0.5512184993
0.6788792052 0.0507209660 0.1307695525 0.3397915657 0.8923379006 0.7689817762 0.6042699548 0.4838241883 0.7714520441 0.0854987811 0.3172319483 0.0312151002 0.8804365117 0.1329404314 0.8083506029 0.2626995638 0.0778081843 0.3010450829 0.0000000000 0.3068200108 0.1854124150 0.2915973231 0.7466235363
0.8136730181 0.1085938563 0.3434138382 0.2428292442 0.0619979770 0.0790524476 0.1222706476 0.0503629690 0.0567104747 0.2070021743 0.6110748292 0.4353176128 0.4345211493 0.8930649738 0.3271770044 0.6365873797 0.6423221320 0.8347794839 0.3068200108 0.0000000000 0.5471830241 0.9350613685 0.8160322247
0.7566636251 0.3398613559 0.4877391490 0.8126315851 0.1531665328 0.8850231368 0.0666850850 0.9394115858 0.4148326362 0.1635721961 0.1554399106 0.8718416776 0.3040964403 0.4001733018 0.4664364919 0.9327264155 0.9364613851 0.0181963606 0.1854124150 0.5471830241 0.0000000000 0.5331751827 0.3867982110
0.8556565511 0.8935244983 0.4190416304 0.9660970027 0.4216550625 0.6935157943 0.9980047409 0.0417862847 0.5416428508 0.4622838870 0.5652219197 0.4528959659 0.9048365080 0.4474906814 0.5236685817 0.4595271297 0.4804352337 0.0583641807 0.2915973231 0.9350613685 0.5331751827 0.0000000000 0.4976872306
0.1668334892 0.5291115062 0.7479711483 0.6561948771 0.4079227825 0.6469096190 0.0573334594 0.0642975866 0.4516551746 0.4097825309 0.8002082554 0.5054987346 0.1487766680 0.1261073696 0.2900110779 0.7885869374 0.8482854904 0.5512184993 0.7466235363 0.8160322247 0.3867982110 0.4976872306 0.0000000000
