# MCW Instance
# Type: UNIFORM
# N: 23
# Optimal cost: 1.9819856148358403
# Optimal tour (permutation): [0, 18, 3, 10, 16, 14, 6, 20, 12, 21, 19, 22, 15, 8, 9, 4, 11, 7, 13, 2, 5, 17, 1, 0]
# Optimal walk (full path): [0, 18, 3, 10, 16, 14, 16, 0, 6, 20, 12, 20, 21, 19, 22, 8, 15, 8, 9, 4, 11, 7, 11, 13, 2, 5, 17, 1, 6, 0]
# Walk size: 30
# Is walk (has repeats): true

# Distance Matrix
0.0000000000 0.4583169858 0.6941491087 0.8868110065 0.1081523107 0.1021294576 0.0015915411 0.6819384051 0.9083292529 0.5702013683 0.2112666953 0.3070399800 0.7893738425 0.5410326748 0.9558849970 0.8419189384 0.0709477036 0.7753448786 0.0882068028 0.2582966664 0.2281891771 0.6820726986 0.7363425968
0.4583169858 0.0000000000 0.9825205083 0.1952135535 0.3339111494 0.4241863864 0.0379690588 0.5627411143 0.3335715393 0.3312313819 0.6414531220 0.6742780454 0.3235016471 0.3841814356 0.5351371588 0.8840644492 0.6046765986 0.0221855836 0.5239821268 0.5300423728 0.2841687115 0.1581870280 0.6584379321
0.6941491087 0.9825205083 0.0000000000 0.4963865140 0.6065563811 0.0707922241 0.2530893812 0.5926783383 0.6408329849 0.7042297035 0.4641868109 0.3605944735 0.2923290804 0.1283819884 0.4624689201 0.3340185691 0.6882622015 0.7165386757 0.3324115160 0.2247750578 0.3458803996 0.9354321057 0.7050132837
0.8868110065 0.1952135535 0.4963865140 0.0000000000 0.9837225909 0.1737671546 0.5102817655 0.7884550164 0.1957335061 0.2797267876 0.1269870865 0.8994469184 0.8071251723 0.7627711664 0.7642727482 0.8178033460 0.7553978144 0.1520801575 0.2105041807 0.2877626492 0.6736728470 0.9224093449 0.3130560173
0.1081523107 0.3339111494 0.6065563811 0.9837225909 0.0000000000 0.7717949094 0.4760142484 0.5632708441 0.0325288452 0.1261178329 0.2948552257 0.0083139626 0.4297749985 0.2118673617 0.9380408632 0.8416843976 0.3006074804 0.5818459599 0.7605370888 0.5897419934 0.2912303728 0.2899982992 0.6046448494
0.1021294576 0.4241863864 0.0707922241 0.1737671546 0.7717949094 0.0000000000 0.5793689464 0.9768430596 0.5592405465 0.2525976847 0.2982013147 0.5665347865 0.5129960910 0.6567102160 0.9274692116 0.6095000535 0.4267669564 0.0647833207 0.7347315300 0.3207695667 0.9882969634 0.0422620097 0.3116434230
0.0015915411 0.0379690588 0.2530893812 0.5102817655 0.4760142484 0.5793689464 0.0000000000 0.9190649821 0.8683588983 0.3076797103 0.2209960589 0.6750506152 0.4989248970 0.2442131716 0.4776194175 0.2051686912 0.3314555739 0.9277099766 0.4293412649 0.9144088154 0.0052700825 0.5203405063 0.0270459703
0.6819384051 0.5627411143 0.5926783383 0.7884550164 0.5632708441 0.9768430596 0.9190649821 0.0000000000 0.3907768558 0.7944357668 0.9190650953 0.1769792890 0.9848919095 0.4213427135 0.6193958719 0.8537961400 0.7700546368 0.8261051683 0.8574724334 0.9194506219 0.5712937227 0.7631579723 0.2272588197
0.9083292529 0.3335715393 0.6408329849 0.1957335061 0.0325288452 0.5592405465 0.8683588983 0.3907768558 0.0000000000 0.1408781911 0.7763119721 0.1598932532 0.1347090684 0.7285226419 0.1969169850 0.0169087254 0.6470370829 0.8281108097 0.3364357468 0.2554157845 0.5227659529 0.7896805763 0.0367763798
0.5702013683 0.3312313819 0.7042297035 0.2797267876 0.1261178329 0.2525976847 0.3076797103 0.7944357668 0.1408781911 0.0000000000 0.3245820188 0.4670210026 0.7107187347 0.6282148411 0.5700593430 0.9465692328 0.7043668525 0.3856473771 0.3346755959 0.2203982064 0.5790050804 0.3069647841 0.5132439675
0.2112666953 0.6414531220 0.4641868109 0.1269870865 0.2948552257 0.2982013147 0.2209960589 0.9190650953 0.7763119721 0.3245820188 0.0000000000 0.5941648333 0.1321253195 0.9723678592 0.8156709251 0.2906349047 0.0592564792 0.5178576468 0.3060205329 0.7432728228 0.5578065519 0.5617982707 0.8799187133
0.3070399800 0.6742780454 0.3605944735 0.8994469184 0.0083139626 0.5665347865 0.6750506152 0.1769792890 0.1598932532 0.4670210026 0.5941648333 0.0000000000 0.5664296958 0.0660374491 0.2603640299 0.2186585419 0.9331176021 0.2189902611 0.5358467386 0.4155932500 0.6001466390 0.0260301204 0.9212129502
0.7893738425 0.3235016471 0.2923290804 0.8071251723 0.4297749985 0.5129960910 0.4989248970 0.9848919095 0.1347090684 0.7107187347 0.1321253195 0.5664296958 0.0000000000 0.9088810550 0.3604401833 0.4787814085 0.3949653661 0.5743718960 0.2736334494 0.2835756750 0.0422760869 0.8334028588 0.6285988511
0.5410326748 0.3841814356 0.1283819884 0.7627711664 0.2118673617 0.6567102160 0.2442131716 0.4213427135 0.7285226419 0.6282148411 0.9723678592 0.0660374491 0.9088810550 0.0000000000 0.1791360797 0.3715240639 0.4124959612 0.2253311798 0.3480737588 0.6397826614 0.9554279927 0.2286645086 0.7598733211
0.9558849970 0.5351371588 0.4624689201 0.7642727482 0.9380408632 0.9274692116 0.4776194175 0.6193958719 0.1969169850 0.5700593430 0.8156709251 0.2603640299 0.3604401833 0.1791360797 0.0000000000 0.5964678597 0.0328691017 0.5425817263 0.8933957965 0.6412709709 0.2207631612 0.3814168883 0.1785293347
0.8419189384 0.8840644492 0.3340185691 0.8178033460 0.8416843976 0.6095000535 0.2051686912 0.8537961400 0.0169087254 0.9465692328 0.2906349047 0.2186585419 0.4787814085 0.3715240639 0.5964678597 0.0000000000 0.5106644616 0.8258495921 0.4730393229 0.6694691022 0.2566832007 0.5252029039 0.1191478336
0.0709477036 0.6046765986 0.6882622015 0.7553978144 0.3006074804 0.4267669564 0.3314555739 0.7700546368 0.6470370829 0.7043668525 0.0592564792 0.9331176021 0.3949653661 0.4124959612 0.0328691017 0.5106644616 0.0000000000 0.9162101019 0.4623476810 0.6563926691 0.1590921749 0.7361872158 0.3500094091
0.7753448786 0.0221855836 0.7165386757 0.1520801575 0.5818459599 0.0647833207 0.9277099766 0.8261051683 0.8281108097 0.3856473771 0.5178576468 0.2189902611 0.5743718960 0.2253311798 0.5425817263 0.8258495921 0.9162101019 0.0000000000 0.1458432522 0.7361780033 0.6045990073 0.6820635554 0.0951993253
0.0882068028 0.5239821268 0.3324115160 0.2105041807 0.7605370888 0.7347315300 0.4293412649 0.8574724334 0.3364357468 0.3346755959 0.3060205329 0.5358467386 0.2736334494 0.3480737588 0.8933957965 0.4730393229 0.4623476810 0.1458432522 0.0000000000 0.6492008360 0.6798035610 0.1278870478 0.8589795738
0.2582966664 0.5300423728 0.2247750578 0.2877626492 0.5897419934 0.3207695667 0.9144088154 0.9194506219 0.2554157845 0.2203982064 0.7432728228 0.4155932500 0.2835756750 0.6397826614 0.6412709709 0.6694691022 0.6563926691 0.7361780033 0.6492008360 0.0000000000 0.9869932401 0.0592752264 0.0765250249
0.2281891771 0.2841687115 0.3458803996 0.6736728470 0.2912303728 0.9882969634 0.0052700825 0.5712937227 0.5227659529 0.5790050804 0.5578065519 0.6001466390 0.0422760869 0.9554279927 0.2207631612 0.2566832007 0.1590921749 0.6045990073 0.6798035610 0.9869932401 0.0000000000 0.0415275490 0.6900590701
0.6820726986 0.1581870280 0.9354321057 0.9224093449 0.2899982992 0.0422620097 0.5203405063 0.7631579723 0.7896805763 0.3069647841 0.5617982707 0.0260301204 0.8334028588 0.2286645086 0.3814168883 0.5252029039 0.7361872158 0.6820635554 0.1278870478 0.0592752264 0.0415275490 0.0000000000 0.7219639939
0.7363425968 0.6584379321 0.7050132837 0.3130560173 0.6046448494 0.3116434230 0.0270459703 0.2272588197 0.0367763798 0.5132439675 0.8799187133 0.9212129502 0.6285988511 0.7598733211 0.1785293347 0.1191478336 0.3500094091 0.0951993253 0.8589795738 0.0765250249 0.6900590701 0.7219639939 0.0000000000
