# MCW Instance
# Type: UNIFORM
# N: 23
# Optimal cost: 1.3817685085745328
# Optimal tour (permutation): [0, 15, 7, 5, 18, 3, 22, 1, 4, 16, 10, 8, 20, 19, 14, 11, 12, 9, 21, 6, 13, 17, 2, 0]
# Optimal walk (full path): [0, 15, 7, 5, 18, 3, 22, 1, 4, 10, 16, 10, 8, 10, 20, 19, 11, 14, 11, 12, 9, 21, 6, 22, 13, 2, 17, 2, 0]
# Walk size: 29
# Is walk (has repeats): true

# Distance Matrix
0.0000000000 0.2467861703 0.0230842720 0.6016260023 0.1316476299 0.5333178193 0.7254108032 0.8521690454 0.6528318273 0.5210128700 0.7753992733 0.9861069541 0.2243483935 0.5974102412 0.9444883278 0.0232639845 0.9186856853 0.9579390043 0.9746406663 0.4829541088 0.4855998439 0.1129962905 0.6286122888
0.2467861703 0.0000000000 0.5387835961 0.5885186814 0.0920324734 0.2643543194 0.9871753882 0.6091610609 0.9415977624 0.8168790011 0.1075261722 0.6541911310 0.6465314435 0.4547098821 0.2897598532 0.6721413375 0.9169507194 0.5930760349 0.3841411015 0.3945014276 0.3784237405 0.3922983760 0.0885657304
0.0230842720 0.5387835961 0.0000000000 0.1517858899 0.5786870942 0.3473560331 0.3301451087 0.4835549211 0.8814948911 0.0834089907 0.5207539581 0.8607795065 0.7566634114 0.0120929413 0.7703121776 0.7696039937 0.1951013643 0.0746910276 0.6269233208 0.8674745538 0.9785926398 0.4008262751 0.6795930376
0.6016260023 0.5885186814 0.1517858899 0.0000000000 0.9157655227 0.3163251689 0.3451073860 0.4071035555 0.7174495507 0.9236355190 0.0292002607 0.9857207882 0.3440221585 0.9631660703 0.2130857210 0.3787626368 0.5228045593 0.3946076629 0.0468037934 0.9226589064 0.1739134082 0.1864275306 0.0127737201
0.1316476299 0.0920324734 0.5786870942 0.9157655227 0.0000000000 0.7969842908 0.7355996396 0.5314585815 0.1588174914 0.2200476214 0.0973229888 0.6779529086 0.5433046198 0.9469724734 0.6718426092 0.2386789174 0.6663740954 0.6638051506 0.3807685377 0.8728678698 0.5449790743 0.1690384384 0.1024323931
0.5333178193 0.2643543194 0.3473560331 0.3163251689 0.7969842908 0.0000000000 0.0492922984 0.0045386180 0.8130400086 0.4366001975 0.1934855052 0.7062700266 0.5262272430 0.4774641656 0.8980876182 0.4068143211 0.9084305195 0.6545139005 0.0325302035 0.9555563882 0.2747394855 0.6003025354 0.5267485875
0.7254108032 0.9871753882 0.3301451087 0.3451073860 0.7355996396 0.0492922984 0.0000000000 0.5750806654 0.2572279475 0.4347860274 0.3233366827 0.0414919623 0.5473047317 0.8178292035 0.4935364325 0.4838699885 0.6300393354 0.6146354367 0.7946803492 0.6559160941 0.9096629056 0.0432709077 0.0101818617
0.8521690454 0.6091610609 0.4835549211 0.4071035555 0.5314585815 0.0045386180 0.5750806654 0.0000000000 0.6978883768 0.4545464453 0.7291191598 0.2578952490 0.6032117907 0.7003098413 0.1780144622 0.0786430950 0.8316877936 0.8413169140 0.7979681521 0.5239359380 0.7700180988 0.3136631166 0.7488146690
0.6528318273 0.9415977624 0.8814948911 0.7174495507 0.1588174914 0.8130400086 0.2572279475 0.6978883768 0.0000000000 0.6503855305 0.0303951746 0.7268640537 0.5797690753 0.7980392135 0.8992024768 0.8368047872 0.8268016348 0.7808399255 0.6004047857 0.6691112695 0.4848986281 0.6496426218 0.4219999257
0.5210128700 0.8168790011 0.0834089907 0.9236355190 0.2200476214 0.4366001975 0.4347860274 0.4545464453 0.6503855305 0.0000000000 0.6999567343 0.5446936926 0.0016948250 0.1689404702 0.0804176949 0.5886165574 0.9052150387 0.8522246974 0.2508454757 0.7786219804 0.3836798211 0.0013936120 0.9333210103
0.7753992733 0.1075261722 0.5207539581 0.0292002607 0.0973229888 0.1934855052 0.3233366827 0.7291191598 0.0303951746 0.6999567343 0.0000000000 0.4357235453 0.0616565557 0.4964611453 0.4131120986 0.8109733135 0.0124957735 0.3553431358 0.2241537546 0.5781904104 0.0679232000 0.4841396002 0.8389240847
0.9861069541 0.6541911310 0.8607795065 0.9857207882 0.6779529086 0.7062700266 0.0414919623 0.2578952490 0.7268640537 0.5446936926 0.4357235453 0.0000000000 0.0406571724 0.8505483135 0.0001641973 0.7296895644 0.0371645882 0.5725330897 0.3714040403 0.2159449612 0.0572033466 0.2071406037 0.2811311775
0.2243483935 0.6465314435 0.7566634114 0.3440221585 0.5433046198 0.5262272430 0.5473047317 0.6032117907 0.5797690753 0.0016948250 0.0616565557 0.0406571724 0.0000000000 0.8419753307 0.1307604998 0.9846101824 0.8226773547 0.6388180322 0.6450963907 0.2897821174 0.3569217015 0.5165056248 0.3590396467
0.5974102412 0.4547098821 0.0120929413 0.9631660703 0.9469724734 0.4774641656 0.8178292035 0.7003098413 0.7980392135 0.1689404702 0.4964611453 0.8505483135 0.8419753307 0.0000000000 0.9461217964 0.1238305440 0.2053206257 0.5347531431 0.5592691177 0.4894277785 0.6188958392 0.2875870349 0.0629663981
0.9444883278 0.2897598532 0.7703121776 0.2130857210 0.6718426092 0.8980876182 0.4935364325 0.1780144622 0.8992024768 0.0804176949 0.4131120986 0.0001641973 0.1307604998 0.9461217964 0.0000000000 0.5308624123 0.2473449832 0.9665495756 0.8611936389 0.5147803905 0.2052098355 0.6210901144 0.9925675720
0.0232639845 0.6721413375 0.7696039937 0.3787626368 0.2386789174 0.4068143211 0.4838699885 0.0786430950 0.8368047872 0.5886165574 0.8109733135 0.7296895644 0.9846101824 0.1238305440 0.5308624123 0.0000000000 0.7079954285 0.8568620099 0.3843031857 0.5565365974 0.8744935282 0.5210988651 0.9083261308
0.9186856853 0.9169507194 0.1951013643 0.5228045593 0.6663740954 0.9084305195 0.6300393354 0.8316877936 0.8268016348 0.9052150387 0.0124957735 0.0371645882 0.8226773547 0.2053206257 0.2473449832 0.7079954285 0.0000000000 0.2356306907 0.7590946922 0.6170242902 0.8246171495 0.1240019900 0.8356342623
0.9579390043 0.5930760349 0.0746910276 0.3946076629 0.6638051506 0.6545139005 0.6146354367 0.8413169140 0.7808399255 0.8522246974 0.3553431358 0.5725330897 0.6388180322 0.5347531431 0.9665495756 0.8568620099 0.2356306907 0.0000000000 0.7549076527 0.5699646637 0.2297182831 0.6063156463 0.6985643391
0.9746406663 0.3841411015 0.6269233208 0.0468037934 0.3807685377 0.0325302035 0.7946803492 0.7979681521 0.6004047857 0.2508454757 0.2241537546 0.3714040403 0.6450963907 0.5592691177 0.8611936389 0.3843031857 0.7590946922 0.7549076527 0.0000000000 0.8184927218 0.9567477724 0.7789249028 0.8299041468
0.4829541088 0.3945014276 0.8674745538 0.9226589064 0.8728678698 0.9555563882 0.6559160941 0.5239359380 0.6691112695 0.7786219804 0.5781904104 0.2159449612 0.2897821174 0.4894277785 0.5147803905 0.5565365974 0.6170242902 0.5699646637 0.8184927218 0.0000000000 0.1905914038 0.5923007898 0.7198871778
0.4855998439 0.3784237405 0.9785926398 0.1739134082 0.5449790743 0.2747394855 0.9096629056 0.7700180988 0.4848986281 0.3836798211 0.0679232000 0.0572033466 0.3569217015 0.6188958392 0.2052098355 0.8744935282 0.8246171495 0.2297182831 0.9567477724 0.1905914038 0.0000000000 0.7316446808 0.8716156909
0.1129962905 0.3922983760 0.4008262751 0.1864275306 0.1690384384 0.6003025354 0.0432709077 0.3136631166 0.6496426218 0.0013936120 0.4841396002 0.2071406037 0.5165056248 0.2875870349 0.6210901144 0.5210988651 0.1240019900 0.6063156463 0.7789249028 0.5923007898 0.7316446808 0.0000000000 0.3261701272
0.6286122888 0.0885657304 0.6795930376 0.0127737201 0.1024323931 0.5267485875 0.0101818617 0.7488146690 0.4219999257 0.9333210103 0.8389240847 0.2811311775 0.3590396467 0.0629663981 0.9925675720 0.9083261308 0.8356342623 0.6985643391 0.8299041468 0.7198871778 0.8716156909 0.3261701272 0.0000000000
