# Graph size: 23
# Optimal cost: 1.555440675452053

# Distance Matrix
0.0 0.9741882073653552 0.8061581044135296 0.6026545554330461 0.5894752117848514 0.745927504613952 0.04000694403550786 0.9052524386847217 0.4881939102463988 0.8455565564432898 0.7796788904890601 0.6088593903421887 0.2700949379856262 0.4893668468027156 0.30020170566082305 0.4810215727185172 0.8612647905571773 0.5661358635989597 0.3386462719665331 0.780631030520996 0.005666669921857714 0.5964529536727563 0.3855727746037245
0.9741882073653552 0.0 0.14965209625230658 0.40319069639518 0.8237603931539853 0.9964746055395782 0.7984430000243233 0.27921582379249843 0.2845515818099894 0.5578205908528904 0.19588482997733137 0.266085367280792 0.12802106320084816 0.8417105711659976 0.41400690655487005 0.5169366072849519 0.15956187867780658 0.11382324027941992 0.9965235101888463 0.04361437185634487 0.5678575925413127 0.521249348927464 0.7216738534659121
0.8061581044135296 0.14965209625230658 0.0 0.3729372297691901 0.06191795611801776 0.9799671488478584 0.911983993679145 0.7493743181727488 0.19225859522044642 0.8061315238990368 0.007045235156106 0.27722968980157636 0.45952660644210486 0.8910116479105153 0.9601308868834831 0.5917199468750999 0.9242259204447297 0.3063268012158058 0.6454493971154049 0.8758706216630934 0.4227971999936009 0.8448933530740057 0.8700582090604554
0.6026545554330461 0.40319069639518 0.3729372297691901 0.0 0.2989450171798984 0.16815930097945564 0.15091061724927013 0.7729402283738978 0.2421590009285477 0.4669202240202125 0.7748767647882276 0.363469898350961 0.9987236592210269 0.5208176748691338 0.7000403623801141 0.7024738770399657 0.9877974962652558 0.796550449582435 0.6304573535216708 0.7613168673548592 0.9057181101077055 0.24601348944525991 0.6051368020910856
0.5894752117848514 0.8237603931539853 0.06191795611801776 0.2989450171798984 0.0 0.30792012606614805 0.6529232451060406 0.7380513577006317 0.30842330670526963 0.2633467076420949 0.32125921669893165 0.4231960469913615 0.7836776875381212 0.848564254850661 0.003914669031690354 0.3944566252028118 0.12548213325347213 0.49822199732875594 0.6990060024172287 0.9300803425907109 0.12500913487284515 0.9567561696821206 0.11788027787106192
0.745927504613952 0.9964746055395782 0.9799671488478584 0.16815930097945564 0.30792012606614805 0.0 0.8083052940244985 0.7738587126266697 0.19186389973070794 0.7804903756324084 0.669477639791131 0.9935815335065853 0.7613624125685763 0.38273596659527165 0.16750668519324163 0.9512704105489531 0.051677044478170675 0.05445347810384915 0.7004837205222254 0.8460158382605151 0.36967794321711556 0.7917768061682209 0.839391256566073
0.04000694403550786 0.7984430000243233 0.911983993679145 0.15091061724927013 0.6529232451060406 0.8083052940244985 0.0 0.10668622832495156 0.214312058728919 0.04387971375908728 0.1841815093848742 0.5284068193275534 0.18045347506850107 0.16164997399092895 0.2681039647413588 0.9932757047272659 0.8546218218198564 0.17463469552690813 0.30401406090238925 0.07026935595862549 0.7506948354700042 0.15263441531998934 0.020495935332574766
0.9052524386847217 0.27921582379249843 0.7493743181727488 0.7729402283738978 0.7380513577006317 0.7738587126266697 0.10668622832495156 0.0 0.9699540829128377 0.8034679972591587 0.2296136943951138 0.5709841553677564 0.041533952918146544 0.18889055557399181 0.22013429107955385 0.5156710094760405 0.242929841319376 0.27203374403538616 0.6423062994199322 0.1738368122513233 0.7889979754032665 0.29732386947278744 0.8762917661942583
0.4881939102463988 0.2845515818099894 0.19225859522044642 0.2421590009285477 0.30842330670526963 0.19186389973070794 0.214312058728919 0.9699540829128377 0.0 0.22334335073974831 0.4886610488461184 0.030299094090530887 0.13368402931944023 0.2843809742539404 0.11863847599792987 0.9361255889276832 0.8906257691793994 0.36616233012803423 0.5496265017090168 0.6373352481106884 0.446316850247121 0.47810670822281687 0.2401933850277711
0.8455565564432898 0.5578205908528904 0.8061315238990368 0.4669202240202125 0.2633467076420949 0.7804903756324084 0.04387971375908728 0.8034679972591587 0.22334335073974831 0.0 0.3317237277288205 0.30860302962441744 0.4111609106021302 0.1443182140333349 0.5710738517982288 0.1796250498052867 0.6802538556401336 0.040416781424710724 0.3023465581106525 0.4170471823903874 0.8854838158665718 0.7828611972220036 0.3552076314390208
0.7796788904890601 0.19588482997733137 0.007045235156106 0.7748767647882276 0.32125921669893165 0.669477639791131 0.1841815093848742 0.2296136943951138 0.4886610488461184 0.3317237277288205 0.0 0.9801725187520359 0.2974887396719963 0.0014147695981092667 0.6232350254137701 0.03529277414879384 0.30155174209440094 0.32966700330517673 0.030878741501232043 0.5909077489004432 0.44534503285112337 0.33046828291837305 0.004220897944000934
0.6088593903421887 0.266085367280792 0.27722968980157636 0.363469898350961 0.4231960469913615 0.9935815335065853 0.5284068193275534 0.5709841553677564 0.030299094090530887 0.30860302962441744 0.9801725187520359 0.0 0.7609900430386805 0.2268179345940421 0.9045273174866186 0.5708108678031308 0.5132590084455843 0.43158499750008195 0.11774888482445411 0.40232686879220614 0.049466822781710884 0.783273186925116 0.06355344179301559
0.2700949379856262 0.12802106320084816 0.45952660644210486 0.9987236592210269 0.7836776875381212 0.7613624125685763 0.18045347506850107 0.041533952918146544 0.13368402931944023 0.4111609106021302 0.2974887396719963 0.7609900430386805 0.0 0.0835413719311856 0.28598957853500073 0.9056373147271731 0.5883337615012669 0.6420450387197478 0.25555382201183985 0.1118556217189719 0.45136858834119564 0.9054099600301457 0.6347196985827203
0.4893668468027156 0.8417105711659976 0.8910116479105153 0.5208176748691338 0.848564254850661 0.38273596659527165 0.16164997399092895 0.18889055557399181 0.2843809742539404 0.1443182140333349 0.0014147695981092667 0.2268179345940421 0.0835413719311856 0.0 0.3342679897732641 0.764926595536654 0.5659496168934423 0.016779563103908268 0.5869216757896507 0.3659586080625088 0.9279597369633026 0.9960209625814084 0.7136403036725073
0.30020170566082305 0.41400690655487005 0.9601308868834831 0.7000403623801141 0.003914669031690354 0.16750668519324163 0.2681039647413588 0.22013429107955385 0.11863847599792987 0.5710738517982288 0.6232350254137701 0.9045273174866186 0.28598957853500073 0.3342679897732641 0.0 0.10768983650108854 0.18830049954297046 0.6068411642026357 0.8159341197998387 0.9275877232220652 0.7584073152291315 0.16999011938656972 0.6779201872465356
0.4810215727185172 0.5169366072849519 0.5917199468750999 0.7024738770399657 0.3944566252028118 0.9512704105489531 0.9932757047272659 0.5156710094760405 0.9361255889276832 0.1796250498052867 0.03529277414879384 0.5708108678031308 0.9056373147271731 0.764926595536654 0.10768983650108854 0.0 0.9475955123451636 0.5742938687983654 0.13825734559387026 0.7095238256401678 0.7931855079702734 0.5608378470830944 0.10520771375357041
0.8612647905571773 0.15956187867780658 0.9242259204447297 0.9877974962652558 0.12548213325347213 0.051677044478170675 0.8546218218198564 0.242929841319376 0.8906257691793994 0.6802538556401336 0.30155174209440094 0.5132590084455843 0.5883337615012669 0.5659496168934423 0.18830049954297046 0.9475955123451636 0.0 0.4145832034619117 0.779699896392378 0.417615883184679 0.7431096131515719 0.15708116394048466 0.607611260581281
0.5661358635989597 0.11382324027941992 0.3063268012158058 0.796550449582435 0.49822199732875594 0.05445347810384915 0.17463469552690813 0.27203374403538616 0.36616233012803423 0.040416781424710724 0.32966700330517673 0.43158499750008195 0.6420450387197478 0.016779563103908268 0.6068411642026357 0.5742938687983654 0.4145832034619117 0.0 0.675781522590931 0.0699885881566269 0.04657964083028965 0.7327490620635613 0.538955892604094
0.3386462719665331 0.9965235101888463 0.6454493971154049 0.6304573535216708 0.6990060024172287 0.7004837205222254 0.30401406090238925 0.6423062994199322 0.5496265017090168 0.3023465581106525 0.030878741501232043 0.11774888482445411 0.25555382201183985 0.5869216757896507 0.8159341197998387 0.13825734559387026 0.779699896392378 0.675781522590931 0.0 0.11077830547619316 0.09303363311273738 0.6332020488686636 0.3658276181290592
0.780631030520996 0.04361437185634487 0.8758706216630934 0.7613168673548592 0.9300803425907109 0.8460158382605151 0.07026935595862549 0.1738368122513233 0.6373352481106884 0.4170471823903874 0.5909077489004432 0.40232686879220614 0.1118556217189719 0.3659586080625088 0.9275877232220652 0.7095238256401678 0.417615883184679 0.0699885881566269 0.11077830547619316 0.0 0.7138298684350451 0.3915135090002956 0.7815211392993469
0.005666669921857714 0.5678575925413127 0.4227971999936009 0.9057181101077055 0.12500913487284515 0.36967794321711556 0.7506948354700042 0.7889979754032665 0.446316850247121 0.8854838158665718 0.44534503285112337 0.049466822781710884 0.45136858834119564 0.9279597369633026 0.7584073152291315 0.7931855079702734 0.7431096131515719 0.04657964083028965 0.09303363311273738 0.7138298684350451 0.0 0.7781353759424527 0.0115793904027085
0.5964529536727563 0.521249348927464 0.8448933530740057 0.24601348944525991 0.9567561696821206 0.7917768061682209 0.15263441531998934 0.29732386947278744 0.47810670822281687 0.7828611972220036 0.33046828291837305 0.783273186925116 0.9054099600301457 0.9960209625814084 0.16999011938656972 0.5608378470830944 0.15708116394048466 0.7327490620635613 0.6332020488686636 0.3915135090002956 0.7781353759424527 0.0 0.9889654756842304
0.3855727746037245 0.7216738534659121 0.8700582090604554 0.6051368020910856 0.11788027787106192 0.839391256566073 0.020495935332574766 0.8762917661942583 0.2401933850277711 0.3552076314390208 0.004220897944000934 0.06355344179301559 0.6347196985827203 0.7136403036725073 0.6779201872465356 0.10520771375357041 0.607611260581281 0.538955892604094 0.3658276181290592 0.7815211392993469 0.0115793904027085 0.9889654756842304 0.0

# Optimal Walk
0 20 22 18 15 13 10 2 4 14 21 16 5 3 6 9 17 19 1 12 7 8 11 0
