# MCW Instance
# Type: UNIFORM
# N: 23
# Optimal cost: 1.5895225705212224
# Optimal tour (permutation): [0, 16, 7, 18, 15, 13, 14, 6, 4, 21, 2, 12, 1, 22, 19, 3, 17, 20, 9, 11, 5, 8, 10, 0]
# Optimal walk (full path): [0, 16, 0, 7, 18, 15, 18, 13, 14, 6, 4, 21, 2, 12, 1, 22, 19, 3, 17, 20, 9, 20, 11, 5, 11, 8, 10, 0]
# Walk size: 28
# Is walk (has repeats): true

# Distance Matrix
0.0000000000 0.8423415467 0.3634041472 0.8707954227 0.6040139556 0.1064882340 0.9553650809 0.0056226846 0.6190432056 0.8506013254 0.0435058564 0.3152446680 0.4234979791 0.7099796311 0.9146472856 0.5249875361 0.0034577340 0.9528414919 0.8107829395 0.4795161951 0.7011348131 0.3691676362 0.3827768445
0.8423415467 0.0000000000 0.4347347304 0.8170100666 0.1498098449 0.2025414185 0.1995870669 0.1961232805 0.5378785334 0.3981794056 0.9766653853 0.1369276635 0.1135233809 0.2822373382 0.8452602256 0.4074069902 0.9335735973 0.1801324626 0.7064629911 0.6306929081 0.3891048781 0.5339786836 0.1671579249
0.3634041472 0.4347347304 0.0000000000 0.8112089153 0.5668527986 0.7564518601 0.2782173307 0.3124069445 0.1044929711 0.2399980113 0.2619403191 0.1684510674 0.0151604259 0.3886025607 0.3647517841 0.2147420075 0.7231821628 0.5325029228 0.7534053195 0.1559658412 0.6008482926 0.1106401081 0.9364098104
0.8707954227 0.8170100666 0.8112089153 0.0000000000 0.3553881726 0.6251486617 0.5613100645 0.5371261466 0.8254051140 0.3837535117 0.9483887200 0.3709575201 0.6269012151 0.5511186634 0.4686690146 0.6862825592 0.6437531286 0.1284462765 0.6352626493 0.1172578395 0.4888574690 0.1953351193 0.1126824793
0.6040139556 0.1498098449 0.5668527986 0.3553881726 0.0000000000 0.3663423483 0.1193499386 0.6563045618 0.8911367070 0.8853732625 0.5912220842 0.4819792179 0.7307288385 0.8562491421 0.2673310648 0.2425716392 0.5806724750 0.5857527728 0.7078368785 0.3104030750 0.9842934560 0.0237728042 0.4183902214
0.1064882340 0.2025414185 0.7564518601 0.6251486617 0.3663423483 0.0000000000 0.9685528376 0.3175061850 0.4901597319 0.6089341745 0.8043294790 0.0766148909 0.8526785413 0.1247706513 0.1891074919 0.3307048266 0.3369964563 0.7515826923 0.3501754037 0.8845522982 0.8693713482 0.1673921453 0.5255928487
0.9553650809 0.1995870669 0.2782173307 0.5613100645 0.1193499386 0.9685528376 0.0000000000 0.6598964698 0.3536823762 0.9169717460 0.9596550966 0.2960802379 0.5666716340 0.9180192004 0.0444157303 0.9954811196 0.4187413590 0.1734402837 0.7418194190 0.1948173373 0.1723785157 0.5603771780 0.5313482995
0.0056226846 0.1961232805 0.3124069445 0.5371261466 0.6563045618 0.3175061850 0.6598964698 0.0000000000 0.7303285864 0.8362548564 0.7941565667 0.5196871935 0.7829946150 0.3602768817 0.9241223108 0.0217643020 0.0393691152 0.4453371686 0.0083551361 0.8766254354 0.1842702925 0.7512446908 0.9355721147
0.6190432056 0.5378785334 0.1044929711 0.8254051140 0.8911367070 0.4901597319 0.3536823762 0.7303285864 0.0000000000 0.9969520607 0.0534836538 0.0372886419 0.7150370365 0.1676340235 0.5177968035 0.3021164524 0.9391020768 0.9066602038 0.4440994357 0.3030836204 0.5380399072 0.2806916199 0.8849467166
0.8506013254 0.3981794056 0.2399980113 0.3837535117 0.8853732625 0.6089341745 0.9169717460 0.8362548564 0.9969520607 0.0000000000 0.9299594204 0.3931153752 0.9280327077 0.9848974816 0.7838489481 0.8513835589 0.1833188628 0.9601033187 0.9694186625 0.6944913928 0.1210891681 0.9070382241 0.5469894766
0.0435058564 0.9766653853 0.2619403191 0.9483887200 0.5912220842 0.8043294790 0.9596550966 0.7941565667 0.0534836538 0.9299594204 0.0000000000 0.6537981179 0.5395149933 0.1269227883 0.3107870534 0.1354195922 0.3909070078 0.1143113009 0.5606168722 0.4213401237 0.9322243224 0.3514733149 0.3164568222
0.3152446680 0.1369276635 0.1684510674 0.3709575201 0.4819792179 0.0766148909 0.2960802379 0.5196871935 0.0372886419 0.3931153752 0.6537981179 0.0000000000 0.2465247755 0.9166613032 0.5746161172 0.9889377994 0.3170037135 0.4764888090 0.2336583676 0.8634085475 0.0301903043 0.9576789157 0.4541789600
0.4234979791 0.1135233809 0.0151604259 0.6269012151 0.7307288385 0.8526785413 0.5666716340 0.7829946150 0.7150370365 0.9280327077 0.5395149933 0.2465247755 0.0000000000 0.8812578711 0.3862322137 0.8584427153 0.9283296236 0.1093940727 0.8379851457 0.1966631251 0.8109134668 0.9772575383 0.6172372195
0.7099796311 0.2822373382 0.3886025607 0.5511186634 0.8562491421 0.1247706513 0.9180192004 0.3602768817 0.1676340235 0.9848974816 0.1269227883 0.9166613032 0.8812578711 0.0000000000 0.0853060668 0.8774961901 0.8304695257 0.8961011792 0.0302446370 0.9133301649 0.6011962891 0.9950308619 0.4815326949
0.9146472856 0.8452602256 0.3647517841 0.4686690146 0.2673310648 0.1891074919 0.0444157303 0.9241223108 0.5177968035 0.7838489481 0.3107870534 0.5746161172 0.3862322137 0.0853060668 0.0000000000 0.5450362457 0.4275346562 0.7327071144 0.4670158557 0.5014017563 0.8677012610 0.9280778148 0.7162693749
0.5249875361 0.4074069902 0.2147420075 0.6862825592 0.2425716392 0.3307048266 0.9954811196 0.0217643020 0.3021164524 0.8513835589 0.1354195922 0.9889377994 0.8584427153 0.8774961901 0.5450362457 0.0000000000 0.5953174294 0.9495347542 0.0111251183 0.5432039903 0.5557901261 0.6717964508 0.6764730619
0.0034577340 0.9335735973 0.7231821628 0.6437531286 0.5806724750 0.3369964563 0.4187413590 0.0393691152 0.9391020768 0.1833188628 0.3909070078 0.3170037135 0.9283296236 0.8304695257 0.4275346562 0.5953174294 0.0000000000 0.8972822912 0.2071320232 0.7309814472 0.5227363620 0.4161398444 0.3918413537
0.9528414919 0.1801324626 0.5325029228 0.1284462765 0.5857527728 0.7515826923 0.1734402837 0.4453371686 0.9066602038 0.9601033187 0.1143113009 0.4764888090 0.1093940727 0.8961011792 0.7327071144 0.9495347542 0.8972822912 0.0000000000 0.1858292000 0.6605519093 0.0165069614 0.4643534859 0.4914486165
0.8107829395 0.7064629911 0.7534053195 0.6352626493 0.7078368785 0.3501754037 0.7418194190 0.0083551361 0.4440994357 0.9694186625 0.5606168722 0.2336583676 0.8379851457 0.0302446370 0.4670158557 0.0111251183 0.2071320232 0.1858292000 0.0000000000 0.3435219648 0.5456780920 0.1447553083 0.8359496254
0.4795161951 0.6306929081 0.1559658412 0.1172578395 0.3104030750 0.8845522982 0.1948173373 0.8766254354 0.3030836204 0.6944913928 0.4213401237 0.8634085475 0.1966631251 0.9133301649 0.5014017563 0.5432039903 0.7309814472 0.6605519093 0.3435219648 0.0000000000 0.7788383296 0.2823780399 0.0147203768
0.7011348131 0.3891048781 0.6008482926 0.4888574690 0.9842934560 0.8693713482 0.1723785157 0.1842702925 0.5380399072 0.1210891681 0.9322243224 0.0301903043 0.8109134668 0.6011962891 0.8677012610 0.5557901261 0.5227363620 0.0165069614 0.5456780920 0.7788383296 0.0000000000 0.9946995878 0.4081452834
0.3691676362 0.5339786836 0.1106401081 0.1953351193 0.0237728042 0.1673921453 0.5603771780 0.7512446908 0.2806916199 0.9070382241 0.3514733149 0.9576789157 0.9772575383 0.9950308619 0.9280778148 0.6717964508 0.4161398444 0.4643534859 0.1447553083 0.2823780399 0.9946995878 0.0000000000 0.6237254193
0.3827768445 0.1671579249 0.9364098104 0.1126824793 0.4183902214 0.5255928487 0.5313482995 0.9355721147 0.8849467166 0.5469894766 0.3164568222 0.4541789600 0.6172372195 0.4815326949 0.7162693749 0.6764730619 0.3918413537 0.4914486165 0.8359496254 0.0147203768 0.4081452834 0.6237254193 0.0000000000
