# Graph size: 23
# Optimal cost: 2.1772982312980513

# Distance Matrix
0.0 0.727471590545079 0.05411889606644693 0.576705359212615 0.49481828933353733 0.7751869168079447 0.16864389195998886 0.08477156108165196 0.20972550759229813 0.8257967956141141 0.11356826355495064 0.9751293993345534 0.5382970473864381 0.5976897682654113 0.4165850257504681 0.5948521814494638 0.6357374221585068 0.4307968198751245 0.55301921189377 0.12679956268235004 0.6586366562592044 0.5976897318897684 0.710475907551797
0.727471590545079 0.0 0.5640120997564677 0.21405174051535136 0.2931471238290275 0.6700433674610212 0.30375093810538933 0.16282949015929515 0.6769747887912336 0.609746050805469 0.5372386207722825 0.9661660121816645 0.6427179975240928 0.4103560241138974 0.4246331846554183 0.6794375171705922 0.56400528585085 0.3493356133748906 0.639495111600705 0.6436255824647705 0.13061510491260053 0.9055978430191008 0.24298203471975455
0.05411889606644693 0.5640120997564677 0.0 0.9021997668758543 0.5279574854509326 0.7659356289317125 0.005234043221222562 0.3801089505141241 0.6365153178275069 0.023384658839080474 0.22988779637981338 0.9015720870483471 0.6318907451065595 0.9884489029008665 0.8573850385890557 0.1946483159767527 0.3514541597193491 0.9960315564177745 0.12371710528599211 0.13310502293683535 0.0601944776376252 0.08407883420600204 0.33347424650264346
0.576705359212615 0.21405174051535136 0.9021997668758543 0.0 0.5998916488302308 0.7962213320305223 0.44435754974762076 0.369544075757111 0.5215665951665703 0.30547110585091664 0.10145162474180192 0.40653146848089705 0.8193125163860817 0.68552024846639 0.3629770795156001 0.9209472429564817 0.24971581723103764 0.2500113039327664 0.20217845981203497 0.49844094807719685 0.3672738306759824 0.7980479978862958 0.8834844747455622
0.49481828933353733 0.2931471238290275 0.5279574854509326 0.5998916488302308 0.0 0.1268284235010606 0.1306332890128432 0.42701783637928714 0.8222639782765931 0.6333923318288494 0.9958519960828263 0.2626520261523858 0.8819379599130455 0.6759097894982101 0.692515310805531 0.9967340556967447 0.05476719096327931 0.2290880316439432 0.2623274788679888 0.9207197862959589 0.7470489730702301 0.8215655888403295 0.3548375637020674
0.7751869168079447 0.6700433674610212 0.7659356289317125 0.7962213320305223 0.1268284235010606 0.0 0.2226336453705553 0.6951209053172698 0.87336311784471 0.22124813689581768 0.6749572524584794 0.87548338380782 0.35964427776065533 0.32479459965611035 0.48282739366398364 0.640516403439886 0.6838740248233939 0.9949715025700482 0.9847132994756115 0.7106809949896777 0.08193789336126711 0.09292159686372825 0.1018436219979294
0.16864389195998886 0.30375093810538933 0.005234043221222562 0.44435754974762076 0.1306332890128432 0.2226336453705553 0.0 0.5847589621030229 0.09851251890470059 0.22659243923955175 0.9180053294713487 0.3915989410609535 0.6779545289741433 0.656804318297886 0.5379385675629386 0.20000105874841412 0.19420078568773702 0.6691622076259246 0.420403020670726 0.3277860299672032 0.3076503302843714 0.8517839451101978 0.711092427493417
0.08477156108165196 0.16282949015929515 0.3801089505141241 0.369544075757111 0.42701783637928714 0.6951209053172698 0.5847589621030229 0.0 0.24675921713653193 0.8817243174295095 0.4151053252774215 0.7109262428998633 0.267193693639301 0.31777716564900127 0.4175624768631052 0.5068480869614982 0.30362074805843486 0.5742585247981173 0.5197403673604529 0.9651132624731861 0.6731301395962284 0.8245022767819358 0.6796156310773014
0.20972550759229813 0.6769747887912336 0.6365153178275069 0.5215665951665703 0.8222639782765931 0.87336311784471 0.09851251890470059 0.24675921713653193 0.0 0.7411480075525447 0.05804667405148811 0.17724546298506716 0.02281115884837326 0.6954157056196661 0.47676359958853665 0.13495620479937886 0.9743186583860767 0.12132623122450992 0.3496771605874942 0.49727697648445446 0.6219343052531027 0.48907642549967045 0.5215814540990872
0.8257967956141141 0.609746050805469 0.023384658839080474 0.30547110585091664 0.6333923318288494 0.22124813689581768 0.22659243923955175 0.8817243174295095 0.7411480075525447 0.0 0.2303651413340435 0.19669231125521303 0.9884112369834597 0.40754564581661124 0.4176403470546338 0.5018696088168599 0.013646496095100935 0.26621094235934795 0.7834239624597362 0.09967425590023027 0.8758960765862601 0.9726077454664377 0.4381828758299936
0.11356826355495064 0.5372386207722825 0.22988779637981338 0.10145162474180192 0.9958519960828263 0.6749572524584794 0.9180053294713487 0.4151053252774215 0.05804667405148811 0.2303651413340435 0.0 0.07351936946361104 0.4502975748819614 0.562007975927528 0.43256640060832496 0.22382287478696916 0.1701321448009191 0.24699159436621787 0.427151491549038 0.6265631099769304 0.76508605873371 0.5718203242803777 0.2857882173399354
0.9751293993345534 0.9661660121816645 0.9015720870483471 0.40653146848089705 0.2626520261523858 0.87548338380782 0.3915989410609535 0.7109262428998633 0.17724546298506716 0.19669231125521303 0.07351936946361104 0.0 0.5863592187338921 0.40750263055597713 0.8613754851287092 0.6826637488111672 0.14963359804401044 0.4783250439965352 0.14633137008996622 0.8766800035117365 0.5084539740456998 0.9935321162681445 0.3018991748870231
0.5382970473864381 0.6427179975240928 0.6318907451065595 0.8193125163860817 0.8819379599130455 0.35964427776065533 0.6779545289741433 0.267193693639301 0.02281115884837326 0.9884112369834597 0.4502975748819614 0.5863592187338921 0.0 0.6514663753835822 0.8219407567865805 0.84222046303085 0.22439065048320384 0.04532565597067528 0.2096647939147117 0.3790883344266788 0.4880151900055577 0.9026377846247712 0.9302495971887902
0.5976897682654113 0.4103560241138974 0.9884489029008665 0.68552024846639 0.6759097894982101 0.32479459965611035 0.656804318297886 0.31777716564900127 0.6954157056196661 0.40754564581661124 0.562007975927528 0.40750263055597713 0.6514663753835822 0.0 0.5869276242269784 0.07373735960367567 0.46672279223707214 0.048431224598057265 0.9788325561742769 0.4426863879036257 0.2038904959791653 0.21511826485391938 0.6451844756352663
0.4165850257504681 0.4246331846554183 0.8573850385890557 0.3629770795156001 0.692515310805531 0.48282739366398364 0.5379385675629386 0.4175624768631052 0.47676359958853665 0.4176403470546338 0.43256640060832496 0.8613754851287092 0.8219407567865805 0.5869276242269784 0.0 0.43852343855548814 0.7993814726794022 0.5375327022669976 0.3670746880182043 0.24633580043709025 0.7981300956762588 0.9003027591830643 0.5156776776575579
0.5948521814494638 0.6794375171705922 0.1946483159767527 0.9209472429564817 0.9967340556967447 0.640516403439886 0.20000105874841412 0.5068480869614982 0.13495620479937886 0.5018696088168599 0.22382287478696916 0.6826637488111672 0.84222046303085 0.07373735960367567 0.43852343855548814 0.0 0.9100419586621187 0.6767573053826591 0.5134163518475228 0.5361895737631773 0.7159552489446113 0.2279267029405232 0.9092343056489525
0.6357374221585068 0.56400528585085 0.3514541597193491 0.24971581723103764 0.05476719096327931 0.6838740248233939 0.19420078568773702 0.30362074805843486 0.9743186583860767 0.013646496095100935 0.1701321448009191 0.14963359804401044 0.22439065048320384 0.46672279223707214 0.7993814726794022 0.9100419586621187 0.0 0.17529793160014118 0.08706749117519308 0.01417532556236989 0.08830051823396179 0.25275027232591263 0.5007790161741367
0.4307968198751245 0.3493356133748906 0.9960315564177745 0.2500113039327664 0.2290880316439432 0.9949715025700482 0.6691622076259246 0.5742585247981173 0.12132623122450992 0.26621094235934795 0.24699159436621787 0.4783250439965352 0.04532565597067528 0.048431224598057265 0.5375327022669976 0.6767573053826591 0.17529793160014118 0.0 0.30555525347044354 0.022475723191197505 0.7004406718868447 0.3422144152353426 0.3539008066830417
0.55301921189377 0.639495111600705 0.12371710528599211 0.20217845981203497 0.2623274788679888 0.9847132994756115 0.420403020670726 0.5197403673604529 0.3496771605874942 0.7834239624597362 0.427151491549038 0.14633137008996622 0.2096647939147117 0.9788325561742769 0.3670746880182043 0.5134163518475228 0.08706749117519308 0.30555525347044354 0.0 0.26396061963371964 0.7965351885024756 0.5359284318968882 0.07626088586797475
0.12679956268235004 0.6436255824647705 0.13310502293683535 0.49844094807719685 0.9207197862959589 0.7106809949896777 0.3277860299672032 0.9651132624731861 0.49727697648445446 0.09967425590023027 0.6265631099769304 0.8766800035117365 0.3790883344266788 0.4426863879036257 0.24633580043709025 0.5361895737631773 0.01417532556236989 0.022475723191197505 0.26396061963371964 0.0 0.9800631026822754 0.0075083675667125815 0.2607196560543874
0.6586366562592044 0.13061510491260053 0.0601944776376252 0.3672738306759824 0.7470489730702301 0.08193789336126711 0.3076503302843714 0.6731301395962284 0.6219343052531027 0.8758960765862601 0.76508605873371 0.5084539740456998 0.4880151900055577 0.2038904959791653 0.7981300956762588 0.7159552489446113 0.08830051823396179 0.7004406718868447 0.7965351885024756 0.9800631026822754 0.0 0.22101343238601345 0.3361032012708113
0.5976897318897684 0.9055978430191008 0.08407883420600204 0.7980479978862958 0.8215655888403295 0.09292159686372825 0.8517839451101978 0.8245022767819358 0.48907642549967045 0.9726077454664377 0.5718203242803777 0.9935321162681445 0.9026377846247712 0.21511826485391938 0.9003027591830643 0.2279267029405232 0.25275027232591263 0.3422144152353426 0.5359284318968882 0.0075083675667125815 0.22101343238601345 0.0 0.617564804996597
0.710475907551797 0.24298203471975455 0.33347424650264346 0.8834844747455622 0.3548375637020674 0.1018436219979294 0.711092427493417 0.6796156310773014 0.5215814540990872 0.4381828758299936 0.2857882173399354 0.3018991748870231 0.9302495971887902 0.6451844756352663 0.5156776776575579 0.9092343056489525 0.5007790161741367 0.3539008066830417 0.07626088586797475 0.2607196560543874 0.3361032012708113 0.617564804996597 0.0

# Optimal Walk
0 7 1 20 5 22 18 11 10 3 12 8 15 13 17 21 19 14 16 4 9 6 2 0
