# MCW Instance
# Type: EXPONENTIAL
# N: 16
# Optimal cost: 1.993107707061206
# Optimal tour (permutation): [0, 4, 3, 15, 11, 5, 13, 6, 2, 12, 10, 9, 8, 14, 7, 1, 0]
# Optimal walk (full path): [0, 4, 3, 5, 15, 5, 11, 5, 13, 2, 6, 2, 10, 12, 10, 8, 9, 8, 14, 7, 1, 0]
# Walk size: 22
# Is walk (has repeats): true

# Distance Matrix
0.0000000000 0.1081073419 0.7543723936 2.1241459560 0.1051826712 3.2749226572 0.2367778622 0.3015445261 0.9816012703 1.1680654377 0.2226135270 4.1036625904 4.8866206262 2.0315234491 0.4237345715 0.9845944502
0.1081073419 0.0000000000 4.6245781622 0.8964689937 0.2766846191 1.2738297938 0.8821443831 0.0583120070 0.0818122464 0.7922939335 2.4555868154 1.9851171249 3.3373416398 2.0388302937 0.6994119997 0.9410990773
0.7543723936 4.6245781622 0.0000000000 0.5910465404 0.6347857957 0.2957122767 0.0105142329 2.3248723841 0.2671150952 0.7531324760 0.1066139220 0.6190779369 1.0971225538 0.0260595274 0.3509281836 0.1185907331
2.1241459560 0.8964689937 0.5910465404 0.0000000000 0.1306157230 0.1278778670 3.2935082656 1.1897879060 1.5395233298 1.0709631106 2.5630677413 0.8453337701 0.4417871195 0.2718013400 1.4906206747 1.6401008608
0.1051826712 0.2766846191 0.6347857957 0.1306157230 0.0000000000 1.3244775501 0.6669742144 0.2585251647 2.6428103392 0.6359926040 1.7838913243 1.1766620449 0.4936326133 1.0844885106 2.0960931182 0.2406920610
3.2749226572 1.2738297938 0.2957122767 0.1278778670 1.3244775501 0.0000000000 0.1298949673 5.1079639269 0.7559232466 0.6612735223 1.5677332310 0.1004516815 1.1460427144 0.0284622986 0.9018623550 0.0030460576
0.2367778622 0.8821443831 0.0105142329 3.2935082656 0.6669742144 0.1298949673 0.0000000000 0.4478855563 2.4259936271 1.3732152720 0.6926975144 4.5910961297 0.2578431065 0.1525160485 0.4010884425 0.8338589171
0.3015445261 0.0583120070 2.3248723841 1.1897879060 0.2585251647 5.1079639269 0.4478855563 0.0000000000 0.5255026696 4.1674826968 1.6324665798 0.4112309876 2.7081368492 0.9727087324 0.1092353537 1.7446339112
0.9816012703 0.0818122464 0.2671150952 1.5395233298 2.6428103392 0.7559232466 2.4259936271 0.5255026696 0.0000000000 0.3496813530 0.1912123319 1.1461074666 1.8145947715 0.2518010421 0.0443733732 0.7321331340
1.1680654377 0.7922939335 0.7531324760 1.0709631106 0.6359926040 0.6612735223 1.3732152720 4.1674826968 0.3496813530 0.0000000000 0.6210302349 4.9448728728 1.8348713716 0.9393531870 2.4117582385 0.4292892717
0.2226135270 2.4555868154 0.1066139220 2.5630677413 1.7838913243 1.5677332310 0.6926975144 1.6324665798 0.1912123319 0.6210302349 0.0000000000 1.5054969608 0.0148343202 0.5755436167 3.4563374781 0.1387812294
4.1036625904 1.9851171249 0.6190779369 0.8453337701 1.1766620449 0.1004516815 4.5910961297 0.4112309876 1.1461074666 4.9448728728 1.5054969608 0.0000000000 7.0156449681 0.8258031028 1.0437420730 2.4104776440
4.8866206262 3.3373416398 1.0971225538 0.4417871195 0.4936326133 1.1460427144 0.2578431065 2.7081368492 1.8145947715 1.8348713716 0.0148343202 7.0156449681 0.0000000000 0.2824345429 0.2274866083 0.4656930807
2.0315234491 2.0388302937 0.0260595274 0.2718013400 1.0844885106 0.0284622986 0.1525160485 0.9727087324 0.2518010421 0.9393531870 0.5755436167 0.8258031028 0.2824345429 0.0000000000 0.8031457053 2.8251672041
0.4237345715 0.6994119997 0.3509281836 1.4906206747 2.0960931182 0.9018623550 0.4010884425 0.1092353537 0.0443733732 2.4117582385 3.4563374781 1.0437420730 0.2274866083 0.8031457053 0.0000000000 0.5040350192
0.9845944502 0.9410990773 0.1185907331 1.6401008608 0.2406920610 0.0030460576 0.8338589171 1.7446339112 0.7321331340 0.4292892717 0.1387812294 2.4104776440 0.4656930807 2.8251672041 0.5040350192 0.0000000000
