# MCW Instance
# Type: EXPONENTIAL
# N: 16
# Optimal cost: 1.9232828235689825
# Optimal tour (permutation): [0, 9, 7, 1, 2, 13, 12, 10, 4, 3, 15, 14, 5, 11, 8, 6, 0]
# Optimal walk (full path): [0, 9, 1, 7, 1, 2, 13, 10, 12, 10, 4, 10, 3, 15, 14, 5, 11, 8, 6, 0]
# Walk size: 20
# Is walk (has repeats): true

# Distance Matrix
0.0000000000 0.8234507939 0.3423691437 1.1157021186 0.1948530530 0.0876530545 0.0967059684 0.6155821525 1.0796781351 0.0375662377 0.0112791851 1.3618066780 0.8149403515 3.5377920203 2.9688475066 0.9428350512
0.8234507939 0.0000000000 0.1463256129 0.4163193054 1.4860996978 2.5637702262 0.8567356360 0.1850899814 0.2569435271 0.1292964617 0.5573562966 0.4328948694 0.1738140769 0.3162852122 0.2880230500 0.2721197029
0.3423691437 0.1463256129 0.0000000000 0.3859113922 0.6376009605 1.2984175731 0.4997298139 1.3108663400 1.3640094099 1.7203181915 0.6011069789 0.9196091035 1.7794561796 0.3602179486 1.7069082490 1.0138191959
1.1157021186 0.4163193054 0.3859113922 0.0000000000 2.2611975158 0.3290955408 0.7776247903 0.7536356808 5.6040815918 0.2381898778 0.0652923342 0.5412119409 0.4031634106 0.2623622518 1.3459341439 0.1138959834
0.1948530530 1.4860996978 0.6376009605 2.2611975158 0.0000000000 1.1611174844 0.7653103420 2.2718099526 1.9985563139 0.2325656714 0.0038210743 4.2264613811 1.1765863982 0.9752585523 0.1982647407 1.8313564360
0.0876530545 2.5637702262 1.2984175731 0.3290955408 1.1611174844 0.0000000000 0.0888406958 0.3513125288 0.2701395137 0.4424653439 0.5138811269 0.0353493001 0.8885580802 3.4864476685 0.1546720405 0.5424777757
0.0967059684 0.8567356360 0.4997298139 0.7776247903 0.7653103420 0.0888406958 0.0000000000 0.4228851285 0.1257820777 1.0368308953 0.7324662685 2.3137457290 0.8896169444 2.3224543387 0.3100391374 0.8745139461
0.6155821525 0.1850899814 1.3108663400 0.7536356808 2.2718099526 0.3513125288 0.4228851285 0.0000000000 2.8465501210 0.6958913293 0.5148148284 0.5062896106 0.6595330664 2.9860595833 2.3647706168 1.0113714641
1.0796781351 0.2569435271 1.3640094099 5.6040815918 1.9985563139 0.2701395137 0.1257820777 2.8465501210 0.0000000000 0.2066609565 3.5659586890 0.0173126266 0.3362067993 1.2950388060 1.3464714967 0.6849891066
0.0375662377 0.1292964617 1.7203181915 0.2381898778 0.2325656714 0.4424653439 1.0368308953 0.6958913293 0.2066609565 0.0000000000 2.7036010664 0.3594494671 0.4367682057 0.8176548718 0.1624783575 0.3260492569
0.0112791851 0.5573562966 0.6011069789 0.0652923342 0.0038210743 0.5138811269 0.7324662685 0.5148148284 3.5659586890 2.7036010664 0.0000000000 0.3902172066 0.0062105417 0.1269645545 1.2822958408 0.2708367862
1.3618066780 0.4328948694 0.9196091035 0.5412119409 4.2264613811 0.0353493001 2.3137457290 0.5062896106 0.0173126266 0.3594494671 0.3902172066 0.0000000000 0.5520478274 0.9821482085 1.7577216912 0.3520451158
0.8149403515 0.1738140769 1.7794561796 0.4031634106 1.1765863982 0.8885580802 0.8896169444 0.6595330664 0.3362067993 0.4367682057 0.0062105417 0.5520478274 0.0000000000 3.5608312474 0.4907914069 1.8704374263
3.5377920203 0.3162852122 0.3602179486 0.2623622518 0.9752585523 3.4864476685 2.3224543387 2.9860595833 1.2950388060 0.8176548718 0.1269645545 0.9821482085 3.5608312474 0.0000000000 2.1087512956 0.2260124317
2.9688475066 0.2880230500 1.7069082490 1.3459341439 0.1982647407 0.1546720405 0.3100391374 2.3647706168 1.3464714967 0.1624783575 1.2822958408 1.7577216912 0.4907914069 2.1087512956 0.0000000000 0.1236584825
0.9428350512 0.2721197029 1.0138191959 0.1138959834 1.8313564360 0.5424777757 0.8745139461 1.0113714641 0.6849891066 0.3260492569 0.2708367862 0.3520451158 1.8704374263 0.2260124317 0.1236584825 0.0000000000
