# MCW Instance
# Type: EXPONENTIAL
# N: 16
# Optimal cost: 1.7206013329349574
# Optimal tour (permutation): [0, 12, 15, 9, 11, 13, 10, 8, 4, 3, 5, 1, 14, 6, 7, 2, 0]
# Optimal walk (full path): [0, 12, 15, 9, 11, 13, 10, 8, 4, 3, 1, 5, 1, 14, 6, 7, 2, 12, 0]
# Walk size: 19
# Is walk (has repeats): true

# Distance Matrix
0.0000000000 1.1889333782 2.1875028063 0.0892782043 0.8900608326 3.9903569348 1.0073721969 0.3859502492 0.5762865328 0.1520713710 0.6033115429 1.3624656660 0.0284485824 0.3271603222 0.3192375299 0.5908634155
1.1889333782 0.0000000000 5.4662118856 0.0629311814 0.1344167009 0.0241624291 0.5226621228 0.9480288901 0.2337513464 0.2015039668 1.5415451097 4.5769882906 3.5972238171 0.5088909698 0.3252149742 1.1545210592
2.1875028063 5.4662118856 0.0000000000 0.8214771295 1.2058669323 0.7258483441 0.1392506153 0.0318324542 2.1369152416 0.3010788473 0.5923888442 3.0636856408 0.0242807060 2.1594215881 1.3912348089 0.0928469228
0.0892782043 0.0629311814 0.8214771295 0.0000000000 0.0155462737 0.4677437500 0.1812336871 0.1222352235 2.1463944772 0.7781254996 0.3934818513 0.7706573300 0.1387001520 1.7768084434 0.8167791520 0.2378117512
0.8900608326 0.1344167009 1.2058669323 0.0155462737 0.0000000000 3.0004776373 0.2197323640 0.1304346842 0.2126486023 0.1704938617 0.2685305906 1.8424316833 2.5973177451 2.0111675496 3.2884178209 0.2731648922
3.9903569348 0.0241624291 0.7258483441 0.4677437500 3.0004776373 0.0000000000 0.2115305589 0.7672285947 0.4741997941 1.5919380891 0.7526598975 1.2646875131 0.2344002982 0.3325563115 0.4590399819 4.5930225173
1.0073721969 0.5226621228 0.1392506153 0.1812336871 0.2197323640 0.2115305589 0.0000000000 0.0680790739 0.2100295474 0.6098528529 2.0921511487 0.7796121975 0.2029120224 1.2609095731 0.2444936562 1.1674524119
0.3859502492 0.9480288901 0.0318324542 0.1222352235 0.1304346842 0.7672285947 0.0680790739 0.0000000000 0.1676903800 0.1420822435 0.4467797479 1.1623002914 1.9364064538 1.7541555707 1.4828231224 0.5933779037
0.5762865328 0.2337513464 2.1369152416 2.1463944772 0.2126486023 0.4741997941 0.2100295474 0.1676903800 0.0000000000 0.4771031837 0.0547118673 0.1325865175 0.4600394414 1.1532509486 0.5623769116 1.1650542207
0.1520713710 0.2015039668 0.3010788473 0.7781254996 0.1704938617 1.5919380891 0.6098528529 0.1420822435 0.4771031837 0.0000000000 0.5954496316 0.2196028611 0.4838032599 2.9081260894 0.6503240583 0.0585377089
0.6033115429 1.5415451097 0.5923888442 0.3934818513 0.2685305906 0.7526598975 2.0921511487 0.4467797479 0.0547118673 0.5954496316 0.0000000000 0.5472759706 0.9074916529 0.1076928724 2.6040793305 0.8352323431
1.3624656660 4.5769882906 3.0636856408 0.7706573300 1.8424316833 1.2646875131 0.7796121975 1.1623002914 0.1325865175 0.2196028611 0.5472759706 0.0000000000 1.6578167141 0.1276512362 0.5330006270 5.3891402210
0.0284485824 3.5972238171 0.0242807060 0.1387001520 2.5973177451 0.2344002982 0.2029120224 1.9364064538 0.4600394414 0.4838032599 0.9074916529 1.6578167141 0.0000000000 0.5419338509 0.7184082972 0.0621558419
0.3271603222 0.5088909698 2.1594215881 1.7768084434 2.0111675496 0.3325563115 1.2609095731 1.7541555707 1.1532509486 2.9081260894 0.1076928724 0.1276512362 0.5419338509 0.0000000000 1.2093069802 3.1710404669
0.3192375299 0.3252149742 1.3912348089 0.8167791520 3.2884178209 0.4590399819 0.2444936562 1.4828231224 0.5623769116 0.6503240583 2.6040793305 0.5330006270 0.7184082972 1.2093069802 0.0000000000 0.4112614757
0.5908634155 1.1545210592 0.0928469228 0.2378117512 0.2731648922 4.5930225173 1.1674524119 0.5933779037 1.1650542207 0.0585377089 0.8352323431 5.3891402210 0.0621558419 3.1710404669 0.4112614757 0.0000000000
