# MCW Instance
# Type: EXPONENTIAL
# N: 16
# Optimal cost: 1.5661787442165094
# Optimal tour (permutation): [0, 7, 11, 13, 2, 15, 5, 12, 6, 8, 10, 3, 1, 14, 4, 9, 0]
# Optimal walk (full path): [0, 7, 11, 13, 2, 15, 2, 5, 12, 6, 8, 3, 10, 3, 1, 4, 14, 4, 0, 9, 0]
# Walk size: 21
# Is walk (has repeats): true

# Distance Matrix
0.0000000000 0.1986221505 0.1754260276 0.9812635830 0.0237157237 2.8982923974 0.1906842818 0.1352700397 0.4596983409 0.0169498505 1.0340361344 0.6099602069 0.4855932947 0.4113632691 0.0428388173 0.8778334504
0.1986221505 0.0000000000 0.4503699559 0.0479100377 0.0341789332 1.4306936449 1.0885804874 0.5144297248 3.6301301936 0.3257828775 1.2545115124 0.8131315417 1.2434568655 1.2188595283 0.3862041365 0.2312160740
0.1754260276 0.4503699559 0.0000000000 0.8346629834 0.6297542948 0.0671737149 0.7596647864 0.2199340637 0.8816966137 1.0387523575 0.8262914585 0.8172028808 0.0861085314 0.0280412119 0.0814166200 0.0491043502
0.9812635830 0.0479100377 0.8346629834 0.0000000000 0.1015082803 0.5392413128 0.5814561644 0.6935772725 0.0121978747 0.2214223319 0.3171115170 1.0645551137 3.5223414236 0.1362637641 1.3660106642 0.3835742636
0.0237157237 0.0341789332 0.6297542948 0.1015082803 0.0000000000 4.1547549491 0.3155263867 0.4507172282 0.7031014218 0.6885875195 0.5595951053 0.6461499503 0.6399479838 1.0252889531 0.0117938255 0.6543329193
2.8982923974 1.4306936449 0.0671737149 0.5392413128 4.1547549491 0.0000000000 1.2512467661 0.9721418750 1.0430824930 0.8723525257 1.0186478885 1.0607655674 0.1175002502 0.2924799618 2.4044232617 0.9036506888
0.1906842818 1.0885804874 0.7596647864 0.5814561644 0.3155263867 1.2512467661 0.0000000000 0.7375872775 0.0195375225 0.1243483239 3.6159800154 0.1548721076 0.0119624330 1.4844194819 0.5350758100 0.7389925382
0.1352700397 0.5144297248 0.2199340637 0.6935772725 0.4507172282 0.9721418750 0.7375872775 0.0000000000 1.6845505162 0.5080762837 0.8408479771 0.1769421075 0.6310977785 1.6483009999 0.7147625197 0.5116400106
0.4596983409 3.6301301936 0.8816966137 0.0121978747 0.7031014218 1.0430824930 0.0195375225 1.6845505162 0.0000000000 0.1764152122 0.8907061766 0.2859188349 1.0955820233 0.0512756944 0.1616122147 0.5315522638
0.0169498505 0.3257828775 1.0387523575 0.2214223319 0.6885875195 0.8723525257 0.1243483239 0.5080762837 0.1764152122 0.0000000000 1.7730103876 1.8382339280 0.9952119326 0.5302368275 2.9977752812 0.3412629713
1.0340361344 1.2545115124 0.8262914585 0.3171115170 0.5595951053 1.0186478885 3.6159800154 0.8408479771 0.8907061766 1.7730103876 0.0000000000 0.6756843029 0.4435605081 0.3301378613 0.6742679582 0.6898789614
0.6099602069 0.8131315417 0.8172028808 1.0645551137 0.6461499503 1.0607655674 0.1548721076 0.1769421075 0.2859188349 1.8382339280 0.6756843029 0.0000000000 1.7455828076 0.1018298090 2.5861183755 0.5643472836
0.4855932947 1.2434568655 0.0861085314 3.5223414236 0.6399479838 0.1175002502 0.0119624330 0.6310977785 1.0955820233 0.9952119326 0.4435605081 1.7455828076 0.0000000000 0.0853463965 0.6887985347 0.7372190128
0.4113632691 1.2188595283 0.0280412119 0.1362637641 1.0252889531 0.2924799618 1.4844194819 1.6483009999 0.0512756944 0.5302368275 0.3301378613 0.1018298090 0.0853463965 0.0000000000 1.8531024759 1.5338970907
0.0428388173 0.3862041365 0.0814166200 1.3660106642 0.0117938255 2.4044232617 0.5350758100 0.7147625197 0.1616122147 2.9977752812 0.6742679582 2.5861183755 0.6887985347 1.8531024759 0.0000000000 0.1054547982
0.8778334504 0.2312160740 0.0491043502 0.3835742636 0.6543329193 0.9036506888 0.7389925382 0.5116400106 0.5315522638 0.3412629713 0.6898789614 0.5643472836 0.7372190128 1.5338970907 0.1054547982 0.0000000000
