# MCW Instance
# Type: EXPONENTIAL
# N: 16
# Optimal cost: 2.3197094873441784
# Optimal tour (permutation): [0, 14, 7, 4, 15, 9, 12, 10, 2, 8, 6, 13, 3, 1, 5, 11, 0]
# Optimal walk (full path): [0, 14, 7, 4, 7, 15, 9, 12, 10, 2, 8, 6, 8, 13, 3, 1, 5, 11, 0]
# Walk size: 19
# Is walk (has repeats): true

# Distance Matrix
0.0000000000 1.4070611906 0.3167568330 0.9912986057 0.5072226066 0.2516721840 1.2486082877 0.9486323418 1.5898522319 0.2989797638 0.9896668181 0.2155710450 4.3789188987 0.4309836507 0.0362002700 0.2933880211
1.4070611906 0.0000000000 0.6664372507 0.1015295720 4.4689484547 0.0001991012 1.9697116754 0.3428701831 1.1180468893 0.5007031265 0.4590804566 0.6976716618 0.3362459510 0.4002448924 0.1627844065 1.5314098897
0.3167568330 0.6664372507 0.0000000000 0.5479285081 0.5683654703 0.6636603270 1.1869541199 1.0563109708 0.2478213448 0.6068487563 0.2804588155 2.7337181004 0.6676409512 1.3491173094 0.6644472773 0.7556826495
0.9912986057 0.1015295720 0.5479285081 0.0000000000 0.2956883765 0.1714454516 0.5853968414 0.1236395488 0.2833156315 4.0370668860 1.5220778725 2.1226629897 2.2762421341 0.0767569515 0.1130854422 0.6168706592
0.5072226066 4.4689484547 0.5683654703 0.2956883765 0.0000000000 0.1908860234 0.3470406970 0.0942631735 1.3745434179 3.8877003068 1.3701856762 1.0809910325 1.2694910006 1.6035912180 2.6383500249 0.4485961885
0.2516721840 0.0001991012 0.6636603270 0.1714454516 0.1908860234 0.0000000000 1.1517755531 0.3839290348 2.9330490962 0.8654374104 0.7381309343 0.1820922536 0.8973583629 1.5232876428 1.5599790473 0.8446455877
1.2486082877 1.9697116754 1.1869541199 0.5853968414 0.3470406970 1.1517755531 0.0000000000 0.2397268645 0.0769868030 1.7795444215 1.2373079246 5.0384613588 0.4320148543 0.4513389779 1.3946921286 0.6399416692
0.9486323418 0.3428701831 1.0563109708 0.1236395488 0.0942631735 0.3839290348 0.2397268645 0.0000000000 0.0946818285 0.4432033922 0.0942632727 2.0609498895 0.4271734776 0.5557604270 0.1011641410 0.0848732773
1.5898522319 1.1180468893 0.2478213448 0.2833156315 1.3745434179 2.9330490962 0.0769868030 0.0946818285 0.0000000000 1.7770827404 0.3866029648 1.5384713921 2.8506139073 0.0359199573 0.9799767124 0.1456506122
0.2989797638 0.5007031265 0.6068487563 4.0370668860 3.8877003068 0.8654374104 1.7795444215 0.4432033922 1.7770827404 0.0000000000 1.8239077797 0.3363540097 0.1903632031 0.6280723844 0.5623128487 0.2167081759
0.9896668181 0.4590804566 0.2804588155 1.5220778725 1.3701856762 0.7381309343 1.2373079246 0.0942632727 0.3866029648 1.8239077797 0.0000000000 0.2933125790 0.2075514261 1.5867745834 0.6650023238 0.2030575173
0.2155710450 0.6976716618 2.7337181004 2.1226629897 1.0809910325 0.1820922536 5.0384613588 2.0609498895 1.5384713921 0.3363540097 0.2933125790 0.0000000000 0.5814640830 0.1856931638 0.4186213129 0.5474685697
4.3789188987 0.3362459510 0.6676409512 2.2762421341 1.2694910006 0.8973583629 0.4320148543 0.4271734776 2.8506139073 0.1903632031 0.2075514261 0.5814640830 0.0000000000 1.0329285346 2.5610643912 0.6087969789
0.4309836507 0.4002448924 1.3491173094 0.0767569515 1.6035912180 1.5232876428 0.4513389779 0.5557604270 0.0359199573 0.6280723844 1.5867745834 0.1856931638 1.0329285346 0.0000000000 4.4859336860 1.2185809250
0.0362002700 0.1627844065 0.6644472773 0.1130854422 2.6383500249 1.5599790473 1.3946921286 0.1011641410 0.9799767124 0.5623128487 0.6650023238 0.4186213129 2.5610643912 4.4859336860 0.0000000000 0.5527072163
0.2933880211 1.5314098897 0.7556826495 0.6168706592 0.4485961885 0.8446455877 0.6399416692 0.0848732773 0.1456506122 0.2167081759 0.2030575173 0.5474685697 0.6087969789 1.2185809250 0.5527072163 0.0000000000
