# MCW Instance
# Type: EXPONENTIAL
# N: 16
# Optimal cost: 1.2251687896554637
# Optimal tour (permutation): [0, 3, 12, 1, 6, 11, 14, 10, 2, 5, 9, 8, 7, 15, 13, 4, 0]
# Optimal walk (full path): [0, 3, 0, 12, 1, 6, 11, 10, 14, 10, 2, 5, 9, 8, 7, 15, 13, 15, 4, 0]
# Walk size: 20
# Is walk (has repeats): true

# Distance Matrix
0.0000000000 0.4453851360 3.1510503928 0.0396900930 0.0359030367 2.2366649151 0.2364609209 0.1731427597 0.6861411237 0.2985876059 2.1569788864 0.5831088655 0.0921490239 0.4941294906 2.0126826283 1.5807900909
0.4453851360 0.0000000000 0.5420526171 2.0795027444 0.6653250030 1.0265064980 0.1610307043 0.9028860392 1.1280053962 0.8364309074 1.0123119416 2.1743958213 0.1201150867 2.0527951878 1.6451951029 0.6962126499
3.1510503928 0.5420526171 0.0000000000 2.1084408174 0.8788391328 0.1292877960 1.6493030810 1.9204743935 0.1193856535 0.3678579101 0.1518779444 0.2480364354 0.2386305287 0.4124515586 2.9073918164 0.1806965242
0.0396900930 2.0795027444 2.1084408174 0.0000000000 0.2362794066 4.1391132122 0.4466776847 0.1400456060 0.5513301107 0.1970086533 0.2272352969 1.2237572254 0.8089289066 0.3748970429 2.1802632468 0.9094113310
0.0359030367 0.6653250030 0.8788391328 0.2362794066 0.0000000000 0.5530604800 0.7974941226 1.0785057829 2.4830954604 1.5634064821 0.2498815297 1.2294390380 0.5359101005 0.1474368116 0.4562428563 0.0741886262
2.2366649151 1.0265064980 0.1292877960 4.1391132122 0.5530604800 0.0000000000 0.2023511510 0.3413287063 0.7452500093 0.0492282660 1.4741958294 0.5039667872 3.3896905278 1.2507167029 1.0162631760 0.4249706235
0.2364609209 0.1610307043 1.6493030810 0.4466776847 0.7974941226 0.2023511510 0.0000000000 0.9850403983 0.6768260996 0.4237161443 3.1383788346 0.2049615617 0.2499589959 2.5083114486 0.4057929049 1.8712416003
0.1731427597 0.9028860392 1.9204743935 0.1400456060 1.0785057829 0.3413287063 0.9850403983 0.0000000000 0.0188417515 0.4611244426 1.0764053094 0.9358129673 0.4088685702 0.5992616492 0.3221083288 0.0281713673
0.6861411237 1.1280053962 0.1193856535 0.5513301107 2.4830954604 0.7452500093 0.6768260996 0.0188417515 0.0000000000 0.0017508796 0.4112564389 0.4254994211 1.3505209449 1.2803948143 0.0753847685 0.8484708553
0.2985876059 0.8364309074 0.3678579101 0.1970086533 1.5634064821 0.0492282660 0.4237161443 0.4611244426 0.0017508796 0.0000000000 0.3375258588 0.5904883999 0.3685276964 0.4890359850 0.1270859561 0.3065216966
2.1569788864 1.0123119416 0.1518779444 0.2272352969 0.2498815297 1.4741958294 3.1383788346 1.0764053094 0.4112564389 0.3375258588 0.0000000000 0.0666028965 1.8540667997 0.0314919106 0.0042272779 5.2057594705
0.5831088655 2.1743958213 0.2480364354 1.2237572254 1.2294390380 0.5039667872 0.2049615617 0.9358129673 0.4254994211 0.5904883999 0.0666028965 0.0000000000 2.2506552506 0.8964525497 0.6867476427 2.3277649952
0.0921490239 0.1201150867 0.2386305287 0.8089289066 0.5359101005 3.3896905278 0.2499589959 0.4088685702 1.3505209449 0.3685276964 1.8540667997 2.2506552506 0.0000000000 0.1240855435 1.0258325160 0.8126649509
0.4941294906 2.0527951878 0.4124515586 0.3748970429 0.1474368116 1.2507167029 2.5083114486 0.5992616492 1.2803948143 0.4890359850 0.0314919106 0.8964525497 0.1240855435 0.0000000000 0.0748412034 0.0016125534
2.0126826283 1.6451951029 2.9073918164 2.1802632468 0.4562428563 1.0162631760 0.4057929049 0.3221083288 0.0753847685 0.1270859561 0.0042272779 0.6867476427 1.0258325160 0.0748412034 0.0000000000 0.3515453963
1.5807900909 0.6962126499 0.1806965242 0.9094113310 0.0741886262 0.4249706235 1.8712416003 0.0281713673 0.8484708553 0.3065216966 5.2057594705 2.3277649952 0.8126649509 0.0016125534 0.3515453963 0.0000000000
