# MCW Instance
# Type: EXPONENTIAL
# N: 16
# Optimal cost: 2.8997863929278997
# Optimal tour (permutation): [0, 10, 2, 8, 9, 14, 11, 3, 12, 7, 4, 1, 6, 5, 15, 13, 0]
# Optimal walk (full path): [0, 10, 2, 8, 9, 11, 14, 11, 3, 12, 7, 1, 4, 1, 5, 6, 5, 15, 13, 0]
# Walk size: 20
# Is walk (has repeats): true

# Distance Matrix
0.0000000000 3.6657377061 0.8162396788 2.0381260363 2.2696994853 2.4145158647 0.3862216379 1.6822931539 0.3933561922 2.5206931958 0.2864542748 2.5687099203 1.0746588031 0.1765479254 0.7779599273 2.5481869274
3.6657377061 0.0000000000 0.9448619774 0.9861452670 0.0231716982 0.0271088092 0.5542111741 0.0798319916 0.4006289074 0.6330960579 0.3579192972 0.5199740433 1.6346568690 0.5209794939 2.0989865893 1.0756271434
0.8162396788 0.9448619774 0.0000000000 1.5260086657 0.9499525339 2.3409537111 0.5727697104 0.4673190012 0.4156068065 1.7487097908 0.1817673743 1.9332104143 0.6899944225 1.0952556531 1.6169437587 0.3730442535
2.0381260363 0.9861452670 1.5260086657 0.0000000000 2.4696005556 0.2482036862 1.5751215824 0.2236473760 1.2968742102 0.3792739794 1.7750535445 0.1522511999 0.1199395589 0.8516605868 1.2596005934 0.3622120039
2.2696994853 0.0231716982 0.9499525339 2.4696005556 0.0000000000 0.6736729377 2.2718834775 2.4833723461 0.6043474849 2.9679869255 1.1976383287 1.5583212608 2.0640350873 0.2395192757 1.1412683169 0.2501295286
2.4145158647 0.0271088092 2.3409537111 0.2482036862 0.6736729377 0.0000000000 0.1059581856 1.0187265972 2.0051291721 0.5469376693 1.0911556119 1.6011243520 0.5465661604 2.5711284028 1.4616840877 0.0181206262
0.3862216379 0.5542111741 0.5727697104 1.5751215824 2.2718834775 0.1059581856 0.0000000000 1.5066506110 0.5473737091 0.2120982699 1.7757656273 0.6041264539 2.5609226174 0.6823352875 1.1208773607 4.1360236340
1.6822931539 0.0798319916 0.4673190012 0.2236473760 2.4833723461 1.0187265972 1.5066506110 0.0000000000 1.9144931563 0.0072601836 0.3995469301 0.4922225064 0.1722279545 3.0069212530 0.7589875267 0.9225232333
0.3933561922 0.4006289074 0.4156068065 1.2968742102 0.6043474849 2.0051291721 0.5473737091 1.9144931563 0.0000000000 0.1850757347 0.6956275847 2.3240811037 0.5276005292 3.0672353329 0.7957398803 1.9079508477
2.5206931958 0.6330960579 1.7487097908 0.3792739794 2.9679869255 0.5469376693 0.2120982699 0.0072601836 0.1850757347 0.0000000000 0.7000365417 0.2003568976 0.5087605835 0.5025505785 0.5508507118 0.0475636496
0.2864542748 0.3579192972 0.1817673743 1.7750535445 1.1976383287 1.0911556119 1.7757656273 0.3995469301 0.6956275847 0.7000365417 0.0000000000 1.1969520484 2.0200630686 0.3683903614 0.9976980984 0.5292268187
2.5687099203 0.5199740433 1.9332104143 0.1522511999 1.5583212608 1.6011243520 0.6041264539 0.4922225064 2.3240811037 0.2003568976 1.1969520484 0.0000000000 0.4906830609 0.8421883354 0.2426723905 1.4634284360
1.0746588031 1.6346568690 0.6899944225 0.1199395589 2.0640350873 0.5465661604 2.5609226174 0.1722279545 0.5276005292 0.5087605835 2.0200630686 0.4906830609 0.0000000000 0.7725053072 1.8728266539 0.5228069195
0.1765479254 0.5209794939 1.0952556531 0.8516605868 0.2395192757 2.5711284028 0.6823352875 3.0069212530 3.0672353329 0.5025505785 0.3683903614 0.8421883354 0.7725053072 0.0000000000 1.2782107709 0.1408926906
0.7779599273 2.0989865893 1.6169437587 1.2596005934 1.1412683169 1.4616840877 1.1208773607 0.7589875267 0.7957398803 0.5508507118 0.9976980984 0.2426723905 1.8728266539 1.2782107709 0.0000000000 1.8539354609
2.5481869274 1.0756271434 0.3730442535 0.3622120039 0.2501295286 0.0181206262 4.1360236340 0.9225232333 1.9079508477 0.0475636496 0.5292268187 1.4634284360 0.5228069195 0.1408926906 1.8539354609 0.0000000000
