# MCW Instance
# Type: EXPONENTIAL
# N: 16
# Optimal cost: 1.9825273273888138
# Optimal tour (permutation): [0, 10, 15, 12, 11, 2, 4, 9, 5, 3, 13, 8, 1, 14, 6, 7, 0]
# Optimal walk (full path): [0, 10, 15, 12, 11, 2, 4, 9, 5, 3, 5, 13, 8, 13, 1, 14, 6, 7, 0]
# Walk size: 19
# Is walk (has repeats): true

# Distance Matrix
0.0000000000 1.6713893423 0.5735438572 0.4738332007 0.6859315629 0.6023865724 0.3831275232 0.0880527157 0.3844400643 3.0626302486 0.0041893745 2.0402054177 0.5315328364 2.5824164856 0.1368087698 0.1889312616
1.6713893423 0.0000000000 1.6834709626 0.3534263888 0.8552581144 0.8318982129 4.3634036860 0.5141449601 0.8894225661 0.3332269383 6.1342493077 1.4880863598 3.2289715186 0.1239225733 0.0607853375 2.7016562527
0.5735438572 1.6834709626 0.0000000000 1.6748554938 0.2226587692 1.0734428863 1.5109032509 0.0568156171 0.5993406402 0.5563338856 0.7150767242 0.1379184877 2.0803356264 0.4579560164 2.7153101852 0.3304059809
0.4738332007 0.3534263888 1.6748554938 0.0000000000 1.2999958771 0.0529276810 1.8486000237 0.2773124982 0.8577099380 2.5124931992 1.1956339197 1.7630157139 1.0012015887 2.0605646401 0.1964506811 1.2515202443
0.6859315629 0.8552581144 0.2226587692 1.2999958771 0.0000000000 0.4050427276 2.8977329168 0.3779891554 0.3814147275 0.0342078401 2.6615241823 1.6298850177 0.7462644015 2.0496161831 0.7558838487 1.6844182942
0.6023865724 0.8318982129 1.0734428863 0.0529276810 0.4050427276 0.0000000000 1.4452435755 0.3331235003 1.3374783262 0.0422616561 1.3086708862 0.5469789654 2.2182473869 0.0364026042 3.9338478909 1.2268025475
0.3831275232 4.3634036860 1.5109032509 1.8486000237 2.8977329168 1.4452435755 0.0000000000 0.0974571862 1.9328574031 0.5736763461 0.0819163650 0.5621055084 2.3370186880 1.4962292521 0.0595298668 1.4813765633
0.0880527157 0.5141449601 0.0568156171 0.2773124982 0.3779891554 0.3331235003 0.0974571862 0.0000000000 0.5362074947 1.0439088192 0.9573979419 1.3444018414 0.5524522137 0.9360538394 3.8625582192 1.5976634597
0.3844400643 0.8894225661 0.5993406402 0.8577099380 0.3814147275 1.3374783262 1.9328574031 0.5362074947 0.0000000000 0.2326437373 1.1595268270 2.4359598492 0.4562181948 0.1389572347 0.7822389094 1.3903625028
3.0626302486 0.3332269383 0.5563338856 2.5124931992 0.0342078401 0.0422616561 0.5736763461 1.0439088192 0.2326437373 0.0000000000 0.2395104378 0.7981296574 0.2554183728 0.5215837900 0.5216715609 2.6869523273
0.0041893745 6.1342493077 0.7150767242 1.1956339197 2.6615241823 1.3086708862 0.0819163650 0.9573979419 1.1595268270 0.2395104378 0.0000000000 1.1025073535 2.0109990155 0.8545106455 0.9129135550 0.1927400572
2.0402054177 1.4880863598 0.1379184877 1.7630157139 1.6298850177 0.5469789654 0.5621055084 1.3444018414 2.4359598492 0.7981296574 1.1025073535 0.0000000000 0.2690206222 0.2771359381 0.9773511651 0.3984810698
0.5315328364 3.2289715186 2.0803356264 1.0012015887 0.7462644015 2.2182473869 2.3370186880 0.5524522137 0.4562181948 0.2554183728 2.0109990155 0.2690206222 0.0000000000 0.2372665940 0.8709192883 0.2296104050
2.5824164856 0.1239225733 0.4579560164 2.0605646401 2.0496161831 0.0364026042 1.4962292521 0.9360538394 0.1389572347 0.5215837900 0.8545106455 0.2771359381 0.2372665940 0.0000000000 2.6252565463 3.6260624188
0.1368087698 0.0607853375 2.7153101852 0.1964506811 0.7558838487 3.9338478909 0.0595298668 3.8625582192 0.7822389094 0.5216715609 0.9129135550 0.9773511651 0.8709192883 2.6252565463 0.0000000000 4.8755092504
0.1889312616 2.7016562527 0.3304059809 1.2515202443 1.6844182942 1.2268025475 1.4813765633 1.5976634597 1.3903625028 2.6869523273 0.1927400572 0.3984810698 0.2296104050 3.6260624188 4.8755092504 0.0000000000
