# MCW Instance
# Type: EXPONENTIAL
# N: 16
# Optimal cost: 2.039779698751274
# Optimal tour (permutation): [0, 9, 7, 8, 11, 12, 15, 5, 2, 13, 10, 14, 1, 4, 6, 3, 0]
# Optimal walk (full path): [0, 9, 0, 7, 11, 8, 11, 12, 15, 5, 15, 2, 13, 10, 1, 14, 1, 4, 6, 3, 0]
# Walk size: 21
# Is walk (has repeats): true

# Distance Matrix
0.0000000000 0.0460961323 0.9721181868 0.1597499863 1.2518148396 1.8639629342 0.3303057775 0.0720236579 0.1278039772 0.0077468027 0.9597014119 0.4103997257 0.8267483842 0.2896288426 1.1038599434 0.8016643808
0.0460961323 0.0000000000 0.6884677248 0.2974554553 0.0750894587 0.3215922363 0.7228450890 0.3394736735 3.3203806630 1.1189404628 0.1232755846 2.0867019774 1.9391412257 0.5422943566 0.0484321812 3.4627164697
0.9721181868 0.6884677248 0.0000000000 2.6990986998 0.6044439267 0.3434170592 1.6342843507 0.3617387746 0.1470776831 0.9028633076 3.6882854922 0.5563317046 3.5065538118 0.2263843518 0.8383025201 0.0803626667
0.1597499863 0.2974554553 2.6990986998 0.0000000000 0.8802310267 0.3074701876 0.0437195685 3.1415527099 2.4567211721 0.3123900089 0.6690240912 0.3304138699 0.6891263789 1.2325990651 0.2337824812 0.6128983390
1.2518148396 0.0750894587 0.6044439267 0.8802310267 0.0000000000 1.2314582965 0.1427451641 0.2111750387 0.3134037988 0.2809813936 1.0331891210 1.7277259387 1.6793598666 1.0592138339 2.4680048657 0.5403012066
1.8639629342 0.3215922363 0.3434170592 0.3074701876 1.2314582965 0.0000000000 1.8018605729 1.4083791009 1.5681308548 0.6724250109 3.0024938857 1.8237120646 0.8716794933 0.5918762712 1.3292821649 0.1653974175
0.3303057775 0.7228450890 1.6342843507 0.0437195685 0.1427451641 1.8018605729 0.0000000000 0.2487888639 0.4298112758 0.8691213297 1.4992513918 0.8721998938 1.0400023915 1.2912503963 0.2192191022 0.4537713035
0.0720236579 0.3394736735 0.3617387746 3.1415527099 0.2111750387 1.4083791009 0.2487888639 0.0000000000 0.4343032008 2.2772148752 4.9544270495 0.1284820530 3.0525299327 0.8107886631 2.2001597750 0.2378963015
0.1278039772 3.3203806630 0.1470776831 2.4567211721 0.3134037988 1.5681308548 0.4298112758 0.4343032008 0.0000000000 0.5895126632 1.5849970411 0.0397222628 1.1947534761 0.3605479386 0.9734607786 1.7494539093
0.0077468027 1.1189404628 0.9028633076 0.3123900089 0.2809813936 0.6724250109 0.8691213297 2.2772148752 0.5895126632 0.0000000000 0.5310350659 1.7508817209 0.5631941297 1.0610235626 1.5720809645 0.3732612917
0.9597014119 0.1232755846 3.6882854922 0.6690240912 1.0331891210 3.0024938857 1.4992513918 4.9544270495 1.5849970411 0.5310350659 0.0000000000 0.2304111535 0.1736545096 0.3892327630 1.1265438215 0.2127273752
0.4103997257 2.0867019774 0.5563317046 0.3304138699 1.7277259387 1.8237120646 0.8721998938 0.1284820530 0.0397222628 1.7508817209 0.2304111535 0.0000000000 0.0470992907 1.7608754554 1.2937910515 0.6848901176
0.8267483842 1.9391412257 3.5065538118 0.6891263789 1.6793598666 0.8716794933 1.0400023915 3.0525299327 1.1947534761 0.5631941297 0.1736545096 0.0470992907 0.0000000000 0.2949631247 0.2618140387 0.0290178248
0.2896288426 0.5422943566 0.2263843518 1.2325990651 1.0592138339 0.5918762712 1.2912503963 0.8107886631 0.3605479386 1.0610235626 0.3892327630 1.7608754554 0.2949631247 0.0000000000 0.4895153749 0.7271095074
1.1038599434 0.0484321812 0.8383025201 0.2337824812 2.4680048657 1.3292821649 0.2192191022 2.2001597750 0.9734607786 1.5720809645 1.1265438215 1.2937910515 0.2618140387 0.4895153749 0.0000000000 1.5261334832
0.8016643808 3.4627164697 0.0803626667 0.6128983390 0.5403012066 0.1653974175 0.4537713035 0.2378963015 1.7494539093 0.3732612917 0.2127273752 0.6848901176 0.0290178248 0.7271095074 1.5261334832 0.0000000000
