# MCW Instance
# Type: EXPONENTIAL
# N: 16
# Optimal cost: 1.9407553926540961
# Optimal tour (permutation): [0, 9, 2, 15, 12, 14, 11, 7, 4, 10, 1, 5, 3, 6, 13, 8, 0]
# Optimal walk (full path): [0, 9, 2, 15, 12, 14, 11, 7, 4, 10, 1, 11, 3, 5, 3, 8, 6, 13, 8, 0]
# Walk size: 20
# Is walk (has repeats): true

# Distance Matrix
0.0000000000 0.2821054352 2.0721508179 0.2345717954 0.8393932346 1.2391123885 0.4259145654 0.3390795903 0.3131007812 0.1888939629 0.6286226762 1.1629206794 0.4490081153 0.9761906551 1.6198740475 0.4984923063
0.2821054352 0.0000000000 0.8825561924 0.3434804052 1.0284977265 0.1105000271 0.8629139560 1.4733895653 0.6706410938 0.4849894049 0.0403395721 0.0031926538 0.7623081668 1.5609941944 0.2274053423 1.3620998677
2.0721508179 0.8825561924 0.0000000000 0.6582832235 1.6334483082 1.4923331101 0.5180819321 5.0995420863 0.8205996442 0.1185445413 0.9291705363 0.6606900420 0.4601543653 5.7303676039 0.8257683089 0.0238895142
0.2345717954 0.3434804052 0.6582832235 0.0000000000 1.9838787275 0.0047573753 0.6345526557 0.9227991260 0.0866657785 0.1222772262 0.4714215430 0.0579105027 0.2725580702 2.6418494677 1.0516500964 0.8551482692
0.8393932346 1.0284977265 1.6334483082 1.9838787275 0.0000000000 2.9042907940 0.8474717433 0.0493678319 1.6377530036 1.1758719324 0.1328855414 0.7490134678 0.2513292334 2.9589159791 0.2403015243 0.6062604115
1.2391123885 0.1105000271 1.4923331101 0.0047573753 2.9042907940 0.0000000000 0.9409660915 1.6962579714 0.2370001800 0.7994403561 0.2600903015 0.4451747914 0.4343732224 2.9532011547 0.6272692113 1.5507058977
0.4259145654 0.8629139560 0.5180819321 0.6345526557 0.8474717433 0.9409660915 0.0000000000 3.2313062452 0.0431168996 0.7885616911 0.6932988257 2.1114381664 0.4779459775 0.2185349120 0.7929679040 0.1802978177
0.3390795903 1.4733895653 5.0995420863 0.9227991260 0.0493678319 1.6962579714 3.2313062452 0.0000000000 1.2028131822 4.4780273881 0.6861251905 0.0738276853 0.4766882419 0.5737408861 1.6001398672 0.4326649199
0.3131007812 0.6706410938 0.8205996442 0.0866657785 1.6377530036 0.2370001800 0.0431168996 1.2028131822 0.0000000000 3.3549142131 1.9278722693 1.2882928067 3.4194626573 0.1808284366 0.4929874277 1.0341039663
0.1888939629 0.4849894049 0.1185445413 0.1222772262 1.1758719324 0.7994403561 0.7885616911 4.4780273881 3.3549142131 0.0000000000 0.4252260257 1.1125557101 0.9407331260 2.5407667948 0.5742443714 0.5804141171
0.6286226762 0.0403395721 0.9291705363 0.4714215430 0.1328855414 0.2600903015 0.6932988257 0.6861251905 1.9278722693 0.4252260257 0.0000000000 0.7587918654 4.0009881505 2.9711123676 0.9738292615 3.7775296267
1.1629206794 0.0031926538 0.6606900420 0.0579105027 0.7490134678 0.4451747914 2.1114381664 0.0738276853 1.2882928067 1.1125557101 0.7587918654 0.0000000000 0.2094721170 0.3969055755 0.1468552548 1.2828125230
0.4490081153 0.7623081668 0.4601543653 0.2725580702 0.2513292334 0.4343732224 0.4779459775 0.4766882419 3.4194626573 0.9407331260 4.0009881505 0.2094721170 0.0000000000 3.8673146295 0.2325902902 0.0206964838
0.9761906551 1.5609941944 5.7303676039 2.6418494677 2.9589159791 2.9532011547 0.2185349120 0.5737408861 0.1808284366 2.5407667948 2.9711123676 0.3969055755 3.8673146295 0.0000000000 4.1681108119 0.4425076177
1.6198740475 0.2274053423 0.8257683089 1.0516500964 0.2403015243 0.6272692113 0.7929679040 1.6001398672 0.4929874277 0.5742443714 0.9738292615 0.1468552548 0.2325902902 4.1681108119 0.0000000000 0.3803574121
0.4984923063 1.3620998677 0.0238895142 0.8551482692 0.6062604115 1.5507058977 0.1802978177 0.4326649199 1.0341039663 0.5804141171 3.7775296267 1.2828125230 0.0206964838 0.4425076177 0.3803574121 0.0000000000
