# MCW Instance
# Type: EXPONENTIAL
# N: 16
# Optimal cost: 1.338150456349108
# Optimal tour (permutation): [0, 7, 5, 15, 8, 13, 14, 12, 10, 6, 1, 2, 11, 4, 3, 9, 0]
# Optimal walk (full path): [0, 7, 5, 15, 5, 8, 13, 14, 1, 10, 12, 10, 1, 6, 1, 2, 13, 11, 4, 3, 9, 11, 0]
# Walk size: 23
# Is walk (has repeats): true

# Distance Matrix
0.0000000000 0.5224323949 0.5715126784 1.6172631375 1.6444332103 0.3032794797 2.5102370480 0.1344772016 3.6990357190 1.4957722392 3.3402308087 0.0769136668 1.1986105650 2.7893516327 1.1309502948 0.7019460558
0.5224323949 0.0000000000 0.0655080861 0.9318016492 0.2075249119 0.7803712932 0.1434291071 0.3334981954 0.2269235151 0.4053077294 0.0005703096 0.1151265047 1.3124765328 0.2495148031 0.1040622871 1.9820629077
0.5715126784 0.0655080861 0.0000000000 0.2607451670 0.2167434569 1.9563685502 0.6504326314 3.3750555314 0.5336931137 0.1875973859 3.5785603276 2.1610429606 1.5096240378 0.0737310643 2.5259648532 2.0948273764
1.6172631375 0.9318016492 0.2607451670 0.0000000000 0.0459040758 0.7045747100 0.9831671708 2.6005312038 1.1968320229 0.0485211858 2.2490645170 0.2962864676 2.3296421536 2.7796205855 2.2310231655 0.3109305040
1.6444332103 0.2075249119 0.2167434569 0.0459040758 0.0000000000 0.1386647398 2.3331701805 2.5728600080 1.2926590888 1.1811236678 1.4461942297 0.0724683774 0.5695506516 0.3925217669 5.7979607541 0.8204365147
0.3032794797 0.7803712932 1.9563685502 0.7045747100 0.1386647398 0.0000000000 0.4110880105 0.0726212109 0.0222489918 0.5283699948 1.6961450566 0.3038611665 0.2452541542 0.4498258056 1.4472153771 0.0513700409
2.5102370480 0.1434291071 0.6504326314 0.9831671708 2.3331701805 0.4110880105 0.0000000000 0.3975851558 0.4688029930 1.9312731226 4.3567131473 0.2333429829 4.0021959452 0.4012036954 0.6379680745 0.9223936099
0.1344772016 0.3334981954 3.3750555314 2.6005312038 2.5728600080 0.0726212109 0.3975851558 0.0000000000 0.9958784783 0.7697157038 0.5450654923 3.6865818682 1.1958659346 0.4712472534 0.5275489059 0.2659967442
3.6990357190 0.2269235151 0.5336931137 1.1968320229 1.2926590888 0.0222489918 0.4688029930 0.9958784783 0.0000000000 0.3303775717 1.7788474245 1.1010875817 0.8365615524 0.0077317787 1.3107094351 1.2274272689
1.4957722392 0.4053077294 0.1875973859 0.0485211858 1.1811236678 0.5283699948 1.9312731226 0.7697157038 0.3303775717 0.0000000000 0.7083062670 0.0291953801 2.8431972321 0.1307643409 1.4680690902 0.1253090326
3.3402308087 0.0005703096 3.5785603276 2.2490645170 1.4461942297 1.6961450566 4.3567131473 0.5450654923 1.7788474245 0.7083062670 0.0000000000 0.3309685959 0.0271081003 0.4552370206 0.3017392419 0.7070350406
0.0769136668 0.1151265047 2.1610429606 0.2962864676 0.0724683774 0.3038611665 0.2333429829 3.6865818682 1.1010875817 0.0291953801 0.3309685959 0.0000000000 2.2180058169 0.0064702638 0.5574865267 2.3018699509
1.1986105650 1.3124765328 1.5096240378 2.3296421536 0.5695506516 0.2452541542 4.0021959452 1.1958659346 0.8365615524 2.8431972321 0.0271081003 2.2180058169 0.0000000000 0.1016228450 1.6475226864 0.3200943242
2.7893516327 0.2495148031 0.0737310643 2.7796205855 0.3925217669 0.4498258056 0.4012036954 0.4712472534 0.0077317787 0.1307643409 0.4552370206 0.0064702638 0.1016228450 0.0000000000 0.1333417703 0.3941703832
1.1309502948 0.1040622871 2.5259648532 2.2310231655 5.7979607541 1.4472153771 0.6379680745 0.5275489059 1.3107094351 1.4680690902 0.3017392419 0.5574865267 1.6475226864 0.1333417703 0.0000000000 2.1576615023
0.7019460558 1.9820629077 2.0948273764 0.3109305040 0.8204365147 0.0513700409 0.9223936099 0.2659967442 1.2274272689 0.1253090326 0.7070350406 2.3018699509 0.3200943242 0.3941703832 2.1576615023 0.0000000000
