# MCW Instance
# Type: EXPONENTIAL
# N: 16
# Optimal cost: 1.5572206198959706
# Optimal tour (permutation): [0, 6, 13, 12, 3, 11, 7, 5, 8, 14, 15, 2, 10, 1, 9, 4, 0]
# Optimal walk (full path): [0, 6, 13, 12, 3, 11, 7, 5, 14, 8, 14, 2, 15, 2, 10, 1, 9, 4, 0]
# Walk size: 19
# Is walk (has repeats): true

# Distance Matrix
0.0000000000 4.0221191662 2.2540739646 0.2392892617 0.1334548037 0.4320555155 0.0381002464 0.1493583995 0.5485001923 0.6442929560 1.0998675542 0.4574349531 0.9011489839 1.0171298490 0.5535560279 0.2578737838
4.0221191662 0.0000000000 0.0653831444 0.9167717396 0.2787270583 0.5863790600 1.4806578361 1.0209594096 0.8741567200 0.0342929400 0.1428047242 1.1610303224 0.5767019553 2.6434707537 1.0156457777 0.4617467689
2.2540739646 0.0653831444 0.0000000000 0.2257232291 0.1580445950 0.1287113986 0.9869537096 0.5106872835 2.5129285253 3.1408688240 0.1321436521 0.2926707050 0.0566968374 0.4005235368 0.0899663549 0.0061526537
0.2392892617 0.9167717396 0.2257232291 0.0000000000 2.6974138586 0.0711856643 0.4057245678 2.9850135567 3.3596555404 0.5828034888 0.2425060093 0.1533794259 0.0783436991 1.3667508584 2.1691373375 2.0178025845
0.1334548037 0.2787270583 0.1580445950 2.6974138586 0.0000000000 1.1903036766 0.6303383756 1.9001879305 4.3822875392 0.0949355684 0.3807573321 9.7678786319 0.6798095068 0.3990925395 0.5314943364 0.5227224464
0.4320555155 0.5863790600 0.1287113986 0.0711856643 1.1903036766 0.0000000000 1.1728160647 0.0861761276 0.7150988899 0.0136900483 1.1653860272 0.7263042952 0.2335500053 3.0725647210 0.0627232687 2.9310976335
0.0381002464 1.4806578361 0.9869537096 0.4057245678 0.6303383756 1.1728160647 0.0000000000 1.1698490558 1.1152199394 1.7413197693 0.9246990246 1.3552590168 0.2000200485 0.1711006752 1.5679539732 0.5615327582
0.1493583995 1.0209594096 0.5106872835 2.9850135567 1.9001879305 0.0861761276 1.1698490558 0.0000000000 1.4777075670 0.9353083864 4.1245660922 0.0376223963 0.2789961852 2.3146782061 2.1979935461 1.0131329812
0.5485001923 0.8741567200 2.5129285253 3.3596555404 4.3822875392 0.7150988899 1.1152199394 1.4777075670 0.0000000000 0.2911198198 1.7442468207 0.4178044420 2.3897285826 1.1686919955 0.0979458537 2.7528454148
0.6442929560 0.0342929400 3.1408688240 0.5828034888 0.0949355684 0.0136900483 1.7413197693 0.9353083864 0.2911198198 0.0000000000 1.0090794603 0.0930760036 0.7750247710 1.1758444068 1.0789519505 3.2533584792
1.0998675542 0.1428047242 0.1321436521 0.2425060093 0.3807573321 1.1653860272 0.9246990246 4.1245660922 1.7442468207 1.0090794603 0.0000000000 0.6225114958 1.0969511558 2.5696494165 0.8587241795 0.6243876624
0.4574349531 1.1610303224 0.2926707050 0.1533794259 9.7678786319 0.7263042952 1.3552590168 0.0376223963 0.4178044420 0.0930760036 0.6225114958 0.0000000000 0.4783273429 1.0084636021 0.2019073533 0.9995285208
0.9011489839 0.5767019553 0.0566968374 0.0783436991 0.6798095068 0.2335500053 0.2000200485 0.2789961852 2.3897285826 0.7750247710 1.0969511558 0.4783273429 0.0000000000 0.0939797226 0.7700148945 1.9739942331
1.0171298490 2.6434707537 0.4005235368 1.3667508584 0.3990925395 3.0725647210 0.1711006752 2.3146782061 1.1686919955 1.1758444068 2.5696494165 1.0084636021 0.0939797226 0.0000000000 0.7836072435 0.6073133069
0.5535560279 1.0156457777 0.0899663549 2.1691373375 0.5314943364 0.0627232687 1.5679539732 2.1979935461 0.0979458537 1.0789519505 0.8587241795 0.2019073533 0.7700148945 0.7836072435 0.0000000000 1.1728520275
0.2578737838 0.4617467689 0.0061526537 2.0178025845 0.5227224464 2.9310976335 0.5615327582 1.0131329812 2.7528454148 3.2533584792 0.6243876624 0.9995285208 1.9739942331 0.6073133069 1.1728520275 0.0000000000
