# MCW Instance
# Type: EXPONENTIAL
# N: 16
# Optimal cost: 2.046235305119587
# Optimal tour (permutation): [0, 9, 6, 8, 7, 12, 15, 2, 4, 11, 14, 5, 10, 3, 13, 1, 0]
# Optimal walk (full path): [0, 6, 9, 6, 8, 7, 12, 15, 2, 4, 11, 10, 14, 5, 14, 10, 3, 13, 3, 1, 0]
# Walk size: 21
# Is walk (has repeats): true

# Distance Matrix
0.0000000000 0.1221246428 0.5672096560 0.4727639102 2.2053820072 2.5176483751 0.1331085810 1.5406525038 0.1581459136 1.5948592750 4.3073138919 0.1765114461 0.5415960884 1.5934665743 0.9444456618 3.0186787371
0.1221246428 0.0000000000 0.3931887924 0.0165665059 4.7765424433 0.7298393524 0.3429774441 0.4467742836 3.0055847436 0.9079468107 0.7023432048 1.3331214625 0.6985850503 1.7515257215 0.3383104357 3.1446052072
0.5672096560 0.3931887924 0.0000000000 0.3133416383 0.1678412926 1.6749344009 1.8457058804 0.3124765879 1.0184638631 0.7469904019 0.7779329356 0.1749609529 1.2748560230 2.9429509852 2.1388050801 0.3341564427
0.4727639102 0.0165665059 0.3133416383 0.0000000000 0.4206591216 4.3390506682 1.0576532975 1.0273214813 0.5060408914 0.4169180348 0.0473310094 0.3898589171 1.7976050994 0.0034736635 0.2068910871 1.2492104376
2.2053820072 4.7765424433 0.1678412926 0.4206591216 0.0000000000 0.6338040096 0.6050134250 0.7741060773 0.3001876076 2.3709070791 0.9375585959 0.2549304117 0.6191427140 0.3039814326 0.2232403593 1.4314185344
2.5176483751 0.7298393524 1.6749344009 4.3390506682 0.6338040096 0.0000000000 0.2923399643 0.4296293136 1.9259662803 0.6509255110 2.3431498121 1.4899501179 1.4205270791 3.1570039251 0.1176597666 3.2018816236
0.1331085810 0.3429774441 1.8457058804 1.0576532975 0.6050134250 0.2923399643 0.0000000000 0.6765732832 0.1274981792 0.0071549116 0.5839088661 0.3220793894 0.2765976070 0.4880041639 2.9903744984 1.0040749274
1.5406525038 0.4467742836 0.3124765879 1.0273214813 0.7741060773 0.4296293136 0.6765732832 0.0000000000 0.0413065991 0.8613047793 0.9713450432 0.2368307354 0.1717585290 0.0449348316 0.6411629005 0.3351151682
0.1581459136 3.0055847436 1.0184638631 0.5060408914 0.3001876076 1.9259662803 0.1274981792 0.0413065991 0.0000000000 1.7155459226 3.2613913857 1.0371044854 0.4044390791 0.2109516307 1.3774277458 0.2688498672
1.5948592750 0.9079468107 0.7469904019 0.4169180348 2.3709070791 0.6509255110 0.0071549116 0.8613047793 1.7155459226 0.0000000000 1.9941416191 2.8270557435 1.3899048348 0.7996873143 0.9472687738 2.1181213112
4.3073138919 0.7023432048 0.7779329356 0.0473310094 0.9375585959 2.3431498121 0.5839088661 0.9713450432 3.2613913857 1.9941416191 0.0000000000 0.0932728026 0.5447894506 0.1048247251 0.0340670045 2.6234910655
0.1765114461 1.3331214625 0.1749609529 0.3898589171 0.2549304117 1.4899501179 0.3220793894 0.2368307354 1.0371044854 2.8270557435 0.0932728026 0.0000000000 1.6974610621 0.7482611851 0.6137606701 0.3932981196
0.5415960884 0.6985850503 1.2748560230 1.7976050994 0.6191427140 1.4205270791 0.2765976070 0.1717585290 0.4044390791 1.3899048348 0.5447894506 1.6974610621 0.0000000000 0.5031902682 2.6149002231 0.2116296168
1.5934665743 1.7515257215 2.9429509852 0.0034736635 0.3039814326 3.1570039251 0.4880041639 0.0449348316 0.2109516307 0.7996873143 0.1048247251 0.7482611851 0.5031902682 0.0000000000 0.1598875367 1.2931074307
0.9444456618 0.3383104357 2.1388050801 0.2068910871 0.2232403593 0.1176597666 2.9903744984 0.6411629005 1.3774277458 0.9472687738 0.0340670045 0.6137606701 2.6149002231 0.1598875367 0.0000000000 0.7364162890
3.0186787371 3.1446052072 0.3341564427 1.2492104376 1.4314185344 3.2018816236 1.0040749274 0.3351151682 0.2688498672 2.1181213112 2.6234910655 0.3932981196 0.2116296168 1.2931074307 0.7364162890 0.0000000000
