# MCW Instance
# Type: EXPONENTIAL
# N: 16
# Optimal cost: 1.771194486765545
# Optimal tour (permutation): [0, 15, 9, 6, 13, 10, 8, 3, 14, 4, 2, 1, 11, 7, 12, 5, 0]
# Optimal walk (full path): [0, 15, 9, 6, 3, 13, 3, 8, 10, 8, 3, 14, 4, 2, 1, 2, 11, 7, 12, 5, 15, 0]
# Walk size: 22
# Is walk (has repeats): true

# Distance Matrix
0.0000000000 1.3293109061 1.5938670471 0.8740434808 1.2907584863 0.2056313069 1.0163224951 0.9651532399 2.5955511400 0.4284598046 0.5013800119 1.0860841984 1.9874037303 1.5351121256 1.3339812663 0.0355186823
1.3293109061 0.0000000000 0.0351286021 0.2273012203 0.3477667579 1.3232591168 0.4380458618 1.7723613075 1.4971054011 0.4892694763 0.6117580923 2.8100750393 0.7795509011 0.1135829767 0.3411085880 0.3041966654
1.5938670471 0.0351286021 0.0000000000 3.4478124096 0.2030320455 1.9465133872 5.9429291023 2.2316897204 1.8511984994 1.5369478390 4.8906685310 0.3157472366 2.2861253336 0.9437193191 0.2600628967 0.2001486312
0.8740434808 0.2273012203 3.4478124096 0.0000000000 3.1804229705 0.9817619054 0.1512733544 0.3010137000 0.0122774157 0.5026952614 0.5833179905 1.0831317491 0.9944022687 0.0278629262 0.0950408312 1.1805782967
1.2907584863 0.3477667579 0.2030320455 3.1804229705 0.0000000000 1.2858987257 1.0780489516 1.2489940824 0.3921886434 1.5736849516 0.9612122197 0.4177624018 2.2383278262 1.9315840770 0.2004787356 0.8599323277
0.2056313069 1.3232591168 1.9465133872 0.9817619054 1.2858987257 0.0000000000 0.5927593566 1.6142100636 2.5939516897 0.4584913718 0.4119320722 1.3682931974 0.1523991354 0.5641681249 2.0698275905 0.0625612993
1.0163224951 0.4380458618 5.9429291023 0.1512733544 1.0780489516 0.5927593566 0.0000000000 3.3428147449 3.5690438120 0.0729259844 0.1759505965 0.5321385169 1.4426726248 1.5360477773 1.5688433304 1.2662405598
0.9651532399 1.7723613075 2.2316897204 0.3010137000 1.2489940824 1.6142100636 3.3428147449 0.0000000000 1.8577708303 1.7643360870 0.7204023802 0.0073621432 0.0414976315 3.1833598858 0.4032225995 0.8903676741
2.5955511400 1.4971054011 1.8511984994 0.0122774157 0.3921886434 2.5939516897 3.5690438120 1.8577708303 0.0000000000 0.3652012774 0.0043400741 2.4395320498 2.0098870884 0.4456001729 1.5067026863 1.0255893644
0.4284598046 0.4892694763 1.5369478390 0.5026952614 1.5736849516 0.4584913718 0.0729259844 1.7643360870 0.3652012774 0.0000000000 0.1544114822 0.6150991002 1.7219812084 1.9106544966 0.5737039177 0.2386206889
0.5013800119 0.6117580923 4.8906685310 0.5833179905 0.9612122197 0.4119320722 0.1759505965 0.7204023802 0.0043400741 0.1544114822 0.0000000000 0.6708330927 2.5249173009 1.1858855949 0.2392219631 0.4455084193
1.0860841984 2.8100750393 0.3157472366 1.0831317491 0.4177624018 1.3682931974 0.5321385169 0.0073621432 2.4395320498 0.6150991002 0.6708330927 0.0000000000 0.7913679396 1.3163799951 3.1229836203 0.6078141404
1.9874037303 0.7795509011 2.2861253336 0.9944022687 2.2383278262 0.1523991354 1.4426726248 0.0414976315 2.0098870884 1.7219812084 2.5249173009 0.7913679396 0.0000000000 0.6809597888 0.8449002641 2.3894300288
1.5351121256 0.1135829767 0.9437193191 0.0278629262 1.9315840770 0.5641681249 1.5360477773 3.1833598858 0.4456001729 1.9106544966 1.1858855949 1.3163799951 0.6809597888 0.0000000000 0.3600216224 0.2519006593
1.3339812663 0.3411085880 0.2600628967 0.0950408312 0.2004787356 2.0698275905 1.5688433304 0.4032225995 1.5067026863 0.5737039177 0.2392219631 3.1229836203 0.8449002641 0.3600216224 0.0000000000 1.6493420998
0.0355186823 0.3041966654 0.2001486312 1.1805782967 0.8599323277 0.0625612993 1.2662405598 0.8903676741 1.0255893644 0.2386206889 0.4455084193 0.6078141404 2.3894300288 0.2519006593 1.6493420998 0.0000000000
