# MCW Instance
# Type: EXPONENTIAL
# N: 16
# Optimal cost: 1.1935119276975366
# Optimal tour (permutation): [0, 14, 2, 12, 10, 11, 9, 3, 15, 4, 6, 7, 5, 1, 8, 13, 0]
# Optimal walk (full path): [0, 13, 14, 2, 14, 8, 12, 10, 9, 11, 9, 3, 9, 15, 4, 6, 7, 5, 7, 1, 8, 13, 0]
# Walk size: 23
# Is walk (has repeats): true

# Distance Matrix
0.0000000000 1.1624069725 2.8461856508 2.8417118524 0.1974498070 0.8519680888 2.8787323645 0.9189112953 1.7935609377 0.6953146951 0.3646455997 0.2325581163 0.4098359668 0.0250715855 1.0572759697 2.5519028517
1.1624069725 0.0000000000 1.4026546641 2.7234479472 0.1838919760 0.3138060737 0.4476962141 0.0385034040 0.0280052769 0.1404593917 0.3473324025 1.5004445005 1.5134595689 0.4101851080 1.2986290434 0.4352456466
2.8461856508 1.4026546641 0.0000000000 0.0586412809 0.1497653812 1.0657298291 3.1658401909 0.5206631548 0.3668068702 2.2718971733 2.4956102898 3.1225279455 1.4929983684 0.7383076597 0.0318904739 0.1090965980
2.8417118524 2.7234479472 0.0586412809 0.0000000000 1.6482321214 0.6975152990 0.1794837864 0.4862199225 0.5099487577 0.0062950329 0.2152869180 0.2740652050 0.2432683510 0.5905013940 1.3552430530 0.5249906361
0.1974498070 0.1838919760 0.1497653812 1.6482321214 0.0000000000 1.2153295238 0.0607237322 1.3385136972 0.3785767964 0.1510283614 0.8026034335 1.3321459330 2.1618273464 0.3542290493 0.0846878815 0.1151854365
0.8519680888 0.3138060737 1.0657298291 0.6975152990 1.2153295238 0.0000000000 2.3755000128 0.0796947386 1.0246569291 1.0804632922 0.2642128478 2.7518390799 1.3783748743 3.4768844490 1.6203355545 0.2470262083
2.8787323645 0.4476962141 3.1658401909 0.1794837864 0.0607237322 2.3755000128 0.0000000000 0.1810851831 1.4310384384 1.4130963547 0.6212544405 0.3504466384 2.7034401166 1.0045075404 1.0255223994 1.4981090237
0.9189112953 0.0385034040 0.5206631548 0.4862199225 1.3385136972 0.0796947386 0.1810851831 0.0000000000 0.5264828848 4.4845062646 1.8913861096 1.5039055305 2.1379700485 0.8894452970 0.3994317710 0.6082877904
1.7935609377 0.0280052769 0.3668068702 0.5099487577 0.3785767964 1.0246569291 1.4310384384 0.5264828848 0.0000000000 0.9917865850 1.2624695385 2.3131650780 0.0447083618 0.0206051073 0.0044946518 1.5051508692
0.6953146951 0.1404593917 2.2718971733 0.0062950329 0.1510283614 1.0804632922 1.4130963547 4.4845062646 0.9917865850 0.0000000000 0.0966438857 0.0341881652 1.0817153178 0.6768996575 0.5852270408 0.0837233380
0.3646455997 0.3473324025 2.4956102898 0.2152869180 0.8026034335 0.2642128478 0.6212544405 1.8913861096 1.2624695385 0.0966438857 0.0000000000 2.4516539967 0.1447047875 0.9884598163 1.2526597819 3.6610610430
0.2325581163 1.5004445005 3.1225279455 0.2740652050 1.3321459330 2.7518390799 0.3504466384 1.5039055305 2.3131650780 0.0341881652 2.4516539967 0.0000000000 0.5410371571 0.7124835821 0.4141562867 2.0217936763
0.4098359668 1.5134595689 1.4929983684 0.2432683510 2.1618273464 1.3783748743 2.7034401166 2.1379700485 0.0447083618 1.0817153178 0.1447047875 0.5410371571 0.0000000000 0.1104760396 0.1700983595 1.9863650500
0.0250715855 0.4101851080 0.7383076597 0.5905013940 0.3542290493 3.4768844490 1.0045075404 0.8894452970 0.0206051073 0.6768996575 0.9884598163 0.7124835821 0.1104760396 0.0000000000 0.0208487707 0.2535398236
1.0572759697 1.2986290434 0.0318904739 1.3552430530 0.0846878815 1.6203355545 1.0255223994 0.3994317710 0.0044946518 0.5852270408 1.2526597819 0.4141562867 0.1700983595 0.0208487707 0.0000000000 0.1395123271
2.5519028517 0.4352456466 0.1090965980 0.5249906361 0.1151854365 0.2470262083 1.4981090237 0.6082877904 1.5051508692 0.0837233380 3.6610610430 2.0217936763 1.9863650500 0.2535398236 0.1395123271 0.0000000000
