# MCW Instance
# Type: EXPONENTIAL
# N: 16
# Optimal cost: 2.1813782053023956
# Optimal tour (permutation): [0, 14, 2, 13, 10, 5, 12, 8, 3, 1, 11, 7, 4, 15, 9, 6, 0]
# Optimal walk (full path): [0, 14, 2, 13, 10, 13, 5, 12, 8, 3, 1, 11, 7, 4, 15, 9, 15, 6, 0]
# Walk size: 19
# Is walk (has repeats): true

# Distance Matrix
0.0000000000 0.5576947620 0.6461914666 0.2664697299 0.9925636447 0.2798703471 0.1179628316 1.1056997963 0.5718350798 2.1297459022 0.2268404770 2.6488321265 0.3845773260 0.0118331204 0.1055090618 0.2239036433
0.5576947620 0.0000000000 0.1086813287 0.0974415740 1.7160053033 2.2000733391 3.5193158015 1.1376978889 0.3190278626 0.6574833663 0.1934500895 0.1490779285 1.5515207740 0.3882118043 0.2103196960 0.2740935371
0.6461914666 0.1086813287 0.0000000000 0.9604979932 1.3296639051 1.3571578388 0.2389714357 0.1974115742 0.8506090557 0.6220536892 0.2864768248 0.5444034643 0.9918852260 0.0585937339 0.1126850087 1.7337780252
0.2664697299 0.0974415740 0.9604979932 0.0000000000 0.9317723469 0.3139688426 0.5381959477 0.3286811636 0.2753535152 0.2165797072 0.7790496258 0.2677222426 3.7985607541 1.8535041776 0.4196966076 0.3294070086
0.9925636447 1.7160053033 1.3296639051 0.9317723469 0.0000000000 0.1033577414 0.3135248785 0.0119509534 1.0130770357 0.7510766830 3.4406054164 0.2254159826 1.4174038717 1.0302072487 1.2286887341 0.0606628858
0.2798703471 2.2000733391 1.3571578388 0.3139688426 0.1033577414 0.0000000000 1.0541722121 0.3103216835 0.5538315327 0.4924180089 0.4521986268 1.2513155370 0.4210750145 0.1284313093 0.6353976021 0.1825539943
0.1179628316 3.5193158015 0.2389714357 0.5381959477 0.3135248785 1.0541722121 0.0000000000 4.0492688916 0.5632983736 0.4516123100 2.2849883173 0.4042686422 0.4805141193 0.8492139522 1.8841103940 0.0461706161
1.1056997963 1.1376978889 0.1974115742 0.3286811636 0.0119509534 0.3103216835 4.0492688916 0.0000000000 1.1627537305 0.4347094115 1.9012076527 0.1451023547 0.3216519186 0.3652472672 0.4570615094 0.4353727107
0.5718350798 0.3190278626 0.8506090557 0.2753535152 1.0130770357 0.5538315327 0.5632983736 1.1627537305 0.0000000000 1.0010621199 1.8606712219 2.5737042033 0.0871524532 0.7974852152 2.3185914697 0.8875977139
2.1297459022 0.6574833663 0.6220536892 0.2165797072 0.7510766830 0.4924180089 0.4516123100 0.4347094115 1.0010621199 0.0000000000 0.4328004508 1.3725992846 0.5314824326 1.2417556913 0.3243639031 0.0621369700
0.2268404770 0.1934500895 0.2864768248 0.7790496258 3.4406054164 0.4521986268 2.2849883173 1.9012076527 1.8606712219 0.4328004508 0.0000000000 1.3078996400 1.9764169073 0.1199675124 0.3694569698 0.4014547989
2.6488321265 0.1490779285 0.5444034643 0.2677222426 0.2254159826 1.2513155370 0.4042686422 0.1451023547 2.5737042033 1.3725992846 1.3078996400 0.0000000000 0.4283398872 1.6797294507 1.1889988294 2.0620244330
0.3845773260 1.5515207740 0.9918852260 3.7985607541 1.4174038717 0.4210750145 0.4805141193 0.3216519186 0.0871524532 0.5314824326 1.9764169073 0.4283398872 0.0000000000 3.5301321364 2.8597191857 0.9767557822
0.0118331204 0.3882118043 0.0585937339 1.8535041776 1.0302072487 0.1284313093 0.8492139522 0.3652472672 0.7974852152 1.2417556913 0.1199675124 1.6797294507 3.5301321364 0.0000000000 2.3748889390 1.1127998434
0.1055090618 0.2103196960 0.1126850087 0.4196966076 1.2286887341 0.6353976021 1.8841103940 0.4570615094 2.3185914697 0.3243639031 0.3694569698 1.1889988294 2.8597191857 2.3748889390 0.0000000000 0.9428603323
0.2239036433 0.2740935371 1.7337780252 0.3294070086 0.0606628858 0.1825539943 0.0461706161 0.4353727107 0.8875977139 0.0621369700 0.4014547989 2.0620244330 0.9767557822 1.1127998434 0.9428603323 0.0000000000
