# MCW Instance
# Type: EXPONENTIAL
# N: 16
# Optimal cost: 1.6314226425501759
# Optimal tour (permutation): [0, 10, 7, 5, 11, 12, 6, 14, 15, 13, 8, 2, 9, 3, 1, 4, 0]
# Optimal walk (full path): [0, 10, 7, 5, 7, 11, 12, 6, 4, 15, 14, 15, 13, 8, 15, 2, 9, 3, 1, 4, 0]
# Walk size: 21
# Is walk (has repeats): true

# Distance Matrix
0.0000000000 0.2935814524 1.4723544591 0.2755055295 0.0090449017 1.3865254244 1.8459366831 0.3350049356 0.3108966609 0.7630549396 0.0458364511 0.7152698340 0.2294723508 0.4442004851 2.7005946164 0.6978171749
0.2935814524 0.0000000000 3.9765039342 0.1784108670 0.0213399811 0.4758959541 0.6258562502 0.4183339831 0.4786799190 0.0719543162 0.0853612600 0.9062077841 4.7671543151 0.4973347161 1.8023847496 1.3887046671
1.4723544591 3.9765039342 0.0000000000 0.4709334078 0.0625472475 1.1037649348 0.2531232177 0.5671146769 1.7948216135 0.1340696105 2.7773151639 2.0238527495 0.4469775557 0.9498582429 0.4133111578 0.0594628534
0.2755055295 0.1784108670 0.4709334078 0.0000000000 2.7507224509 0.5701737193 1.8194413451 1.3010221774 0.3526475824 0.1752460971 0.5861757238 0.4145277346 1.5427206454 1.8392941046 0.8034103161 1.0982863943
0.0090449017 0.0213399811 0.0625472475 2.7507224509 0.0000000000 1.2332844873 0.0120181920 2.1755071540 1.0202435425 0.6276475090 0.6140306183 0.4120056636 0.1831792133 0.1051613565 0.2354930933 0.0409853075
1.3865254244 0.4758959541 1.1037649348 0.5701737193 1.2332844873 0.0000000000 0.3835698311 0.2316074694 0.3495603695 0.4255801420 2.6781935925 1.6204424418 0.4989698151 0.6960643313 0.6097669914 0.8975923465
1.8459366831 0.6258562502 0.2531232177 1.8194413451 0.0120181920 0.3835698311 0.0000000000 0.9231321600 1.2555642070 0.8983849439 0.3505533796 0.2645544034 0.0315426048 0.0655910342 0.1081245877 1.1087655132
0.3350049356 0.4183339831 0.5671146769 1.3010221774 2.1755071540 0.2316074694 0.9231321600 0.0000000000 1.8825852462 1.2304268911 0.1084099738 0.1290568703 0.2325957420 2.3998376574 0.7401130490 0.2694057157
0.3108966609 0.4786799190 1.7948216135 0.3526475824 1.0202435425 0.3495603695 1.2555642070 1.8825852462 0.0000000000 5.7674271054 0.3139646293 2.4613970682 0.5571463357 0.0180740614 0.4313332567 0.0153942619
0.7630549396 0.0719543162 0.1340696105 0.1752460971 0.6276475090 0.4255801420 0.8983849439 1.2304268911 5.7674271054 0.0000000000 3.7658400657 0.6583050331 0.2924528698 1.9740108110 2.1500297913 1.9482030115
0.0458364511 0.0853612600 2.7773151639 0.5861757238 0.6140306183 2.6781935925 0.3505533796 0.1084099738 0.3139646293 3.7658400657 0.0000000000 1.5302037192 2.0895503951 1.3857882240 0.1644585534 2.9929669068
0.7152698340 0.9062077841 2.0238527495 0.4145277346 0.4120056636 1.6204424418 0.2645544034 0.1290568703 2.4613970682 0.6583050331 1.5302037192 0.0000000000 0.0852651835 2.5968276702 1.0829093858 0.9281890055
0.2294723508 4.7671543151 0.4469775557 1.5427206454 0.1831792133 0.4989698151 0.0315426048 0.2325957420 0.5571463357 0.2924528698 2.0895503951 0.0852651835 0.0000000000 0.3209180484 0.7816952769 2.6181980278
0.4442004851 0.4973347161 0.9498582429 1.8392941046 0.1051613565 0.6960643313 0.0655910342 2.3998376574 0.0180740614 1.9740108110 1.3857882240 2.5968276702 0.3209180484 0.0000000000 0.0846944690 0.0114875910
2.7005946164 1.8023847496 0.4133111578 0.8034103161 0.2354930933 0.6097669914 0.1081245877 0.7401130490 0.4313332567 2.1500297913 0.1644585534 1.0829093858 0.7816952769 0.0846944690 0.0000000000 0.0462814479
0.6978171749 1.3887046671 0.0594628534 1.0982863943 0.0409853075 0.8975923465 1.1087655132 0.2694057157 0.0153942619 1.9482030115 2.9929669068 0.9281890055 2.6181980278 0.0114875910 0.0462814479 0.0000000000
