# MCW Instance
# Type: EXPONENTIAL
# N: 16
# Optimal cost: 1.2817926778521278
# Optimal tour (permutation): [0, 11, 3, 13, 14, 2, 12, 5, 10, 8, 1, 4, 9, 15, 7, 6, 0]
# Optimal walk (full path): [0, 11, 3, 11, 13, 14, 2, 12, 5, 10, 8, 10, 1, 10, 4, 9, 7, 15, 7, 6, 0]
# Walk size: 21
# Is walk (has repeats): true

# Distance Matrix
0.0000000000 0.5158879844 0.3407697121 0.6882995850 0.4895816512 1.6457341161 0.0317316129 0.7450148751 1.4309593343 0.3862323256 1.6036470839 0.0244864827 0.6330679476 0.5166081153 0.6972282556 0.5188871160
0.5158879844 0.0000000000 0.8610331023 0.5654593627 0.4003182862 1.5295363709 0.7460995930 3.6723449393 0.5358501384 1.1316700506 0.0250456233 1.8897459232 0.9581228209 2.9985570070 1.8000512448 0.1990672345
0.3407697121 0.8610331023 0.0000000000 0.7932442958 0.3618967009 1.0492228149 2.4690971832 0.7742435045 0.1193590761 1.4393319343 0.2640944927 1.8128687884 0.1611477799 0.2063627715 0.0902124061 3.4571454770
0.6882995850 0.5654593627 0.7932442958 0.0000000000 1.6244863914 0.5539922830 1.1383690136 2.0325131334 1.3126587208 0.1690998258 5.2234433866 0.0650454072 0.6343116132 1.0444731853 1.0716824093 2.5409549298
0.4895816512 0.4003182862 0.3618967009 1.6244863914 0.0000000000 0.6072887689 2.2655227602 0.3629277911 1.4736211203 0.0483060941 0.0549476271 0.3677913672 0.5594867721 0.9763148022 3.5347049267 0.2199941096
1.6457341161 1.5295363709 1.0492228149 0.5539922830 0.6072887689 0.0000000000 0.7877761356 0.7696871319 0.4045733798 0.4376972715 0.0076810923 1.3889151725 0.1452776682 0.8973196126 0.7366706579 0.2981029067
0.0317316129 0.7460995930 2.4690971832 1.1383690136 2.2655227602 0.7877761356 0.0000000000 0.0241949187 0.0549293226 0.5380131411 3.7977572074 0.3784271742 0.5822981435 1.0916592719 1.1308329628 0.4460576507
0.7450148751 3.6723449393 0.7742435045 2.0325131334 0.3629277911 0.7696871319 0.0241949187 0.0000000000 4.3698979794 0.0777217737 0.9406504663 0.3287812982 1.2226031132 1.0148197456 4.0044700620 0.0040068955
1.4309593343 0.5358501384 0.1193590761 1.3126587208 1.4736211203 0.4045733798 0.0549293226 4.3698979794 0.0000000000 0.5638967315 0.0346296780 0.0745952657 3.1730462967 1.9180036877 0.5065027480 1.6026157066
0.3862323256 1.1316700506 1.4393319343 0.1690998258 0.0483060941 0.4376972715 0.5380131411 0.0777217737 0.5638967315 0.0000000000 1.3453525208 0.2991544105 0.7158932209 1.6744214752 0.8630469861 3.9537718489
1.6036470839 0.0250456233 0.2640944927 5.2234433866 0.0549476271 0.0076810923 3.7977572074 0.9406504663 0.0346296780 1.3453525208 0.0000000000 1.4645542274 1.3015306804 0.5601390947 0.9550773697 0.4768159286
0.0244864827 1.8897459232 1.8128687884 0.0650454072 0.3677913672 1.3889151725 0.3784271742 0.3287812982 0.0745952657 0.2991544105 1.4645542274 0.0000000000 2.8333338497 0.0915199951 2.3506775747 0.7011951550
0.6330679476 0.9581228209 0.1611477799 0.6343116132 0.5594867721 0.1452776682 0.5822981435 1.2226031132 3.1730462967 0.7158932209 1.3015306804 2.8333338497 0.0000000000 0.9043738750 1.6570369333 1.7521033833
0.5166081153 2.9985570070 0.2063627715 1.0444731853 0.9763148022 0.8973196126 1.0916592719 1.0148197456 1.9180036877 1.6744214752 0.5601390947 0.0915199951 0.9043738750 0.0000000000 0.2671100190 1.0105691024
0.6972282556 1.8000512448 0.0902124061 1.0716824093 3.5347049267 0.7366706579 1.1308329628 4.0044700620 0.5065027480 0.8630469861 0.9550773697 2.3506775747 1.6570369333 0.2671100190 0.0000000000 0.7570386945
0.5188871160 0.1990672345 3.4571454770 2.5409549298 0.2199941096 0.2981029067 0.4460576507 0.0040068955 1.6026157066 3.9537718489 0.4768159286 0.7011951550 1.7521033833 1.0105691024 0.7570386945 0.0000000000
