# MCW Instance
# Type: EXPONENTIAL
# N: 16
# Optimal cost: 1.815320721730069
# Optimal tour (permutation): [0, 14, 3, 10, 2, 9, 7, 4, 15, 11, 5, 6, 13, 12, 1, 8, 0]
# Optimal walk (full path): [0, 14, 3, 10, 2, 7, 9, 7, 4, 15, 11, 5, 6, 13, 12, 1, 12, 8, 0]
# Walk size: 19
# Is walk (has repeats): true

# Distance Matrix
0.0000000000 0.1320709889 1.4815421591 0.4665464765 0.5488260587 1.1073742948 2.4220321411 0.7256911698 0.1706065160 1.8834385791 0.4628281488 2.3866067767 2.6181990232 0.4617352613 0.1582942104 0.8550874459
0.1320709889 0.0000000000 0.7171026556 0.8906340033 0.1951872271 0.5613972613 0.4760082274 0.2673651861 0.1842617816 0.2105449182 1.2976691985 0.4086958185 0.0123041644 0.1723060634 0.2165912819 0.8347490472
1.4815421591 0.7171026556 0.0000000000 2.1284533008 1.8366161150 0.8886249634 1.5852538903 0.0050161026 0.2618110639 1.7283994206 0.0304797047 0.1492190577 1.3175076715 0.9857923869 0.0911632390 1.2587797687
0.4665464765 0.8906340033 2.1284533008 0.0000000000 0.1288634305 0.6761047140 0.3075759024 1.3604115691 1.0037284459 1.2867847707 0.0127671601 0.7866819993 0.3291903078 0.6574957131 0.0980739204 0.8632453317
0.5488260587 0.1951872271 1.8366161150 0.1288634305 0.0000000000 1.2993274534 0.1285167074 0.0133901232 1.1409485581 1.0346461479 0.2555530508 0.8303435252 0.2901206194 0.2970444222 0.2945065364 0.1757386017
1.1073742948 0.5613972613 0.8886249634 0.6761047140 1.2993274534 0.0000000000 0.1060755433 2.6144402645 1.6379047627 0.3422801669 2.1818707084 0.0055981916 0.1362525973 1.5109496770 0.4583684888 1.9277237201
2.4220321411 0.4760082274 1.5852538903 0.3075759024 0.1285167074 0.1060755433 0.0000000000 1.1153785398 1.6659562807 2.6581356178 2.2238305319 0.1413800793 0.7751553475 0.2635745862 1.4249341562 1.0197287782
0.7256911698 0.2673651861 0.0050161026 1.3604115691 0.0133901232 2.6144402645 1.1153785398 0.0000000000 3.0515273574 0.1136089037 0.2468600049 0.7948061500 0.1446725429 0.3432873865 0.1995925342 0.6543297329
0.1706065160 0.1842617816 0.2618110639 1.0037284459 1.1409485581 1.6379047627 1.6659562807 3.0515273574 0.0000000000 0.5116692988 2.4794741100 0.4462939276 0.1431102800 2.0893636240 0.2386275424 0.4997413547
1.8834385791 0.2105449182 1.7283994206 1.2867847707 1.0346461479 0.3422801669 2.6581356178 0.1136089037 0.5116692988 0.0000000000 1.1630239888 3.3829566932 0.3116836837 2.5074924362 0.6987575364 1.6559705588
0.4628281488 1.2976691985 0.0304797047 0.0127671601 0.2555530508 2.1818707084 2.2238305319 0.2468600049 2.4794741100 1.1630239888 0.0000000000 0.3192827303 0.0178429574 0.2405623704 0.3096468852 0.1868670614
2.3866067767 0.4086958185 0.1492190577 0.7866819993 0.8303435252 0.0055981916 0.1413800793 0.7948061500 0.4462939276 3.3829566932 0.3192827303 0.0000000000 1.0311060997 0.2847690740 0.2197494176 0.2443378785
2.6181990232 0.0123041644 1.3175076715 0.3291903078 0.2901206194 0.1362525973 0.7751553475 0.1446725429 0.1431102800 0.3116836837 0.0178429574 1.0311060997 0.0000000000 0.1364317668 0.3019560403 1.5524960910
0.4617352613 0.1723060634 0.9857923869 0.6574957131 0.2970444222 1.5109496770 0.2635745862 0.3432873865 2.0893636240 2.5074924362 0.2405623704 0.2847690740 0.1364317668 0.0000000000 0.8608039229 1.0203537032
0.1582942104 0.2165912819 0.0911632390 0.0980739204 0.2945065364 0.4583684888 1.4249341562 0.1995925342 0.2386275424 0.6987575364 0.3096468852 0.2197494176 0.3019560403 0.8608039229 0.0000000000 3.6816415729
0.8550874459 0.8347490472 1.2587797687 0.8632453317 0.1757386017 1.9277237201 1.0197287782 0.6543297329 0.4997413547 1.6559705588 0.1868670614 0.2443378785 1.5524960910 1.0203537032 3.6816415729 0.0000000000
