# MCW Instance
# Type: EXPONENTIAL
# N: 16
# Optimal cost: 1.6661352438488484
# Optimal tour (permutation): [0, 13, 14, 15, 12, 8, 11, 9, 6, 3, 10, 2, 5, 1, 4, 7, 0]
# Optimal walk (full path): [0, 13, 14, 15, 12, 8, 0, 6, 9, 11, 9, 6, 3, 10, 2, 5, 1, 4, 0, 7, 0]
# Walk size: 21
# Is walk (has repeats): true

# Distance Matrix
0.0000000000 0.7337625112 0.9758141304 0.1559635772 0.0137489048 2.0345720386 0.0649382670 0.0536993711 0.0911559583 0.8280672286 4.7927762450 3.0349275675 1.6735245680 0.0999552293 2.1133523549 0.2328065152
0.7337625112 0.0000000000 0.4805608719 0.9991735773 0.1801582406 0.2135774834 0.2693497615 2.5085861286 1.2257518485 0.4344140113 0.4632408141 0.7697305361 0.4385642024 1.1521264773 2.3980061120 1.4415065759
0.9758141304 0.4805608719 0.0000000000 0.7842218869 0.2274382718 0.0022119012 0.1567458721 0.9442395433 0.4643559075 0.0806506260 0.0420950537 3.0739171728 0.8942168518 0.6437622741 1.6693863141 4.9579705499
0.1559635772 0.9991735773 0.7842218869 0.0000000000 1.7868667370 0.7891478471 0.0302588898 0.4791282282 0.1772647134 0.4564327822 0.0919329405 1.7494103539 0.6040877278 0.3713306849 1.7463409974 0.5429610883
0.0137489048 0.1801582406 0.2274382718 1.7868667370 0.0000000000 1.7885893619 2.0291351166 0.4533163692 0.4301870906 0.6795234255 0.3117293741 0.1689601019 0.6590684134 0.4026361949 0.9860385694 0.4479758115
2.0345720386 0.2135774834 0.0022119012 0.7891478471 1.7885893619 0.0000000000 0.3956558603 0.7136076629 0.9953255862 0.0869209870 0.8247200284 0.5798535415 2.9502336532 0.9698982273 0.5678598855 2.0729659095
0.0649382670 0.2693497615 0.1567458721 0.0302588898 2.0291351166 0.3956558603 0.0000000000 2.5458842518 2.2632268169 0.0081064251 1.4740590799 0.4598105112 0.5482653262 0.6726846043 0.4094260439 1.1610962311
0.0536993711 2.5085861286 0.9442395433 0.4791282282 0.4533163692 0.7136076629 2.5458842518 0.0000000000 1.2207350814 0.7854354457 0.2032293007 1.9101324326 1.4484494509 1.9279449239 2.0937737635 0.3489031880
0.0911559583 1.2257518485 0.4643559075 0.1772647134 0.4301870906 0.9953255862 2.2632268169 1.2207350814 0.0000000000 0.7920249961 2.6888391342 0.2068794601 0.1068351735 0.4253972744 0.7871686593 0.3731206346
0.8280672286 0.4344140113 0.0806506260 0.4564327822 0.6795234255 0.0869209870 0.0081064251 0.7854354457 0.7920249961 0.0000000000 0.6113061981 0.0211906181 6.8968631168 2.5435982181 1.4160703790 1.1372154581
4.7927762450 0.4632408141 0.0420950537 0.0919329405 0.3117293741 0.8247200284 1.4740590799 0.2032293007 2.6888391342 0.6113061981 0.0000000000 2.2996790387 0.4567243336 0.4354340737 1.3628725074 3.1341066547
3.0349275675 0.7697305361 3.0739171728 1.7494103539 0.1689601019 0.5798535415 0.4598105112 1.9101324326 0.2068794601 0.0211906181 2.2996790387 0.0000000000 0.8621673597 0.6451531995 1.4690937257 1.9247185056
1.6735245680 0.4385642024 0.8942168518 0.6040877278 0.6590684134 2.9502336532 0.5482653262 1.4484494509 0.1068351735 6.8968631168 0.4567243336 0.8621673597 0.0000000000 0.2331323826 0.6403703252 0.1800787381
0.0999552293 1.1521264773 0.6437622741 0.3713306849 0.4026361949 0.9698982273 0.6726846043 1.9279449239 0.4253972744 2.5435982181 0.4354340737 0.6451531995 0.2331323826 0.0000000000 0.2322233979 0.4135199597
2.1133523549 2.3980061120 1.6693863141 1.7463409974 0.9860385694 0.5678598855 0.4094260439 2.0937737635 0.7871686593 1.4160703790 1.3628725074 1.4690937257 0.6403703252 0.2322233979 0.0000000000 0.1509722371
0.2328065152 1.4415065759 4.9579705499 0.5429610883 0.4479758115 2.0729659095 1.1610962311 0.3489031880 0.3731206346 1.1372154581 3.1341066547 1.9247185056 0.1800787381 0.4135199597 0.1509722371 0.0000000000
