# MCW Instance
# Type: EXPONENTIAL
# N: 16
# Optimal cost: 1.5537155915594678
# Optimal tour (permutation): [0, 4, 5, 14, 1, 9, 3, 15, 8, 13, 6, 2, 11, 10, 7, 12, 0]
# Optimal walk (full path): [0, 4, 0, 5, 1, 14, 1, 9, 3, 15, 8, 13, 6, 2, 6, 11, 10, 7, 12, 0]
# Walk size: 20
# Is walk (has repeats): true

# Distance Matrix
0.0000000000 1.8199844675 0.1318614609 1.8506773520 0.0660890162 0.1177067782 0.6184869069 0.0795312417 1.3404982184 2.2115142586 0.2885403779 0.1199909976 0.0142457737 0.7829800625 0.2088969255 0.2953498307
1.8199844675 0.0000000000 0.3467482483 0.2071469579 0.5081905868 0.2549211318 1.2225209910 5.6680825932 0.2163250460 0.1085401042 1.4524717725 4.2645626653 0.2670787741 0.5707232563 0.0665747325 1.4141450911
0.1318614609 0.3467482483 0.0000000000 0.1423296090 0.1754209849 0.6278500526 0.0102684912 1.0906417585 0.4896160459 4.4888410747 0.2768378176 0.3144164359 0.1513242396 0.2845616767 2.6547088938 1.2103976711
1.8506773520 0.2071469579 0.1423296090 0.0000000000 0.1640298629 0.1379632027 1.1842103319 0.3368521675 0.5135017245 0.1379291008 0.4549278938 0.6291403444 1.0282506874 0.9904475619 1.0008050045 0.0125450286
0.0660890162 0.5081905868 0.1754209849 0.1640298629 0.0000000000 0.4118485356 0.2476049675 3.0748763509 0.6771120042 0.7403279939 0.0845464924 1.2875892754 0.5513738529 2.1377017942 0.4015904150 0.2916522196
0.1177067782 0.2549211318 0.6278500526 0.1379632027 0.4118485356 0.0000000000 1.5606810663 2.7297977119 0.2265547274 4.2574107595 0.6002258554 0.9510931759 2.3231342480 0.7550149954 0.4602624969 1.0666554766
0.6184869069 1.2225209910 0.0102684912 1.1842103319 0.2476049675 1.5606810663 0.0000000000 3.8850185033 0.6473819678 0.5675770272 0.1978592493 0.1251932699 1.2409611028 0.1439170442 0.7633746715 0.3411013466
0.0795312417 5.6680825932 1.0906417585 0.3368521675 3.0748763509 2.7297977119 3.8850185033 0.0000000000 2.2040826408 0.3127677172 0.0110272196 0.4272205229 0.0308893817 0.4664772950 0.3433182493 0.2922524792
1.3404982184 0.2163250460 0.4896160459 0.5135017245 0.6771120042 0.2265547274 0.6473819678 2.2040826408 0.0000000000 1.2243419085 0.8975869263 0.8077760175 0.3402021572 0.1817702598 0.3014734497 0.0469845278
2.2115142586 0.1085401042 4.4888410747 0.1379291008 0.7403279939 4.2574107595 0.5675770272 0.3127677172 1.2243419085 0.0000000000 1.7446509629 1.7059664240 0.7666379470 0.6688785791 0.5670270745 2.2305631119
0.2885403779 1.4524717725 0.2768378176 0.4549278938 0.0845464924 0.6002258554 0.1978592493 0.0110272196 0.8975869263 1.7446509629 0.0000000000 0.0821814916 0.1745042653 0.4495232316 1.5406956930 2.1877732084
0.1199909976 4.2645626653 0.3144164359 0.6291403444 1.2875892754 0.9510931759 0.1251932699 0.4272205229 0.8077760175 1.7059664240 0.0821814916 0.0000000000 1.0517682658 1.3849293283 0.7738756918 0.0972282447
0.0142457737 0.2670787741 0.1513242396 1.0282506874 0.5513738529 2.3231342480 1.2409611028 0.0308893817 0.3402021572 0.7666379470 0.1745042653 1.0517682658 0.0000000000 0.2754828719 0.2131312936 0.1387606280
0.7829800625 0.5707232563 0.2845616767 0.9904475619 2.1377017942 0.7550149954 0.1439170442 0.4664772950 0.1817702598 0.6688785791 0.4495232316 1.3849293283 0.2754828719 0.0000000000 1.3184460102 1.0582543092
0.2088969255 0.0665747325 2.6547088938 1.0008050045 0.4015904150 0.4602624969 0.7633746715 0.3433182493 0.3014734497 0.5670270745 1.5406956930 0.7738756918 0.2131312936 1.3184460102 0.0000000000 1.2033958766
0.2953498307 1.4141450911 1.2103976711 0.0125450286 0.2916522196 1.0666554766 0.3411013466 0.2922524792 0.0469845278 2.2305631119 2.1877732084 0.0972282447 0.1387606280 1.0582543092 1.2033958766 0.0000000000
