# MCW Instance
# Type: EXPONENTIAL
# N: 16
# Optimal cost: 2.722262977529514
# Optimal tour (permutation): [0, 14, 12, 1, 10, 6, 9, 7, 3, 5, 4, 8, 15, 2, 13, 11, 0]
# Optimal walk (full path): [0, 14, 12, 1, 10, 6, 9, 7, 9, 3, 5, 4, 8, 15, 2, 13, 11, 13, 0]
# Walk size: 19
# Is walk (has repeats): true

# Distance Matrix
0.0000000000 0.3312571802 1.7126462196 0.5303657598 1.1523503322 1.4657720965 1.1124930081 4.8456312091 0.1947090806 1.7125901487 1.9187866836 0.5375698978 0.5222206000 0.0460847468 0.1293305271 2.3010090251
0.3312571802 0.0000000000 0.3103987931 1.3707421104 0.4910595459 0.8085359905 1.3658786196 1.8358243477 0.7643363071 0.5681374575 0.2310800491 0.7293105022 0.4320373403 0.2524169310 0.8455404680 1.3275072045
1.7126462196 0.3103987931 0.0000000000 0.1479315372 1.7814546977 0.4903601548 0.1677813530 3.1189034058 0.1486645412 0.5512883642 2.2214653525 0.7271720142 2.9148194542 0.0036319976 0.6615993192 0.2435778204
0.5303657598 1.3707421104 0.1479315372 0.0000000000 1.3663040288 0.0124497933 1.7751453273 2.1376914123 0.2725088970 0.1829492472 0.5997008856 0.4878418761 1.2252872809 2.1916196899 0.3768141226 0.4946459616
1.1523503322 0.4910595459 1.7814546977 1.3663040288 0.0000000000 0.2148694445 1.9771026824 1.0524848889 0.1611134433 0.2171672893 0.1915322421 0.9949207225 0.6263875061 4.0904204683 1.2966063583 0.6893359516
1.4657720965 0.8085359905 0.4903601548 0.0124497933 0.2148694445 0.0000000000 0.9641869748 3.3147536001 0.6402729967 1.6714453012 0.3724572682 0.6850003350 2.7236655040 1.1693793882 0.6383926906 0.5292941927
1.1124930081 1.3658786196 0.1677813530 1.7751453273 1.9771026824 0.9641869748 0.0000000000 0.4070745646 0.8502654988 0.0523225682 0.0648375420 1.0738556391 2.0640274310 1.4830168234 0.1318490442 2.4686732466
4.8456312091 1.8358243477 3.1189034058 2.1376914123 1.0524848889 3.3147536001 0.4070745646 0.0000000000 5.8369545648 0.2186464841 0.6739773502 2.1982158216 1.1459056331 0.3781255197 0.9389031301 1.2150554218
0.1947090806 0.7643363071 0.1486645412 0.2725088970 0.1611134433 0.6402729967 0.8502654988 5.8369545648 0.0000000000 0.3162516640 0.4686293742 0.2750614677 0.9204175336 0.7851933426 0.7666808051 0.2199592966
1.7125901487 0.5681374575 0.5512883642 0.1829492472 0.2171672893 1.6714453012 0.0523225682 0.2186464841 0.3162516640 0.0000000000 0.5799043496 4.2626534811 0.7181785768 1.9543911505 0.7516165586 2.5987115977
1.9187866836 0.2310800491 2.2214653525 0.5997008856 0.1915322421 0.3724572682 0.0648375420 0.6739773502 0.4686293742 0.5799043496 0.0000000000 0.4026291377 0.4047082155 0.9655178441 1.6151344293 2.5587490292
0.5375698978 0.7293105022 0.7271720142 0.4878418761 0.9949207225 0.6850003350 1.0738556391 2.1982158216 0.2750614677 4.2626534811 0.4026291377 0.0000000000 5.2410466444 0.0403845748 2.5767730241 0.4038459721
0.5222206000 0.4320373403 2.9148194542 1.2252872809 0.6263875061 2.7236655040 2.0640274310 1.1459056331 0.9204175336 0.7181785768 0.4047082155 5.2410466444 0.0000000000 1.2938882249 0.2099570432 0.6993545188
0.0460847468 0.2524169310 0.0036319976 2.1916196899 4.0904204683 1.1693793882 1.4830168234 0.3781255197 0.7851933426 1.9543911505 0.9655178441 0.0403845748 1.2938882249 0.0000000000 3.5208121906 0.9698484142
0.1293305271 0.8455404680 0.6615993192 0.3768141226 1.2966063583 0.6383926906 0.1318490442 0.9389031301 0.7666808051 0.7516165586 1.6151344293 2.5767730241 0.2099570432 3.5208121906 0.0000000000 2.1879326736
2.3010090251 1.3275072045 0.2435778204 0.4946459616 0.6893359516 0.5292941927 2.4686732466 1.2150554218 0.2199592966 2.5987115977 2.5587490292 0.4038459721 0.6993545188 0.9698484142 2.1879326736 0.0000000000
