# MCW Instance
# Type: EXPONENTIAL
# N: 16
# Optimal cost: 2.1894247822977064
# Optimal tour (permutation): [0, 15, 4, 7, 9, 10, 12, 5, 6, 3, 8, 2, 1, 13, 14, 11, 0]
# Optimal walk (full path): [0, 15, 4, 15, 0, 7, 10, 9, 10, 12, 10, 5, 10, 6, 3, 8, 2, 1, 13, 14, 13, 1, 11, 0]
# Walk size: 24
# Is walk (has repeats): true

# Distance Matrix
0.0000000000 0.2232193163 0.2098170297 0.7257196781 0.4346087451 2.8085172893 1.5816084893 0.1802788109 0.8936927853 0.5971949894 2.0712122258 0.1228340142 0.3946660232 0.0827627893 3.4864749871 0.0986710880
0.2232193163 0.0000000000 0.0692725468 0.6612024871 0.6136720296 0.4553178693 0.8917931326 0.7555972100 0.4063888185 3.3328514270 0.3876508271 0.0843157156 0.5113553928 0.0018367670 0.5499789427 0.1788842072
0.2098170297 0.0692725468 0.0000000000 0.4624086147 0.3290757735 1.5235680941 0.7399690544 0.1636746338 0.1680522005 1.6352865661 1.5202778290 0.6414783924 0.9541165620 0.1864448212 0.6743307127 2.2582859729
0.7257196781 0.6612024871 0.4624086147 0.0000000000 1.9391188891 0.6126844250 0.1578065634 0.1354401838 0.1993766985 2.2533300264 1.8975309788 0.8444348881 2.7679785954 0.3134698731 1.1199109426 3.0303179782
0.4346087451 0.6136720296 0.3290757735 1.9391188891 0.0000000000 0.4241815920 0.6168839186 2.6544438742 2.4842993423 0.6514945614 2.4490787933 0.7061832154 0.7258950239 0.4653548059 1.7248301389 0.1420141290
2.8085172893 0.4553178693 1.5235680941 0.6126844250 0.4241815920 0.0000000000 0.8516358948 0.2555078568 1.3674450538 2.8137768476 0.0243230932 2.5195125640 2.1794649723 4.1419214243 0.6171400562 0.9753817471
1.5816084893 0.8917931326 0.7399690544 0.1578065634 0.6168839186 0.8516358948 0.0000000000 0.3112967209 0.5595756791 0.3153163628 0.0985169127 0.9181527921 3.3112768614 3.2556957376 0.4904591798 1.4066119098
0.1802788109 0.7555972100 0.1636746338 0.1354401838 2.6544438742 0.2555078568 0.3112967209 0.0000000000 1.0203635449 0.6685735600 0.0817826723 0.3664799343 1.2457217053 1.0597832925 1.4727427058 1.8320890700
0.8936927853 0.4063888185 0.1680522005 0.1993766985 2.4842993423 1.3674450538 0.5595756791 1.0203635449 0.0000000000 0.3298608808 3.2777201422 1.0030449465 0.3937569070 0.6395016865 0.9012123352 2.5909242150
0.5971949894 3.3328514270 1.6352865661 2.2533300264 0.6514945614 2.8137768476 0.3153163628 0.6685735600 0.3298608808 0.0000000000 0.1392595563 1.1202376570 0.8065640590 5.2266818288 2.8304167094 1.8944516467
2.0712122258 0.3876508271 1.5202778290 1.8975309788 2.4490787933 0.0243230932 0.0985169127 0.0817826723 3.2777201422 0.1392595563 0.0000000000 0.5343513714 0.0370950248 0.1926331110 0.3454923249 0.6712016693
0.1228340142 0.0843157156 0.6414783924 0.8444348881 0.7061832154 2.5195125640 0.9181527921 0.3664799343 1.0030449465 1.1202376570 0.5343513714 0.0000000000 3.3503646366 0.2731576513 0.2856467632 1.2889162827
0.3946660232 0.5113553928 0.9541165620 2.7679785954 0.7258950239 2.1794649723 3.3112768614 1.2457217053 0.3937569070 0.8065640590 0.0370950248 3.3503646366 0.0000000000 0.1371240270 0.4288117770 1.3627579904
0.0827627893 0.0018367670 0.1864448212 0.3134698731 0.4653548059 4.1419214243 3.2556957376 1.0597832925 0.6395016865 5.2266818288 0.1926331110 0.2731576513 0.1371240270 0.0000000000 0.0703946653 0.2524924116
3.4864749871 0.5499789427 0.6743307127 1.1199109426 1.7248301389 0.6171400562 0.4904591798 1.4727427058 0.9012123352 2.8304167094 0.3454923249 0.2856467632 0.4288117770 0.0703946653 0.0000000000 0.6641900250
0.0986710880 0.1788842072 2.2582859729 3.0303179782 0.1420141290 0.9753817471 1.4066119098 1.8320890700 2.5909242150 1.8944516467 0.6712016693 1.2889162827 1.3627579904 0.2524924116 0.6641900250 0.0000000000
