# MCW Instance
# Type: EXPONENTIAL
# N: 16
# Optimal cost: 1.838951443011595
# Optimal tour (permutation): [0, 12, 1, 8, 4, 9, 2, 6, 10, 5, 3, 14, 15, 13, 11, 7, 0]
# Optimal walk (full path): [0, 12, 0, 1, 4, 8, 4, 0, 9, 2, 6, 10, 5, 3, 14, 0, 15, 0, 11, 13, 11, 0, 7, 0]
# Walk size: 24
# Is walk (has repeats): true

# Distance Matrix
0.0000000000 0.3424947296 0.9344079754 3.1662211750 0.0378667923 0.4631403194 0.1459143143 0.0106757679 0.8297973847 0.0168800007 0.6340945412 0.0233114756 0.0183873986 1.2061253617 0.0172708912 0.0280406753
0.3424947296 0.0000000000 1.0847477167 1.8153505840 0.3568902657 1.2322915090 1.2115678960 0.7572045728 1.0548573572 2.1095894329 0.4008718414 1.2308350955 0.7509588717 0.5701962096 1.6112865177 0.5890008693
0.9344079754 1.0847477167 0.0000000000 0.4813015864 2.6404176303 1.0834814024 0.1907960685 2.1544322160 0.3409042991 0.2640893744 0.8459841273 1.0314125152 0.4478320429 0.5378874068 0.4778705395 0.6603173025
3.1662211750 1.8153505840 0.4813015864 0.0000000000 2.2433656993 0.0015364040 0.1071395809 1.3909799367 0.3646444415 1.0522885478 0.6645999793 0.1197673635 0.0713136075 2.2549388410 0.0162115755 1.4533455598
0.0378667923 0.3568902657 2.6404176303 2.2433656993 0.0000000000 1.8240252688 0.8695786723 0.1468229936 0.0390288325 0.7033945678 0.4783546835 1.5276340281 2.1613019198 0.2263307095 0.1892674354 2.4104890140
0.4631403194 1.2322915090 1.0834814024 0.0015364040 1.8240252688 0.0000000000 2.2750221483 2.6524719488 0.4053563607 0.0886035360 0.0413236233 1.8511864263 0.2556432719 2.2089822511 0.6848699539 0.6490663763
0.1459143143 1.2115678960 0.1907960685 0.1071395809 0.8695786723 2.2750221483 0.0000000000 0.6476586167 1.8768034050 1.0819171262 0.1176870278 2.9520101783 1.5265350787 0.8546572169 0.2858832340 1.0590161090
0.0106757679 0.7572045728 2.1544322160 1.3909799367 0.1468229936 2.6524719488 0.6476586167 0.0000000000 0.1121685846 1.4791827022 1.3040105187 0.3192464764 0.2668289106 1.9614626409 0.3124075460 0.3798962358
0.8297973847 1.0548573572 0.3409042991 0.3646444415 0.0390288325 0.4053563607 1.8768034050 0.1121685846 0.0000000000 0.7018383707 2.1915582641 0.4515743102 0.5663316480 0.3010990199 3.3588206018 0.3950963964
0.0168800007 2.1095894329 0.2640893744 1.0522885478 0.7033945678 0.0886035360 1.0819171262 1.4791827022 0.7018383707 0.0000000000 2.0054306955 0.5847611490 0.4822058587 2.4402195590 0.7415404991 2.8974898164
0.6340945412 0.4008718414 0.8459841273 0.6645999793 0.4783546835 0.0413236233 0.1176870278 1.3040105187 2.1915582641 2.0054306955 0.0000000000 3.4533657072 0.5399823452 1.2310934044 0.1998488992 0.3255262538
0.0233114756 1.2308350955 1.0314125152 0.1197673635 1.5276340281 1.8511864263 2.9520101783 0.3192464764 0.4515743102 0.5847611490 3.4533657072 0.0000000000 0.4203681833 0.0985081951 1.7425369625 1.2481970456
0.0183873986 0.7509588717 0.4478320429 0.0713136075 2.1613019198 0.2556432719 1.5265350787 0.2668289106 0.5663316480 0.4822058587 0.5399823452 0.4203681833 0.0000000000 1.3977374936 0.1871873402 0.5407045943
1.2061253617 0.5701962096 0.5378874068 2.2549388410 0.2263307095 2.2089822511 0.8546572169 1.9614626409 0.3010990199 2.4402195590 1.2310934044 0.0985081951 1.3977374936 0.0000000000 1.0459687451 0.2008871379
0.0172708912 1.6112865177 0.4778705395 0.0162115755 0.1892674354 0.6848699539 0.2858832340 0.3124075460 3.3588206018 0.7415404991 0.1998488992 1.7425369625 0.1871873402 1.0459687451 0.0000000000 3.8745071059
0.0280406753 0.5890008693 0.6603173025 1.4533455598 2.4104890140 0.6490663763 1.0590161090 0.3798962358 0.3950963964 2.8974898164 0.3255262538 1.2481970456 0.5407045943 0.2008871379 3.8745071059 0.0000000000
