# MCW Instance
# Type: EXPONENTIAL
# N: 16
# Optimal cost: 1.9115729550631726
# Optimal tour (permutation): [0, 4, 11, 14, 3, 15, 12, 13, 5, 7, 6, 10, 8, 9, 1, 2, 0]
# Optimal walk (full path): [0, 4, 11, 14, 3, 15, 12, 13, 5, 13, 7, 6, 9, 8, 10, 8, 9, 1, 2, 0]
# Walk size: 20
# Is walk (has repeats): true

# Distance Matrix
0.0000000000 0.4328732689 0.0543710856 1.0350427590 0.0875317466 0.3184224466 0.5627194117 0.2179481066 1.6687385121 0.6302027860 1.0384553927 0.5641226872 0.2741681568 1.3512784065 1.4183217060 0.7318311624
0.4328732689 0.0000000000 0.3427864169 0.4490621187 0.5283822646 0.2726258496 0.6076134445 0.5514945368 1.6192836867 0.1723402216 0.8115126871 0.4507307038 1.5923461811 0.4743187234 0.2947317663 1.5847369623
0.0543710856 0.3427864169 0.0000000000 0.8261519729 0.2330420795 2.7216156922 0.3946613748 2.7789393896 2.2737124792 0.2680004726 0.2497876489 0.8763134304 0.7479094334 1.7961985695 1.9791540076 1.9311718868
1.0350427590 0.4490621187 0.8261519729 0.0000000000 0.6938244183 1.4706481987 1.3196546548 0.2917390674 0.9894869510 3.4192266628 0.3113705168 0.2910311110 1.1015793246 0.5462611626 0.3119718268 0.3353392485
0.0875317466 0.5283822646 0.2330420795 0.6938244183 0.0000000000 0.3925674111 2.2300567580 1.4369678685 1.0883551425 0.1540637957 1.8930006886 0.1152755463 0.3220625603 0.5264163810 1.7303986343 2.0431598111
0.3184224466 0.2726258496 2.7216156922 1.4706481987 0.3925674111 0.0000000000 2.8783826282 0.2176203267 0.3797479118 0.6662742951 0.6023299237 2.4503155071 2.1975677951 0.0531736548 0.4698174205 0.3856953956
0.5627194117 0.6076134445 0.3946613748 1.3196546548 2.2300567580 2.8783826282 0.0000000000 0.0724418530 0.8542117926 0.0027178593 1.2898686591 0.3561314932 2.6346573386 2.0468256664 0.3259534570 0.2254018916
0.2179481066 0.5514945368 2.7789393896 0.2917390674 1.4369678685 0.2176203267 0.0724418530 0.0000000000 0.4248855070 0.9209552445 0.9037389780 0.0946550221 1.2075889530 0.0531849191 1.0492011894 1.4882838040
1.6687385121 1.6192836867 2.2737124792 0.9894869510 1.0883551425 0.3797479118 0.8542117926 0.4248855070 0.0000000000 0.0160106107 0.0299525320 1.7977260771 0.5138035411 0.9397647047 0.2016568873 0.3542570860
0.6302027860 0.1723402216 0.2680004726 3.4192266628 0.1540637957 0.6662742951 0.0027178593 0.9209552445 0.0160106107 0.0000000000 0.3512295431 0.0385680851 5.5390806863 0.2427189785 0.6538919893 0.7454721361
1.0384553927 0.8115126871 0.2497876489 0.3113705168 1.8930006886 0.6023299237 1.2898686591 0.9037389780 0.0299525320 0.3512295431 0.0000000000 0.2649585359 0.5324711793 1.9552816463 2.1705434866 0.8235423975
0.5641226872 0.4507307038 0.8763134304 0.2910311110 0.1152755463 2.4503155071 0.3561314932 0.0946550221 1.7977260771 0.0385680851 0.2649585359 0.0000000000 2.1195475427 1.8234906395 0.0379981589 0.8218293742
0.2741681568 1.5923461811 0.7479094334 1.1015793246 0.3220625603 2.1975677951 2.6346573386 1.2075889530 0.5138035411 5.5390806863 0.5324711793 2.1195475427 0.0000000000 0.0373830855 0.6858672180 0.0899573923
1.3512784065 0.4743187234 1.7961985695 0.5462611626 0.5264163810 0.0531736548 2.0468256664 0.0531849191 0.9397647047 0.2427189785 1.9552816463 1.8234906395 0.0373830855 0.0000000000 1.4786211716 0.3268208291
1.4183217060 0.2947317663 1.9791540076 0.3119718268 1.7303986343 0.4698174205 0.3259534570 1.0492011894 0.2016568873 0.6538919893 2.1705434866 0.0379981589 0.6858672180 1.4786211716 0.0000000000 0.3220520277
0.7318311624 1.5847369623 1.9311718868 0.3353392485 2.0431598111 0.3856953956 0.2254018916 1.4882838040 0.3542570860 0.7454721361 0.8235423975 0.8218293742 0.0899573923 0.3268208291 0.3220520277 0.0000000000
