# MCW Instance
# Type: EXPONENTIAL
# N: 16
# Optimal cost: 1.96256542445567
# Optimal tour (permutation): [0, 12, 3, 15, 14, 6, 5, 13, 10, 7, 4, 9, 8, 2, 1, 11, 0]
# Optimal walk (full path): [0, 12, 3, 15, 14, 6, 5, 13, 10, 13, 7, 4, 9, 2, 8, 2, 1, 11, 0]
# Walk size: 19
# Is walk (has repeats): true

# Distance Matrix
0.0000000000 0.0792768547 3.3751045466 2.3304234803 1.1602927873 0.5906245584 0.8953867842 1.0261702508 0.7183413205 0.4769641807 1.1607957597 0.1163922438 0.0097566388 0.4567364960 0.4353709720 0.9289385484
0.0792768547 0.0000000000 0.1095214268 0.9306852769 1.7129997648 0.7413975888 1.4950746351 0.3806502794 1.3913276060 0.9379164040 2.0187038875 0.1395888141 1.2833506683 0.4752809583 1.2797684021 0.5347208224
3.3751045466 0.1095214268 0.0000000000 2.8233749315 0.2386081165 0.5766130244 0.3854150818 1.1394973111 0.0104734497 0.0415733323 0.7845689082 1.8931201589 0.8211582786 0.6074147922 0.3222422888 0.7847429927
2.3304234803 0.9306852769 2.8233749315 0.0000000000 1.3750558272 1.4743189202 0.8599633472 0.5994206884 0.7540380878 2.4038778001 0.6529220982 0.6804602583 0.1675073741 0.6600320766 0.5488057112 0.1618086504
1.1602927873 1.7129997648 0.2386081165 1.3750558272 0.0000000000 0.5893202186 0.3905178619 0.2964591823 0.6420586119 0.1214305088 2.1826413464 2.7998570966 3.6542771552 3.0714595690 0.7092530731 0.2355865414
0.5906245584 0.7413975888 0.5766130244 1.4743189202 0.5893202186 0.0000000000 0.1367277826 0.6158271003 0.2803530409 6.1142036985 0.7362900042 2.3640639618 2.4090483711 0.0428734043 0.3510181776 0.1407013598
0.8953867842 1.4950746351 0.3854150818 0.8599633472 0.3905178619 0.1367277826 0.0000000000 1.2344777111 0.2555142197 1.8051233678 0.4286871031 1.5838427134 0.5453266335 0.4990609345 0.0895234825 3.9261136686
1.0261702508 0.3806502794 1.1394973111 0.5994206884 0.2964591823 0.6158271003 1.2344777111 0.0000000000 0.2488916121 1.1247655906 3.4166719086 1.4856476200 1.6026884163 0.2610080188 0.5549242755 2.2466036595
0.7183413205 1.3913276060 0.0104734497 0.7540380878 0.6420586119 0.2803530409 0.2555142197 0.2488916121 0.0000000000 0.3135481364 1.8787507413 0.8726063913 0.5606421022 0.4350348424 0.1053136014 0.6443454972
0.4769641807 0.9379164040 0.0415733323 2.4038778001 0.1214305088 6.1142036985 1.8051233678 1.1247655906 0.3135481364 0.0000000000 1.7872675798 1.9277747859 0.8164757743 0.7863596063 0.0417214086 0.5843997147
1.1607957597 2.0187038875 0.7845689082 0.6529220982 2.1826413464 0.7362900042 0.4286871031 3.4166719086 1.8787507413 1.7872675798 0.0000000000 0.2145044209 1.4573037809 0.0820154979 0.6659640270 3.5138666863
0.1163922438 0.1395888141 1.8931201589 0.6804602583 2.7998570966 2.3640639618 1.5838427134 1.4856476200 0.8726063913 1.9277747859 0.2145044209 0.0000000000 0.1371978823 1.0969900719 0.3000323920 1.0597603672
0.0097566388 1.2833506683 0.8211582786 0.1675073741 3.6542771552 2.4090483711 0.5453266335 1.6026884163 0.5606421022 0.8164757743 1.4573037809 0.1371978823 0.0000000000 0.1966348669 0.6925401844 1.0270183626
0.4567364960 0.4752809583 0.6074147922 0.6600320766 3.0714595690 0.0428734043 0.4990609345 0.2610080188 0.4350348424 0.7863596063 0.0820154979 1.0969900719 0.1966348669 0.0000000000 0.5202305903 0.3112349542
0.4353709720 1.2797684021 0.3222422888 0.5488057112 0.7092530731 0.3510181776 0.0895234825 0.5549242755 0.1053136014 0.0417214086 0.6659640270 0.3000323920 0.6925401844 0.5202305903 0.0000000000 0.0834166697
0.9289385484 0.5347208224 0.7847429927 0.1618086504 0.2355865414 0.1407013598 3.9261136686 2.2466036595 0.6443454972 0.5843997147 3.5138666863 1.0597603672 1.0270183626 0.3112349542 0.0834166697 0.0000000000
