# MCW Instance
# Type: EXPONENTIAL
# N: 16
# Optimal cost: 1.6826566598917005
# Optimal tour (permutation): [0, 7, 3, 4, 11, 12, 1, 10, 5, 15, 14, 2, 6, 8, 9, 13, 0]
# Optimal walk (full path): [0, 7, 3, 4, 11, 1, 12, 1, 10, 5, 15, 2, 14, 2, 6, 8, 9, 7, 13, 7, 0]
# Walk size: 21
# Is walk (has repeats): true

# Distance Matrix
0.0000000000 0.7803154975 1.2925220959 0.9032735835 1.1684215248 0.3157592917 0.4012416920 0.0023028888 0.7335506232 1.9661269202 0.4548506426 0.1250409992 0.2068538849 2.0643590636 0.3342371614 1.2005896037
0.7803154975 0.0000000000 0.2187115829 1.2640164741 0.1451623405 0.9893046217 0.6058695393 0.6486383050 2.5888718853 0.8398940812 0.1372021969 0.0879170093 0.0744398315 0.2360474412 0.8899289047 1.6843542145
1.2925220959 0.2187115829 0.0000000000 1.8959760044 1.7461221826 0.4084830421 0.1402818871 0.9314585491 0.1517397535 0.8346866201 1.2173588182 0.5926029349 0.1404261158 0.4979363037 0.0404810355 0.0426137613
0.9032735835 1.2640164741 1.8959760044 0.0000000000 0.2065526109 0.6833863135 0.7296408515 0.1723698032 0.2898960965 0.5429285803 1.6262973212 0.8439761568 3.0750416734 0.8742457319 0.7496721953 5.5316665692
1.1684215248 0.1451623405 1.7461221826 0.2065526109 0.0000000000 0.5984825741 0.7441150875 1.9814615995 1.7287907014 1.2037664386 1.9399205817 0.1101019088 0.5900588323 0.1467470280 2.2523193712 1.1236776697
0.3157592917 0.9893046217 0.4084830421 0.6833863135 0.5984825741 0.0000000000 0.2444455640 0.3139392233 3.5577541913 6.4812050901 0.1402727806 0.8291749814 3.2350518156 0.8503848617 0.9132090060 0.0643062274
0.4012416920 0.6058695393 0.1402818871 0.7296408515 0.7441150875 0.2444455640 0.0000000000 1.1097433274 0.1828632261 2.0442947599 0.9392104518 0.4271628610 0.6778942731 2.7226267246 0.2182223135 1.2140201234
0.0023028888 0.6486383050 0.9314585491 0.1723698032 1.9814615995 0.3139392233 1.1097433274 0.0000000000 2.0769809916 0.0074492766 2.5400297800 0.7750333016 0.5744919607 0.0582392712 0.3168789103 0.3312398822
0.7335506232 2.5888718853 0.1517397535 0.2898960965 1.7287907014 3.5577541913 0.1828632261 2.0769809916 0.0000000000 0.0397999177 0.1467314698 3.4495285691 0.5983105402 1.4407822725 1.2749041239 0.5147183165
1.9661269202 0.8398940812 0.8346866201 0.5429285803 1.2037664386 6.4812050901 2.0442947599 0.0074492766 0.0397999177 0.0000000000 0.4854447481 0.0460084809 0.9466711918 1.4958368990 0.4300114132 1.0209684281
0.4548506426 0.1372021969 1.2173588182 1.6262973212 1.9399205817 0.1402727806 0.9392104518 2.5400297800 0.1467314698 0.4854447481 0.0000000000 0.6345686703 0.5407257439 0.6346872689 0.6904228269 0.6209232241
0.1250409992 0.0879170093 0.5926029349 0.8439761568 0.1101019088 0.8291749814 0.4271628610 0.7750333016 3.4495285691 0.0460084809 0.6345686703 0.0000000000 0.4887092409 1.7443756944 0.3247156583 0.0721806911
0.2068538849 0.0744398315 0.1404261158 3.0750416734 0.5900588323 3.2350518156 0.6778942731 0.5744919607 0.5983105402 0.9466711918 0.5407257439 0.4887092409 0.0000000000 0.5111660631 0.5564492913 1.0347807117
2.0643590636 0.2360474412 0.4979363037 0.8742457319 0.1467470280 0.8503848617 2.7226267246 0.0582392712 1.4407822725 1.4958368990 0.6346872689 1.7443756944 0.5111660631 0.0000000000 0.8987063866 0.3957456810
0.3342371614 0.8899289047 0.0404810355 0.7496721953 2.2523193712 0.9132090060 0.2182223135 0.3168789103 1.2749041239 0.4300114132 0.6904228269 0.3247156583 0.5564492913 0.8987063866 0.0000000000 1.3194604185
1.2005896037 1.6843542145 0.0426137613 5.5316665692 1.1236776697 0.0643062274 1.2140201234 0.3312398822 0.5147183165 1.0209684281 0.6209232241 0.0721806911 1.0347807117 0.3957456810 1.3194604185 0.0000000000
