# MCW Instance
# Type: EXPONENTIAL
# N: 16
# Optimal cost: 2.127354194860849
# Optimal tour (permutation): [0, 13, 10, 1, 2, 4, 3, 6, 11, 8, 14, 9, 7, 15, 12, 5, 0]
# Optimal walk (full path): [0, 13, 10, 1, 2, 3, 4, 3, 6, 11, 8, 14, 9, 7, 9, 15, 5, 12, 5, 13, 0]
# Walk size: 21
# Is walk (has repeats): true

# Distance Matrix
0.0000000000 0.3865256258 1.0620915986 0.4348572757 0.9095036297 0.5607501623 2.0697878041 0.7882463935 4.6234366143 0.7427053525 1.5508098251 0.4191178035 1.4765074290 0.1766254474 2.2008050236 1.4148382210
0.3865256258 0.0000000000 0.1635730720 0.9387378248 1.2249056687 0.2708686385 0.6273583392 0.3220241067 0.5577931437 1.6268292160 0.1138326307 1.3961401198 1.7017013267 3.7431190889 0.7141893041 0.4682290032
1.0620915986 0.1635730720 0.0000000000 0.0481067498 0.2254155560 0.8643273778 0.2724947749 0.3654754761 0.7149855281 1.5960719017 2.6585070260 1.8712864103 3.3842658690 0.2177312533 1.3734695187 0.4989287221
0.4348572757 0.9387378248 0.0481067498 0.0000000000 0.0444089669 0.3232167972 0.1259447654 1.2795039260 0.6331754600 6.7520722436 0.0222825903 0.7881769582 0.2158887970 2.5262959732 1.0253589761 1.4500976813
0.9095036297 1.2249056687 0.2254155560 0.0444089669 0.0000000000 0.1323378744 0.9825634731 0.2326292012 0.8592494250 2.8219532265 1.1029276477 3.0792243814 1.9796095443 1.9498386643 0.3873046209 0.4740026636
0.5607501623 0.2708686385 0.8643273778 0.3232167972 0.1323378744 0.0000000000 1.7359909826 0.5620095015 0.9124713673 0.7989392063 1.6565752987 0.9150896914 0.1611613817 0.0554336986 1.8991497868 0.0122594991
2.0697878041 0.6273583392 0.2724947749 0.1259447654 0.9825634731 1.7359909826 0.0000000000 1.8008192485 0.2474945320 0.7439078329 0.2961927887 0.0323105650 1.3600588482 0.4461723461 0.0930933746 2.8299201856
0.7882463935 0.3220241067 0.3654754761 1.2795039260 0.2326292012 0.5620095015 1.8008192485 0.0000000000 0.5685785362 0.1670763303 2.2885352910 0.6962351897 1.5052493458 0.3101652329 0.9899101518 1.6453410763
4.6234366143 0.5577931437 0.7149855281 0.6331754600 0.8592494250 0.9124713673 0.2474945320 0.5685785362 0.0000000000 0.3255618511 0.1604015171 0.1373379212 0.3355256714 5.8734426727 0.1172740903 0.5856174924
0.7427053525 1.6268292160 1.5960719017 6.7520722436 2.8219532265 0.7989392063 0.7439078329 0.1670763303 0.3255618511 0.0000000000 0.3305975374 0.8631018956 0.9930012231 1.9179797206 0.1139759416 0.0547019802
1.5508098251 0.1138326307 2.6585070260 0.0222825903 1.1029276477 1.6565752987 0.2961927887 2.2885352910 0.1604015171 0.3305975374 0.0000000000 0.3032598515 0.8631511159 0.0540590283 0.1554640084 0.9309711618
0.4191178035 1.3961401198 1.8712864103 0.7881769582 3.0792243814 0.9150896914 0.0323105650 0.6962351897 0.1373379212 0.8631018956 0.3032598515 0.0000000000 2.7722688123 0.4184102969 0.4753210843 0.9197447470
1.4765074290 1.7017013267 3.3842658690 0.2158887970 1.9796095443 0.1611613817 1.3600588482 1.5052493458 0.3355256714 0.9930012231 0.8631511159 2.7722688123 0.0000000000 0.5210587283 0.7625276008 0.3299048410
0.1766254474 3.7431190889 0.2177312533 2.5262959732 1.9498386643 0.0554336986 0.4461723461 0.3101652329 5.8734426727 1.9179797206 0.0540590283 0.4184102969 0.5210587283 0.0000000000 1.9359005418 0.6077147809
2.2008050236 0.7141893041 1.3734695187 1.0253589761 0.3873046209 1.8991497868 0.0930933746 0.9899101518 0.1172740903 0.1139759416 0.1554640084 0.4753210843 0.7625276008 1.9359005418 0.0000000000 0.4770246042
1.4148382210 0.4682290032 0.4989287221 1.4500976813 0.4740026636 0.0122594991 2.8299201856 1.6453410763 0.5856174924 0.0547019802 0.9309711618 0.9197447470 0.3299048410 0.6077147809 0.4770246042 0.0000000000
