# MCW Instance
# Type: EXPONENTIAL
# N: 15
# Optimal cost: 2.597317341229472
# Optimal tour (permutation): [0, 10, 11, 5, 9, 2, 6, 7, 13, 1, 12, 8, 14, 4, 3, 0]
# Optimal walk (full path): [0, 10, 11, 5, 9, 2, 6, 7, 13, 1, 12, 8, 14, 4, 3, 11, 10, 0]
# Walk size: 18
# Is walk (has repeats): true

# Distance Matrix
0.0000000000 0.3725999124 3.0513741205 0.3554959562 0.3516863016 2.0534188323 1.9609134567 0.5493344963 0.8387547170 1.2963990610 0.0504668831 1.7759467256 0.8362906786 0.6135126613 1.4767809439
0.3725999124 0.0000000000 0.3719506733 0.7429418466 0.7098472258 1.3006206322 1.0837364828 0.1919520235 0.3202789075 0.5229628972 0.7900717190 0.2959657944 0.0047587987 0.2147197434 1.0737413142
3.0513741205 0.3719506733 0.0000000000 1.0139543566 1.4029863952 0.8353352295 0.4454335664 4.3031030564 0.4646827027 0.1932131163 1.0519107849 3.9184694819 0.6719533623 0.6986689724 1.9066866667
0.3554959562 0.7429418466 1.0139543566 0.0000000000 0.1504937519 1.3122834496 0.4094442321 1.0146653144 0.7527834193 2.4977902488 0.3607772790 0.1686571737 1.2124226266 2.0819667277 0.2979806220
0.3516863016 0.7098472258 1.4029863952 0.1504937519 0.0000000000 1.4760485564 0.6859243735 0.8027438313 0.5314120958 1.0410342979 0.6466068923 0.8149794023 1.2529169924 1.2962157763 0.1277665901
2.0534188323 1.3006206322 0.8353352295 1.3122834496 1.4760485564 0.0000000000 2.2859567029 0.1376125320 2.6484409977 0.1057418443 1.0293388853 0.1672695419 0.3436580402 0.4368505694 0.6560013329
1.9609134567 1.0837364828 0.4454335664 0.4094442321 0.6859243735 2.2859567029 0.0000000000 0.1349044753 0.8211865117 3.7597322740 1.1035055545 0.8986485841 0.3381196060 0.4612537715 0.9915425404
0.5493344963 0.1919520235 4.3031030564 1.0146653144 0.8027438313 0.1376125320 0.1349044753 0.0000000000 0.3985811282 1.3827258578 0.6377954053 0.8828036435 0.4440030864 0.1776134215 0.4570922351
0.8387547170 0.3202789075 0.4646827027 0.7527834193 0.5314120958 2.6484409977 0.8211865117 0.3985811282 0.0000000000 2.7605060999 1.1917244954 0.6825254930 0.0263252908 1.3187948208 0.4705227323
1.2963990610 0.5229628972 0.1932131163 2.4977902488 1.0410342979 0.1057418443 3.7597322740 1.3827258578 2.7605060999 0.0000000000 1.9307506489 0.6041587063 0.8208301506 1.3624123499 2.1542894935
0.0504668831 0.7900717190 1.0519107849 0.3607772790 0.6466068923 1.0293388853 1.1035055545 0.6377954053 1.1917244954 1.9307506489 0.0000000000 0.0544817643 0.3577739574 2.6933604459 1.4675016399
1.7759467256 0.2959657944 3.9184694819 0.1686571737 0.8149794023 0.1672695419 0.8986485841 0.8828036435 0.6825254930 0.6041587063 0.0544817643 0.0000000000 0.8963622583 1.4044240064 1.9472709037
0.8362906786 0.0047587987 0.6719533623 1.2124226266 1.2529169924 0.3436580402 0.3381196060 0.4440030864 0.0263252908 0.8208301506 0.3577739574 0.8963622583 0.0000000000 0.7534583076 1.3867404366
0.6135126613 0.2147197434 0.6986689724 2.0819667277 1.2962157763 0.4368505694 0.4612537715 0.1776134215 1.3187948208 1.3624123499 2.6933604459 1.4044240064 0.7534583076 0.0000000000 1.9794545914
1.4767809439 1.0737413142 1.9066866667 0.2979806220 0.1277665901 0.6560013329 0.9915425404 0.4570922351 0.4705227323 2.1542894935 1.4675016399 1.9472709037 1.3867404366 1.9794545914 0.0000000000
