# MCW Instance
# Type: EXPONENTIAL
# N: 15
# Optimal cost: 2.863070763543584
# Optimal tour (permutation): [0, 11, 10, 14, 3, 1, 8, 9, 4, 2, 13, 7, 6, 5, 12, 0]
# Optimal walk (full path): [0, 11, 0, 10, 14, 8, 3, 8, 1, 8, 9, 4, 13, 2, 13, 7, 6, 5, 12, 0]
# Walk size: 20
# Is walk (has repeats): true

# Distance Matrix
0.0000000000 1.3960352384 0.6732156676 0.2643622788 0.1801062345 0.7744853659 0.4433056142 0.1587375905 0.2269415755 4.0180352699 0.1097656629 0.3265221228 0.0247075379 4.3284262621 3.2869809075
1.3960352384 0.0000000000 0.7856128583 0.3864439743 0.8097737854 0.4655168870 0.4418124843 2.1930601722 0.0540526191 1.0099927540 0.4444764951 0.7881630888 0.4288058444 1.7790649108 0.8923240092
0.6732156676 0.7856128583 0.0000000000 2.0027258503 0.5178528682 1.2183637169 0.6951977080 0.6854979540 0.6303859198 0.8868616443 1.5390985387 1.4640497766 2.2726044892 0.2570859845 0.5329742773
0.2643622788 0.3864439743 2.0027258503 0.0000000000 0.3191060305 1.4581073193 1.3919042423 0.4733791151 0.1112893745 1.8779800932 3.0903860467 0.9714595611 0.7108676110 0.2609244239 0.5786613690
0.1801062345 0.8097737854 0.5178528682 0.3191060305 0.0000000000 0.4025032775 1.2762422868 2.2329444248 0.2040241519 0.3110002795 2.6250807424 1.2898723339 0.8106877324 0.1158943578 0.4587561054
0.7744853659 0.4655168870 1.2183637169 1.4581073193 0.4025032775 0.0000000000 0.1090518404 1.7086919385 1.8342060193 1.5843627463 2.8949425506 1.4878827281 0.0397061698 1.1806946028 0.2831796416
0.4433056142 0.4418124843 0.6951977080 1.3919042423 1.2762422868 0.1090518404 0.0000000000 0.2216313618 0.8835449006 2.1409172460 0.7878916690 0.5573810280 1.1706466026 0.5103248810 0.4702346390
0.1587375905 2.1930601722 0.6854979540 0.4733791151 2.2329444248 1.7086919385 0.2216313618 0.0000000000 0.7528610359 0.3786989287 1.7695462272 1.5062631817 0.2651087290 0.1088851069 0.8953357533
0.2269415755 0.0540526191 0.6303859198 0.1112893745 0.2040241519 1.8342060193 0.8835449006 0.7528610359 0.0000000000 0.1512492191 3.1903309782 0.8509026287 0.0306007106 0.1663012296 0.0593366477
4.0180352699 1.0099927540 0.8868616443 1.8779800932 0.3110002795 1.5843627463 2.1409172460 0.3786989287 0.1512492191 0.0000000000 3.5026605672 0.7913348772 0.6851036999 1.0124289178 0.5344082230
0.1097656629 0.4444764951 1.5390985387 3.0903860467 2.6250807424 2.8949425506 0.7878916690 1.7695462272 3.1903309782 3.5026605672 0.0000000000 0.5493922673 2.4063143292 0.1679570275 0.1139423784
0.3265221228 0.7881630888 1.4640497766 0.9714595611 1.2898723339 1.4878827281 0.5573810280 1.5062631817 0.8509026287 0.7913348772 0.5493922673 0.0000000000 0.5644564496 1.2037249448 0.3618600246
0.0247075379 0.4288058444 2.2726044892 0.7108676110 0.8106877324 0.0397061698 1.1706466026 0.2651087290 0.0306007106 0.6851036999 2.4063143292 0.5644564496 0.0000000000 0.2663104337 1.6813391129
4.3284262621 1.7790649108 0.2570859845 0.2609244239 0.1158943578 1.1806946028 0.5103248810 0.1088851069 0.1663012296 1.0124289178 0.1679570275 1.2037249448 0.2663104337 0.0000000000 0.4147498079
3.2869809075 0.8923240092 0.5329742773 0.5786613690 0.4587561054 0.2831796416 0.4702346390 0.8953357533 0.0593366477 0.5344082230 0.1139423784 0.3618600246 1.6813391129 0.4147498079 0.0000000000
