# MCW Instance
# Type: EXPONENTIAL
# N: 15
# Optimal cost: 1.8417017237869093
# Optimal tour (permutation): [0, 13, 5, 12, 14, 8, 7, 9, 11, 2, 4, 6, 3, 1, 10, 0]
# Optimal walk (full path): [0, 13, 0, 5, 8, 12, 8, 14, 8, 7, 9, 2, 11, 2, 4, 6, 3, 10, 1, 10, 0]
# Walk size: 21
# Is walk (has repeats): true

# Distance Matrix
0.0000000000 0.2229773802 1.7445955715 1.7061731057 2.6646429803 0.0807522403 0.4109026009 2.5558490364 0.3704969639 0.1758904483 0.0962853309 0.5890937836 0.1185958897 0.1577507440 0.5818756851
0.2229773802 0.0000000000 0.8681603115 1.2816872971 0.6359360260 2.9051296776 0.3632177390 0.9342100325 0.6709234059 0.3953443224 0.0453384586 2.1384748345 0.6799551066 1.7949269563 0.6232183896
1.7445955715 0.8681603115 0.0000000000 0.4845743996 0.1150304323 0.4841504494 0.5269516386 0.6092658419 1.6055542966 0.0590799406 1.5887041490 0.0250325447 1.4290224790 0.3195058304 1.3701089063
1.7061731057 1.2816872971 0.4845743996 0.0000000000 2.4774862165 0.2935445817 0.2672765082 0.9735209858 1.5527369761 0.7611300818 0.0470039508 1.1009984221 0.6745586609 1.9040848409 0.2845337023
2.6646429803 0.6359360260 0.1150304323 2.4774862165 0.0000000000 1.9598767011 0.1558610732 1.2564701776 0.4532668398 0.2683799864 1.3823002336 0.5676338019 0.6548287194 0.4915291456 1.0634782190
0.0807522403 2.9051296776 0.4841504494 0.2935445817 1.9598767011 0.0000000000 0.2683700800 1.4905118471 0.0421028690 1.6864849605 1.3050808470 0.5384725064 0.9869155173 0.4075145963 0.2246687058
0.4109026009 0.3632177390 0.5269516386 0.2672765082 0.1558610732 0.2683700800 0.0000000000 0.2365245829 0.8409175884 0.6298063377 0.4307270473 2.4353548915 0.7335239675 2.0380980882 0.4085492894
2.5558490364 0.9342100325 0.6092658419 0.9735209858 1.2564701776 1.4905118471 0.2365245829 0.0000000000 0.1965034143 0.2001396950 1.0004880642 1.1032771506 1.2610387973 0.5451042897 0.3844196885
0.3704969639 0.6709234059 1.6055542966 1.5527369761 0.4532668398 0.0421028690 0.8409175884 0.1965034143 0.0000000000 0.4063848123 0.3720545137 0.4070583912 0.0177753844 1.3050870193 0.0449360029
0.1758904483 0.3953443224 0.0590799406 0.7611300818 0.2683799864 1.6864849605 0.6298063377 0.2001396950 0.4063848123 0.0000000000 0.9017698260 0.2036285153 0.5741784246 0.2633107005 1.9454392679
0.0962853309 0.0453384586 1.5887041490 0.0470039508 1.3823002336 1.3050808470 0.4307270473 1.0004880642 0.3720545137 0.9017698260 0.0000000000 2.2656470386 0.9453685234 0.3257602577 0.3679832063
0.5890937836 2.1384748345 0.0250325447 1.1009984221 0.5676338019 0.5384725064 2.4353548915 1.1032771506 0.4070583912 0.2036285153 2.2656470386 0.0000000000 3.5054790001 1.3637658912 2.5739385401
0.1185958897 0.6799551066 1.4290224790 0.6745586609 0.6548287194 0.9869155173 0.7335239675 1.2610387973 0.0177753844 0.5741784246 0.9453685234 3.5054790001 0.0000000000 0.5190608814 0.3445695942
0.1577507440 1.7949269563 0.3195058304 1.9040848409 0.4915291456 0.4075145963 2.0380980882 0.5451042897 1.3050870193 0.2633107005 0.3257602577 1.3637658912 0.5190608814 0.0000000000 2.2863697844
0.5818756851 0.6232183896 1.3701089063 0.2845337023 1.0634782190 0.2246687058 0.4085492894 0.3844196885 0.0449360029 1.9454392679 0.3679832063 2.5739385401 0.3445695942 2.2863697844 0.0000000000
