# MCW Instance
# Type: EXPONENTIAL
# N: 15
# Optimal cost: 1.5403874167842324
# Optimal tour (permutation): [0, 13, 11, 2, 5, 8, 4, 3, 7, 14, 6, 1, 12, 9, 10, 0]
# Optimal walk (full path): [0, 13, 0, 11, 2, 5, 8, 4, 3, 7, 1, 6, 14, 6, 1, 9, 12, 9, 10, 0]
# Walk size: 20
# Is walk (has repeats): true

# Distance Matrix
0.0000000000 4.8127315757 0.8591741574 0.7308963153 0.4973952469 1.5248902453 1.6056703062 0.2255366977 0.6994128575 2.6852720970 0.0913964990 0.0452728549 0.2659375897 0.0332595408 2.6353216941
4.8127315757 0.0000000000 0.2565610560 0.4079700630 1.4925818562 1.2839712897 0.1339387991 0.0207118761 0.9146825038 0.0304823929 1.9357802354 0.4694850098 1.0232403685 1.1884921999 1.1281463216
0.8591741574 0.2565610560 0.0000000000 0.3367441133 0.8189555872 0.1479020709 1.3677904481 0.8538342680 1.1695090909 0.2887604531 1.6506736908 0.0800896166 0.8477454650 0.9659709310 1.6161071638
0.7308963153 0.4079700630 0.3367441133 0.0000000000 0.0749027733 0.4046408628 4.8973397042 0.0250326598 0.8412499115 0.8620801466 0.3042580141 0.6690292626 1.1216036258 0.5349599620 0.7038787991
0.4973952469 1.4925818562 0.8189555872 0.0749027733 0.0000000000 0.3212742263 0.6164692723 4.9499101512 0.0030776845 0.3373838046 0.6790051299 0.6345721069 0.7756619685 0.7246595891 0.6289952013
1.5248902453 1.2839712897 0.1479020709 0.4046408628 0.3212742263 0.0000000000 0.9643825660 1.1700876593 0.0979400876 0.2068447722 0.5259625918 0.2970891051 1.2086944954 0.6550547520 1.3656000642
1.6056703062 0.1339387991 1.3677904481 4.8973397042 0.6164692723 0.9643825660 0.0000000000 0.6937850161 0.8898107270 0.6783038793 0.2456311873 0.3458269220 0.4410804379 0.2331441178 0.1782107577
0.2255366977 0.0207118761 0.8538342680 0.0250326598 4.9499101512 1.1700876593 0.6937850161 0.0000000000 2.2930585696 2.0177971148 4.4231784899 0.7531528499 1.0081339288 0.1529030121 0.4424834348
0.6994128575 0.9146825038 1.1695090909 0.8412499115 0.0030776845 0.0979400876 0.8898107270 2.2930585696 0.0000000000 0.0727781769 0.2967417308 1.9121661796 0.3309369894 0.1737986471 0.8790832896
2.6852720970 0.0304823929 0.2887604531 0.8620801466 0.3373838046 0.2068447722 0.6783038793 2.0177971148 0.0727781769 0.0000000000 0.0776712432 1.1728363396 0.0775447314 0.7277757110 0.3597102388
0.0913964990 1.9357802354 1.6506736908 0.3042580141 0.6790051299 0.5259625918 0.2456311873 4.4231784899 0.2967417308 0.0776712432 0.0000000000 0.0692418486 3.1999025793 0.3346963698 0.3803357738
0.0452728549 0.4694850098 0.0800896166 0.6690292626 0.6345721069 0.2970891051 0.3458269220 0.7531528499 1.9121661796 1.1728363396 0.0692418486 0.0000000000 0.6959390990 1.5548163634 0.7657381634
0.2659375897 1.0232403685 0.8477454650 1.1216036258 0.7756619685 1.2086944954 0.4410804379 1.0081339288 0.3309369894 0.0775447314 3.1999025793 0.6959390990 0.0000000000 0.5411611615 1.3198356957
0.0332595408 1.1884921999 0.9659709310 0.5349599620 0.7246595891 0.6550547520 0.2331441178 0.1529030121 0.1737986471 0.7277757110 0.3346963698 1.5548163634 0.5411611615 0.0000000000 0.8519119222
2.6353216941 1.1281463216 1.6161071638 0.7038787991 0.6289952013 1.3656000642 0.1782107577 0.4424834348 0.8790832896 0.3597102388 0.3803357738 0.7657381634 1.3198356957 0.8519119222 0.0000000000
