# MCW Instance
# Type: EXPONENTIAL
# N: 15
# Optimal cost: 1.2579349629733558
# Optimal tour (permutation): [0, 11, 9, 8, 14, 5, 7, 12, 13, 10, 2, 1, 3, 6, 4, 0]
# Optimal walk (full path): [0, 11, 9, 8, 14, 5, 7, 12, 13, 10, 13, 2, 1, 3, 4, 6, 4, 0]
# Walk size: 18
# Is walk (has repeats): true

# Distance Matrix
0.0000000000 0.0490959331 0.5552590976 0.6662005596 0.0283732103 0.2088918480 1.0951037015 0.6653106210 1.2054236550 0.6217542163 0.1408109669 0.0159113725 1.2006903803 0.3693691901 1.9013711039
0.0490959331 0.0000000000 0.0371636841 0.0616511307 1.0954026310 1.4122058795 1.2386198791 0.6926860354 1.0213361354 0.4063567226 1.8842922716 0.5870741764 0.0681032648 0.1315297569 0.0775618843
0.5552590976 0.0371636841 0.0000000000 1.0135273386 1.1761358252 0.2326814268 2.6513909450 0.0394321099 0.5015806448 3.4229126543 0.3747707222 5.4617074089 1.5276433573 0.0614000636 1.0541263354
0.6662005596 0.0616511307 1.0135273386 0.0000000000 0.0015305398 1.5000806635 1.5810612520 2.5010229878 1.2273305766 0.3224793351 1.7364063564 0.1679185043 0.2647626926 1.7233060281 0.4063815185
0.0283732103 1.0954026310 1.1761358252 0.0015305398 0.0000000000 0.6640991762 0.2809809684 0.2796474355 1.3139363469 1.1357504715 1.2230622761 0.9977683292 0.1750661782 0.2347167304 1.1468120180
0.2088918480 1.4122058795 0.2326814268 1.5000806635 0.6640991762 0.0000000000 0.9630248113 0.0527351893 0.5362853737 0.1232438696 2.2999135418 0.3462473154 1.6028596982 3.9773301645 0.0901347676
1.0951037015 1.2386198791 2.6513909450 1.5810612520 0.2809809684 0.9630248113 0.0000000000 0.8390502135 1.2875474219 1.8822196731 0.6951983589 1.8369659417 1.4950840410 0.5989368144 0.3378195450
0.6653106210 0.6926860354 0.0394321099 2.5010229878 0.2796474355 0.0527351893 0.8390502135 0.0000000000 3.8134847856 1.7217624536 0.7252236357 0.2672487090 0.0191638961 0.4836638738 1.3769125471
1.2054236550 1.0213361354 0.5015806448 1.2273305766 1.3139363469 0.5362853737 1.2875474219 3.8134847856 0.0000000000 0.0859156057 1.0714197435 0.3223694038 0.8777212472 1.0042527225 0.0913677000
0.6217542163 0.4063567226 3.4229126543 0.3224793351 1.1357504715 0.1232438696 1.8822196731 1.7217624536 0.0859156057 0.0000000000 0.8545880305 0.0544733629 2.9023833807 0.6612039216 2.5136727044
0.1408109669 1.8842922716 0.3747707222 1.7364063564 1.2230622761 2.2999135418 0.6951983589 0.7252236357 1.0714197435 0.8545880305 0.0000000000 1.7014483789 8.3817453431 0.0403417348 1.6296399035
0.0159113725 0.5870741764 5.4617074089 0.1679185043 0.9977683292 0.3462473154 1.8369659417 0.2672487090 0.3223694038 0.0544733629 1.7014483789 0.0000000000 0.3538691903 1.3489690998 1.0683035439
1.2006903803 0.0681032648 1.5276433573 0.2647626926 0.1750661782 1.6028596982 1.4950840410 0.0191638961 0.8777212472 2.9023833807 8.3817453431 0.3538691903 0.0000000000 0.0154690339 0.8356881292
0.3693691901 0.1315297569 0.0614000636 1.7233060281 0.2347167304 3.9773301645 0.5989368144 0.4836638738 1.0042527225 0.6612039216 0.0403417348 1.3489690998 0.0154690339 0.0000000000 0.0728952223
1.9013711039 0.0775618843 1.0541263354 0.4063815185 1.1468120180 0.0901347676 0.3378195450 1.3769125471 0.0913677000 2.5136727044 1.6296399035 1.0683035439 0.8356881292 0.0728952223 0.0000000000
