# MCW Instance
# Type: EXPONENTIAL
# N: 15
# Optimal cost: 2.557532919969102
# Optimal tour (permutation): [0, 10, 7, 11, 14, 6, 13, 2, 12, 9, 1, 5, 4, 8, 3, 0]
# Optimal walk (full path): [0, 10, 0, 7, 11, 14, 13, 6, 13, 2, 12, 9, 1, 4, 5, 4, 8, 3, 0]
# Walk size: 19
# Is walk (has repeats): true

# Distance Matrix
0.0000000000 3.7172573870 0.3075300681 0.2410764815 0.1805140040 0.5295968648 0.0802593918 0.0929052135 1.0054701359 1.2117686507 0.0561210654 0.3471025469 0.1524822780 1.0106008581 1.3213364688
3.7172573870 0.0000000000 0.1674478199 0.2896798301 0.0379586995 3.2297277580 0.4008179981 0.4508797904 2.9923843237 0.3738253021 0.7408705018 0.3793665466 0.0953570657 1.2132298864 0.3055145704
0.3075300681 0.1674478199 0.0000000000 1.2468014272 0.9118418401 1.4713082492 0.2878758724 1.0278477725 0.4120077113 0.6143715763 1.4008295544 1.3271225599 0.0768576533 0.1283938985 2.0177835160
0.2410764815 0.2896798301 1.2468014272 0.0000000000 0.2940852647 0.9599764306 0.4456951916 5.0169134994 0.2780175472 1.0643825468 1.6095451431 1.6060955803 0.8031418240 0.4427314632 2.5637713934
0.1805140040 0.0379586995 0.9118418401 0.2940852647 0.0000000000 0.0173345983 6.6140813280 5.1473085958 0.1521328894 2.2563595071 1.3344508686 1.3654827938 0.3688477497 1.6246679227 0.5244988219
0.5295968648 3.2297277580 1.4713082492 0.9599764306 0.0173345983 0.0000000000 0.9365193822 2.8134143085 0.6569318836 0.8504279135 1.6343244650 0.7259739023 1.1951270897 0.5448784496 0.4516042302
0.0802593918 0.4008179981 0.2878758724 0.4456951916 6.6140813280 0.9365193822 0.0000000000 0.4805140380 0.9272592582 1.5543419655 0.9973240610 2.4343674025 2.9871079785 0.0766122352 0.3688388098
0.0929052135 0.4508797904 1.0278477725 5.0169134994 5.1473085958 2.8134143085 0.4805140380 0.0000000000 1.7312189949 0.4558886739 1.1751709991 0.2476804716 1.2372807729 0.4964284385 0.4849152186
1.0054701359 2.9923843237 0.4120077113 0.2780175472 0.1521328894 0.6569318836 0.9272592582 1.7312189949 0.0000000000 0.5908063372 0.2109384148 0.7303724988 1.6493076600 1.0237270896 0.3306123968
1.2117686507 0.3738253021 0.6143715763 1.0643825468 2.2563595071 0.8504279135 1.5543419655 0.4558886739 0.5908063372 0.0000000000 0.7877273072 0.7089769638 0.3533189458 4.7405200797 1.2733591404
0.0561210654 0.7408705018 1.4008295544 1.6095451431 1.3344508686 1.6343244650 0.9973240610 1.1751709991 0.2109384148 0.7877273072 0.0000000000 0.9747440999 0.7360353133 0.5739558214 1.1987373450
0.3471025469 0.3793665466 1.3271225599 1.6060955803 1.3654827938 0.7259739023 2.4343674025 0.2476804716 0.7303724988 0.7089769638 0.9747440999 0.0000000000 0.4756902454 0.4370713544 0.2232791155
0.1524822780 0.0953570657 0.0768576533 0.8031418240 0.3688477497 1.1951270897 2.9871079785 1.2372807729 1.6493076600 0.3533189458 0.7360353133 0.4756902454 0.0000000000 0.1321507439 1.2881827901
1.0106008581 1.2132298864 0.1283938985 0.4427314632 1.6246679227 0.5448784496 0.0766122352 0.4964284385 1.0237270896 4.7405200797 0.5739558214 0.4370713544 0.1321507439 0.0000000000 0.0519509042
1.3213364688 0.3055145704 2.0177835160 2.5637713934 0.5244988219 0.4516042302 0.3688388098 0.4849152186 0.3306123968 1.2733591404 1.1987373450 0.2232791155 1.2881827901 0.0519509042 0.0000000000
