# MCW Instance
# Type: EXPONENTIAL
# N: 15
# Optimal cost: 2.329610331843461
# Optimal tour (permutation): [0, 11, 3, 9, 12, 4, 6, 13, 2, 5, 14, 7, 1, 8, 10, 0]
# Optimal walk (full path): [0, 3, 11, 3, 9, 12, 4, 6, 13, 2, 13, 5, 14, 7, 1, 8, 0, 10, 0]
# Walk size: 19
# Is walk (has repeats): true

# Distance Matrix
0.0000000000 0.3841442345 2.4915467036 0.2270090899 1.5255393633 0.0881927371 0.6104775770 0.3538001840 0.1008402092 0.8642759093 0.1314025804 3.0492209079 0.1129738439 0.7358550369 1.1784794045
0.3841442345 0.0000000000 1.0469815511 0.6532451193 1.4444346306 0.9420403577 1.4758076621 0.1918459322 0.2487330526 1.1445035869 1.3336826879 0.5054888271 1.9428082656 1.2265184441 0.6684502599
2.4915467036 1.0469815511 0.0000000000 5.1412232108 0.7457030982 0.1916995391 0.2471815699 1.5532936807 0.1837509603 1.4162509617 0.2841425169 1.8992784815 0.6932036878 0.0154837687 0.3153786169
0.2270090899 0.6532451193 5.1412232108 0.0000000000 1.5281860306 1.0069504823 0.5347358145 2.0534556924 1.1021924259 0.2380593188 0.6754473242 0.0129711922 0.5812478120 0.7474278397 1.4221984087
1.5255393633 1.4444346306 0.7457030982 1.5281860306 0.0000000000 0.5730933791 0.1299931858 1.7385895218 1.3075276588 0.4264110943 0.6860466860 0.5277274957 0.3023058357 0.6668820484 0.8240959211
0.0881927371 0.9420403577 0.1916995391 1.0069504823 0.5730933791 0.0000000000 0.6182253885 0.3288990573 1.2656791525 0.3458656477 0.6390005680 1.7446878885 0.7973530908 0.0638199766 0.0747763091
0.6104775770 1.4758076621 0.2471815699 0.5347358145 0.1299931858 0.6182253885 0.0000000000 0.2945804012 0.9092974008 0.4201412190 0.7878021976 0.5675410214 1.8769983856 0.1913822598 1.4656815240
0.3538001840 0.1918459322 1.5532936807 2.0534556924 1.7385895218 0.3288990573 0.2945804012 0.0000000000 1.0718043083 1.2783137178 0.2509336352 0.5710604860 0.1385740648 0.4752421943 0.2054181907
0.1008402092 0.2487330526 0.1837509603 1.1021924259 1.3075276588 1.2656791525 0.9092974008 1.0718043083 0.0000000000 0.4426984673 1.5155888145 0.4601221468 1.2486487338 0.5094422184 0.4505516462
0.8642759093 1.1445035869 1.4162509617 0.2380593188 0.4264110943 0.3458656477 0.4201412190 1.2783137178 0.4426984673 0.0000000000 1.4943074337 3.2092464567 0.0357118888 1.6068075781 0.2347560880
0.1314025804 1.3336826879 0.2841425169 0.6754473242 0.6860466860 0.6390005680 0.7878021976 0.2509336352 1.5155888145 1.4943074337 0.0000000000 0.5416965115 2.0431861576 2.6452537002 0.9062474593
3.0492209079 0.5054888271 1.8992784815 0.0129711922 0.5277274957 1.7446878885 0.5675410214 0.5710604860 0.4601221468 3.2092464567 0.5416965115 0.0000000000 1.1084923539 0.6499639944 2.8971020061
0.1129738439 1.9428082656 0.6932036878 0.5812478120 0.3023058357 0.7973530908 1.8769983856 0.1385740648 1.2486487338 0.0357118888 2.0431861576 1.1084923539 0.0000000000 0.7246170533 0.3019191436
0.7358550369 1.2265184441 0.0154837687 0.7474278397 0.6668820484 0.0638199766 0.1913822598 0.4752421943 0.5094422184 1.6068075781 2.6452537002 0.6499639944 0.7246170533 0.0000000000 1.4992934791
1.1784794045 0.6684502599 0.3153786169 1.4221984087 0.8240959211 0.0747763091 1.4656815240 0.2054181907 0.4505516462 0.2347560880 0.9062474593 2.8971020061 0.3019191436 1.4992934791 0.0000000000
