# MCW Instance
# Type: EXPONENTIAL
# N: 15
# Optimal cost: 1.362247199663337
# Optimal tour (permutation): [0, 3, 6, 14, 9, 7, 2, 12, 8, 11, 10, 4, 13, 5, 1, 0]
# Optimal walk (full path): [0, 3, 6, 14, 9, 7, 9, 2, 9, 12, 8, 4, 11, 10, 11, 4, 13, 5, 1, 5, 13, 0]
# Walk size: 22
# Is walk (has repeats): true

# Distance Matrix
0.0000000000 0.1129055184 0.8008398396 0.1242148953 2.0796622170 0.4901979707 0.6559373529 5.1721402886 1.0090401489 3.5271090812 1.0773898371 2.1227785303 0.8009376401 0.0738392772 0.2236755147
0.1129055184 0.0000000000 1.4125328796 0.8574909967 1.0301225636 0.0077324938 0.2412472731 1.3916753461 0.9106232009 2.7803766721 0.3895320984 0.8428543533 0.1089026802 0.6528994021 3.2029257119
0.8008398396 1.4125328796 0.0000000000 2.8384291896 1.2079811590 0.6924202425 1.2996531087 0.5351682197 1.1610481670 0.0464022210 0.3439577151 0.4241163108 0.1963462362 0.1513999486 0.6415823819
0.1242148953 0.8574909967 2.8384291896 0.0000000000 1.8779809153 0.8489120587 0.0201628025 1.3319529164 0.5928668659 0.9870467520 0.3045098576 1.2858080469 0.8726870296 0.2870319141 1.8419638259
2.0796622170 1.0301225636 1.2079811590 1.8779809153 0.0000000000 0.5229821294 0.2533098745 0.1723415923 0.2213948437 3.8295656879 0.1998755478 0.0116566291 0.0667248869 0.0583121550 2.0353142919
0.4901979707 0.0077324938 0.6924202425 0.8489120587 0.5229821294 0.0000000000 0.2659611951 2.2988261449 3.3702528617 0.9940023732 1.3760221782 0.7090662592 1.5758498790 0.0093393149 0.0507809922
0.6559373529 0.2412472731 1.2996531087 0.0201628025 0.2533098745 0.2659611951 0.0000000000 0.8934023904 1.2452525812 1.3999264847 0.8601494342 1.3802170808 0.8287403143 1.0788775479 0.1279265687
5.1721402886 1.3916753461 0.5351682197 1.3319529164 0.1723415923 2.2988261449 0.8934023904 0.0000000000 1.2496571204 0.0199371720 1.8773343396 0.1167130555 0.5158842458 1.3572450437 0.5776786839
1.0090401489 0.9106232009 1.1610481670 0.5928668659 0.2213948437 3.3702528617 1.2452525812 1.2496571204 0.0000000000 3.5354267641 1.2710870371 1.7176615211 0.1661641614 0.4575230501 2.1965305576
3.5271090812 2.7803766721 0.0464022210 0.9870467520 3.8295656879 0.9940023732 1.3999264847 0.0199371720 3.5354267641 0.0000000000 0.5691554073 1.4997765157 0.1112222649 0.7633961099 0.1416810382
1.0773898371 0.3895320984 0.3439577151 0.3045098576 0.1998755478 1.3760221782 0.8601494342 1.8773343396 1.2710870371 0.5691554073 0.0000000000 0.0635967654 1.0290372047 0.9283449545 0.3906054505
2.1227785303 0.8428543533 0.4241163108 1.2858080469 0.0116566291 0.7090662592 1.3802170808 0.1167130555 1.7176615211 1.4997765157 0.0635967654 0.0000000000 0.1504898014 1.0563523859 1.3956572554
0.8009376401 0.1089026802 0.1963462362 0.8726870296 0.0667248869 1.5758498790 0.8287403143 0.5158842458 0.1661641614 0.1112222649 1.0290372047 0.1504898014 0.0000000000 0.8829685487 0.1790697930
0.0738392772 0.6528994021 0.1513999486 0.2870319141 0.0583121550 0.0093393149 1.0788775479 1.3572450437 0.4575230501 0.7633961099 0.9283449545 1.0563523859 0.8829685487 0.0000000000 1.9089191326
0.2236755147 3.2029257119 0.6415823819 1.8419638259 2.0353142919 0.0507809922 0.1279265687 0.5776786839 2.1965305576 0.1416810382 0.3906054505 1.3956572554 0.1790697930 1.9089191326 0.0000000000
