# MCW Instance
# Type: EXPONENTIAL
# N: 15
# Optimal cost: 3.1359025797481785
# Optimal tour (permutation): [0, 13, 7, 12, 5, 14, 11, 4, 8, 10, 9, 6, 2, 3, 1, 0]
# Optimal walk (full path): [0, 13, 7, 13, 12, 5, 14, 11, 4, 8, 10, 9, 6, 2, 1, 3, 1, 0]
# Walk size: 18
# Is walk (has repeats): true

# Distance Matrix
0.0000000000 0.5532820507 1.1774586524 0.8500770592 0.4756628884 2.6129760606 0.5660547314 0.9785860417 0.9095129928 0.5692783293 0.5276297017 1.8748072025 0.9940130953 0.5049001314 0.8281432601
0.5532820507 0.0000000000 0.1161626233 0.0489751897 0.4969266465 0.7254713308 1.3470447273 0.2514731330 2.1248875247 0.7776265215 0.7795343171 1.0791148696 0.5026023197 0.2468938616 0.2854125743
1.1774586524 0.1161626233 0.0000000000 0.4776016333 0.5332161221 1.6016729215 0.1986770727 0.4420902883 0.3195842207 1.1550728467 0.2539764100 0.5162712414 0.4332765747 4.3810516799 2.4800972115
0.8500770592 0.0489751897 0.4776016333 0.0000000000 1.2118592132 0.4863117671 0.7898570985 0.3721941929 1.0433583013 0.3096040504 0.5238018365 0.7729817984 0.7558651600 1.8610123623 0.3417427820
0.4756628884 0.4969266465 0.5332161221 1.2118592132 0.0000000000 0.5623598880 0.1140660859 0.3297731076 0.1863725108 0.4441174132 0.0704296507 0.3277878445 1.5363584785 0.6746907002 2.6671907292
2.6129760606 0.7254713308 1.6016729215 0.4863117671 0.5623598880 0.0000000000 0.0860906272 0.6240064499 3.8164110557 3.9486742562 0.6223246227 0.6001359248 0.2485862120 0.5461196381 0.0779372246
0.5660547314 1.3470447273 0.1986770727 0.7898570985 0.1140660859 0.0860906272 0.0000000000 0.8281377500 0.2584109647 0.0410535187 0.5456875096 1.7046939531 0.3368159168 0.4393999400 0.5100847951
0.9785860417 0.2514731330 0.4420902883 0.3721941929 0.3297731076 0.6240064499 0.8281377500 0.0000000000 0.5828666437 0.8475831590 0.4348853350 1.9285478497 0.6623743719 0.1206697421 1.1210800387
0.9095129928 2.1248875247 0.3195842207 1.0433583013 0.1863725108 3.8164110557 0.2584109647 0.5828666437 0.0000000000 1.5781112169 0.1501148791 0.7017310068 0.4146800661 5.1380238205 1.3056903713
0.5692783293 0.7776265215 1.1550728467 0.3096040504 0.4441174132 3.9486742562 0.0410535187 0.8475831590 1.5781112169 0.0000000000 0.0638221510 1.9636727617 0.7164162662 0.2817515306 1.3150072763
0.5276297017 0.7795343171 0.2539764100 0.5238018365 0.0704296507 0.6223246227 0.5456875096 0.4348853350 0.1501148791 0.0638221510 0.0000000000 2.4301383170 0.2304436190 0.3262025530 2.0041164147
1.8748072025 1.0791148696 0.5162712414 0.7729817984 0.3277878445 0.6001359248 1.7046939531 1.9285478497 0.7017310068 1.9636727617 2.4301383170 0.0000000000 0.8679152656 1.5103796246 0.1463186775
0.9940130953 0.5026023197 0.4332765747 0.7558651600 1.5363584785 0.2485862120 0.3368159168 0.6623743719 0.4146800661 0.7164162662 0.2304436190 0.8679152656 0.0000000000 0.1815978196 0.7585207276
0.5049001314 0.2468938616 4.3810516799 1.8610123623 0.6746907002 0.5461196381 0.4393999400 0.1206697421 5.1380238205 0.2817515306 0.3262025530 1.5103796246 0.1815978196 0.0000000000 3.5784511948
0.8281432601 0.2854125743 2.4800972115 0.3417427820 2.6671907292 0.0779372246 0.5100847951 1.1210800387 1.3056903713 1.3150072763 2.0041164147 0.1463186775 0.7585207276 3.5784511948 0.0000000000
