# MCW Instance
# Type: EXPONENTIAL
# N: 15
# Optimal cost: 2.1478843548650883
# Optimal tour (permutation): [0, 6, 9, 13, 5, 2, 4, 14, 3, 10, 7, 11, 8, 12, 1, 0]
# Optimal walk (full path): [0, 6, 9, 13, 5, 2, 4, 3, 14, 3, 10, 7, 11, 8, 12, 8, 1, 0]
# Walk size: 18
# Is walk (has repeats): true

# Distance Matrix
0.0000000000 0.2454087134 5.7183250545 0.2134692458 2.9031013797 1.1315225880 0.2672038129 1.3641079483 0.0923855702 0.2942715548 2.2396318324 0.2559714486 1.4911543554 2.2543710731 1.4813567055
0.2454087134 0.0000000000 0.4577957882 0.7354452314 1.7069020142 0.3169057255 1.9235408960 0.8289654510 0.1985608528 0.3649945167 0.6451229039 0.7137123860 0.5737503555 2.1224820910 2.8074102774
5.7183250545 0.4577957882 0.0000000000 0.6156052975 0.0724284837 0.1354729350 0.2528718470 2.3808032271 0.4140830137 0.6798586620 1.0044481025 0.7174475447 0.8046863919 1.1754327408 0.4018669534
0.2134692458 0.7354452314 0.6156052975 0.0000000000 0.1143140430 2.9029669391 2.9630347160 2.6029985424 0.2119772530 0.9568141995 0.1017087184 2.3595546402 0.6198427725 0.1649024856 0.0337590010
2.9031013797 1.7069020142 0.0724284837 0.1143140430 0.0000000000 0.0635689934 2.5734095111 0.6675558535 0.1357630172 1.6376736686 0.5969763860 0.3191560139 0.2530579268 0.2664128542 1.2264242510
1.1315225880 0.3169057255 0.1354729350 2.9029669391 0.0635689934 0.0000000000 0.7850626962 5.4947020950 0.0799385017 1.6668921687 1.2879612233 0.7458250866 0.2377634893 0.1211156718 0.1197083910
0.2672038129 1.9235408960 0.2528718470 2.9630347160 2.5734095111 0.7850626962 0.0000000000 0.1811001226 0.2861754917 0.0781671947 1.6211649955 2.6266016506 1.6752147843 0.3113932257 0.9940477213
1.3641079483 0.8289654510 2.3808032271 2.6029985424 0.6675558535 5.4947020950 0.1811001226 0.0000000000 2.0383524023 0.7462335700 0.1907372743 0.1744848462 0.2412805571 0.4841425825 0.8764477208
0.0923855702 0.1985608528 0.4140830137 0.2119772530 0.1357630172 0.0799385017 0.2861754917 2.0383524023 0.0000000000 2.1837804273 0.2483055341 0.1709390341 0.0922703820 1.7013860031 0.1604196031
0.2942715548 0.3649945167 0.6798586620 0.9568141995 1.6376736686 1.6668921687 0.0781671947 0.7462335700 2.1837804273 0.0000000000 1.1887477725 0.4555968867 0.4113688234 0.0252840086 0.7397256571
2.2396318324 0.6451229039 1.0044481025 0.1017087184 0.5969763860 1.2879612233 1.6211649955 0.1907372743 0.2483055341 1.1887477725 0.0000000000 1.2617199963 1.6768794426 0.3163540973 2.4551429377
0.2559714486 0.7137123860 0.7174475447 2.3595546402 0.3191560139 0.7458250866 2.6266016506 0.1744848462 0.1709390341 0.4555968867 1.2617199963 0.0000000000 0.8138844549 1.1260611579 1.2100210975
1.4911543554 0.5737503555 0.8046863919 0.6198427725 0.2530579268 0.2377634893 1.6752147843 0.2412805571 0.0922703820 0.4113688234 1.6768794426 0.8138844549 0.0000000000 1.2696154842 0.5177941700
2.2543710731 2.1224820910 1.1754327408 0.1649024856 0.2664128542 0.1211156718 0.3113932257 0.4841425825 1.7013860031 0.0252840086 0.3163540973 1.1260611579 1.2696154842 0.0000000000 1.8271624593
1.4813567055 2.8074102774 0.4018669534 0.0337590010 1.2264242510 0.1197083910 0.9940477213 0.8764477208 0.1604196031 0.7397256571 2.4551429377 1.2100210975 0.5177941700 1.8271624593 0.0000000000
