# MCW Instance
# Type: EXPONENTIAL
# N: 15
# Optimal cost: 1.1784263008709828
# Optimal tour (permutation): [0, 10, 14, 2, 11, 4, 5, 8, 6, 7, 3, 1, 13, 12, 9, 0]
# Optimal walk (full path): [0, 10, 0, 14, 2, 5, 11, 4, 11, 5, 8, 6, 7, 3, 1, 13, 12, 9, 0]
# Walk size: 19
# Is walk (has repeats): true

# Distance Matrix
0.0000000000 2.7893137718 2.0829732880 0.5345326634 1.7848537833 0.1351272558 0.1527014075 1.9495285040 0.9810670104 0.0090236702 0.0239075392 1.8585763581 2.1036951695 0.3038973009 0.1242600950
2.7893137718 0.0000000000 1.7744825116 0.0767946389 0.2411175940 1.0578848950 0.2653188823 0.3866019033 1.0436175131 0.4241244423 0.7282717688 1.0362410528 2.6078474786 0.1231192930 3.1968871959
2.0829732880 1.7744825116 0.0000000000 1.9280530218 0.9187925701 0.1252751043 0.6353977730 1.2367551505 1.7223531772 0.1595592752 0.8336988125 3.0159300979 0.3980496689 1.1638404116 0.0222726134
0.5345326634 0.0767946389 1.9280530218 0.0000000000 0.7638141431 0.7883017580 0.8171722901 0.0302690290 0.3381746561 0.3528321625 0.4857598018 1.0996368983 0.0875230054 4.3587153408 2.0452676230
1.7848537833 0.2411175940 0.9187925701 0.7638141431 0.0000000000 0.4220208382 0.7914053343 1.0167190731 0.1819281358 0.6159495382 0.2622091137 0.0716291058 0.6211888126 2.1316910793 0.2557177200
0.1351272558 1.0578848950 0.1252751043 0.7883017580 0.4220208382 0.0000000000 0.9506637708 0.3667359106 0.0283447173 0.1290957426 0.2425915292 0.0382991149 0.3084431558 0.3750491461 0.5764651918
0.1527014075 0.2653188823 0.6353977730 0.8171722901 0.7914053343 0.9506637708 0.0000000000 0.1793405765 0.0468097773 1.2300450254 2.3937022894 0.6607116183 1.2879898012 4.1704823071 4.3287681891
1.9495285040 0.3866019033 1.2367551505 0.0302690290 1.0167190731 0.3667359106 0.1793405765 0.0000000000 0.2380732713 0.3133738443 1.1979419168 5.2193634883 0.5826400373 0.1537516860 1.1579964588
0.9810670104 1.0436175131 1.7223531772 0.3381746561 0.1819281358 0.0283447173 0.0468097773 0.2380732713 0.0000000000 0.1905764957 1.5322691944 0.6469044150 0.5549607117 1.0337115695 0.1594570167
0.0090236702 0.4241244423 0.1595592752 0.3528321625 0.6159495382 0.1290957426 1.2300450254 0.3133738443 0.1905764957 0.0000000000 0.3438179451 0.2591044547 0.0383410285 0.2466331651 2.4680749174
0.0239075392 0.7282717688 0.8336988125 0.4857598018 0.2622091137 0.2425915292 2.3937022894 1.1979419168 1.5322691944 0.3438179451 0.0000000000 0.5039529830 0.1462651987 0.4514591636 3.0303444845
1.8585763581 1.0362410528 3.0159300979 1.0996368983 0.0716291058 0.0382991149 0.6607116183 5.2193634883 0.6469044150 0.2591044547 0.5039529830 0.0000000000 1.5338985492 1.7292989075 0.4224786052
2.1036951695 2.6078474786 0.3980496689 0.0875230054 0.6211888126 0.3084431558 1.2879898012 0.5826400373 0.5549607117 0.0383410285 0.1462651987 1.5338985492 0.0000000000 0.1069042378 0.7128674857
0.3038973009 0.1231192930 1.1638404116 4.3587153408 2.1316910793 0.3750491461 4.1704823071 0.1537516860 1.0337115695 0.2466331651 0.4514591636 1.7292989075 0.1069042378 0.0000000000 2.0006016247
0.1242600950 3.1968871959 0.0222726134 2.0452676230 0.2557177200 0.5764651918 4.3287681891 1.1579964588 0.1594570167 2.4680749174 3.0303444845 0.4224786052 0.7128674857 2.0006016247 0.0000000000
