# MCW Instance
# Type: EXPONENTIAL
# N: 15
# Optimal cost: 1.2676685815301882
# Optimal tour (permutation): [0, 5, 7, 14, 11, 13, 4, 12, 10, 9, 6, 2, 1, 8, 3, 0]
# Optimal walk (full path): [0, 5, 7, 14, 11, 13, 4, 12, 10, 12, 9, 6, 9, 2, 1, 2, 8, 3, 5, 0]
# Walk size: 20
# Is walk (has repeats): true

# Distance Matrix
0.0000000000 0.1179175181 0.6634695044 0.3886614820 0.8613832794 0.0157442490 0.9125482573 0.3460831359 1.3172550855 1.7631545252 0.6007101797 1.5883239934 0.6446480858 0.0604420932 0.3984371808
0.1179175181 0.0000000000 0.0168565159 1.2153417611 0.4534557776 0.3087430223 1.8524197283 3.2149310113 0.7289373177 0.7163782562 1.4065697311 0.7188857776 0.5433812473 0.8094761176 1.0446390894
0.6634695044 0.0168565159 0.0000000000 0.9862875349 0.2855057821 1.8595614342 0.3625915219 0.3756817893 0.1722582767 0.0242872450 1.7672107653 0.5499184924 0.0720334592 0.2733476430 0.3253117966
0.3886614820 1.2153417611 0.9862875349 0.0000000000 0.0870923612 0.0129334861 1.7037191621 1.8748676940 0.1116240377 0.1778939604 0.5666448519 0.6602739018 0.2104226840 0.1928957206 1.0767691216
0.8613832794 0.4534557776 0.2855057821 0.0870923612 0.0000000000 0.6598010531 0.6086403727 1.1685012437 1.2476699335 1.1101589079 0.0792196488 2.2005764808 0.0113604554 0.0572247823 0.8129770087
0.0157442490 0.3087430223 1.8595614342 0.0129334861 0.6598010531 0.0000000000 1.8225838334 0.1575648002 0.5715083676 0.7398518350 2.1195779515 1.4819796313 0.3163992947 1.2148618612 1.5681600987
0.9125482573 1.8524197283 0.3625915219 1.7037191621 0.6086403727 1.8225838334 0.0000000000 2.6141504960 0.3799763052 0.1805447991 0.7465754948 0.2976125465 2.1578209897 1.4574864440 0.3752695992
0.3460831359 3.2149310113 0.3756817893 1.8748676940 1.1685012437 0.1575648002 2.6141504960 0.0000000000 1.3396904955 0.4557479308 0.2417535886 0.9594182170 0.6184624153 0.8399129603 0.0745803328
1.3172550855 0.7289373177 0.1722582767 0.1116240377 1.2476699335 0.5715083676 0.3799763052 1.3396904955 0.0000000000 2.9374696104 0.2753157906 1.3366798493 0.8506525369 1.5843883112 2.0666375105
1.7631545252 0.7163782562 0.0242872450 0.1778939604 1.1101589079 0.7398518350 0.1805447991 0.4557479308 2.9374696104 0.0000000000 1.0737592093 0.1097582712 0.0443245320 0.0825789570 0.0644908895
0.6007101797 1.4065697311 1.7672107653 0.5666448519 0.0792196488 2.1195779515 0.7465754948 0.2417535886 0.2753157906 1.0737592093 0.0000000000 1.5102476261 0.0306776070 0.4047702687 1.1388477822
1.5883239934 0.7188857776 0.5499184924 0.6602739018 2.2005764808 1.4819796313 0.2976125465 0.9594182170 1.3366798493 0.1097582712 1.5102476261 0.0000000000 0.9739261137 0.0839590962 0.0299051951
0.6446480858 0.5433812473 0.0720334592 0.2104226840 0.0113604554 0.3163992947 2.1578209897 0.6184624153 0.8506525369 0.0443245320 0.0306776070 0.9739261137 0.0000000000 1.1018118168 0.6651737909
0.0604420932 0.8094761176 0.2733476430 0.1928957206 0.0572247823 1.2148618612 1.4574864440 0.8399129603 1.5843883112 0.0825789570 0.4047702687 0.0839590962 1.1018118168 0.0000000000 1.2911597648
0.3984371808 1.0446390894 0.3253117966 1.0767691216 0.8129770087 1.5681600987 0.3752695992 0.0745803328 2.0666375105 0.0644908895 1.1388477822 0.0299051951 0.6651737909 1.2911597648 0.0000000000
