# MCW Instance
# Type: EXPONENTIAL
# N: 15
# Optimal cost: 1.5296610286671397
# Optimal tour (permutation): [0, 10, 1, 12, 14, 11, 4, 7, 8, 13, 5, 9, 6, 3, 2, 0]
# Optimal walk (full path): [0, 1, 10, 1, 12, 14, 11, 4, 11, 7, 8, 13, 5, 9, 6, 3, 2, 0]
# Walk size: 18
# Is walk (has repeats): true

# Distance Matrix
0.0000000000 0.1384707996 0.1551976041 0.9762534918 0.2014731135 1.3068747276 0.9216500363 0.2132800131 0.1083950156 0.9386808580 0.5204220576 0.2464076905 6.1160742870 0.8914604771 1.4147673376
0.1384707996 0.0000000000 2.6509183326 1.1424812437 0.3144554532 2.4800598771 1.1008914178 0.2485668726 0.7155727755 0.5451336907 0.0145511100 0.8621292427 0.0105958102 0.6589054210 2.6674091144
0.1551976041 2.6509183326 0.0000000000 0.0573415125 1.2575558646 1.6464439461 1.5570065721 3.5308979626 1.5193803221 0.5906004595 0.9968529088 0.7521279955 3.2649969720 0.3027977235 0.1945842397
0.9762534918 1.1424812437 0.0573415125 0.0000000000 0.5732188467 1.7319145278 0.0183321298 0.1554252690 0.4966696800 2.4986516870 0.1303790897 0.2076774645 0.2564469862 0.1338957500 0.7843696227
0.2014731135 0.3144554532 1.2575558646 0.5732188467 0.0000000000 0.4421039451 0.1551641153 1.1316826811 0.7437822852 0.3585057576 0.2039717746 0.0081175124 0.2944067483 0.8559924485 1.5421888711
1.3068747276 2.4800598771 1.6464439461 1.7319145278 0.4421039451 0.0000000000 0.6009394939 1.6857265492 0.3910100873 0.0603922751 4.9802713597 0.4122883139 0.3395285753 0.2096083537 1.2745261619
0.9216500363 1.1008914178 1.5570065721 0.0183321298 0.1551641153 0.6009394939 0.0000000000 0.7513355738 0.8281281931 0.2334597231 0.4648238004 0.4623173178 1.5210579586 0.2305482316 0.4804871718
0.2132800131 0.2485668726 3.5308979626 0.1554252690 1.1316826811 1.6857265492 0.7513355738 0.0000000000 0.1302904942 0.5581926933 3.3923382898 0.1394670253 0.6063232313 1.6504607947 2.3802045777
0.1083950156 0.7155727755 1.5193803221 0.4966696800 0.7437822852 0.3910100873 0.8281281931 0.1302904942 0.0000000000 1.1404317374 2.2884522011 1.5506595747 0.1698334343 0.1537805508 0.9388176073
0.9386808580 0.5451336907 0.5906004595 2.4986516870 0.3585057576 0.0603922751 0.2334597231 0.5581926933 1.1404317374 0.0000000000 1.5627283195 0.8424924726 3.1245346128 1.6884340119 1.2164926150
0.5204220576 0.0145511100 0.9968529088 0.1303790897 0.2039717746 4.9802713597 0.4648238004 3.3923382898 2.2884522011 1.5627283195 0.0000000000 0.7285003271 1.5688550775 0.2621844309 0.3346742606
0.2464076905 0.8621292427 0.7521279955 0.2076774645 0.0081175124 0.4122883139 0.4623173178 0.1394670253 1.5506595747 0.8424924726 0.7285003271 0.0000000000 0.3410211235 0.6725941119 0.1300026578
6.1160742870 0.0105958102 3.2649969720 0.2564469862 0.2944067483 0.3395285753 1.5210579586 0.6063232313 0.1698334343 3.1245346128 1.5688550775 0.3410211235 0.0000000000 0.4535272246 0.0473848476
0.8914604771 0.6589054210 0.3027977235 0.1338957500 0.8559924485 0.2096083537 0.2305482316 1.6504607947 0.1537805508 1.6884340119 0.2621844309 0.6725941119 0.4535272246 0.0000000000 0.5587696209
1.4147673376 2.6674091144 0.1945842397 0.7843696227 1.5421888711 1.2745261619 0.4804871718 2.3802045777 0.9388176073 1.2164926150 0.3346742606 0.1300026578 0.0473848476 0.5587696209 0.0000000000
