# MCW Instance
# Type: EXPONENTIAL
# N: 15
# Optimal cost: 2.901895900557717
# Optimal tour (permutation): [0, 10, 7, 13, 1, 3, 9, 12, 5, 14, 2, 11, 8, 4, 6, 0]
# Optimal walk (full path): [0, 10, 7, 13, 1, 3, 9, 12, 5, 14, 2, 14, 11, 8, 4, 8, 6, 0]
# Walk size: 18
# Is walk (has repeats): true

# Distance Matrix
0.0000000000 1.4737947399 0.8906583900 2.8330355154 0.1670274233 0.4422438972 0.0882899267 0.6821157018 2.1337551780 1.5892507105 0.0777626981 3.3198353101 2.3987196899 0.2236646186 0.1839669983
1.4737947399 0.0000000000 1.9877346291 0.3522440021 0.6448885933 0.7277761344 0.5690752411 0.3335051146 0.1868680531 0.4058396905 0.9130281819 2.4525239021 1.5736531806 0.2194795847 0.5114708456
0.8906583900 1.9877346291 0.0000000000 1.0171954336 4.1450154862 0.2976100407 0.6436256931 1.7257956435 0.2017703253 0.4512524661 0.3719741464 1.1047031543 2.0046826608 0.9328549172 0.0657462412
2.8330355154 0.3522440021 1.0171954336 0.0000000000 1.1151491618 0.2748992291 1.4743053335 0.6187341089 0.4086230597 0.3635601239 1.1748600512 2.4273079248 0.8430404085 0.7117205866 0.8913227232
0.1670274233 0.6448885933 4.1450154862 1.1151491618 0.0000000000 0.3047803788 2.0801567054 2.1663518720 0.0477736428 1.5723195843 0.1499524782 0.4823625516 0.4546314605 2.4474988955 1.0242263662
0.4422438972 0.7277761344 0.2976100407 0.2748992291 0.3047803788 0.0000000000 0.4018315398 1.4406456411 1.4484256042 1.0317249363 0.5171989186 3.9769895383 0.4087293185 1.5133632115 0.2110794911
0.0882899267 0.5690752411 0.6436256931 1.4743053335 2.0801567054 0.4018315398 0.0000000000 0.9880679579 0.0093260521 0.3312590191 0.6905798538 1.6688776420 0.6240873621 6.5218755175 1.6972166183
0.6821157018 0.3335051146 1.7257956435 0.6187341089 2.1663518720 1.4406456411 0.9880679579 0.0000000000 0.5029665994 1.0755831695 0.0510141368 2.6427304311 0.6992628823 0.2794168123 2.5654947042
2.1337551780 0.1868680531 0.2017703253 0.4086230597 0.0477736428 1.4484256042 0.0093260521 0.5029665994 0.0000000000 0.8034188677 1.4142380554 0.1134835110 1.5445310486 5.8731611930 0.0851562808
1.5892507105 0.4058396905 0.4512524661 0.3635601239 1.5723195843 1.0317249363 0.3312590191 1.0755831695 0.8034188677 0.0000000000 2.5691734317 1.6391432354 0.3233075340 1.7097839553 0.7076769023
0.0777626981 0.9130281819 0.3719741464 1.1748600512 0.1499524782 0.5171989186 0.6905798538 0.0510141368 1.4142380554 2.5691734317 0.0000000000 0.3464952195 1.5785029596 0.3889960913 0.7009516364
3.3198353101 2.4525239021 1.1047031543 2.4273079248 0.4823625516 3.9769895383 1.6688776420 2.6427304311 0.1134835110 1.6391432354 0.3464952195 0.0000000000 0.8747793216 1.3156520017 0.1771629414
2.3987196899 1.5736531806 2.0046826608 0.8430404085 0.4546314605 0.4087293185 0.6240873621 0.6992628823 1.5445310486 0.3233075340 1.5785029596 0.8747793216 0.0000000000 0.5759314200 1.0284117425
0.2236646186 0.2194795847 0.9328549172 0.7117205866 2.4474988955 1.5133632115 6.5218755175 0.2794168123 5.8731611930 1.7097839553 0.3889960913 1.3156520017 0.5759314200 0.0000000000 0.7234561141
0.1839669983 0.5114708456 0.0657462412 0.8913227232 1.0242263662 0.2110794911 1.6972166183 2.5654947042 0.0851562808 0.7076769023 0.7009516364 0.1771629414 1.0284117425 0.7234561141 0.0000000000
