# MCW Instance
# Type: EXPONENTIAL
# N: 15
# Optimal cost: 2.3001583306425823
# Optimal tour (permutation): [0, 13, 12, 1, 5, 14, 8, 10, 7, 4, 6, 2, 11, 9, 3, 0]
# Optimal walk (full path): [0, 13, 12, 1, 14, 5, 14, 8, 10, 7, 10, 4, 10, 8, 2, 6, 2, 11, 3, 9, 3, 0]
# Walk size: 22
# Is walk (has repeats): true

# Distance Matrix
0.0000000000 1.0102079986 0.2672152696 0.0853800214 2.0913314538 0.9144161469 1.9308308667 1.4511979791 0.0982957110 0.1964847351 0.5044576971 0.7243084044 0.3381776913 0.0722418141 4.3389853381
1.0102079986 0.0000000000 1.4222390728 3.6374474166 0.9475769652 0.6656371217 0.6637693873 1.3489668371 1.7197507484 0.6224222877 0.8356608042 0.6128815254 0.2030628533 0.3420499135 0.3151080253
0.2672152696 1.4222390728 0.0000000000 0.1600602630 1.2988880625 0.8372547631 0.1567405163 1.6531946349 0.0342710506 0.5475818735 0.5408322157 0.2203216577 2.0718215189 0.6969869994 0.3252373785
0.0853800214 3.6374474166 0.1600602630 0.0000000000 1.4624633515 1.9740185116 2.1130828790 2.7603239520 1.2302133472 0.0706345120 0.5596413428 0.1676116794 0.3571470431 2.0151699577 1.1609944885
2.0913314538 0.9475769652 1.2988880625 1.4624633515 0.0000000000 5.1146464753 1.0190812763 0.4046915299 0.9828937978 2.8164779387 0.0519213743 0.5967814364 0.3039686376 0.1552952678 0.6239044080
0.9144161469 0.6656371217 0.8372547631 1.9740185116 5.1146464753 0.0000000000 4.2724644982 0.7535446666 0.6719679605 0.4400535750 0.4758407765 0.4771813575 0.4759323215 1.7751231158 0.1627243470
1.9308308667 0.6637693873 0.1567405163 2.1130828790 1.0190812763 4.2724644982 0.0000000000 1.0608821023 0.9557004477 1.9784046096 0.5356647165 1.9869109779 0.7660788556 1.2422929377 1.5564742488
1.4511979791 1.3489668371 1.6531946349 2.7603239520 0.4046915299 0.7535446666 1.0608821023 0.0000000000 1.0523651465 0.8671153306 0.0672546615 0.9175117348 0.4866712845 1.8375090554 0.6610778690
0.0982957110 1.7197507484 0.0342710506 1.2302133472 0.9828937978 0.6719679605 0.9557004477 1.0523651465 0.0000000000 0.9730796472 0.0069062997 1.2229492417 0.4338664467 1.1917863163 0.0041478402
0.1964847351 0.6224222877 0.5475818735 0.0706345120 2.8164779387 0.4400535750 1.9784046096 0.8671153306 0.9730796472 0.0000000000 1.0122263695 0.9885577659 0.7149273325 0.1456500148 0.3283685903
0.5044576971 0.8356608042 0.5408322157 0.5596413428 0.0519213743 0.4758407765 0.5356647165 0.0672546615 0.0069062997 1.0122263695 0.0000000000 0.4200564304 0.6568678037 0.3727055866 0.8226202799
0.7243084044 0.6128815254 0.2203216577 0.1676116794 0.5967814364 0.4771813575 1.9869109779 0.9175117348 1.2229492417 0.9885577659 0.4200564304 0.0000000000 4.2819190443 0.1839943153 2.0257181101
0.3381776913 0.2030628533 2.0718215189 0.3571470431 0.3039686376 0.4759323215 0.7660788556 0.4866712845 0.4338664467 0.7149273325 0.6568678037 4.2819190443 0.0000000000 0.1656499670 0.9520944196
0.0722418141 0.3420499135 0.6969869994 2.0151699577 0.1552952678 1.7751231158 1.2422929377 1.8375090554 1.1917863163 0.1456500148 0.3727055866 0.1839943153 0.1656499670 0.0000000000 2.2503380647
4.3389853381 0.3151080253 0.3252373785 1.1609944885 0.6239044080 0.1627243470 1.5564742488 0.6610778690 0.0041478402 0.3283685903 0.8226202799 2.0257181101 0.9520944196 2.2503380647 0.0000000000
