# MCW Instance
# Type: EXPONENTIAL
# N: 15
# Optimal cost: 1.8885673596063008
# Optimal tour (permutation): [0, 10, 9, 1, 6, 11, 4, 5, 3, 7, 12, 2, 8, 14, 13, 0]
# Optimal walk (full path): [0, 10, 9, 1, 6, 11, 4, 5, 3, 5, 7, 12, 2, 8, 13, 14, 13, 0]
# Walk size: 18
# Is walk (has repeats): true

# Distance Matrix
0.0000000000 1.2977700491 0.7364142029 0.5058580138 0.8599706649 1.7734021570 0.4320384646 1.9698332393 3.5502061410 0.3096935199 0.0738003497 2.1428650020 1.5838470971 0.1870619259 1.1159008742
1.2977700491 0.0000000000 2.3050931863 0.4172011932 2.2820193099 0.3312866931 0.0773288408 0.2461058388 0.2736921988 0.1247666499 0.0818564738 0.7270865512 0.6054281974 0.2257190906 0.2656318756
0.7364142029 2.3050931863 0.0000000000 1.7024096685 1.4204171984 0.4327700535 3.8803703011 0.4288171460 0.0596680654 0.3511040622 1.8245445167 0.9297277941 0.1403689923 1.2735557410 2.9797110258
0.5058580138 0.4172011932 1.7024096685 0.0000000000 1.5998343319 0.1905299962 0.5279882891 3.9618103975 0.8023915463 0.9273000755 1.1526383422 1.3550592406 0.4949192644 0.3485322523 1.4059809525
0.8599706649 2.2820193099 1.4204171984 1.5998343319 0.0000000000 0.0653489755 1.1169049073 2.6532257559 1.2382276128 0.9568846602 1.6555214198 0.0541202041 0.4268114213 0.1756368821 1.5423297242
1.7734021570 0.3312866931 0.4327700535 0.1905299962 0.0653489755 0.0000000000 0.5611924819 0.2070112941 0.4371761378 0.2944810906 1.5455381862 0.9301759522 1.0121624670 1.1861633242 1.0096318870
0.4320384646 0.0773288408 3.8803703011 0.5279882891 1.1169049073 0.5611924819 0.0000000000 0.2017634783 2.7288740656 0.6044472016 1.8942458567 0.0336013566 1.9340522177 1.5967029796 2.3392882714
1.9698332393 0.2461058388 0.4288171460 3.9618103975 2.6532257559 0.2070112941 0.2017634783 0.0000000000 0.1131835855 1.7109894183 0.5702707156 0.2171676309 0.2102389547 0.1099805310 0.4869439495
3.5502061410 0.2736921988 0.0596680654 0.8023915463 1.2382276128 0.4371761378 2.7288740656 0.1131835855 0.0000000000 1.0988792881 0.9110117489 0.0893565357 0.6311430972 0.0286878487 0.4866427027
0.3096935199 0.1247666499 0.3511040622 0.9273000755 0.9568846602 0.2944810906 0.6044472016 1.7109894183 1.0988792881 0.0000000000 0.0565712434 0.1317509283 0.2735265442 0.2200473265 2.0722194946
0.0738003497 0.0818564738 1.8245445167 1.1526383422 1.6555214198 1.5455381862 1.8942458567 0.5702707156 0.9110117489 0.0565712434 0.0000000000 1.5203713873 0.7995310125 1.5703954541 0.4729065253
2.1428650020 0.7270865512 0.9297277941 1.3550592406 0.0541202041 0.9301759522 0.0336013566 0.2171676309 0.0893565357 0.1317509283 1.5203713873 0.0000000000 0.6400578548 0.3977697225 1.0059814901
1.5838470971 0.6054281974 0.1403689923 0.4949192644 0.4268114213 1.0121624670 1.9340522177 0.2102389547 0.6311430972 0.2735265442 0.7995310125 0.6400578548 0.0000000000 2.0802176799 2.8023229444
0.1870619259 0.2257190906 1.2735557410 0.3485322523 0.1756368821 1.1861633242 1.5967029796 0.1099805310 0.0286878487 0.2200473265 1.5703954541 0.3977697225 2.0802176799 0.0000000000 0.0944663331
1.1159008742 0.2656318756 2.9797110258 1.4059809525 1.5423297242 1.0096318870 2.3392882714 0.4869439495 0.4866427027 2.0722194946 0.4729065253 1.0059814901 2.8023229444 0.0944663331 0.0000000000
