# MCW Instance
# Type: EXPONENTIAL
# N: 15
# Optimal cost: 1.2342995661545526
# Optimal tour (permutation): [0, 10, 9, 12, 4, 3, 8, 14, 13, 6, 11, 5, 7, 2, 1, 0]
# Optimal walk (full path): [0, 10, 9, 12, 3, 4, 3, 12, 8, 14, 13, 6, 11, 2, 5, 7, 5, 2, 1, 10, 0]
# Walk size: 21
# Is walk (has repeats): true

# Distance Matrix
0.0000000000 0.1175054180 1.2243321768 1.7920639334 2.5587790925 0.8792291067 3.5034220560 2.2402339417 1.4694506434 1.2880485511 0.0221535073 1.6195059501 1.3612580352 2.7324352860 0.4447362644
0.1175054180 0.0000000000 0.1050302085 0.4588220660 0.2257993010 0.9484314456 0.3735652587 0.5511310832 1.1895993457 0.9697448820 0.0463887516 0.2270204227 0.0760872951 0.2897121469 1.8717339204
1.2243321768 0.1050302085 0.0000000000 2.0109421742 0.3105360453 0.0565664035 0.6816966089 0.2264036646 0.7451164888 1.5310667576 2.5647036675 0.2314270821 1.3890033234 0.3743753571 0.2564772491
1.7920639334 0.4588220660 2.0109421742 0.0000000000 0.0041589629 1.2638060231 0.7222541754 0.3298439896 1.8291051679 0.8861681605 0.2333811503 0.4483071276 0.0218340220 0.2886717321 0.4631098721
2.5587790925 0.2257993010 0.3105360453 0.0041589629 0.0000000000 1.3487083623 3.2545308138 0.5147699289 0.5751278606 1.1674140655 1.1590428278 3.1584385809 1.0624340148 0.6216810993 0.7160061534
0.8792291067 0.9484314456 0.0565664035 1.2638060231 1.3487083623 0.0000000000 0.4128546843 0.1403204020 1.8931109058 2.0183886235 0.5423468289 0.5994585865 0.8677636181 1.0071292900 0.5493129023
3.5034220560 0.3735652587 0.6816966089 0.7222541754 3.2545308138 0.4128546843 0.0000000000 0.5918045983 0.6287470173 1.2908617960 2.0399616386 0.0118500454 0.5367371419 0.0540484718 1.3574921310
2.2402339417 0.5511310832 0.2264036646 0.3298439896 0.5147699289 0.1403204020 0.5918045983 0.0000000000 1.0083947580 0.8621158043 0.6982026311 0.5236942673 1.1297124594 1.4760267741 3.2830899673
1.4694506434 1.1895993457 0.7451164888 1.8291051679 0.5751278606 1.8931109058 0.6287470173 1.0083947580 0.0000000000 0.6337717003 0.3176822672 3.1673444347 0.0064747377 1.0565435971 0.1652296303
1.2880485511 0.9697448820 1.5310667576 0.8861681605 1.1674140655 2.0183886235 1.2908617960 0.8621158043 0.6337717003 0.0000000000 0.0061000220 0.4331655675 0.0148951384 0.9131000432 0.2108216956
0.0221535073 0.0463887516 2.5647036675 0.2333811503 1.1590428278 0.5423468289 2.0399616386 0.6982026311 0.3176822672 0.0061000220 0.0000000000 1.5317368625 0.3320649644 0.2369885092 2.0254717356
1.6195059501 0.2270204227 0.2314270821 0.4483071276 3.1584385809 0.5994585865 0.0118500454 0.5236942673 3.1673444347 0.4331655675 1.5317368625 0.0000000000 1.8985683547 1.9429420759 0.1757924717
1.3612580352 0.0760872951 1.3890033234 0.0218340220 1.0624340148 0.8677636181 0.5367371419 1.1297124594 0.0064747377 0.0148951384 0.3320649644 1.8985683547 0.0000000000 0.8537720083 0.2843894406
2.7324352860 0.2897121469 0.3743753571 0.2886717321 0.6216810993 1.0071292900 0.0540484718 1.4760267741 1.0565435971 0.9131000432 0.2369885092 1.9429420759 0.8537720083 0.0000000000 0.1027888829
0.4447362644 1.8717339204 0.2564772491 0.4631098721 0.7160061534 0.5493129023 1.3574921310 3.2830899673 0.1652296303 0.2108216956 2.0254717356 0.1757924717 0.2843894406 0.1027888829 0.0000000000
