# MCW Instance
# Type: EXPONENTIAL
# N: 15
# Optimal cost: 2.21260635580138
# Optimal tour (permutation): [0, 11, 8, 3, 13, 2, 4, 9, 1, 5, 12, 7, 14, 10, 6, 0]
# Optimal walk (full path): [0, 8, 11, 8, 3, 13, 3, 2, 4, 9, 1, 9, 5, 12, 7, 12, 14, 10, 6, 0]
# Walk size: 20
# Is walk (has repeats): true

# Distance Matrix
0.0000000000 1.2502338548 0.5282038668 2.0901054063 0.2001233221 0.8884151343 0.0395479532 0.6815160957 0.2930990581 1.2920269861 0.6236439741 1.3284654025 0.1780325481 2.0801749638 1.1889560142
1.2502338548 0.0000000000 0.5805891273 1.4225962658 0.1538769446 2.3192707443 0.5004395989 0.9372428713 0.4334503866 0.0113731830 0.4305888534 0.4337779478 0.4340548096 0.3021549534 0.2118013568
0.5282038668 0.5805891273 0.0000000000 0.0900338860 0.0728764045 0.9436004983 1.1708370735 2.9795132484 0.1709728188 0.6533201451 2.6217540581 1.4262229202 0.5343890818 0.3514877803 1.3785190690
2.0901054063 1.4225962658 0.0900338860 0.0000000000 0.2856816018 1.5514271485 3.2797527128 1.4903688219 0.1667788868 0.9726438339 0.5649697238 0.5095048261 0.2351644310 0.0120231893 0.3078763388
0.2001233221 0.1538769446 0.0728764045 0.2856816018 0.0000000000 1.9877040086 1.8768845923 0.8842657386 0.2204212595 0.0065697059 0.2801220207 1.3960334903 0.6358918633 0.7326953061 0.2542566363
0.8884151343 2.3192707443 0.9436004983 1.5514271485 1.9877040086 0.0000000000 0.6204038388 2.4712286301 0.8076222623 0.4649877183 2.1130510412 0.8387593490 0.4803092215 1.0845452639 1.9764988811
0.0395479532 0.5004395989 1.1708370735 3.2797527128 1.8768845923 0.6204038388 0.0000000000 2.0607550868 0.4436827966 1.8432613262 0.0807718360 0.5126608363 1.9420476243 1.4924279089 1.1647307940
0.6815160957 0.9372428713 2.9795132484 1.4903688219 0.8842657386 2.4712286301 2.0607550868 0.0000000000 0.4312580113 3.1423517848 3.8708199546 3.2006503235 0.0079181559 1.0545870556 0.9489174190
0.2930990581 0.4334503866 0.1709728188 0.1667788868 0.2204212595 0.8076222623 0.4436827966 0.4312580113 0.0000000000 2.1089535223 1.5507383214 0.0212761748 0.2970122610 1.7261671470 0.5261277730
1.2920269861 0.0113731830 0.6533201451 0.9726438339 0.0065697059 0.4649877183 1.8432613262 3.1423517848 2.1089535223 0.0000000000 0.4212193474 2.5325250115 0.9063586908 0.3268394148 0.4969498550
0.6236439741 0.4305888534 2.6217540581 0.5649697238 0.2801220207 2.1130510412 0.0807718360 3.8708199546 1.5507383214 0.4212193474 0.0000000000 1.8765284289 1.2779260675 0.1867785469 0.2437234612
1.3284654025 0.4337779478 1.4262229202 0.5095048261 1.3960334903 0.8387593490 0.5126608363 3.2006503235 0.0212761748 2.5325250115 1.8765284289 0.0000000000 1.9366503117 1.0664653876 1.8204200300
0.1780325481 0.4340548096 0.5343890818 0.2351644310 0.6358918633 0.4803092215 1.9420476243 0.0079181559 0.2970122610 0.9063586908 1.2779260675 1.9366503117 0.0000000000 0.8748511757 0.1687268186
2.0801749638 0.3021549534 0.3514877803 0.0120231893 0.7326953061 1.0845452639 1.4924279089 1.0545870556 1.7261671470 0.3268394148 0.1867785469 1.0664653876 0.8748511757 0.0000000000 1.4366134639
1.1889560142 0.2118013568 1.3785190690 0.3078763388 0.2542566363 1.9764988811 1.1647307940 0.9489174190 0.5261277730 0.4969498550 0.2437234612 1.8204200300 0.1687268186 1.4366134639 0.0000000000
