# MCW Instance
# Type: EXPONENTIAL
# N: 15
# Optimal cost: 1.1745591809975156
# Optimal tour (permutation): [0, 8, 4, 3, 6, 14, 1, 9, 10, 11, 5, 13, 12, 7, 2, 0]
# Optimal walk (full path): [0, 8, 3, 4, 3, 6, 14, 1, 9, 10, 11, 5, 11, 13, 12, 2, 7, 2, 0]
# Walk size: 19
# Is walk (has repeats): true

# Distance Matrix
0.0000000000 1.4854492162 0.0666884894 0.4079202090 2.4710430301 0.0355497277 0.1343690626 0.7286966671 0.0410714814 0.3564557637 8.4411306028 1.3437459918 3.9856157570 1.0212240676 0.7658870352
1.4854492162 0.0000000000 0.1079420998 0.2121536416 0.5090026816 1.2029626051 0.5138090474 0.5744787861 0.1488135552 0.0765082729 0.2220495915 1.4798996903 0.0212027860 0.3560786651 0.0705578893
0.0666884894 0.1079420998 0.0000000000 0.1708489345 3.9975243768 0.2501780633 0.2096790442 0.1305703134 2.1829042163 0.3243373010 1.8738985312 1.9095501287 0.0374831983 0.0842488943 0.7760249434
0.4079202090 0.2121536416 0.1708489345 0.0000000000 0.0598658091 1.4656412076 0.0285238538 0.4455316112 0.0800847030 1.0629101276 0.2083464738 5.4449808397 1.1072765124 1.3077464692 1.2391996795
2.4710430301 0.5090026816 3.9975243768 0.0598658091 0.0000000000 0.2877570294 0.1361871394 0.6933912276 0.6278940351 0.2292961793 0.5240614016 4.5189966135 1.1014297242 0.3065530222 0.2164484650
0.0355497277 1.2029626051 0.2501780633 1.4656412076 0.2877570294 0.0000000000 2.6647405103 1.4433485671 0.1357671405 3.4942749355 0.3906407886 0.0041719085 0.4833743748 0.5392993512 3.0639956822
0.1343690626 0.5138090474 0.2096790442 0.0285238538 0.1361871394 2.6647405103 0.0000000000 1.1048520736 1.7203229185 1.3133908093 0.1687632694 0.1330207533 1.3135298478 1.1999154799 0.0561247038
0.7286966671 0.5744787861 0.1305703134 0.4455316112 0.6933912276 1.4433485671 1.1048520736 0.0000000000 0.7762315975 0.6191548614 1.3366648348 1.3872478265 0.3634544418 0.2518445470 0.5667311905
0.0410714814 0.1488135552 2.1829042163 0.0800847030 0.6278940351 0.1357671405 1.7203229185 0.7762315975 0.0000000000 0.5563915486 2.9466274261 1.1387688217 0.6908226701 0.1926002106 0.9458937130
0.3564557637 0.0765082729 0.3243373010 1.0629101276 0.2292961793 3.4942749355 1.3133908093 0.6191548614 0.5563915486 0.0000000000 0.2023810980 0.6878436022 0.4872128238 3.3128158208 0.8601597605
8.4411306028 0.2220495915 1.8738985312 0.2083464738 0.5240614016 0.3906407886 0.1687632694 1.3366648348 2.9466274261 0.2023810980 0.0000000000 0.1066034313 2.6830416911 1.3376179106 0.5232970677
1.3437459918 1.4798996903 1.9095501287 5.4449808397 4.5189966135 0.0041719085 0.1330207533 1.3872478265 1.1387688217 0.6878436022 0.1066034313 0.0000000000 0.1813670506 0.0101196900 5.0987871454
3.9856157570 0.0212027860 0.0374831983 1.1072765124 1.1014297242 0.4833743748 1.3135298478 0.3634544418 0.6908226701 0.4872128238 2.6830416911 0.1813670506 0.0000000000 0.0091963077 0.4767762621
1.0212240676 0.3560786651 0.0842488943 1.3077464692 0.3065530222 0.5392993512 1.1999154799 0.2518445470 0.1926002106 3.3128158208 1.3376179106 0.0101196900 0.0091963077 0.0000000000 0.5493052392
0.7658870352 0.0705578893 0.7760249434 1.2391996795 0.2164484650 3.0639956822 0.0561247038 0.5667311905 0.9458937130 0.8601597605 0.5232970677 5.0987871454 0.4767762621 0.5493052392 0.0000000000
