# MCW Instance
# Type: EXPONENTIAL
# N: 15
# Optimal cost: 1.9619822258831108
# Optimal tour (permutation): [0, 7, 11, 14, 3, 8, 1, 12, 5, 13, 10, 4, 6, 9, 2, 0]
# Optimal walk (full path): [0, 7, 11, 14, 3, 8, 1, 12, 1, 5, 13, 10, 4, 6, 0, 2, 9, 2, 0]
# Walk size: 19
# Is walk (has repeats): true

# Distance Matrix
0.0000000000 1.2963974152 0.0360523224 0.1867649630 0.3006437918 5.0315472472 0.0917151677 0.1759840297 2.1369066640 2.4983278401 0.2047109609 0.5482581322 0.1358041770 0.4059949421 2.8722659911
1.2963974152 0.0000000000 0.1003840461 1.4688734656 0.1068466148 0.0146869575 0.1802240137 4.5444009924 0.2266853685 2.2813658503 0.7795951987 0.6456522186 0.0070737537 0.4820724796 3.7750944112
0.0360523224 0.1003840461 0.0000000000 0.1232473247 2.1810695144 0.9983460556 0.9372153958 1.5365552217 0.5754304701 0.0844271111 1.4445011580 0.3858012441 0.4843754830 0.7452516863 1.5353985926
0.1867649630 1.4688734656 0.1232473247 0.0000000000 1.9035486945 2.3226690171 4.3824425455 4.2230091831 0.3102361802 0.6396127400 0.2603222882 0.8623603472 1.4257836084 0.8794813483 0.0520517834
0.3006437918 0.1068466148 2.1810695144 1.9035486945 0.0000000000 0.3699490648 0.0613931664 0.8536786304 1.8740970000 1.7140265447 0.2073458165 0.9758280717 0.2722412094 0.2669797748 0.3558959643
5.0315472472 0.0146869575 0.9983460556 2.3226690171 0.3699490648 0.0000000000 0.6943303300 4.6548397151 0.3554841693 0.6336993938 2.4268900843 1.7523408502 0.6158380698 0.0572618010 0.5755140067
0.0917151677 0.1802240137 0.9372153958 4.3824425455 0.0613931664 0.6943303300 0.0000000000 0.2411255020 0.9915997368 1.0418947566 2.4617485764 1.0794746744 0.0424873592 0.5812760330 1.4341222739
0.1759840297 4.5444009924 1.5365552217 4.2230091831 0.8536786304 4.6548397151 0.2411255020 0.0000000000 0.8433392611 0.7181461430 0.3668700064 0.2235935295 0.3023329228 0.9636079315 1.3157298001
2.1369066640 0.2266853685 0.5754304701 0.3102361802 1.8740970000 0.3554841693 0.9915997368 0.8433392611 0.0000000000 0.7713748679 0.3549510096 1.6782379310 0.3285088666 1.1231685214 2.4612023063
2.4983278401 2.2813658503 0.0844271111 0.6396127400 1.7140265447 0.6336993938 1.0418947566 0.7181461430 0.7713748679 0.0000000000 0.2798343960 0.2571810634 1.5809845362 2.4171930481 0.1005497575
0.2047109609 0.7795951987 1.4445011580 0.2603222882 0.2073458165 2.4268900843 2.4617485764 0.3668700064 0.3549510096 0.2798343960 0.0000000000 0.7285690837 1.3346293071 0.1229272699 0.9399376409
0.5482581322 0.6456522186 0.3858012441 0.8623603472 0.9758280717 1.7523408502 1.0794746744 0.2235935295 1.6782379310 0.2571810634 0.7285690837 0.0000000000 0.3309883319 2.6063508944 0.1629947812
0.1358041770 0.0070737537 0.4843754830 1.4257836084 0.2722412094 0.6158380698 0.0424873592 0.3023329228 0.3285088666 1.5809845362 1.3346293071 0.3309883319 0.0000000000 0.7727976776 1.2374204161
0.4059949421 0.4820724796 0.7452516863 0.8794813483 0.2669797748 0.0572618010 0.5812760330 0.9636079315 1.1231685214 2.4171930481 0.1229272699 2.6063508944 0.7727976776 0.0000000000 1.7503843566
2.8722659911 3.7750944112 1.5353985926 0.0520517834 0.3558959643 0.5755140067 1.4341222739 1.3157298001 2.4612023063 0.1005497575 0.9399376409 0.1629947812 1.2374204161 1.7503843566 0.0000000000
