# MCW Instance
# Type: EXPONENTIAL
# N: 15
# Optimal cost: 1.659422823112827
# Optimal tour (permutation): [0, 12, 13, 2, 7, 3, 14, 10, 8, 5, 11, 1, 6, 9, 4, 0]
# Optimal walk (full path): [0, 12, 0, 13, 2, 7, 14, 3, 14, 10, 8, 5, 8, 11, 1, 6, 9, 4, 0]
# Walk size: 19
# Is walk (has repeats): true

# Distance Matrix
0.0000000000 1.5225344372 1.2093246003 0.3237734837 0.0598954208 1.0115928326 1.0626409955 0.1046112014 0.8117404274 0.2256061370 0.5557060240 0.5475915071 0.2148470030 0.1572942884 6.4246682890
1.5225344372 0.0000000000 1.2360571239 1.8769489646 0.2357210228 0.2439598765 0.0900668472 3.0549327729 0.5514158934 0.1578190119 2.3152867813 0.0179187819 2.0740678294 1.4642753037 0.5639498619
1.2093246003 1.2360571239 0.0000000000 0.7758165527 0.2274928810 0.3139309121 0.2661303060 0.0325210641 0.5288024778 0.0595210430 0.9733410416 2.1470566276 0.2850531370 0.1097790645 0.5739567782
0.3237734837 1.8769489646 0.7758165527 0.0000000000 1.9415837012 0.6554367414 0.1346515108 1.6031448698 0.1473151057 0.8034432815 1.0833083910 1.6757407687 3.3580539407 1.3431572495 0.0844315268
0.0598954208 0.2357210228 0.2274928810 1.9415837012 0.0000000000 0.2799599766 0.0669231010 1.2489973473 0.1668365037 0.0465112143 0.3066548549 0.7706656448 2.0174612783 0.2640024314 2.8673964704
1.0115928326 0.2439598765 0.3139309121 0.6554367414 0.2799599766 0.0000000000 0.7117045508 1.6901939981 0.0125870580 0.2132949880 2.9720821362 0.9857167338 0.3134181700 1.9741158977 3.5125989569
1.0626409955 0.0900668472 0.2661303060 0.1346515108 0.0669231010 0.7117045508 0.0000000000 0.8488764768 0.6026714585 0.0006400953 0.7331507817 1.2737722033 1.2337191867 0.7846272399 0.6466394914
0.1046112014 3.0549327729 0.0325210641 1.6031448698 1.2489973473 1.6901939981 0.8488764768 0.0000000000 1.3407910125 0.8713181820 0.6289866856 0.5268656797 1.2584057901 3.1646718024 0.0835548422
0.8117404274 0.5514158934 0.5288024778 0.1473151057 0.1668365037 0.0125870580 0.6026714585 1.3407910125 0.0000000000 1.1027575813 0.2160960703 0.0064940917 0.7842880144 1.7826247044 2.5620786237
0.2256061370 0.1578190119 0.0595210430 0.8034432815 0.0465112143 0.2132949880 0.0006400953 0.8713181820 1.1027575813 0.0000000000 1.3755719686 0.2039758074 0.2304007878 1.2982491950 0.7671738301
0.5557060240 2.3152867813 0.9733410416 1.0833083910 0.3066548549 2.9720821362 0.7331507817 0.6289866856 0.2160960703 1.3755719686 0.0000000000 1.2047336798 3.0270033359 0.3256193746 0.2149198666
0.5475915071 0.0179187819 2.1470566276 1.6757407687 0.7706656448 0.9857167338 1.2737722033 0.5268656797 0.0064940917 0.2039758074 1.2047336798 0.0000000000 2.0253419123 1.0790387753 0.6536913317
0.2148470030 2.0740678294 0.2850531370 3.3580539407 2.0174612783 0.3134181700 1.2337191867 1.2584057901 0.7842880144 0.2304007878 3.0270033359 2.0253419123 0.0000000000 1.3168065688 3.1963107573
0.1572942884 1.4642753037 0.1097790645 1.3431572495 0.2640024314 1.9741158977 0.7846272399 3.1646718024 1.7826247044 1.2982491950 0.3256193746 1.0790387753 1.3168065688 0.0000000000 1.0605798854
6.4246682890 0.5639498619 0.5739567782 0.0844315268 2.8673964704 3.5125989569 0.6466394914 0.0835548422 2.5620786237 0.7671738301 0.2149198666 0.6536913317 3.1963107573 1.0605798854 0.0000000000
