# MCW Instance
# Type: EXPONENTIAL
# N: 15
# Optimal cost: 1.6038995669725515
# Optimal tour (permutation): [0, 10, 1, 14, 4, 2, 8, 9, 5, 3, 12, 11, 13, 7, 6, 0]
# Optimal walk (full path): [0, 10, 1, 14, 4, 2, 8, 9, 8, 5, 3, 12, 11, 13, 6, 7, 6, 0]
# Walk size: 18
# Is walk (has repeats): true

# Distance Matrix
0.0000000000 1.1460141147 0.7954715706 2.6473259658 0.3662177143 0.1820126912 0.1386962429 0.4017123198 1.2356668507 0.2310540095 0.1349866793 2.4732478133 2.8301116550 1.4338578471 1.9411416824
1.1460141147 0.0000000000 1.0577767100 0.3141786586 0.7289562086 0.2226758288 1.2960129813 0.8833551574 0.1253131445 2.3917189972 0.0214415785 3.1473057408 3.4271260874 0.8634388815 0.1412654478
0.7954715706 1.0577767100 0.0000000000 0.2849779955 0.0196080325 1.1222760623 0.3847750631 1.4592124849 0.0481331215 0.6295323136 0.2251407803 0.2038581830 1.5539002890 0.2182105897 0.9116527429
2.6473259658 0.3141786586 0.2849779955 0.0000000000 2.0004445115 0.0007978557 0.3561801688 2.1490729379 0.1800855922 2.2972359030 0.0862671319 0.5056269840 0.1582537522 1.1565061825 1.4517938036
0.3662177143 0.7289562086 0.0196080325 2.0004445115 0.0000000000 2.9920400612 1.0342416537 1.9229640670 0.6281320007 0.2648718880 0.9445539593 1.4597486040 0.3416350099 3.7100588182 0.2001384811
0.1820126912 0.2226758288 1.1222760623 0.0007978557 2.9920400612 0.0000000000 0.7761804370 0.4729838525 0.0435787232 3.3676867074 0.9470218235 0.6108384174 0.2926452430 1.0696609209 0.7920220330
0.1386962429 1.2960129813 0.3847750631 0.3561801688 1.0342416537 0.7761804370 0.0000000000 0.1790998070 0.9526269294 0.1780333103 0.6052379709 0.1686626606 1.6719004749 0.1264490242 0.1746445290
0.4017123198 0.8833551574 1.4592124849 2.1490729379 1.9229640670 0.4729838525 0.1790998070 0.0000000000 1.8875688690 0.3421653776 1.7002062381 1.2284359044 0.5379228316 2.7951562360 0.3740879463
1.2356668507 0.1253131445 0.0481331215 0.1800855922 0.6281320007 0.0435787232 0.9526269294 1.8875688690 0.0000000000 0.0044195305 0.7524427936 0.6513953654 1.1385936734 0.6979687649 0.2603447692
0.2310540095 2.3917189972 0.6295323136 2.2972359030 0.2648718880 3.3676867074 0.1780333103 0.3421653776 0.0044195305 0.0000000000 2.1085200510 0.2410917816 0.8306106988 0.2509059633 1.4460293992
0.1349866793 0.0214415785 0.2251407803 0.0862671319 0.9445539593 0.9470218235 0.6052379709 1.7002062381 0.7524427936 2.1085200510 0.0000000000 0.9774888466 1.6357188666 1.7207490136 0.9366264998
2.4732478133 3.1473057408 0.2038581830 0.5056269840 1.4597486040 0.6108384174 0.1686626606 1.2284359044 0.6513953654 0.2410917816 0.9774888466 0.0000000000 0.1523052318 0.0512067213 1.4694877578
2.8301116550 3.4271260874 1.5539002890 0.1582537522 0.3416350099 0.2926452430 1.6719004749 0.5379228316 1.1385936734 0.8306106988 1.6357188666 0.1523052318 0.0000000000 1.0220852644 1.7553990630
1.4338578471 0.8634388815 0.2182105897 1.1565061825 3.7100588182 1.0696609209 0.1264490242 2.7951562360 0.6979687649 0.2509059633 1.7207490136 0.0512067213 1.0220852644 0.0000000000 1.2411997618
1.9411416824 0.1412654478 0.9116527429 1.4517938036 0.2001384811 0.7920220330 0.1746445290 0.3740879463 0.2603447692 1.4460293992 0.9366264998 1.4694877578 1.7553990630 1.2411997618 0.0000000000
