# MCW Instance
# Type: EXPONENTIAL
# N: 15
# Optimal cost: 3.4296720871493602
# Optimal tour (permutation): [0, 12, 11, 8, 6, 4, 13, 1, 2, 9, 10, 3, 14, 7, 5, 0]
# Optimal walk (full path): [0, 12, 11, 8, 11, 4, 6, 4, 13, 1, 2, 9, 10, 3, 14, 3, 7, 5, 7, 12, 0]
# Walk size: 21
# Is walk (has repeats): true

# Distance Matrix
0.0000000000 0.5394584010 2.8344343367 0.4969332496 0.2352727562 0.1997830518 1.6619841997 0.6864053608 2.2364767544 1.3730900369 0.8428899963 1.0158688991 0.1246867689 1.9091747567 0.3263349106
0.5394584010 0.0000000000 0.0529836973 0.4544100250 0.5685001470 2.2418928594 1.6900328607 0.1825695258 1.1953140370 1.6571345067 2.9878875740 1.7460423334 0.5065318651 0.7238744820 4.1845959384
2.8344343367 0.0529836973 0.0000000000 0.1863587310 1.6453608276 0.1588300606 1.5366613313 1.6457157232 0.3464639612 0.2705544060 0.9499636072 0.3274105321 0.9881526312 0.7989931552 2.4990127400
0.4969332496 0.4544100250 0.1863587310 0.0000000000 5.1927013551 0.1984895439 0.6672264943 0.0813815237 1.5602386431 2.2559495814 0.1922818769 0.5156216206 0.7185640911 0.8063572862 0.0330222962
0.2352727562 0.5685001470 1.6453608276 5.1927013551 0.0000000000 5.9769660219 0.0599454705 0.1379041478 0.3310071528 1.3137311913 2.2656539596 0.2254836242 0.9730982751 0.5517902772 0.2555098598
0.1997830518 2.2418928594 0.1588300606 0.1984895439 5.9769660219 0.0000000000 0.3384540214 0.0278457127 0.7938533391 0.8116306897 0.9715264815 0.5558003789 0.2090811454 1.1778996257 0.5670106757
1.6619841997 1.6900328607 1.5366613313 0.6672264943 0.0599454705 0.3384540214 0.0000000000 1.8348067371 1.4031115702 1.6410296093 3.1401111799 0.5309087544 2.6042622488 0.7560798369 0.7003633813
0.6864053608 0.1825695258 1.6457157232 0.0813815237 0.1379041478 0.0278457127 1.8348067371 0.0000000000 1.0111273561 1.0619678458 1.4909274054 1.1679086296 0.0249256128 0.8449019505 0.3289778350
2.2364767544 1.1953140370 0.3464639612 1.5602386431 0.3310071528 0.7938533391 1.4031115702 1.0111273561 0.0000000000 0.7720439547 0.4727353408 0.0593093507 1.4114079541 0.7935088859 1.6724296388
1.3730900369 1.6571345067 0.2705544060 2.2559495814 1.3137311913 0.8116306897 1.6410296093 1.0619678458 0.7720439547 0.0000000000 0.4377886574 1.6924306527 3.0338593542 1.2933540930 0.6862436590
0.8428899963 2.9878875740 0.9499636072 0.1922818769 2.2656539596 0.9715264815 3.1401111799 1.4909274054 0.4727353408 0.4377886574 0.0000000000 1.7613914262 0.4554392750 2.0007829976 0.9117006281
1.0158688991 1.7460423334 0.3274105321 0.5156216206 0.2254836242 0.5558003789 0.5309087544 1.1679086296 0.0593093507 1.6924306527 1.7613914262 0.0000000000 0.2589887317 1.2582362391 1.6395313538
0.1246867689 0.5065318651 0.9881526312 0.7185640911 0.9730982751 0.2090811454 2.6042622488 0.0249256128 1.4114079541 3.0338593542 0.4554392750 0.2589887317 0.0000000000 3.4765113940 1.5956899265
1.9091747567 0.7238744820 0.7989931552 0.8063572862 0.5517902772 1.1778996257 0.7560798369 0.8449019505 0.7935088859 1.2933540930 2.0007829976 1.2582362391 3.4765113940 0.0000000000 1.9091931552
0.3263349106 4.1845959384 2.4990127400 0.0330222962 0.2555098598 0.5670106757 0.7003633813 0.3289778350 1.6724296388 0.6862436590 0.9117006281 1.6395313538 1.5956899265 1.9091931552 0.0000000000
