# MCW Instance
# Type: EXPONENTIAL
# N: 15
# Optimal cost: 1.9886176426779483
# Optimal tour (permutation): [0, 6, 9, 5, 8, 1, 4, 10, 12, 2, 11, 14, 13, 7, 3, 0]
# Optimal walk (full path): [0, 6, 9, 5, 9, 1, 8, 1, 4, 10, 12, 2, 11, 14, 13, 7, 3, 0]
# Walk size: 18
# Is walk (has repeats): true

# Distance Matrix
0.0000000000 0.6067492995 0.3809107665 0.1917170922 0.5948903230 1.7849365532 0.3761211715 2.5473971630 1.4663667046 0.6773484217 1.1581953284 0.5490480022 1.1264941366 3.4978574276 1.7614951873
0.6067492995 0.0000000000 0.2165530499 0.5249711822 0.1138305015 1.3292799471 0.8077823119 1.4191176248 0.0424009484 0.0953401735 0.1760803681 0.2353785333 1.7696706772 0.0827867924 1.5982879857
0.3809107665 0.2165530499 0.0000000000 3.7594206696 0.5250502652 1.0144173155 0.2332341587 2.7828783736 0.2095417885 0.0894575773 0.2771031768 0.1159451969 0.0110846011 0.4202531319 0.2183508475
0.1917170922 0.5249711822 3.7594206696 0.0000000000 0.5537192034 0.4515597601 0.2405291449 0.2401332089 0.3479287095 1.3785615906 0.8138805694 1.7972122520 0.9096314457 1.6896269905 0.7074323113
0.5948903230 0.1138305015 0.5250502652 0.5537192034 0.0000000000 0.3657036680 0.7969543480 0.5643394342 0.3453643254 0.0642876027 0.1081296633 0.1625755712 0.9424094585 1.8950777354 0.5104604055
1.7849365532 1.3292799471 1.0144173155 0.4515597601 0.3657036680 0.0000000000 1.0856298352 3.9284216227 0.4471044386 0.1068270007 1.0827249606 2.9341966892 1.8843762169 0.3393451035 0.2621925429
0.3761211715 0.8077823119 0.2332341587 0.2405291449 0.7969543480 1.0856298352 0.0000000000 0.7792585896 0.1536145910 0.0401744393 0.3464406409 2.6875921494 1.1362971590 1.2774014579 2.1156528680
2.5473971630 1.4191176248 2.7828783736 0.2401332089 0.5643394342 3.9284216227 0.7792585896 0.0000000000 1.4768281767 1.0254113658 0.6288340229 4.1109175981 0.4337816231 0.0879398274 0.4232740775
1.4663667046 0.0424009484 0.2095417885 0.3479287095 0.3453643254 0.4471044386 0.1536145910 1.4768281767 0.0000000000 0.7712919082 0.3693669004 3.0421932398 0.2506402722 0.9756940097 0.3389075424
0.6773484217 0.0953401735 0.0894575773 1.3785615906 0.0642876027 0.1068270007 0.0401744393 1.0254113658 0.7712919082 0.0000000000 0.2728180577 0.4753092249 0.4540806855 1.1136474400 0.1477145872
1.1581953284 0.1760803681 0.2771031768 0.8138805694 0.1081296633 1.0827249606 0.3464406409 0.6288340229 0.3693669004 0.2728180577 0.0000000000 0.7852739313 0.0903126816 0.2362395673 2.7152373559
0.5490480022 0.2353785333 0.1159451969 1.7972122520 0.1625755712 2.9341966892 2.6875921494 4.1109175981 3.0421932398 0.4753092249 0.7852739313 0.0000000000 0.1145570642 0.2346947573 0.1426164062
1.1264941366 1.7696706772 0.0110846011 0.9096314457 0.9424094585 1.8843762169 1.1362971590 0.4337816231 0.2506402722 0.4540806855 0.0903126816 0.1145570642 0.0000000000 0.8130350831 2.7441708648
3.4978574276 0.0827867924 0.4202531319 1.6896269905 1.8950777354 0.3393451035 1.2774014579 0.0879398274 0.9756940097 1.1136474400 0.2362395673 0.2346947573 0.8130350831 0.0000000000 0.0768167812
1.7614951873 1.5982879857 0.2183508475 0.7074323113 0.5104604055 0.2621925429 2.1156528680 0.4232740775 0.3389075424 0.1477145872 2.7152373559 0.1426164062 2.7441708648 0.0768167812 0.0000000000
