# MCW Instance
# Type: EXPONENTIAL
# N: 15
# Optimal cost: 1.5475409617715188
# Optimal tour (permutation): [0, 11, 7, 12, 14, 13, 4, 9, 1, 10, 6, 2, 3, 5, 8, 0]
# Optimal walk (full path): [0, 11, 7, 12, 14, 13, 4, 1, 9, 1, 10, 6, 2, 8, 5, 3, 5, 8, 0]
# Walk size: 19
# Is walk (has repeats): true

# Distance Matrix
0.0000000000 0.3928925447 0.2827331914 0.4285320941 0.5284574560 0.9190700076 6.7007574525 0.3698151402 0.0137389724 0.7383231717 0.4858518543 0.0311387954 1.4906626432 1.7126349413 0.6273042736
0.3928925447 0.0000000000 1.1020546385 1.7267377567 0.2269122064 0.0454344858 0.3456647793 0.9675540811 1.0482512065 0.0094514568 0.0327773538 2.3544047219 0.2362925714 0.4651265242 1.9850514359
0.2827331914 1.1020546385 0.0000000000 0.7996329978 1.6402200657 0.5888562057 0.1216855494 2.0390082259 0.1275965027 0.6824922967 0.5658524342 0.4804785803 0.9947245286 0.8817944805 0.4165621222
0.4285320941 1.7267377567 0.7996329978 0.0000000000 0.9051404468 0.0192247316 0.3290371391 1.6746733984 3.0839958605 1.1451434382 0.3571472316 0.2432143393 1.0858342277 1.7831087556 0.3178973638
0.5284574560 0.2269122064 1.6402200657 0.9051404468 0.0000000000 1.6819881259 1.4912626179 1.3421841086 0.2022608951 0.7962707194 0.8587748561 3.4714032321 0.2735933275 0.2033212992 3.9967514704
0.9190700076 0.0454344858 0.5888562057 0.0192247316 1.6819881259 0.0000000000 0.1156175482 0.5244161340 0.0075227955 0.5386150558 0.4189525586 0.0343487551 0.2349808828 0.4984279948 0.5440923085
6.7007574525 0.3456647793 0.1216855494 0.3290371391 1.4912626179 0.1156175482 0.0000000000 0.8591718788 1.2969073158 1.5374138425 0.0289913633 1.1954248517 1.7496030814 1.0207446959 0.3383103655
0.3698151402 0.9675540811 2.0390082259 1.6746733984 1.3421841086 0.5244161340 0.8591718788 0.0000000000 0.9905254944 2.8953361117 0.2093209045 0.1231223035 0.0080931404 0.4089232673 1.0282889498
0.0137389724 1.0482512065 0.1275965027 3.0839958605 0.2022608951 0.0075227955 1.2969073158 0.9905254944 0.0000000000 0.7683422741 0.1451283598 2.1869199002 0.2616422736 0.7317097611 2.3739146036
0.7383231717 0.0094514568 0.6824922967 1.1451434382 0.7962707194 0.5386150558 1.5374138425 2.8953361117 0.7683422741 0.0000000000 0.0784836700 2.5729178888 2.0593579473 0.7630438768 0.4707952408
0.4858518543 0.0327773538 0.5658524342 0.3571472316 0.8587748561 0.4189525586 0.0289913633 0.2093209045 0.1451283598 0.0784836700 0.0000000000 0.2711260374 1.6044201776 0.6912562049 1.0273129165
0.0311387954 2.3544047219 0.4804785803 0.2432143393 3.4714032321 0.0343487551 1.1954248517 0.1231223035 2.1869199002 2.5729178888 0.2711260374 0.0000000000 0.7427763851 0.1853951303 0.1381171574
1.4906626432 0.2362925714 0.9947245286 1.0858342277 0.2735933275 0.2349808828 1.7496030814 0.0080931404 0.2616422736 2.0593579473 1.6044201776 0.7427763851 0.0000000000 2.0580702596 0.2399036342
1.7126349413 0.4651265242 0.8817944805 1.7831087556 0.2033212992 0.4984279948 1.0207446959 0.4089232673 0.7317097611 0.7630438768 0.6912562049 0.1853951303 2.0580702596 0.0000000000 0.3178618733
0.6273042736 1.9850514359 0.4165621222 0.3178973638 3.9967514704 0.5440923085 0.3383103655 1.0282889498 2.3739146036 0.4707952408 1.0273129165 0.1381171574 0.2399036342 0.3178618733 0.0000000000
