# MCW Instance
# Type: EXPONENTIAL
# N: 15
# Optimal cost: 1.5234331452381609
# Optimal tour (permutation): [0, 11, 2, 3, 1, 6, 12, 7, 13, 14, 8, 10, 4, 9, 5, 0]
# Optimal walk (full path): [0, 5, 9, 11, 2, 3, 1, 6, 12, 7, 13, 14, 8, 14, 10, 4, 10, 9, 5, 0]
# Walk size: 20
# Is walk (has repeats): true

# Distance Matrix
0.0000000000 2.6188605643 2.6013846611 0.5142701987 1.6290939097 0.0409623026 0.6388031349 0.8338761397 0.5734061841 3.1660049887 1.4151514090 1.2696037009 3.8242729227 0.3738023772 3.2248803018
2.6188605643 0.0000000000 3.4476613413 0.1058730935 1.9666476577 0.8930669396 0.1511080988 0.5043039390 1.5125921951 0.1983562035 0.1552350928 0.2733223631 0.3664056785 1.8703578178 1.1321243774
2.6013846611 3.4476613413 0.0000000000 0.0147334670 0.4120104524 0.4452041467 1.6916207730 0.2455652545 2.0757871402 1.8334426510 0.3237597639 0.0597521006 1.3711369587 0.2670178172 0.2867136775
0.5142701987 0.1058730935 0.0147334670 0.0000000000 0.4571527397 1.9902874365 0.3231016078 0.6818257661 1.6351856606 0.4754149406 1.3069049057 0.0627077825 0.8962606024 0.7150293535 0.3847996753
1.6290939097 1.9666476577 0.4120104524 0.4571527397 0.0000000000 0.4640893545 0.2742067186 0.6412063340 2.4710290375 0.9489447293 0.0673064864 2.1743238456 0.2295525751 0.4191570611 0.8402337442
0.0409623026 0.8930669396 0.4452041467 1.9902874365 0.4640893545 0.0000000000 0.3638762681 0.3763925315 3.3921864471 0.1405493898 8.5114855072 0.8338743893 0.3367780158 1.9446167748 2.6226009444
0.6388031349 0.1511080988 1.6916207730 0.3231016078 0.2742067186 0.3638762681 0.0000000000 1.9509091188 0.9498370904 1.6265137507 2.4179057128 2.5443736630 0.0598257598 0.3482753297 0.5209506600
0.8338761397 0.5043039390 0.2455652545 0.6818257661 0.6412063340 0.3763925315 1.9509091188 0.0000000000 0.0897745583 0.6195891811 0.6554369006 2.0641446478 0.0262003128 0.1169455449 1.7815023603
0.5734061841 1.5125921951 2.0757871402 1.6351856606 2.4710290375 3.3921864471 0.9498370904 0.0897745583 0.0000000000 1.1919804751 0.4674430991 1.6028242338 1.4423959109 1.6008507472 0.0049303177
3.1660049887 0.1983562035 1.8334426510 0.4754149406 0.9489447293 0.1405493898 1.6265137507 0.6195891811 1.1919804751 0.0000000000 0.0387079994 0.2329575744 0.8636732826 0.3259175942 0.2201355835
1.4151514090 0.1552350928 0.3237597639 1.3069049057 0.0673064864 8.5114855072 2.4179057128 0.6554369006 0.4674430991 0.0387079994 0.0000000000 0.6886122713 0.8603996032 0.6630841051 0.1698818262
1.2696037009 0.2733223631 0.0597521006 0.0627077825 2.1743238456 0.8338743893 2.5443736630 2.0641446478 1.6028242338 0.2329575744 0.6886122713 0.0000000000 0.9339488446 0.3687076312 0.3712168740
3.8242729227 0.3664056785 1.3711369587 0.8962606024 0.2295525751 0.3367780158 0.0598257598 0.0262003128 1.4423959109 0.8636732826 0.8603996032 0.9339488446 0.0000000000 0.9175310422 0.5539045650
0.3738023772 1.8703578178 0.2670178172 0.7150293535 0.4191570611 1.9446167748 0.3482753297 0.1169455449 1.6008507472 0.3259175942 0.6630841051 0.3687076312 0.9175310422 0.0000000000 0.0399503749
3.2248803018 1.1321243774 0.2867136775 0.3847996753 0.8402337442 2.6226009444 0.5209506600 1.7815023603 0.0049303177 0.2201355835 0.1698818262 0.3712168740 0.5539045650 0.0399503749 0.0000000000
