# MCW Instance
# Type: EXPONENTIAL
# N: 15
# Optimal cost: 2.070166869199205
# Optimal tour (permutation): [0, 7, 1, 2, 12, 13, 8, 5, 10, 14, 3, 11, 6, 4, 9, 0]
# Optimal walk (full path): [0, 7, 1, 2, 13, 12, 13, 8, 5, 8, 10, 14, 3, 11, 6, 4, 9, 0]
# Walk size: 18
# Is walk (has repeats): true

# Distance Matrix
0.0000000000 0.4577878775 0.6645984811 3.4379363039 0.8051744937 0.8368618106 0.6362601712 0.0567297800 1.7290775696 0.1605639628 0.3075783773 1.4828830854 0.2908106807 4.4866061082 1.8065979019
0.4577878775 0.0000000000 0.1346865224 0.2244015983 0.4076157473 2.4437010030 5.2379176731 0.0027383253 0.3069905088 1.0535664769 0.3369323763 0.6802736292 0.3970520830 0.7691358749 0.0594008147
0.6645984811 0.1346865224 0.0000000000 1.0143900059 0.9301245608 4.3887760610 0.6303000194 0.5083934305 0.4231175889 0.6899737904 1.8315510005 0.7891160269 0.7751826420 0.1112737698 0.4406034642
3.4379363039 0.2244015983 1.0143900059 0.0000000000 1.0383495549 0.3573132742 0.5426163415 2.1665588681 0.1135022914 1.0266828573 0.6099671345 0.2753296768 1.4485417520 0.4114337388 0.0384915342
0.8051744937 0.4076157473 0.9301245608 1.0383495549 0.0000000000 1.2976729641 0.1857883214 1.8878877336 0.8030412077 0.1911020095 0.5625343641 2.6081162644 0.7108815820 1.5485004940 0.2228087781
0.8368618106 2.4437010030 4.3887760610 0.3573132742 1.2976729641 0.0000000000 0.4786508574 0.4850882724 0.0497158688 0.1484808069 1.1664229140 2.7913360746 0.8873676093 4.4753287392 0.8340565980
0.6362601712 5.2379176731 0.6303000194 0.5426163415 0.1857883214 0.4786508574 0.0000000000 0.4329942596 0.5590088887 0.2483297269 0.4348687208 0.2752832282 0.2627540414 0.0362536242 0.1032427118
0.0567297800 0.0027383253 0.5083934305 2.1665588681 1.8878877336 0.4850882724 0.4329942596 0.0000000000 2.0306758829 0.2714862884 0.5882514934 0.7088322595 0.9597619846 0.4788105946 5.1091962952
1.7290775696 0.3069905088 0.4231175889 0.1135022914 0.8030412077 0.0497158688 0.5590088887 2.0306758829 0.0000000000 0.7165718268 0.1204557910 1.0664382680 1.2509221546 0.0628798436 0.2711260982
0.1605639628 1.0535664769 0.6899737904 1.0266828573 0.1911020095 0.1484808069 0.2483297269 0.2714862884 0.7165718268 0.0000000000 0.2457616487 1.6348053519 2.4134375868 0.8949180409 1.6614104269
0.3075783773 0.3369323763 1.8315510005 0.6099671345 0.5625343641 1.1664229140 0.4348687208 0.5882514934 0.1204557910 0.2457616487 0.0000000000 0.9257688155 0.8211896719 2.6568101512 0.0940502203
1.4828830854 0.6802736292 0.7891160269 0.2753296768 2.6081162644 2.7913360746 0.2752832282 0.7088322595 1.0664382680 1.6348053519 0.9257688155 0.0000000000 0.5113763017 0.2720913243 0.6306494468
0.2908106807 0.3970520830 0.7751826420 1.4485417520 0.7108815820 0.8873676093 0.2627540414 0.9597619846 1.2509221546 2.4134375868 0.8211896719 0.5113763017 0.0000000000 0.1306810732 1.4297963897
4.4866061082 0.7691358749 0.1112737698 0.4114337388 1.5485004940 4.4753287392 0.0362536242 0.4788105946 0.0628798436 0.8949180409 2.6568101512 0.2720913243 0.1306810732 0.0000000000 1.5727110901
1.8065979019 0.0594008147 0.4406034642 0.0384915342 0.2228087781 0.8340565980 0.1032427118 5.1091962952 0.2711260982 1.6614104269 0.0940502203 0.6306494468 1.4297963897 1.5727110901 0.0000000000
