# Graph size: 6
# Optimal cost: 2.2521596761429286

# Distance Matrix
0.0 0.29035698443637703 0.5290963238102504 0.8788342857354913 0.6394089846038715 0.1670324604247585
0.29035698443637703 0.0 0.4153326057366655 0.15036639586865697 0.5780288970186355 0.030977286404232807
0.5290963238102504 0.4153326057366655 0.0 0.6281076829051933 0.835243298202727 0.5799412955375166
0.8788342857354913 0.15036639586865697 0.6281076829051933 0.0 0.539443911432303 0.5193178779599299
0.6394089846038715 0.5780288970186355 0.835243298202727 0.539443911432303 0.0 0.7372925690453349
0.1670324604247585 0.030977286404232807 0.5799412955375166 0.5193178779599299 0.7372925690453349 0.0

# Optimal Walk
0 2 4 3 1 5 0
