# Graph size: 6
# Optimal cost: 1.477350669919641

# Distance Matrix
0.0 0.09052446216188226 0.556034031050603 0.29220191674216833 0.42072509811392855 0.9631252836620579
0.09052446216188226 0.0 0.08022528300293619 0.9079642928418932 0.38413904553187816 0.13593583284699362
0.556034031050603 0.08022528300293619 0.0 0.7089118192681375 0.5249492027483372 0.8480744432048926
0.29220191674216833 0.9079642928418932 0.7089118192681375 0.0 0.3753565019860279 0.29435820880493646
0.42072509811392855 0.38413904553187816 0.5249492027483372 0.3753565019860279 0.0 0.6433248684822112
0.9631252836620579 0.13593583284699362 0.8480744432048926 0.29435820880493646 0.6433248684822112 0.0

# Optimal Walk
0 4 3 5 2 1 0
