# Graph size: 6
# Optimal cost: 2.448007375794568

# Distance Matrix
0.0 0.8964791564827012 0.8330965985859138 0.6808022468663402 0.2666794120210739 0.18793180500505968
0.8964791564827012 0.0 0.6102690755266735 0.8430379029917082 0.2819430979496579 0.5672937255747236
0.8330965985859138 0.6102690755266735 0.0 0.5426857611389044 0.9890203622168486 0.5153373357741823
0.6808022468663402 0.8430379029917082 0.5426857611389044 0.0 0.3714868659560321 0.684221665181137
0.2666794120210739 0.2819430979496579 0.9890203622168486 0.3714868659560321 0.0 0.8912698131697968
0.18793180500505968 0.5672937255747236 0.5153373357741823 0.684221665181137 0.8912698131697968 0.0

# Optimal Walk
0 5 2 3 4 1 0
