# Graph size: 6
# Optimal cost: 2.719501345182693

# Distance Matrix
0.0 0.9593360268055257 0.16931992967046527 0.5217358905404986 0.609862751441145 0.8069817496228996
0.9593360268055257 0.0 0.7650469073856407 0.27334880175232146 0.8793952097650414 0.506963235209176
0.16931992967046527 0.7650469073856407 0.0 0.6275695879742047 0.62868939228336 0.6935785829932043
0.5217358905404986 0.27334880175232146 0.6275695879742047 0.0 0.4664280441163806 0.2638234927912514
0.609862751441145 0.8793952097650414 0.62868939228336 0.4664280441163806 0.0 0.9508221222585098
0.8069817496228996 0.506963235209176 0.6935785829932043 0.2638234927912514 0.9508221222585098 0.0

# Optimal Walk
0 4 3 1 5 2 0
