# Graph size: 6
# Optimal cost: 3.0348669039926506

# Distance Matrix
0.0 0.3263972022006466 0.5385406721109187 0.5767025805791891 0.5703509390329071 0.5027636332877352
0.3263972022006466 0.0 0.8021307908670599 0.6058975720245094 0.9120998047406049 0.8883716929720197
0.5385406721109187 0.8021307908670599 0.0 0.9134580103553956 0.8384592117310508 0.5840455710372587
0.5767025805791891 0.6058975720245094 0.9134580103553956 0.0 0.3385432907039998 0.413399110150779
0.5703509390329071 0.9120998047406049 0.8384592117310508 0.3385432907039998 0.0 0.7795033391662861
0.5027636332877352 0.8883716929720197 0.5840455710372587 0.413399110150779 0.7795033391662861 0.0

# Optimal Walk
0 1 2 5 3 4 0
