# Graph size: 6
# Optimal cost: 2.3496947369763914

# Distance Matrix
0.0 0.078703710188603 0.7561060661798811 0.9976239462669385 0.4374406404721043 0.8125934566443902
0.078703710188603 0.0 0.9381903069555206 0.5761475020002804 0.9416327997258255 0.8439763635685466
0.7561060661798811 0.9381903069555206 0.0 0.17429636985070474 0.5607969118714575 0.8219480153601729
0.9976239462669385 0.5761475020002804 0.17429636985070474 0.0 0.34660108221744423 0.5441699713604101
0.4374406404721043 0.9416327997258255 0.5607969118714575 0.34660108221744423 0.0 0.364640173253584
0.8125934566443902 0.8439763635685466 0.8219480153601729 0.5441699713604101 0.364640173253584 0.0

# Optimal Walk
0 4 5 3 2 1 0
