# Graph size: 6
# Optimal cost: 1.6370751204294414

# Distance Matrix
0.0 0.286163222186516 0.8068508173064497 0.5846324325020349 0.8849686569308107 0.011876954574879695
0.286163222186516 0.0 0.6240339271973159 0.1694139557698825 0.5913565518072476 0.26148857639036416
0.8068508173064497 0.6240339271973159 0.0 0.4389251625106212 0.6544671938889495 0.13003676382469154
0.5846324325020349 0.1694139557698825 0.4389251625106212 0.0 0.3979147214057943 0.6475458303191988
0.8849686569308107 0.5913565518072476 0.6544671938889495 0.3979147214057943 0.0 0.6047333582321791
0.011876954574879695 0.26148857639036416 0.13003676382469154 0.6475458303191988 0.6047333582321791 0.0

# Optimal Walk
0 5 2 4 3 1 0
