# Graph size: 6
# Optimal cost: 1.973420702615428

# Distance Matrix
0.0 0.5188376212618927 0.059117030353541655 0.6563442427997027 0.6880870274961574 0.6443134497757591
0.5188376212618927 0.0 0.17593501264161815 0.9301110658304063 0.3915078683557326 0.4375857684687372
0.059117030353541655 0.17593501264161815 0.0 0.2766684592087739 0.49387694521937964 0.6393455468566177
0.6563442427997027 0.9301110658304063 0.2766684592087739 0.0 0.5165287783414451 0.25554760065572146
0.6880870274961574 0.3915078683557326 0.49387694521937964 0.5165287783414451 0.0 0.9331736266886115
0.6443134497757591 0.4375857684687372 0.6393455468566177 0.25554760065572146 0.9331736266886115 0.0

# Optimal Walk
0 3 5 1 4 2 0
