# Graph size: 6
# Optimal cost: 1.1600023680827858

# Distance Matrix
0.0 0.011859340063096413 0.08612819261891469 0.7805218246882035 0.3618233051763986 0.9149135706963222
0.011859340063096413 0.0 0.14416670139477417 0.9000178113719455 0.9209009827518557 0.4751414907022603
0.08612819261891469 0.14416670139477417 0.0 0.7224223414417653 0.32819950420522415 0.6137474763476024
0.7805218246882035 0.9000178113719455 0.7224223414417653 0.0 0.7715581054218685 0.1357423580674184
0.3618233051763986 0.9209009827518557 0.32819950420522415 0.7715581054218685 0.0 0.044323984910609404
0.9149135706963222 0.4751414907022603 0.6137474763476024 0.1357423580674184 0.044323984910609404 0.0

# Optimal Walk
0 4 5 3 2 1 0
