# Graph size: 6
# Optimal cost: 2.394011151601394

# Distance Matrix
0.0 0.4546145159895778 0.741209094287462 0.2826933920420739 0.3413684246798606 0.1509868627766453
0.4546145159895778 0.0 0.7995494927736864 0.2396959674382917 0.6479881164430045 0.8888751257773775
0.741209094287462 0.7995494927736864 0.0 0.8522362536172906 0.7040095595048897 0.3686372533964888
0.2826933920420739 0.2396959674382917 0.8522362536172906 0.0 0.530284128631386 0.35765475732360164
0.3413684246798606 0.6479881164430045 0.7040095595048897 0.530284128631386 0.0 0.6205633639318713
0.1509868627766453 0.8888751257773775 0.3686372533964888 0.35765475732360164 0.6205633639318713 0.0

# Optimal Walk
0 5 2 4 1 3 0
