# Graph size: 6
# Optimal cost: 2.350481955080518

# Distance Matrix
0.0 0.23169198055486695 0.24878915087461873 0.2894872628827272 0.36551948940695567 0.9191821094709085
0.23169198055486695 0.0 0.5775082560085976 0.8109707413371113 0.9566416789009913 0.6839511531961692
0.24878915087461873 0.5775082560085976 0.0 0.11754090583809684 0.5572390363799825 0.3668146587412371
0.2894872628827272 0.8109707413371113 0.11754090583809684 0.0 0.7487038587793199 0.5594529102181186
0.36551948940695567 0.9566416789009913 0.5572390363799825 0.7487038587793199 0.0 0.7477356771017671
0.9191821094709085 0.6839511531961692 0.3668146587412371 0.5594529102181186 0.7477356771017671 0.0

# Optimal Walk
0 4 5 2 3 1 0
