# Graph size: 6
# Optimal cost: 1.9562278291836301

# Distance Matrix
0.0 0.25001500980106006 0.15538280940948423 0.3132716223036577 0.7391635642325237 0.7877033394665376
0.25001500980106006 0.0 0.19338165627545645 0.44649329685920924 0.5406048052913002 0.34167630880590627
0.15538280940948423 0.19338165627545645 0.0 0.9906534710312557 0.4516416067828569 0.1970256642116699
0.3132716223036577 0.44649329685920924 0.9906534710312557 0.0 0.5746509095987062 0.23854863087140965
0.7391635642325237 0.5406048052913002 0.4516416067828569 0.5746509095987062 0.0 0.7960967118879143
0.7877033394665376 0.34167630880590627 0.1970256642116699 0.23854863087140965 0.7960967118879143 0.0

# Optimal Walk
0 1 4 3 5 2 0
