# Graph size: 6
# Optimal cost: 2.0597418210313414

# Distance Matrix
0.0 0.3557384524750995 0.3551720948798801 0.7114786205932625 0.4022860707563405 0.7782554501413858
0.3557384524750995 0.0 0.24060282800240196 0.36773616539653675 0.11698364760235447 0.32626218924257633
0.3551720948798801 0.24060282800240196 0.0 0.32806235839863906 0.5905144347746092 0.2616694910206314
0.7114786205932625 0.36773616539653675 0.32806235839863906 0.0 0.3857232591380546 0.9131598863414943
0.4022860707563405 0.11698364760235447 0.5905144347746092 0.3857232591380546 0.0 0.3854003514693516
0.7782554501413858 0.32626218924257633 0.2616694910206314 0.9131598863414943 0.3854003514693516 0.0

# Optimal Walk
0 4 3 2 5 1 0
