# Graph size: 6
# Optimal cost: 2.1393499909944182

# Distance Matrix
0.0 0.5161051963629206 0.764873403327506 0.6705672707658621 0.8175898654997453 0.8478203965187258
0.5161051963629206 0.0 0.4875332108338739 0.6303013680344084 0.9044469372027478 0.40325431741021156
0.764873403327506 0.4875332108338739 0.0 0.6761018476541379 0.06031877691597143 0.13000196231562833
0.6705672707658621 0.6303013680344084 0.6761018476541379 0.0 0.35910246722382433 0.8584698856488344
0.8175898654997453 0.9044469372027478 0.06031877691597143 0.35910246722382433 0.0 0.6260535031323567
0.8478203965187258 0.40325431741021156 0.13000196231562833 0.8584698856488344 0.6260535031323567 0.0

# Optimal Walk
0 3 4 2 5 1 0
