# Graph size: 6
# Optimal cost: 2.5344288961885315

# Distance Matrix
0.0 0.6706741937277991 0.1671153131591694 0.8338717757306955 0.35215270012960054 0.7620495708036427
0.6706741937277991 0.0 0.3767443127721827 0.7704670678459901 0.24472352374069506 0.8134524805751391
0.1671153131591694 0.3767443127721827 0.0 0.6587650417367741 0.14137369205102024 0.5409258554769931
0.8338717757306955 0.7704670678459901 0.6587650417367741 0.0 0.34543093345999365 0.6923736444203283
0.35215270012960054 0.24472352374069506 0.14137369205102024 0.34543093345999365 0.0 0.6801718669848239
0.7620495708036427 0.8134524805751391 0.5409258554769931 0.6923736444203283 0.6801718669848239 0.0

# Optimal Walk
0 2 5 3 4 1 0
