# Graph size: 6
# Optimal cost: 1.0588298492527308

# Distance Matrix
0.0 0.04515347021480476 0.9604800807255915 0.7100955269633635 0.30533287648870755 0.24412565708323686
0.04515347021480476 0.0 0.6222418295702213 0.7996164565648293 0.7072529945031822 0.7551227428811049
0.9604800807255915 0.6222418295702213 0.0 0.16353723350699234 0.7339974421375295 0.425077978725493
0.7100955269633635 0.7996164565648293 0.16353723350699234 0.0 0.003950926487741091 0.08803898174945113
0.30533287648870755 0.7072529945031822 0.7339974421375295 0.003950926487741091 0.0 0.6869934643737592
0.24412565708323686 0.7551227428811049 0.425077978725493 0.08803898174945113 0.6869934643737592 0.0

# Optimal Walk
0 1 5 3 2 4 0
