# Graph size: 6
# Optimal cost: 1.3921606813789666

# Distance Matrix
0.0 0.7211712602209049 0.5323534675164446 0.596650016406684 0.00567560181119553 0.010760955976232944
0.7211712602209049 0.0 0.9201574076464376 0.6226194922094843 0.7022996050967787 0.06619320477031387
0.5323534675164446 0.9201574076464376 0.0 0.14888235728410004 0.5565875246366787 0.8087972064359898
0.596650016406684 0.6226194922094843 0.14888235728410004 0.0 0.7124330550669832 0.8701917810615791
0.00567560181119553 0.7022996050967787 0.5565875246366787 0.7124330550669832 0.0 0.38067594462944965
0.010760955976232944 0.06619320477031387 0.8087972064359898 0.8701917810615791 0.38067594462944965 0.0

# Optimal Walk
0 2 3 1 5 4 0
