# Graph size: 6
# Optimal cost: 1.7008880006683715

# Distance Matrix
0.0 0.23712753665925412 0.4254816213324254 0.6628537623749625 0.8812766389398258 0.12995662906728178
0.23712753665925412 0.0 0.7928399255036115 0.6704937439539405 0.4277056191283718 0.8924015400371416
0.4254816213324254 0.7928399255036115 0.0 0.17128577905752596 0.5650294509032484 0.7935973014983717
0.6628537623749625 0.6704937439539405 0.17128577905752596 0.0 0.374511599099127 0.9272845984329557
0.8812766389398258 0.4277056191283718 0.5650294509032484 0.374511599099127 0.0 0.12539729879350325
0.12995662906728178 0.8924015400371416 0.7935973014983717 0.9272845984329557 0.12539729879350325 0.0

# Optimal Walk
0 5 4 3 2 1 0
