# Graph size: 6
# Optimal cost: 1.1751992631269794

# Distance Matrix
0.0 0.25197785529928896 0.7970390886819968 0.7382899216510272 0.29040109230086497 0.2261119201968158
0.25197785529928896 0.0 0.426946764593937 0.8729798512587746 0.16308447188388164 0.488085982063135
0.7970390886819968 0.426946764593937 0.0 0.14506077873579948 0.941473815141074 0.031854243085278844
0.7382899216510272 0.8729798512587746 0.14506077873579948 0.0 0.6035292509810172 0.1509313311056908
0.29040109230086497 0.16308447188388164 0.941473815141074 0.6035292509810172 0.0 0.2061786628202239
0.2261119201968158 0.488085982063135 0.031854243085278844 0.1509313311056908 0.2061786628202239 0.0

# Optimal Walk
0 5 3 2 4 1 0
