# Graph size: 6
# Optimal cost: 1.9211512403785374

# Distance Matrix
0.0 0.7411341511972246 0.9648391215919672 0.9598168554523464 0.7868783211745392 0.27306333951969397
0.7411341511972246 0.0 0.11146992721870241 0.878932910867429 0.8141654429599741 0.7315969159318852
0.9648391215919672 0.11146992721870241 0.0 0.9695635558289022 0.03843004866581157 0.07449678763266865
0.9598168554523464 0.878932910867429 0.9695635558289022 0.0 0.8862193918483877 0.4631155171523922
0.7868783211745392 0.8141654429599741 0.03843004866581157 0.8862193918483877 0.0 0.1180310108256718
0.27306333951969397 0.7315969159318852 0.07449678763266865 0.4631155171523922 0.1180310108256718 0.0

# Optimal Walk
0 5 3 2 4 1 0
