# Graph size: 6
# Optimal cost: 1.5568743296693919

# Distance Matrix
0.0 0.16156318226412747 0.9863535301514975 0.6314344281621812 0.49912136746646873 0.881957032670269
0.16156318226412747 0.0 0.27385835767773226 0.9304918834062958 0.5275941199432662 0.4924240090404364
0.9863535301514975 0.27385835767773226 0.0 0.22176307363919845 0.6233521688189125 0.0659087491226672
0.6314344281621812 0.9304918834062958 0.22176307363919845 0.0 0.2687508503765308 0.529049365723189
0.49912136746646873 0.5275941199432662 0.6233521688189125 0.2687508503765308 0.0 0.5745824740095524
0.881957032670269 0.4924240090404364 0.0659087491226672 0.529049365723189 0.5745824740095524 0.0

# Optimal Walk
0 4 3 2 5 1 0
