# Graph size: 6
# Optimal cost: 1.3035518759916236

# Distance Matrix
0.0 0.24605346201046518 0.09547732157335043 0.15213928404568766 0.5325707516836795 0.08585300123656858
0.24605346201046518 0.0 0.2913819801181725 0.2039566155063932 0.8961896125232077 0.954285849133762
0.09547732157335043 0.2913819801181725 0.0 0.29014609526960644 0.29744911795585316 0.8876831092621502
0.15213928404568766 0.2039566155063932 0.29014609526960644 0.0 0.9516279100833546 0.2857509333075876
0.5325707516836795 0.8961896125232077 0.29744911795585316 0.9516279100833546 0.0 0.27277187712894857
0.08585300123656858 0.954285849133762 0.8876831092621502 0.2857509333075876 0.27277187712894857 0.0

# Optimal Walk
0 5 4 2 1 3 0
