# MCW Instance
# Type: UNIFORM
# N: 17
# Optimal cost: 1.8575311191726724
# Optimal tour (permutation): [0, 14, 5, 15, 4, 1, 2, 8, 9, 16, 12, 10, 3, 7, 6, 13, 11, 0]
# Optimal walk (full path): [0, 14, 5, 15, 4, 1, 2, 8, 9, 12, 16, 12, 10, 3, 7, 6, 13, 0, 11, 0]
# Walk size: 20
# Is walk (has repeats): true

# Distance Matrix
0.0000000000 0.7394748929 0.6149151736 0.8196988073 0.6969795222 0.5920988824 0.1765858327 0.2608943571 0.9981235716 0.7055795830 0.2244429826 0.0047360481 0.5640271741 0.0279611798 0.0235016816 0.3947044123 0.4614075027
0.7394748929 0.0000000000 0.1450078315 0.9619605438 0.0173241724 0.1631301697 0.8305778040 0.9862092665 0.1849235198 0.7891558762 0.3573443728 0.3590259733 0.7190382753 0.5660780387 0.3518288916 0.0105261286 0.4165714271
0.6149151736 0.1450078315 0.0000000000 0.8299886000 0.6193141750 0.6195886485 0.2380455107 0.4061987208 0.2870569630 0.9628992865 0.6957610099 0.7393800329 0.8183206496 0.9994152658 0.1394017216 0.7189813669 0.9351002747
0.8196988073 0.9619605438 0.8299886000 0.0000000000 0.6199690461 0.6376034657 0.7473142522 0.2540137045 0.9848933169 0.9362295404 0.2314907903 0.4876845409 0.8969635763 0.5375732904 0.3454350639 0.3930437497 0.7126181466
0.6969795222 0.0173241724 0.6193141750 0.6199690461 0.0000000000 0.2894338659 0.6044796363 0.2583284419 0.8813302281 0.9989885792 0.5225969368 0.6121581272 0.3211700849 0.4936114005 0.3811045700 0.0109198785 0.4880098919
0.5920988824 0.1631301697 0.6195886485 0.6376034657 0.2894338659 0.0000000000 0.2392637042 0.9277229915 0.2147959634 0.1764876748 0.0968102957 0.6461525865 0.7981185448 0.8027607512 0.0475898432 0.0888763816 0.2563378319
0.1765858327 0.8305778040 0.2380455107 0.7473142522 0.6044796363 0.2392637042 0.0000000000 0.1622434523 0.7517958519 0.6496840645 0.9697417424 0.4299375398 0.6167002853 0.0674513232 0.9631664713 0.4766282617 0.6464792511
0.2608943571 0.9862092665 0.4061987208 0.2540137045 0.2583284419 0.9277229915 0.1622434523 0.0000000000 0.8989983628 0.2612890901 0.4111325949 0.7213762181 0.1763899410 0.7806947756 0.6269506602 0.1111647407 0.4728284958
0.9981235716 0.1849235198 0.2870569630 0.9848933169 0.8813302281 0.2147959634 0.7517958519 0.8989983628 0.0000000000 0.1227628351 0.5310850883 0.9663497071 0.6413313568 0.3355173384 0.5634573876 0.2502721645 0.5616711458
0.7055795830 0.7891558762 0.9628992865 0.9362295404 0.9989885792 0.1764876748 0.6496840645 0.2612890901 0.1227628351 0.0000000000 0.6979396673 0.0772643931 0.0762597132 0.3335990480 0.8468417450 0.1437814612 0.6961907434
0.2244429826 0.3573443728 0.6957610099 0.2314907903 0.5225969368 0.0968102957 0.9697417424 0.4111325949 0.5310850883 0.6979396673 0.0000000000 0.4881579721 0.1142505703 0.3695342586 0.4503176571 0.9539329682 0.7723558882
0.0047360481 0.3590259733 0.7393800329 0.4876845409 0.6121581272 0.6461525865 0.4299375398 0.7213762181 0.9663497071 0.0772643931 0.4881579721 0.0000000000 0.3694236728 0.8329204429 0.7113749146 0.9934247369 0.6263035640
0.5640271741 0.7190382753 0.8183206496 0.8969635763 0.3211700849 0.7981185448 0.6167002853 0.1763899410 0.6413313568 0.0762597132 0.1142505703 0.3694236728 0.0000000000 0.4543387727 0.2958723022 0.7236877173 0.0856743513
0.0279611798 0.5660780387 0.9994152658 0.5375732904 0.4936114005 0.8027607512 0.0674513232 0.7806947756 0.3355173384 0.3335990480 0.3695342586 0.8329204429 0.4543387727 0.0000000000 0.0871572699 0.5690353558 0.3430540172
0.0235016816 0.3518288916 0.1394017216 0.3454350639 0.3811045700 0.0475898432 0.9631664713 0.6269506602 0.5634573876 0.8468417450 0.4503176571 0.7113749146 0.2958723022 0.0871572699 0.0000000000 0.9835702576 0.1727952879
0.3947044123 0.0105261286 0.7189813669 0.3930437497 0.0109198785 0.0888763816 0.4766282617 0.1111647407 0.2502721645 0.1437814612 0.9539329682 0.9934247369 0.7236877173 0.5690353558 0.9835702576 0.0000000000 0.4676956665
0.4614075027 0.4165714271 0.9351002747 0.7126181466 0.4880098919 0.2563378319 0.6464792511 0.4728284958 0.5616711458 0.6961907434 0.7723558882 0.6263035640 0.0856743513 0.3430540172 0.1727952879 0.4676956665 0.0000000000
