# Graph size: 17
# Optimal cost: 1.432931888905275

# Distance Matrix
0.0 0.34204238190698055 0.12586932964755404 0.28361068540698153 0.4283204263875581 0.0013862586979206393 0.3638445520644381 0.19319594226795322 0.04483704655167864 0.9290078067320332 0.953830406366381 0.06449013039634688 0.8026945429512836 0.09417182804969748 0.02341492695394798 0.0027257256042348965 0.8502702170908493
0.34204238190698055 0.0 0.5398435226695761 0.36745032715404524 0.23754647804403328 0.7415879159450397 0.5658060339990011 0.144111387932626 0.30588523111333976 0.49317833700871394 0.449331058085503 0.14925515972513037 0.40815199264027147 0.512835451432947 0.7681298115598856 0.1686243403276344 0.21779212418751626
0.12586932964755404 0.5398435226695761 0.0 0.7596740259672922 0.14128924911281504 0.2599756637933237 0.9408759994698787 0.23805799480642975 0.7361239186030465 0.20100359843297821 0.2202330374202044 0.20238362027499146 0.2023511892238491 0.7539687702374441 0.5577447138680082 0.2553645693452148 0.7897240884447616
0.28361068540698153 0.36745032715404524 0.7596740259672922 0.0 0.8442296225106196 0.28876253617791137 0.8593812760062003 0.2812317559077703 0.22741489322331954 0.7842185490717558 0.6486198467472194 0.031205264200565463 0.7287635236703248 0.4788476825255279 0.3291410215488332 0.8361422441411418 0.6781975160280174
0.4283204263875581 0.23754647804403328 0.14128924911281504 0.8442296225106196 0.0 0.528042751758632 0.884682527620644 0.585790589637345 0.735982659217004 0.38121407061048074 0.26791326645023383 0.6430082079309968 0.9063709585964229 0.32612805235322695 0.7500212971335158 0.6831420568780505 0.17040736327973127
0.0013862586979206393 0.7415879159450397 0.2599756637933237 0.28876253617791137 0.528042751758632 0.0 0.10654985108633996 0.6259317109130095 0.2871466894409348 0.8341229836435039 0.04461715664133348 0.028114562805220733 0.927388537846776 0.3846256725641104 0.7097238933527574 0.18885728947107405 0.11105927225579748
0.3638445520644381 0.5658060339990011 0.9408759994698787 0.8593812760062003 0.884682527620644 0.10654985108633996 0.0 0.3741380524747092 0.06729359440950133 0.6090398871266295 0.3533477794334352 0.6108220018241043 0.21367444673016156 0.24086501124108617 0.3409970116355746 0.7252679543930672 0.2574891316288991
0.19319594226795322 0.144111387932626 0.23805799480642975 0.2812317559077703 0.585790589637345 0.6259317109130095 0.3741380524747092 0.0 0.9726598807869011 0.11659848414655904 0.002816055200287826 0.643124307785055 0.41578011421272276 0.36495370066583543 0.22441565811833153 0.22864598622997512 0.23681031273137598
0.04483704655167864 0.30588523111333976 0.7361239186030465 0.22741489322331954 0.735982659217004 0.2871466894409348 0.06729359440950133 0.9726598807869011 0.0 0.9150586464515099 0.14251827819793228 0.7282790113865324 0.05266993986535695 0.3847434581001139 0.13353875890945333 0.7086898975246001 0.21189712087225576
0.9290078067320332 0.49317833700871394 0.20100359843297821 0.7842185490717558 0.38121407061048074 0.8341229836435039 0.6090398871266295 0.11659848414655904 0.9150586464515099 0.0 0.48972666144340815 0.5147079054838792 0.18866414956741107 0.6222974463856815 0.9148192532637338 0.9906790031150798 0.03337077360992202
0.953830406366381 0.449331058085503 0.2202330374202044 0.6486198467472194 0.26791326645023383 0.04461715664133348 0.3533477794334352 0.002816055200287826 0.14251827819793228 0.48972666144340815 0.0 0.1533081318305457 0.8022411003805848 0.7040403190575483 0.7572580899014345 0.04084289343371761 0.8504881228465032
0.06449013039634688 0.14925515972513037 0.20238362027499146 0.031205264200565463 0.6430082079309968 0.028114562805220733 0.6108220018241043 0.643124307785055 0.7282790113865324 0.5147079054838792 0.1533081318305457 0.0 0.403923705049811 0.05372663153449109 0.15304616608037758 0.7369156622772756 0.31818937709426254
0.8026945429512836 0.40815199264027147 0.2023511892238491 0.7287635236703248 0.9063709585964229 0.927388537846776 0.21367444673016156 0.41578011421272276 0.05266993986535695 0.18866414956741107 0.8022411003805848 0.403923705049811 0.0 0.35507641353677777 0.9372998178974247 0.07817986631711937 0.41720564967962426
0.09417182804969748 0.512835451432947 0.7539687702374441 0.4788476825255279 0.32612805235322695 0.3846256725641104 0.24086501124108617 0.36495370066583543 0.3847434581001139 0.6222974463856815 0.7040403190575483 0.05372663153449109 0.35507641353677777 0.0 0.9928274577033342 0.36198950823754117 0.424905516456336
0.02341492695394798 0.7681298115598856 0.5577447138680082 0.3291410215488332 0.7500212971335158 0.7097238933527574 0.3409970116355746 0.22441565811833153 0.13353875890945333 0.9148192532637338 0.7572580899014345 0.15304616608037758 0.9372998178974247 0.9928274577033342 0.0 0.8910313311586888 0.0763640987281543
0.0027257256042348965 0.1686243403276344 0.2553645693452148 0.8361422441411418 0.6831420568780505 0.18885728947107405 0.7252679543930672 0.22864598622997512 0.7086898975246001 0.9906790031150798 0.04084289343371761 0.7369156622772756 0.07817986631711937 0.36198950823754117 0.8910313311586888 0.0 0.19095158771419218
0.8502702170908493 0.21779212418751626 0.7897240884447616 0.6781975160280174 0.17040736327973127 0.11105927225579748 0.2574891316288991 0.23681031273137598 0.21189712087225576 0.03337077360992202 0.8504881228465032 0.31818937709426254 0.41720564967962426 0.424905516456336 0.0763640987281543 0.19095158771419218 0.0

# Optimal Walk
0 14 16 9 2 4 1 7 10 15 12 8 6 5 13 3 11 0
