# Graph size: 17
# Optimal cost: 2.2613987786057814

# Distance Matrix
0.0 0.9122380945057775 0.03465360803362605 0.47735766626853804 0.2168081304357634 0.5557255052337239 0.6148892275456042 0.8307771535090118 0.14063037957029445 0.9538871429508354 0.37301743956669653 0.2643027281083695 0.8435615239969588 0.563038245367193 0.22089420912031943 0.4240948273806858 0.06066059547328939
0.9122380945057775 0.0 0.36853636614579055 0.1614763593985692 0.04281389997661611 0.8366090435503681 0.14576173132912296 0.4890808222117049 0.8179910015919373 0.07073503417712856 0.13770939023583184 0.2597482361872684 0.11864621011000087 0.3430218625752248 0.5547409715699276 0.8173860784209164 0.3441605569282893
0.03465360803362605 0.36853636614579055 0.0 0.9947635485922368 0.7092709676545993 0.42015536481376126 0.43225752435324893 0.5869451145831432 0.7866386603284338 0.3016040185335903 0.9670526080230057 0.5400888206640768 0.22314342712964785 0.8223392700085997 0.5734809932010627 0.9712223294514705 0.41319786831584226
0.47735766626853804 0.1614763593985692 0.9947635485922368 0.0 0.720570379160436 0.8010144021034884 0.4867877397371144 0.9997796312960858 0.8536418443304434 0.49743014119472073 0.9647256147630928 0.3158393070143992 0.23771690211294405 0.7524968672002971 0.1646316317458112 0.6390486158409733 0.6390593227102588
0.2168081304357634 0.04281389997661611 0.7092709676545993 0.720570379160436 0.0 0.8517932540896613 0.34179735141562284 0.7982492604196216 0.4479015298203315 0.3224769099264515 0.9091113562273803 0.32718984940778073 0.07467524187241015 0.07567312688925143 0.590210249371793 0.7996143860883435 0.6484206742144869
0.5557255052337239 0.8366090435503681 0.42015536481376126 0.8010144021034884 0.8517932540896613 0.0 0.8542536528225302 0.43793370910884133 0.19949277247123176 0.3684786558784403 0.6801285077861311 0.55405159986921 0.18115997851032617 0.46310992904890513 0.7617741062559978 0.3393950663067211 0.8563576214670563
0.6148892275456042 0.14576173132912296 0.43225752435324893 0.4867877397371144 0.34179735141562284 0.8542536528225302 0.0 0.34247389766578606 0.3705733979638851 0.6279380260689099 0.30864747198260556 0.19843937582547344 0.5236451444953107 0.11403889235645237 0.3803938611108504 0.9999879268592291 0.921190534849852
0.8307771535090118 0.4890808222117049 0.5869451145831432 0.9997796312960858 0.7982492604196216 0.43793370910884133 0.34247389766578606 0.0 0.06896718685905845 0.40348776855373925 0.5605098011410333 0.4779876907291639 0.46100310126388166 0.4522124323562453 0.1120819486080995 0.9615153454316895 0.2428124750229168
0.14063037957029445 0.8179910015919373 0.7866386603284338 0.8536418443304434 0.4479015298203315 0.19949277247123176 0.3705733979638851 0.06896718685905845 0.0 0.3851265779990585 0.6118559532758386 0.7032893473520792 0.7504636926302625 0.41256816127832463 0.8269730829567096 0.08534645135934882 0.8703669782229002
0.9538871429508354 0.07073503417712856 0.3016040185335903 0.49743014119472073 0.3224769099264515 0.3684786558784403 0.6279380260689099 0.40348776855373925 0.3851265779990585 0.0 0.17735788600751112 0.09696326759454288 0.5204119499814033 0.8735807023972081 0.36850846927726555 0.5563725534342003 0.9421391391049466
0.37301743956669653 0.13770939023583184 0.9670526080230057 0.9647256147630928 0.9091113562273803 0.6801285077861311 0.30864747198260556 0.5605098011410333 0.6118559532758386 0.17735788600751112 0.0 0.5913431537917847 0.70122198341036 0.5154042854393847 0.4009099909542735 0.9113529583182056 0.6911846330305961
0.2643027281083695 0.2597482361872684 0.5400888206640768 0.3158393070143992 0.32718984940778073 0.55405159986921 0.19843937582547344 0.4779876907291639 0.7032893473520792 0.09696326759454288 0.5913431537917847 0.0 0.6426467927694661 0.22103807806786302 0.411234165407922 0.027144120478258982 0.5715007416007867
0.8435615239969588 0.11864621011000087 0.22314342712964785 0.23771690211294405 0.07467524187241015 0.18115997851032617 0.5236451444953107 0.46100310126388166 0.7504636926302625 0.5204119499814033 0.70122198341036 0.6426467927694661 0.0 0.3168165472318101 0.3137877018549089 0.5029820698651707 0.5607072713156676
0.563038245367193 0.3430218625752248 0.8223392700085997 0.7524968672002971 0.07567312688925143 0.46310992904890513 0.11403889235645237 0.4522124323562453 0.41256816127832463 0.8735807023972081 0.5154042854393847 0.22103807806786302 0.3168165472318101 0.0 0.6877052305109773 0.8480433400960989 0.4089702265675498
0.22089420912031943 0.5547409715699276 0.5734809932010627 0.1646316317458112 0.590210249371793 0.7617741062559978 0.3803938611108504 0.1120819486080995 0.8269730829567096 0.36850846927726555 0.4009099909542735 0.411234165407922 0.3137877018549089 0.6877052305109773 0.0 0.8794179548269712 0.8170525168980636
0.4240948273806858 0.8173860784209164 0.9712223294514705 0.6390486158409733 0.7996143860883435 0.3393950663067211 0.9999879268592291 0.9615153454316895 0.08534645135934882 0.5563725534342003 0.9113529583182056 0.027144120478258982 0.5029820698651707 0.8480433400960989 0.8794179548269712 0.0 0.5307915293519075
0.06066059547328939 0.3441605569282893 0.41319786831584226 0.6390593227102588 0.6484206742144869 0.8563576214670563 0.921190534849852 0.2428124750229168 0.8703669782229002 0.9421391391049466 0.6911846330305961 0.5715007416007867 0.5607072713156676 0.4089702265675498 0.8170525168980636 0.5307915293519075 0.0

# Optimal Walk
0 2 8 5 12 4 13 6 15 11 9 10 1 3 14 7 16 0
