# Graph size: 17
# Optimal cost: 1.5163066898751132

# Distance Matrix
0.0 0.8759560229891966 0.3533693217353837 0.5870956984983468 0.29878066544415705 0.21100908638895788 0.6502607442886098 0.7709225136235717 0.5877322022401875 0.9796713246764058 0.00985992224446064 0.5402676841173745 0.02166654391763545 0.47564081025172433 0.2604385941432511 0.34590616469576874 0.08056621038927436
0.8759560229891966 0.0 0.868018661589444 0.1850112759105499 0.6434029896841396 0.6096749658577238 0.7063603282776595 0.17082759709825257 0.9775758002470267 0.599384751122527 0.5063707063342449 0.7742021042816764 0.441561407213533 0.2853823593686009 0.8286268058927934 0.2041302030543507 0.7007027766424752
0.3533693217353837 0.868018661589444 0.0 0.494868080634174 0.1386888814232925 0.2056776827607859 0.4130739174098407 0.032822008545283055 0.3941868435532737 0.33292035978409373 0.801311833163731 0.30170776594232207 0.7429458599759424 0.14124975605758028 0.33452628952534835 0.2786678699969254 0.9359414880297775
0.5870956984983468 0.1850112759105499 0.494868080634174 0.0 0.40014922230560934 0.9644099692442646 0.4361785110224391 0.05985104445457168 0.03008463630402136 0.12627234674117194 0.18529589095308996 0.9761946109032195 0.1009423262949225 0.7635733340272838 0.9450404292255746 0.41753579899352433 0.8944860959433626
0.29878066544415705 0.6434029896841396 0.1386888814232925 0.40014922230560934 0.0 0.9636333494583516 0.9971288124201015 0.03593875368853594 0.7295946085413278 0.40254824722069216 0.8721782166976615 0.8248542311264765 0.9765789410709581 0.6889397290951181 0.1316712045391233 0.24283495996113114 0.4456694227570338
0.21100908638895788 0.6096749658577238 0.2056776827607859 0.9644099692442646 0.9636333494583516 0.0 0.8690224441466436 0.05938334251482391 0.05595590358841818 0.12480001889773862 0.8095712596999214 0.9566404419415897 0.3855426566498641 0.0631076282717783 0.910723371765406 0.44768555378884367 0.6987869947041939
0.6502607442886098 0.7063603282776595 0.4130739174098407 0.4361785110224391 0.9971288124201015 0.8690224441466436 0.0 0.049102224639640535 0.617151967031352 0.4446003439018885 0.5120558142985154 0.6162534885195003 0.4939989058647385 0.1956399530187417 0.3901756398392855 0.8237784328672301 0.21305627219648016
0.7709225136235717 0.17082759709825257 0.032822008545283055 0.05985104445457168 0.03593875368853594 0.05938334251482391 0.049102224639640535 0.0 0.14650326903931554 0.41970182843922654 0.2067030470658351 0.6550377110752674 0.1809760129978516 0.7101582182939403 0.2668111942902899 0.475382215013329 0.1755472925116447
0.5877322022401875 0.9775758002470267 0.3941868435532737 0.03008463630402136 0.7295946085413278 0.05595590358841818 0.617151967031352 0.14650326903931554 0.0 0.6344591358130115 0.8848816510282905 0.9038845915513227 0.7020143469680866 0.45820257888664984 0.0746545940203901 0.25254830634306547 0.14275463543195044
0.9796713246764058 0.599384751122527 0.33292035978409373 0.12627234674117194 0.40254824722069216 0.12480001889773862 0.4446003439018885 0.41970182843922654 0.6344591358130115 0.0 0.7272500001302535 0.5702567292221283 0.5914078677132042 0.4452581730254842 0.28398430550640663 0.8413544028588525 0.3186701302291126
0.00985992224446064 0.5063707063342449 0.801311833163731 0.18529589095308996 0.8721782166976615 0.8095712596999214 0.5120558142985154 0.2067030470658351 0.8848816510282905 0.7272500001302535 0.0 0.23567735605283258 0.0648646226673183 0.2640919956949087 0.8993743131548566 0.035565089303052466 0.8953727534872251
0.5402676841173745 0.7742021042816764 0.30170776594232207 0.9761946109032195 0.8248542311264765 0.9566404419415897 0.6162534885195003 0.6550377110752674 0.9038845915513227 0.5702567292221283 0.23567735605283258 0.0 0.3409129847083553 0.8758731184288939 0.881636867330454 0.34317287083116355 0.05864946165420193
0.02166654391763545 0.441561407213533 0.7429458599759424 0.1009423262949225 0.9765789410709581 0.3855426566498641 0.4939989058647385 0.1809760129978516 0.7020143469680866 0.5914078677132042 0.0648646226673183 0.3409129847083553 0.0 0.36378854555189055 0.7353057040542293 0.31628254830242075 0.7018050096992019
0.47564081025172433 0.2853823593686009 0.14124975605758028 0.7635733340272838 0.6889397290951181 0.0631076282717783 0.1956399530187417 0.7101582182939403 0.45820257888664984 0.4452581730254842 0.2640919956949087 0.8758731184288939 0.36378854555189055 0.0 0.6386973276027705 0.6869033872700884 0.5002797725374983
0.2604385941432511 0.8286268058927934 0.33452628952534835 0.9450404292255746 0.1316712045391233 0.910723371765406 0.3901756398392855 0.2668111942902899 0.0746545940203901 0.28398430550640663 0.8993743131548566 0.881636867330454 0.7353057040542293 0.6386973276027705 0.0 0.6967454637043309 0.0916527111477311
0.34590616469576874 0.2041302030543507 0.2786678699969254 0.41753579899352433 0.24283495996113114 0.44768555378884367 0.8237784328672301 0.475382215013329 0.25254830634306547 0.8413544028588525 0.035565089303052466 0.34317287083116355 0.31628254830242075 0.6869033872700884 0.6967454637043309 0.0 0.1089154747704617
0.08056621038927436 0.7007027766424752 0.9359414880297775 0.8944860959433626 0.4456694227570338 0.6987869947041939 0.21305627219648016 0.1755472925116447 0.14275463543195044 0.3186701302291126 0.8953727534872251 0.05864946165420193 0.7018050096992019 0.5002797725374983 0.0916527111477311 0.1089154747704617 0.0

# Optimal Walk
0 16 11 14 8 3 9 5 13 2 7 6 4 1 15 10 12 0
