# MCW Instance
# Type: UNIFORM
# N: 17
# Optimal cost: 1.5158546244972655
# Optimal tour (permutation): [0, 8, 12, 9, 13, 14, 16, 6, 10, 4, 11, 15, 5, 3, 2, 7, 1, 0]
# Optimal walk (full path): [0, 8, 12, 9, 13, 14, 16, 6, 10, 4, 12, 11, 15, 5, 3, 2, 3, 7, 1, 7, 0]
# Walk size: 21
# Is walk (has repeats): true

# Distance Matrix
0.0000000000 0.6154738449 0.4383692585 0.3577094994 0.1987321802 0.9249289552 0.0450104716 0.0415932323 0.0153315074 0.4364362819 0.2443813053 0.5863172294 0.0856125951 0.7661126650 0.4239723679 0.1761032258 0.6043136246
0.6154738449 0.0000000000 0.7126847232 0.4136924716 0.6860311765 0.7841778480 0.5486556252 0.1322876325 0.5763823712 0.9679951012 0.7984109016 0.9273417455 0.1818964050 0.1855829500 0.7803941481 0.1606472155 0.9118412098
0.4383692585 0.7126847232 0.0000000000 0.0282964782 0.3633337436 0.2401477211 0.5652728397 0.5036950661 0.8406042212 0.4803199244 0.4355875831 0.3542832311 0.5621568632 0.8847743752 0.1294455744 0.1767820083 0.9800559704
0.3577094994 0.4136924716 0.0282964782 0.0000000000 0.1880202815 0.0573722826 0.5621758929 0.0615088769 0.2677526956 0.3668197479 0.3918203976 0.6023789236 0.3446851477 0.6831972109 0.3711828459 0.8345228525 0.2238638593
0.1987321802 0.6860311765 0.3633337436 0.1880202815 0.0000000000 0.4003561689 0.8603298590 0.8618947843 0.1995652176 0.4192424551 0.0690623052 0.8832113590 0.1452905652 0.1719038185 0.7246391360 0.8630736090 0.7410378099
0.9249289552 0.7841778480 0.2401477211 0.0573722826 0.4003561689 0.0000000000 0.4877683630 0.3913193004 0.2987928982 0.7519427325 0.3600856892 0.7234907365 0.9967697918 0.7655469475 0.9526491070 0.0679444241 0.3201264326
0.0450104716 0.5486556252 0.5652728397 0.5621758929 0.8603298590 0.4877683630 0.0000000000 0.8193637604 0.2503939897 0.9958901377 0.1983941602 0.9060772475 0.6021936997 0.5416001638 0.3004101558 0.4306235072 0.0301511838
0.0415932323 0.1322876325 0.5036950661 0.0615088769 0.8618947843 0.3913193004 0.8193637604 0.0000000000 0.1521058404 0.1631782208 0.3115677416 0.5869109672 0.6111612174 0.7423003317 0.5686044016 0.2309927948 0.4907266978
0.0153315074 0.5763823712 0.8406042212 0.2677526956 0.1995652176 0.2987928982 0.2503939897 0.1521058404 0.0000000000 0.8036870886 0.9186718273 0.6598745574 0.0045153041 0.8116071922 0.1150869412 0.2915288085 0.4906824407
0.4364362819 0.9679951012 0.4803199244 0.3668197479 0.4192424551 0.7519427325 0.9958901377 0.1631782208 0.8036870886 0.0000000000 0.4847370432 0.5072696719 0.1173442875 0.1345300587 0.9897234879 0.5730405801 0.4628390942
0.2443813053 0.7984109016 0.4355875831 0.3918203976 0.0690623052 0.3600856892 0.1983941602 0.3115677416 0.9186718273 0.4847370432 0.0000000000 0.9571339241 0.8208742822 0.9811394405 0.7873002269 0.5420931820 0.7749422566
0.5863172294 0.9273417455 0.3542832311 0.6023789236 0.8832113590 0.7234907365 0.9060772475 0.5869109672 0.6598745574 0.5072696719 0.9571339241 0.0000000000 0.0785266703 0.5294598601 0.4501392762 0.0715708520 0.5651932304
0.0856125951 0.1818964050 0.5621568632 0.3446851477 0.1452905652 0.9967697918 0.6021936997 0.6111612174 0.0045153041 0.1173442875 0.8208742822 0.0785266703 0.0000000000 0.6635453680 0.7801311328 0.5928200983 0.5186191705
0.7661126650 0.1855829500 0.8847743752 0.6831972109 0.1719038185 0.7655469475 0.5416001638 0.7423003317 0.8116071922 0.1345300587 0.9811394405 0.5294598601 0.6635453680 0.0000000000 0.0685170337 0.8750020949 0.4192941109
0.4239723679 0.7803941481 0.1294455744 0.3711828459 0.7246391360 0.9526491070 0.3004101558 0.5686044016 0.1150869412 0.9897234879 0.7873002269 0.4501392762 0.7801311328 0.0685170337 0.0000000000 0.8606843886 0.0330336593
0.1761032258 0.1606472155 0.1767820083 0.8345228525 0.8630736090 0.0679444241 0.4306235072 0.2309927948 0.2915288085 0.5730405801 0.5420931820 0.0715708520 0.5928200983 0.8750020949 0.8606843886 0.0000000000 0.7425134058
0.6043136246 0.9118412098 0.9800559704 0.2238638593 0.7410378099 0.3201264326 0.0301511838 0.4907266978 0.4906824407 0.4628390942 0.7749422566 0.5651932304 0.5186191705 0.4192941109 0.0330336593 0.7425134058 0.0000000000
