# MCW Instance
# Type: UNIFORM
# N: 17
# Optimal cost: 1.8503168979776854
# Optimal tour (permutation): [0, 5, 9, 3, 10, 16, 1, 6, 13, 15, 2, 11, 8, 4, 14, 12, 7, 0]
# Optimal walk (full path): [0, 5, 9, 3, 10, 1, 16, 1, 10, 6, 13, 15, 2, 15, 11, 4, 8, 4, 14, 12, 7, 0]
# Walk size: 22
# Is walk (has repeats): true

# Distance Matrix
0.0000000000 0.3702733974 0.5982449343 0.8142951832 0.9733311605 0.0638892999 0.6026024522 0.0737311651 0.7984635795 0.4047625990 0.5502235629 0.0829263952 0.5888180444 0.4804028285 0.5130058512 0.8700251441 0.5311538235
0.3702733974 0.0000000000 0.8656884436 0.4694373412 0.7044294745 0.4263834204 0.3754186458 0.5427070705 0.8489738599 0.9225032333 0.0121023760 0.5458463143 0.5488562583 0.7031299140 0.6024232335 0.8480912701 0.0754710451
0.5982449343 0.8656884436 0.0000000000 0.9900708070 0.3355454316 0.6479466462 0.6286415585 0.6802722854 0.9174028666 0.8409692808 0.1673506436 0.9306523494 0.3373395549 0.8040794774 0.7869202804 0.0287389727 0.3069465187
0.8142951832 0.4694373412 0.9900708070 0.0000000000 0.5832470020 0.0896915388 0.9426995711 0.2756664828 0.1676876798 0.1066090317 0.0312603546 0.5537147274 0.7612458420 0.7187147534 0.0121793274 0.4800904900 0.2204264628
0.9733311605 0.7044294745 0.3355454316 0.5832470020 0.0000000000 0.2004078823 0.4373502211 0.7619303390 0.1185803297 0.4604290881 0.6032787350 0.0811812069 0.2170344598 0.7918789381 0.0375865721 0.8155474724 0.4764989839
0.0638892999 0.4263834204 0.6479466462 0.0896915388 0.2004078823 0.0000000000 0.4591816632 0.4453631010 0.2528928747 0.1258710335 0.2477577550 0.2735978516 0.9917550003 0.7205948295 0.1812692195 0.8575921694 0.3153560472
0.6026024522 0.3754186458 0.6286415585 0.9426995711 0.4373502211 0.4591816632 0.0000000000 0.5690265858 0.9716540243 0.4501610719 0.2024707471 0.3827918622 0.4087671106 0.3026017010 0.2957383044 0.5159117214 0.8192974437
0.0737311651 0.5427070705 0.6802722854 0.2756664828 0.7619303390 0.4453631010 0.5690265858 0.0000000000 0.3658180349 0.5864825292 0.6975136363 0.9287314497 0.1106558271 0.7948298912 0.7342317169 0.9454855120 0.4284157963
0.7984635795 0.8489738599 0.9174028666 0.1676876798 0.1185803297 0.2528928747 0.9716540243 0.3658180349 0.0000000000 0.4248927214 0.2609401347 0.4529312604 0.5656771830 0.2570108985 0.2522525239 0.7428890334 0.5719777829
0.4047625990 0.9225032333 0.8409692808 0.1066090317 0.4604290881 0.1258710335 0.4501610719 0.5864825292 0.4248927214 0.0000000000 0.6025219173 0.6722593858 0.5532666371 0.7945606284 0.9912558775 0.3362644221 0.7828719147
0.5502235629 0.0121023760 0.1673506436 0.0312603546 0.6032787350 0.2477577550 0.2024707471 0.6975136363 0.2609401347 0.6025219173 0.0000000000 0.5413116716 0.0879285827 0.7858198463 0.6480291333 0.1511767781 0.5408323626
0.0829263952 0.5458463143 0.9306523494 0.5537147274 0.0811812069 0.2735978516 0.3827918622 0.9287314497 0.4529312604 0.6722593858 0.5413116716 0.0000000000 0.7371498134 0.9184812113 0.3607602972 0.1547006498 0.4530900508
0.5888180444 0.5488562583 0.3373395549 0.7612458420 0.2170344598 0.9917550003 0.4087671106 0.1106558271 0.5656771830 0.5532666371 0.0879285827 0.7371498134 0.0000000000 0.3241606438 0.0364719017 0.2493495139 0.2099611586
0.4804028285 0.7031299140 0.8040794774 0.7187147534 0.7918789381 0.7205948295 0.3026017010 0.7948298912 0.2570108985 0.7945606284 0.7858198463 0.9184812113 0.3241606438 0.0000000000 0.9597641174 0.0535019604 0.3166751244
0.5130058512 0.6024232335 0.7869202804 0.0121793274 0.0375865721 0.1812692195 0.2957383044 0.7342317169 0.2522525239 0.9912558775 0.6480291333 0.3607602972 0.0364719017 0.9597641174 0.0000000000 0.8833315098 0.5306672739
0.8700251441 0.8480912701 0.0287389727 0.4800904900 0.8155474724 0.8575921694 0.5159117214 0.9454855120 0.7428890334 0.3362644221 0.1511767781 0.1547006498 0.2493495139 0.0535019604 0.8833315098 0.0000000000 0.3460702008
0.5311538235 0.0754710451 0.3069465187 0.2204264628 0.4764989839 0.3153560472 0.8192974437 0.4284157963 0.5719777829 0.7828719147 0.5408323626 0.4530900508 0.2099611586 0.3166751244 0.5306672739 0.3460702008 0.0000000000
