# MCW Instance
# Type: UNIFORM
# N: 17
# Optimal cost: 2.023274008837609
# Optimal tour (permutation): [0, 14, 9, 6, 12, 8, 10, 1, 13, 7, 4, 11, 3, 16, 15, 2, 5, 0]
# Optimal walk (full path): [0, 14, 9, 6, 12, 8, 10, 1, 13, 7, 13, 8, 4, 8, 11, 3, 15, 16, 15, 2, 15, 5, 0]
# Walk size: 23
# Is walk (has repeats): true

# Distance Matrix
0.0000000000 0.7361077088 0.3368961644 0.3722790380 0.3948687068 0.0522658815 0.7148895894 0.7800410542 0.4961180473 0.2160622929 0.2496575233 0.1541826893 0.6457457093 0.7734760983 0.1031559283 0.2267606794 0.7727054681
0.7361077088 0.0000000000 0.3680248694 0.2895182340 0.5540205203 0.2748026276 0.7475894406 0.5505448835 0.8840576681 0.5234718138 0.1851190618 0.2223211946 0.8805131648 0.1999082010 0.4555811941 0.4943607089 0.9271875033
0.3368961644 0.3680248694 0.0000000000 0.2785002845 0.8718726186 0.7995859601 0.6144332827 0.9510519047 0.5240086247 0.9416226506 0.1654141616 0.2940700680 0.7887603042 0.9652968347 0.4987934055 0.0214343842 0.3810101087
0.3722790380 0.2895182340 0.2785002845 0.0000000000 0.7068893088 0.8441426112 0.2360526285 0.7034483605 0.4226151702 0.8273372685 0.6966463576 0.0178342306 0.8869604889 0.7254327692 0.7495995514 0.0088970573 0.8769224104
0.3948687068 0.5540205203 0.8718726186 0.7068893088 0.0000000000 0.1539905697 0.7408419272 0.6410546413 0.0138628218 0.7945511802 0.4190281766 0.8184772420 0.5215997997 0.8959273111 0.5688129901 0.2506274332 0.5775252911
0.0522658815 0.2748026276 0.7995859601 0.8441426112 0.1539905697 0.0000000000 0.1902162518 0.8718111250 0.0982573983 0.5829512448 0.5529083391 0.7828706084 0.4289469704 0.8595508810 0.2061938241 0.0305762574 0.2466173102
0.7148895894 0.7475894406 0.6144332827 0.2360526285 0.7408419272 0.1902162518 0.0000000000 0.9906754034 0.5155478441 0.2034399322 0.8760564273 0.2694907858 0.4618990506 0.7670228941 0.7813446717 0.4902934517 0.6851646243
0.7800410542 0.5505448835 0.9510519047 0.7034483605 0.6410546413 0.8718111250 0.9906754034 0.0000000000 0.7722745416 0.4761695053 0.6250271809 0.5896607623 0.4616611238 0.0443708333 0.7639385676 0.3778738044 0.9571969142
0.4961180473 0.8840576681 0.5240086247 0.4226151702 0.0138628218 0.0982573983 0.5155478441 0.7722745416 0.0000000000 0.9306593340 0.0674710928 0.0363048228 0.2232796966 0.0843020190 0.3759135736 0.2355756893 0.5372707281
0.2160622929 0.5234718138 0.9416226506 0.8273372685 0.7945511802 0.5829512448 0.2034399322 0.4761695053 0.9306593340 0.0000000000 0.2426709302 0.5539812399 0.8267124910 0.7720495607 0.1269020486 0.6094228281 0.1164977785
0.2496575233 0.1851190618 0.1654141616 0.6966463576 0.4190281766 0.5529083391 0.8760564273 0.6250271809 0.0674710928 0.2426709302 0.0000000000 0.8973118618 0.5885134521 0.1179105992 0.3870101694 0.2401686618 0.2936831594
0.1541826893 0.2223211946 0.2940700680 0.0178342306 0.8184772420 0.7828706084 0.2694907858 0.5896607623 0.0363048228 0.5539812399 0.8973118618 0.0000000000 0.5108846536 0.1879463149 0.2106437050 0.3609885091 0.3386863836
0.6457457093 0.8805131648 0.7887603042 0.8869604889 0.5215997997 0.4289469704 0.4618990506 0.4616611238 0.2232796966 0.8267124910 0.5885134521 0.5108846536 0.0000000000 0.7750466982 0.3939546431 0.4787608809 0.7082307258
0.7734760983 0.1999082010 0.9652968347 0.7254327692 0.8959273111 0.8595508810 0.7670228941 0.0443708333 0.0843020190 0.7720495607 0.1179105992 0.1879463149 0.7750466982 0.0000000000 0.6939234314 0.1390036653 0.4198106697
0.1031559283 0.4555811941 0.4987934055 0.7495995514 0.5688129901 0.2061938241 0.7813446717 0.7639385676 0.3759135736 0.1269020486 0.3870101694 0.2106437050 0.3939546431 0.6939234314 0.0000000000 0.7126301777 0.9158145807
0.2267606794 0.4943607089 0.0214343842 0.0088970573 0.2506274332 0.0305762574 0.4902934517 0.3778738044 0.2355756893 0.6094228281 0.2401686618 0.3609885091 0.4787608809 0.1390036653 0.7126301777 0.0000000000 0.0312913248
0.7727054681 0.9271875033 0.3810101087 0.8769224104 0.5775252911 0.2466173102 0.6851646243 0.9571969142 0.5372707281 0.1164977785 0.2936831594 0.3386863836 0.7082307258 0.4198106697 0.9158145807 0.0312913248 0.0000000000
