# MCW Instance
# Type: UNIFORM
# N: 17
# Optimal cost: 1.3025319146969645
# Optimal tour (permutation): [0, 7, 8, 10, 1, 13, 3, 5, 12, 11, 6, 15, 4, 14, 9, 16, 2, 0]
# Optimal walk (full path): [0, 7, 8, 10, 1, 13, 3, 5, 12, 11, 6, 15, 4, 14, 9, 14, 16, 2, 16, 0]
# Walk size: 20
# Is walk (has repeats): true

# Distance Matrix
0.0000000000 0.4195322302 0.6970269389 0.9660974555 0.8967579901 0.9461389278 0.7051619330 0.2250559707 0.6556661809 0.4079378674 0.4894739921 0.8258854947 0.5522755308 0.9798510892 0.5704870564 0.2708270239 0.1415198077
0.4195322302 0.0000000000 0.9628941828 0.8887032345 0.2939672354 0.8217927162 0.8127737760 0.7047682165 0.9900297395 0.7507923168 0.0529008515 0.4672817546 0.7162687846 0.0802218447 0.9392818079 0.4349040565 0.1940102354
0.6970269389 0.9628941828 0.0000000000 0.2496114117 0.6832259783 0.8794494788 0.9404850195 0.5101900797 0.7575348961 0.7679467163 0.1469527546 0.8116507630 0.3128153275 0.9241846247 0.3857141498 0.6778155385 0.0127843117
0.9660974555 0.8887032345 0.2496114117 0.0000000000 0.8040514134 0.0764627459 0.7216221138 0.6609110488 0.1840139559 0.4715281043 0.0055170140 0.8354675995 0.2583737129 0.0299137957 0.5402543308 0.3760360080 0.8684736947
0.8967579901 0.2939672354 0.6832259783 0.8040514134 0.0000000000 0.4416353598 0.8332638240 0.9717468857 0.8458209501 0.2367152051 0.5471653822 0.2900003119 0.7411278163 0.8672921673 0.0096716005 0.0541473059 0.5325637016
0.9461389278 0.8217927162 0.8794494788 0.0764627459 0.4416353598 0.0000000000 0.3866561594 0.5280337340 0.2295857562 0.2590494681 0.3656186817 0.2043507722 0.0099519312 0.9082138662 0.4844827085 0.2224752891 0.6085650460
0.7051619330 0.8127737760 0.9404850195 0.7216221138 0.8332638240 0.3866561594 0.0000000000 0.3036722618 0.3179760025 0.3829135613 0.9550089789 0.1825755569 0.1908641112 0.9990321136 0.2727114955 0.1319172478 0.6235606992
0.2250559707 0.7047682165 0.5101900797 0.6609110488 0.9717468857 0.5280337340 0.3036722618 0.0000000000 0.1360460180 0.1706083203 0.5608749094 0.8099043519 0.5736792763 0.3204558569 0.4265021177 0.7733726116 0.8040511119
0.6556661809 0.9900297395 0.7575348961 0.1840139559 0.8458209501 0.2295857562 0.3179760025 0.1360460180 0.0000000000 0.0110826175 0.0013751823 0.3333555079 0.8382559490 0.8718463324 0.5743387815 0.7797126414 0.5882695181
0.4079378674 0.7507923168 0.7679467163 0.4715281043 0.2367152051 0.2590494681 0.3829135613 0.1706083203 0.0110826175 0.0000000000 0.8397901680 0.6092832892 0.2016889332 0.1152271009 0.0084679971 0.5519255293 0.7463664813
0.4894739921 0.0529008515 0.1469527546 0.0055170140 0.5471653822 0.3656186817 0.9550089789 0.5608749094 0.0013751823 0.8397901680 0.0000000000 0.0907838556 0.3411351695 0.1708542505 0.6921806316 0.4051820622 0.3569780359
0.8258854947 0.4672817546 0.8116507630 0.8354675995 0.2900003119 0.2043507722 0.1825755569 0.8099043519 0.3333555079 0.6092832892 0.0907838556 0.0000000000 0.0466401093 0.1146307073 0.9738129187 0.8062818061 0.5815994308
0.5522755308 0.7162687846 0.3128153275 0.2583737129 0.7411278163 0.0099519312 0.1908641112 0.5736792763 0.8382559490 0.2016889332 0.3411351695 0.0466401093 0.0000000000 0.0941670011 0.4434760130 0.0389128805 0.6928399112
0.9798510892 0.0802218447 0.9241846247 0.0299137957 0.8672921673 0.9082138662 0.9990321136 0.3204558569 0.8718463324 0.1152271009 0.1708542505 0.1146307073 0.0941670011 0.0000000000 0.8703372475 0.6802021880 0.2402186047
0.5704870564 0.9392818079 0.3857141498 0.5402543308 0.0096716005 0.4844827085 0.2727114955 0.4265021177 0.5743387815 0.0084679971 0.6921806316 0.9738129187 0.4434760130 0.8703372475 0.0000000000 0.1725052785 0.0816273291
0.2708270239 0.4349040565 0.6778155385 0.3760360080 0.0541473059 0.2224752891 0.1319172478 0.7733726116 0.7797126414 0.5519255293 0.4051820622 0.8062818061 0.0389128805 0.6802021880 0.1725052785 0.0000000000 0.6324209791
0.1415198077 0.1940102354 0.0127843117 0.8684736947 0.5325637016 0.6085650460 0.6235606992 0.8040511119 0.5882695181 0.7463664813 0.3569780359 0.5815994308 0.6928399112 0.2402186047 0.0816273291 0.6324209791 0.0000000000
