# MCW Instance
# Type: UNIFORM
# N: 17
# Optimal cost: 1.7144802868343785
# Optimal tour (permutation): [0, 11, 5, 13, 4, 14, 8, 16, 10, 15, 3, 1, 2, 12, 9, 7, 6, 0]
# Optimal walk (full path): [0, 11, 5, 13, 4, 14, 8, 16, 10, 15, 3, 15, 1, 2, 12, 9, 7, 6, 0]
# Walk size: 19
# Is walk (has repeats): true

# Distance Matrix
0.0000000000 0.0572061159 0.2112302282 0.4938205935 0.5231912698 0.5662753323 0.2049391996 0.9487903196 0.9000112078 0.7569547360 0.7083150427 0.0481163366 0.9482857045 0.5529408878 0.0813547522 0.8139120054 0.7259004697
0.0572061159 0.0000000000 0.1338398962 0.4389796831 0.5067998723 0.2671142541 0.4225531058 0.2210027417 0.7762652215 0.9626692874 0.2667093861 0.3972819488 0.5822205626 0.2163382156 0.3241851276 0.0654148638 0.2381528898
0.2112302282 0.1338398962 0.0000000000 0.1201261327 0.6637279678 0.8008677418 0.6928279833 0.8835093765 0.8739282324 0.7532222302 0.2153768449 0.2765073810 0.0372578475 0.1472617270 0.9776916184 0.4020478315 0.2706230998
0.4938205935 0.4389796831 0.1201261327 0.0000000000 0.5439080564 0.6384091750 0.6999993017 0.6598547720 0.9435588307 0.9243628927 0.2034096971 0.3227848531 0.5731644576 0.3782339518 0.7169030579 0.0240362045 0.9884228682
0.5231912698 0.5067998723 0.6637279678 0.5439080564 0.0000000000 0.8952356712 0.7678509384 0.2343782563 0.9437595048 0.4070155348 0.8928490607 0.7784775183 0.3352985376 0.0875614539 0.0651937507 0.2470992807 0.4058208306
0.5662753323 0.2671142541 0.8008677418 0.6384091750 0.8952356712 0.0000000000 0.7537499247 0.8434668433 0.1632928944 0.3157431070 0.7122758795 0.1270016113 0.4868192444 0.1304417810 0.1650551782 0.2409167619 0.4170568366
0.2049391996 0.4225531058 0.6928279833 0.6999993017 0.7678509384 0.7537499247 0.0000000000 0.2517839064 0.4267922203 0.4415691400 0.6118476874 0.3305169014 0.6312572326 0.8326898933 0.8782226420 0.7362079586 0.3069185379
0.9487903196 0.2210027417 0.8835093765 0.6598547720 0.2343782563 0.8434668433 0.2517839064 0.0000000000 0.1131334139 0.1106705816 0.7327123581 0.1879274883 0.5390819040 0.7535941359 0.6096900616 0.8930547072 0.9767124327
0.9000112078 0.7762652215 0.8739282324 0.9435588307 0.9437595048 0.1632928944 0.4267922203 0.1131334139 0.0000000000 0.3468196425 0.1544780463 0.6530281772 0.9457479841 0.7765068499 0.0136654109 0.0958252729 0.1099774785
0.7569547360 0.9626692874 0.7532222302 0.9243628927 0.4070155348 0.3157431070 0.4415691400 0.1106705816 0.3468196425 0.0000000000 0.6985294391 0.6900074266 0.2098219755 0.7577441076 0.2273749322 0.1478531561 0.9963048143
0.7083150427 0.2667093861 0.2153768449 0.2034096971 0.8928490607 0.7122758795 0.6118476874 0.7327123581 0.1544780463 0.6985294391 0.0000000000 0.4335653276 0.3908381805 0.2590513108 0.9957019281 0.0314617338 0.0392600506
0.0481163366 0.3972819488 0.2765073810 0.3227848531 0.7784775183 0.1270016113 0.3305169014 0.1879274883 0.6530281772 0.6900074266 0.4335653276 0.0000000000 0.6113370030 0.8259916557 0.3412366774 0.8677887493 0.5224919734
0.9482857045 0.5822205626 0.0372578475 0.5731644576 0.3352985376 0.4868192444 0.6312572326 0.5390819040 0.9457479841 0.2098219755 0.3908381805 0.6113370030 0.0000000000 0.1070982540 0.2508615629 0.9611184790 0.4561093513
0.5529408878 0.2163382156 0.1472617270 0.3782339518 0.0875614539 0.1304417810 0.8326898933 0.7535941359 0.7765068499 0.7577441076 0.2590513108 0.8259916557 0.1070982540 0.0000000000 0.6616865183 0.5512870063 0.8023859871
0.0813547522 0.3241851276 0.9776916184 0.7169030579 0.0651937507 0.1650551782 0.8782226420 0.6096900616 0.0136654109 0.2273749322 0.9957019281 0.3412366774 0.2508615629 0.6616865183 0.0000000000 0.4185836558 0.6806177487
0.8139120054 0.0654148638 0.4020478315 0.0240362045 0.2470992807 0.2409167619 0.7362079586 0.8930547072 0.0958252729 0.1478531561 0.0314617338 0.8677887493 0.9611184790 0.5512870063 0.4185836558 0.0000000000 0.5644130191
0.7259004697 0.2381528898 0.2706230998 0.9884228682 0.4058208306 0.4170568366 0.3069185379 0.9767124327 0.1099774785 0.9963048143 0.0392600506 0.5224919734 0.4561093513 0.8023859871 0.6806177487 0.5644130191 0.0000000000
