# MCW Instance
# Type: UNIFORM
# N: 17
# Optimal cost: 1.4470259231082192
# Optimal tour (permutation): [0, 11, 4, 2, 10, 6, 15, 3, 5, 12, 1, 8, 7, 13, 9, 14, 16, 0]
# Optimal walk (full path): [0, 2, 4, 11, 4, 2, 10, 6, 15, 3, 5, 1, 12, 1, 8, 7, 13, 9, 14, 16, 14, 0]
# Walk size: 22
# Is walk (has repeats): true

# Distance Matrix
0.0000000000 0.8183187533 0.1543539048 0.2581356785 0.6820808907 0.6584547501 0.6981615948 0.9259166872 0.5015317448 0.4732525294 0.3913518651 0.5892305534 0.8008544205 0.7247943000 0.1729939128 0.5287537512 0.9898098597
0.8183187533 0.0000000000 0.8714259812 0.7806540998 0.3854575087 0.0132645882 0.1369266695 0.2748768710 0.0895717455 0.7275626223 0.7290964315 0.2628166201 0.0270682412 0.2657365614 0.3146772653 0.2502503593 0.3409103902
0.1543539048 0.8714259812 0.0000000000 0.5556506692 0.0584993141 0.6537399372 0.5309185132 0.6483335009 0.8169706906 0.1385017215 0.0639508592 0.5381705924 0.1395058655 0.1125806697 0.5352027221 0.7122930033 0.5762142354
0.2581356785 0.7806540998 0.5556506692 0.0000000000 0.4042145971 0.0317768792 0.7534105335 0.4161467012 0.3768141104 0.7412807005 0.9385033025 0.3876253776 0.9947717684 0.5210564107 0.9251987545 0.0406571219 0.6433540906
0.6820808907 0.3854575087 0.0584993141 0.4042145971 0.0000000000 0.0977530743 0.2983258323 0.5011592208 0.8272183918 0.8022997241 0.9610515878 0.0377009206 0.2246359443 0.2619413887 0.0981701009 0.4136924587 0.9582915869
0.6584547501 0.0132645882 0.6537399372 0.0317768792 0.0977530743 0.0000000000 0.2688506436 0.7135269317 0.3114284233 0.3585693645 0.1239293797 0.5492273225 0.2091197991 0.9415227697 0.1147667779 0.5311894801 0.9680253939
0.6981615948 0.1369266695 0.5309185132 0.7534105335 0.2983258323 0.2688506436 0.0000000000 0.8012668868 0.4283212658 0.7537690000 0.0440193401 0.1253191882 0.7217452344 0.4155942627 0.6764089452 0.0814547700 0.7788738633
0.9259166872 0.2748768710 0.6483335009 0.4161467012 0.5011592208 0.7135269317 0.8012668868 0.0000000000 0.0494166768 0.6265428550 0.8959304722 0.1652498971 0.8506941382 0.0397264381 0.5454720327 0.5611583626 0.9027891017
0.5015317448 0.0895717455 0.8169706906 0.3768141104 0.8272183918 0.3114284233 0.4283212658 0.0494166768 0.0000000000 0.7861877533 0.1192067979 0.4999968624 0.6210782287 0.2003142045 0.5717642121 0.5684081278 0.7939331210
0.4732525294 0.7275626223 0.1385017215 0.7412807005 0.8022997241 0.3585693645 0.7537690000 0.6265428550 0.7861877533 0.0000000000 0.4821062943 0.2850548287 0.7349537022 0.1854468854 0.1507716209 0.5837780304 0.3657087379
0.3913518651 0.7290964315 0.0639508592 0.9385033025 0.9610515878 0.1239293797 0.0440193401 0.8959304722 0.1192067979 0.4821062943 0.0000000000 0.7829445372 0.8476088284 0.1084976087 0.6580094246 0.4217298521 0.4738075100
0.5892305534 0.2628166201 0.5381705924 0.3876253776 0.0377009206 0.5492273225 0.1253191882 0.1652498971 0.4999968624 0.2850548287 0.7829445372 0.0000000000 0.7401631400 0.6776867154 0.7001850747 0.1185171868 0.5912447561
0.8008544205 0.0270682412 0.1395058655 0.9947717684 0.2246359443 0.2091197991 0.7217452344 0.8506941382 0.6210782287 0.7349537022 0.8476088284 0.7401631400 0.0000000000 0.9204708391 0.8102537772 0.4835144197 0.4311872140
0.7247943000 0.2657365614 0.1125806697 0.5210564107 0.2619413887 0.9415227697 0.4155942627 0.0397264381 0.2003142045 0.1854468854 0.1084976087 0.6776867154 0.9204708391 0.0000000000 0.3348529415 0.1515019081 0.5430242116
0.1729939128 0.3146772653 0.5352027221 0.9251987545 0.0981701009 0.1147667779 0.6764089452 0.5454720327 0.5717642121 0.1507716209 0.6580094246 0.7001850747 0.8102537772 0.3348529415 0.0000000000 0.7976790664 0.0415421141
0.5287537512 0.2502503593 0.7122930033 0.0406571219 0.4136924587 0.5311894801 0.0814547700 0.5611583626 0.5684081278 0.5837780304 0.4217298521 0.1185171868 0.4835144197 0.1515019081 0.7976790664 0.0000000000 0.3713651508
0.9898098597 0.3409103902 0.5762142354 0.6433540906 0.9582915869 0.9680253939 0.7788738633 0.9027891017 0.7939331210 0.3657087379 0.4738075100 0.5912447561 0.4311872140 0.5430242116 0.0415421141 0.3713651508 0.0000000000
