# Graph size: 17
# Optimal cost: 1.3324001774280314

# Distance Matrix
0.0 0.0050135889867436445 0.7334588612015762 0.05259790645386819 0.5063242963814655 0.5126868832958523 0.5862278772043756 0.41154264521997286 0.4280647786599804 0.14365987749449172 0.440357236344306 0.8898033640866811 0.7795362050398974 0.4623175891504674 0.9187454946877011 0.09521484892547738 0.6443487698775895
0.0050135889867436445 0.0 0.4072443534949517 0.14129025244935678 0.0032712196297951524 0.7676414052361439 0.10007384032626199 0.9978507204837259 0.5899547595104764 0.7328153144728417 0.027829591797529418 0.7729492832479771 0.8488128097797013 0.15860076896233388 0.41348344671917436 0.3717541939371878 0.22234205479450853
0.7334588612015762 0.4072443534949517 0.0 0.025862696293417087 0.3404365298766121 0.7494247032086712 0.9943418284514575 0.9867147775099397 0.728853667573177 0.5296890797816105 0.9877493882455126 0.7829253776567312 0.5752585885705113 0.2135648460977141 0.9915715933194098 0.7062633865742306 0.9615239636043176
0.05259790645386819 0.14129025244935678 0.025862696293417087 0.0 0.8254197510072938 0.700878952224158 0.37034550177027525 0.21536698828386214 0.32111095295770964 0.5954299029124804 0.9317108029526497 0.26168754031685026 0.5917293364655833 0.10534436391013347 0.2972626351525508 0.6425627323988429 0.4365140734135369
0.5063242963814655 0.0032712196297951524 0.3404365298766121 0.8254197510072938 0.0 0.6163471990445797 0.7858815660861683 0.90343804269856 0.44979274718192463 0.3524543132599165 0.17392764597739718 0.04403197012225002 0.36934048398676855 0.9405746173533389 0.04751389928428462 0.5146975565914146 0.06734102421511257
0.5126868832958523 0.7676414052361439 0.7494247032086712 0.700878952224158 0.6163471990445797 0.0 0.5093540882452878 0.9088471991350873 0.8024607692673414 0.030171728888941818 0.5036881101143026 0.5395968803449158 0.9956822247705825 0.8695234655730483 0.006681290062240719 0.7111651141102789 0.8422655865143871
0.5862278772043756 0.10007384032626199 0.9943418284514575 0.37034550177027525 0.7858815660861683 0.5093540882452878 0.0 0.13490540739050794 0.252434650409067 0.4498975677732042 0.723561744786663 0.4563738444089921 0.18589177160316583 0.7146867162929079 0.6545957860238041 0.8363632677212581 0.38007729041037197
0.41154264521997286 0.9978507204837259 0.9867147775099397 0.21536698828386214 0.90343804269856 0.9088471991350873 0.13490540739050794 0.0 0.525084177825068 0.8909688107350031 0.7307867960290142 0.3564125663673767 0.2899526140866264 0.9737643523847865 0.41211253043337603 0.3703947624876692 0.32985187326261334
0.4280647786599804 0.5899547595104764 0.728853667573177 0.32111095295770964 0.44979274718192463 0.8024607692673414 0.252434650409067 0.525084177825068 0.0 0.0760151906900447 0.990910767891018 0.022777461123244858 0.36076789086984096 0.3277630370145974 0.3874069639300114 0.635492135125849 0.012457132387367342
0.14365987749449172 0.7328153144728417 0.5296890797816105 0.5954299029124804 0.3524543132599165 0.030171728888941818 0.4498975677732042 0.8909688107350031 0.0760151906900447 0.0 0.39147010708780383 0.49086363247777987 0.1919017634301744 0.2915932708338227 0.9355182553547853 0.7221537468492334 0.7825788903634876
0.440357236344306 0.027829591797529418 0.9877493882455126 0.9317108029526497 0.17392764597739718 0.5036881101143026 0.723561744786663 0.7307867960290142 0.990910767891018 0.39147010708780383 0.0 0.2680670878750955 0.8107576639484888 0.22367745408192852 0.9206526698423237 0.16220419559888222 0.6735439665289147
0.8898033640866811 0.7729492832479771 0.7829253776567312 0.26168754031685026 0.04403197012225002 0.5395968803449158 0.4563738444089921 0.3564125663673767 0.022777461123244858 0.49086363247777987 0.2680670878750955 0.0 0.9408124835440667 0.7948704057520714 0.4413300200449992 0.5184291744868753 0.930378338021952
0.7795362050398974 0.8488128097797013 0.5752585885705113 0.5917293364655833 0.36934048398676855 0.9956822247705825 0.18589177160316583 0.2899526140866264 0.36076789086984096 0.1919017634301744 0.8107576639484888 0.9408124835440667 0.0 0.5138710035913431 0.4960243929848216 0.08464778575284582 0.3341326532176282
0.4623175891504674 0.15860076896233388 0.2135648460977141 0.10534436391013347 0.9405746173533389 0.8695234655730483 0.7146867162929079 0.9737643523847865 0.3277630370145974 0.2915932708338227 0.22367745408192852 0.7948704057520714 0.5138710035913431 0.0 0.6617692447954636 0.9595734760434447 0.38276715535418704
0.9187454946877011 0.41348344671917436 0.9915715933194098 0.2972626351525508 0.04751389928428462 0.006681290062240719 0.6545957860238041 0.41211253043337603 0.3874069639300114 0.9355182553547853 0.9206526698423237 0.4413300200449992 0.4960243929848216 0.6617692447954636 0.0 0.5891079501847059 0.033001137351966525
0.09521484892547738 0.3717541939371878 0.7062633865742306 0.6425627323988429 0.5146975565914146 0.7111651141102789 0.8363632677212581 0.3703947624876692 0.635492135125849 0.7221537468492334 0.16220419559888222 0.5184291744868753 0.08464778575284582 0.9595734760434447 0.5891079501847059 0.0 0.7585397928802697
0.6443487698775895 0.22234205479450853 0.9615239636043176 0.4365140734135369 0.06734102421511257 0.8422655865143871 0.38007729041037197 0.32985187326261334 0.012457132387367342 0.7825788903634876 0.6735439665289147 0.930378338021952 0.3341326532176282 0.38276715535418704 0.033001137351966525 0.7585397928802697 0.0

# Optimal Walk
0 15 12 6 7 3 2 13 10 1 11 8 16 14 9 5 4 0
