# MCW Instance
# Type: UNIFORM
# N: 17
# Optimal cost: 1.4257594449103088
# Optimal tour (permutation): [0, 12, 2, 11, 3, 4, 5, 13, 15, 9, 16, 7, 10, 8, 14, 1, 6, 0]
# Optimal walk (full path): [0, 12, 2, 11, 3, 4, 5, 13, 15, 9, 16, 7, 8, 10, 8, 14, 1, 6, 12, 0]
# Walk size: 20
# Is walk (has repeats): true

# Distance Matrix
0.0000000000 0.9797098293 0.9027611098 0.6751953126 0.5685953979 0.7880015569 0.8538663300 0.4418201405 0.5109171995 0.5150046885 0.5725426816 0.3389336935 0.0880191898 0.1779134531 0.7580744635 0.2259770913 0.6915121065
0.9797098293 0.0000000000 0.1576970427 0.7009430579 0.2428488671 0.8568073085 0.1481723300 0.2488837714 0.5389197404 0.7746988605 0.7093406456 0.1371938665 0.7313267320 0.3328611130 0.0463573810 0.6300994686 0.3354973662
0.9027611098 0.1576970427 0.0000000000 0.1501835223 0.6989791995 0.5850285828 0.2399557253 0.6225274254 0.6710603698 0.2479258267 0.4078140843 0.0854043279 0.1556464193 0.3152842276 0.3789551768 0.8172389314 0.4184396960
0.6751953126 0.7009430579 0.1501835223 0.0000000000 0.0573581134 0.8197618384 0.7562943375 0.5908880398 0.5870601349 0.3213522111 0.4850007452 0.0938744620 0.6803348227 0.8826302992 0.2473434746 0.1639620151 0.9063400711
0.5685953979 0.2428488671 0.6989791995 0.0573581134 0.0000000000 0.0310634820 0.5081294024 0.4863749215 0.2095563806 0.3319495022 0.8373660206 0.2523732702 0.5009841382 0.1160378918 0.7086504130 0.0534054973 0.2618765312
0.7880015569 0.8568073085 0.5850285828 0.8197618384 0.0310634820 0.0000000000 0.6157216412 0.1373800474 0.9003991119 0.6409963620 0.3416166506 0.9527611365 0.3137767404 0.0351728786 0.4541984693 0.8970047858 0.8682615910
0.8538663300 0.1481723300 0.2399557253 0.7562943375 0.5081294024 0.6157216412 0.0000000000 0.6829745402 0.0892667746 0.6757643599 0.7962621878 0.3726025290 0.0813600750 0.5457824815 0.2546032605 0.9676484219 0.2958444594
0.4418201405 0.2488837714 0.6225274254 0.5908880398 0.4863749215 0.1373800474 0.6829745402 0.0000000000 0.0188796751 0.6415967525 0.0881494052 0.8282518049 0.7858306066 0.9149220605 0.9494125179 0.6585444662 0.0193383851
0.5109171995 0.5389197404 0.6710603698 0.5870601349 0.2095563806 0.9003991119 0.0892667746 0.0188796751 0.0000000000 0.2055127123 0.0573691398 0.9583351683 0.8022310483 0.1486223197 0.1867597558 0.1406918144 0.5451684504
0.5150046885 0.7746988605 0.2479258267 0.3213522111 0.3319495022 0.6409963620 0.6757643599 0.6415967525 0.2055127123 0.0000000000 0.2604694048 0.8272380386 0.9150093690 0.9075623279 0.3773374625 0.0725224049 0.0635318818
0.5725426816 0.7093406456 0.4078140843 0.4850007452 0.8373660206 0.3416166506 0.7962621878 0.0881494052 0.0573691398 0.2604694048 0.0000000000 0.9160754782 0.6437330589 0.7490124144 0.3914592467 0.6869810755 0.7871810613
0.3389336935 0.1371938665 0.0854043279 0.0938744620 0.2523732702 0.9527611365 0.3726025290 0.8282518049 0.9583351683 0.8272380386 0.9160754782 0.0000000000 0.4328261646 0.3191755109 0.4018263028 0.4494631749 0.8880041798
0.0880191898 0.7313267320 0.1556464193 0.6803348227 0.5009841382 0.3137767404 0.0813600750 0.7858306066 0.8022310483 0.9150093690 0.6437330589 0.4328261646 0.0000000000 0.8829862509 0.9602591819 0.1575822780 0.3736640432
0.1779134531 0.3328611130 0.3152842276 0.8826302992 0.1160378918 0.0351728786 0.5457824815 0.9149220605 0.1486223197 0.9075623279 0.7490124144 0.3191755109 0.8829862509 0.0000000000 0.4898549023 0.0395412137 0.1124611929
0.7580744635 0.0463573810 0.3789551768 0.2473434746 0.7086504130 0.4541984693 0.2546032605 0.9494125179 0.1867597558 0.3773374625 0.3914592467 0.4018263028 0.9602591819 0.4898549023 0.0000000000 0.2141794684 0.6319786850
0.2259770913 0.6300994686 0.8172389314 0.1639620151 0.0534054973 0.8970047858 0.9676484219 0.6585444662 0.1406918144 0.0725224049 0.6869810755 0.4494631749 0.1575822780 0.0395412137 0.2141794684 0.0000000000 0.1271826040
0.6915121065 0.3354973662 0.4184396960 0.9063400711 0.2618765312 0.8682615910 0.2958444594 0.0193383851 0.5451684504 0.0635318818 0.7871810613 0.8880041798 0.3736640432 0.1124611929 0.6319786850 0.1271826040 0.0000000000
