# Graph size: 17
# Optimal cost: 1.4695153752941517

# Distance Matrix
0.0 0.5814295490075373 0.1880887539675251 0.6306422107689167 0.924968159564239 0.3642798689059279 0.9076320684948752 0.7443352439530786 0.5020268674787854 0.7079429909649458 0.089550132619311 0.8261932569237548 0.9046967800757648 0.08978823531997637 0.0030247152853974946 0.8405276100210265 0.4570949154632362
0.5814295490075373 0.0 0.5980815962671567 0.5874253498990458 0.04231701100800889 0.3362527077199048 0.9223103183287115 0.35530926474646274 0.6594614999674645 0.4668081718643776 0.8947935072709272 0.47192829051222196 0.9661813951354018 0.8164632270798434 0.07213424356813691 0.01273810935188291 0.7326987561934054
0.1880887539675251 0.5980815962671567 0.0 0.48481509780302523 0.6585459162769793 0.3154442760397951 0.6154412681714029 0.28383463795459063 0.667811630497314 0.2894085883373554 0.9123590769867078 0.3451780051328608 0.5966123198865214 0.5227781340738459 0.24954783146077786 0.6576828242285709 0.03918606571954342
0.6306422107689167 0.5874253498990458 0.48481509780302523 0.0 0.03648893329747305 0.18822150626149126 0.3378135437679577 0.6117565807306372 0.574334483779259 0.4451813086909576 0.8664850405055292 0.27489698705607546 0.38957938934601977 0.40527752001927264 0.4876074017678126 0.6429702256775165 0.5911364141323097
0.924968159564239 0.04231701100800889 0.6585459162769793 0.03648893329747305 0.0 0.8709635124667443 0.4568590899636774 0.1520145823255219 0.24611506993270138 0.5418921228043168 0.8536095499616465 0.020919383545466186 0.6005887497135056 0.5466064966646524 0.22457636863752417 0.7854624578968432 0.976716168361596
0.3642798689059279 0.3362527077199048 0.3154442760397951 0.18822150626149126 0.8709635124667443 0.0 0.4587290582265907 0.4147164560259945 0.8107572326331324 0.1318922367677695 0.6216534079535043 0.5590145696037009 0.5948842397626257 0.12439259819453408 0.27859637546146077 0.35824617511425594 0.8649584877547412
0.9076320684948752 0.9223103183287115 0.6154412681714029 0.3378135437679577 0.4568590899636774 0.4587290582265907 0.0 0.02001480715640369 0.9589678622094462 0.4424568128488692 0.43661000538375605 0.0955085738259831 0.807368791075651 0.837812794106289 0.5588322664783657 0.547126230562182 0.05812821998232731
0.7443352439530786 0.35530926474646274 0.28383463795459063 0.6117565807306372 0.1520145823255219 0.4147164560259945 0.02001480715640369 0.0 0.2956431805615396 0.9983793423515585 0.096413853235361 0.6561427975159555 0.5169066059632972 0.4313691266475499 0.3004024541330428 0.10388278126780326 0.11098077542537188
0.5020268674787854 0.6594614999674645 0.667811630497314 0.574334483779259 0.24611506993270138 0.8107572326331324 0.9589678622094462 0.2956431805615396 0.0 0.8044768352609524 0.8196477278980573 0.9747810395666126 0.4645859324625483 0.20407914387551762 0.3751057834635333 0.17482232589616742 0.5648189447574623
0.7079429909649458 0.4668081718643776 0.2894085883373554 0.4451813086909576 0.5418921228043168 0.1318922367677695 0.4424568128488692 0.9983793423515585 0.8044768352609524 0.0 0.42893645646573286 0.6336218932652183 0.9570021410798302 0.21968699414891424 0.900476679531267 0.8018471668465779 0.8974261464521459
0.089550132619311 0.8947935072709272 0.9123590769867078 0.8664850405055292 0.8536095499616465 0.6216534079535043 0.43661000538375605 0.096413853235361 0.8196477278980573 0.42893645646573286 0.0 0.0501955720023507 0.7644710569903007 0.27968878398247876 0.5271720040964712 0.08995825986783401 0.03886864085155206
0.8261932569237548 0.47192829051222196 0.3451780051328608 0.27489698705607546 0.020919383545466186 0.5590145696037009 0.0955085738259831 0.6561427975159555 0.9747810395666126 0.6336218932652183 0.0501955720023507 0.0 0.3269368335522673 0.0806379478825936 0.821460802753769 0.4447831724986251 0.33050115708040406
0.9046967800757648 0.9661813951354018 0.5966123198865214 0.38957938934601977 0.6005887497135056 0.5948842397626257 0.807368791075651 0.5169066059632972 0.4645859324625483 0.9570021410798302 0.7644710569903007 0.3269368335522673 0.0 0.8689532320479657 0.002525235132433745 0.1211019507532779 0.9247297343307579
0.08978823531997637 0.8164632270798434 0.5227781340738459 0.40527752001927264 0.5466064966646524 0.12439259819453408 0.837812794106289 0.4313691266475499 0.20407914387551762 0.21968699414891424 0.27968878398247876 0.0806379478825936 0.8689532320479657 0.0 0.1161276638487786 0.692184546399121 0.7679134821557974
0.0030247152853974946 0.07213424356813691 0.24954783146077786 0.4876074017678126 0.22457636863752417 0.27859637546146077 0.5588322664783657 0.3004024541330428 0.3751057834635333 0.900476679531267 0.5271720040964712 0.821460802753769 0.002525235132433745 0.1161276638487786 0.0 0.9135697233736652 0.7059685873977489
0.8405276100210265 0.01273810935188291 0.6576828242285709 0.6429702256775165 0.7854624578968432 0.35824617511425594 0.547126230562182 0.10388278126780326 0.17482232589616742 0.8018471668465779 0.08995825986783401 0.4447831724986251 0.1211019507532779 0.692184546399121 0.9135697233736652 0.0 0.47209206953534044
0.4570949154632362 0.7326987561934054 0.03918606571954342 0.5911364141323097 0.976716168361596 0.8649584877547412 0.05812821998232731 0.11098077542537188 0.5648189447574623 0.8974261464521459 0.03886864085155206 0.33050115708040406 0.9247297343307579 0.7679134821557974 0.7059685873977489 0.47209206953534044 0.0

# Optimal Walk
0 14 12 1 15 8 13 9 5 3 4 11 7 6 16 2 10 0
