# MCW Instance
# Type: UNIFORM
# N: 17
# Optimal cost: 1.0338698486917897
# Optimal tour (permutation): [0, 2, 14, 13, 11, 10, 9, 15, 7, 5, 16, 12, 8, 6, 4, 3, 1, 0]
# Optimal walk (full path): [0, 2, 14, 13, 11, 10, 11, 13, 14, 9, 14, 15, 7, 5, 8, 16, 12, 16, 8, 6, 4, 3, 1, 0]
# Walk size: 24
# Is walk (has repeats): true

# Distance Matrix
0.0000000000 0.1715704896 0.1029050830 0.6187503846 0.3287587712 0.6365324215 0.4418332060 0.9326615930 0.8602789945 0.7113116495 0.9205392474 0.6344178043 0.2103563251 0.2750535207 0.7921183883 0.6699829933 0.8238491786
0.1715704896 0.0000000000 0.4351541340 0.0100445951 0.7665427727 0.6071963495 0.5260208477 0.6123809489 0.5400262409 0.1615198760 0.5156095755 0.8312484604 0.4174022923 0.3898056605 0.3292909777 0.8836391636 0.3408219146
0.1029050830 0.4351541340 0.0000000000 0.7237978590 0.7109490154 0.4865724053 0.8466547680 0.4437821506 0.6328170038 0.7577576968 0.5196944397 0.8232218898 0.9384079366 0.3123418040 0.0112838062 0.1202504057 0.8569972447
0.6187503846 0.0100445951 0.7237978590 0.0000000000 0.0469809939 0.7798381738 0.7593117500 0.2634678652 0.3143946458 0.4632204366 0.3987808115 0.0739288931 0.9347191218 0.3246496110 0.9641838694 0.9653709558 0.7643960208
0.3287587712 0.7665427727 0.7109490154 0.0469809939 0.0000000000 0.5272995623 0.1416781668 0.6867225669 0.3489923682 0.0874724299 0.2727396560 0.5890237382 0.5232643418 0.2322072996 0.0685461968 0.6440342641 0.6899407085
0.6365324215 0.6071963495 0.4865724053 0.7798381738 0.5272995623 0.0000000000 0.5444110859 0.0713327645 0.1434461793 0.9081155969 0.7170753786 0.3300344048 0.4749707487 0.8528045749 0.9578698146 0.3288217529 0.8569226019
0.4418332060 0.5260208477 0.8466547680 0.7593117500 0.1416781668 0.5444110859 0.0000000000 0.1691321538 0.0863784679 0.8096729051 0.6795248160 0.7377828357 0.1484727697 0.7639141937 0.1490102792 0.8927617038 0.9357911988
0.9326615930 0.6123809489 0.4437821506 0.2634678652 0.6867225669 0.0713327645 0.1691321538 0.0000000000 0.5327023230 0.2596965028 0.6881747567 0.1430217821 0.6527084144 0.7295623154 0.8976534988 0.0216609685 0.8108042032
0.8602789945 0.5400262409 0.6328170038 0.3143946458 0.3489923682 0.1434461793 0.0863784679 0.5327023230 0.0000000000 0.4264566537 0.5482117381 0.2961481413 0.0303394924 0.9849209938 0.4397373283 0.7967524246 0.0016388422
0.7113116495 0.1615198760 0.7577576968 0.4632204366 0.0874724299 0.9081155969 0.8096729051 0.2596965028 0.4264566537 0.0000000000 0.7677089755 0.2819851766 0.7333141785 0.2906351941 0.0614376310 0.7928519065 0.7849205690
0.9205392474 0.5156095755 0.5196944397 0.3987808115 0.2727396560 0.7170753786 0.6795248160 0.6881747567 0.5482117381 0.7677089755 0.0000000000 0.0120961709 0.4124069390 0.3448769970 0.2128214915 0.4376887737 0.3064754682
0.6344178043 0.8312484604 0.8232218898 0.0739288931 0.5890237382 0.3300344048 0.7377828357 0.1430217821 0.2961481413 0.2819851766 0.0120961709 0.0000000000 0.5213288658 0.0173678685 0.9241667161 0.9759816228 0.2488986446
0.2103563251 0.4174022923 0.9384079366 0.9347191218 0.5232643418 0.4749707487 0.1484727697 0.6527084144 0.0303394924 0.7333141785 0.4124069390 0.5213288658 0.0000000000 0.7544815541 0.4932541667 0.9770516448 0.0109385163
0.2750535207 0.3898056605 0.3123418040 0.3246496110 0.2322072996 0.8528045749 0.7639141937 0.7295623154 0.9849209938 0.2906351941 0.3448769970 0.0173678685 0.7544815541 0.0000000000 0.0031425406 0.3723379755 0.3222368809
0.7921183883 0.3292909777 0.0112838062 0.9641838694 0.0685461968 0.9578698146 0.1490102792 0.8976534988 0.4397373283 0.0614376310 0.2128214915 0.9241667161 0.4932541667 0.0031425406 0.0000000000 0.0133451950 0.6326053482
0.6699829933 0.8836391636 0.1202504057 0.9653709558 0.6440342641 0.3288217529 0.8927617038 0.0216609685 0.7967524246 0.7928519065 0.4376887737 0.9759816228 0.9770516448 0.3723379755 0.0133451950 0.0000000000 0.8138704545
0.8238491786 0.3408219146 0.8569972447 0.7643960208 0.6899407085 0.8569226019 0.9357911988 0.8108042032 0.0016388422 0.7849205690 0.3064754682 0.2488986446 0.0109385163 0.3222368809 0.6326053482 0.8138704545 0.0000000000
