# Graph size: 17
# Optimal cost: 1.675588828408384

# Distance Matrix
0.0 0.8124079040181065 0.18808851586234676 0.2286056769832855 0.6904520551369343 0.18749021043805436 0.6569777609060383 0.5443531002216967 0.7877047257958377 0.44428097810625045 0.11827645203427128 0.6752290245057035 0.37259286602938013 0.7572621883312366 0.2967261711769025 0.9434979784173955 0.2709662107460127
0.8124079040181065 0.0 0.7798455705516544 0.20807679067078277 0.26120427824265935 0.6089776387329606 0.8698343094019522 0.7021534620063937 0.5912490642307419 0.27080067150265763 0.09392318771263031 0.14333756323100744 0.6167202344251249 0.3503434673954191 0.23319158364078874 0.7367930670785166 0.3213865641962226
0.18808851586234676 0.7798455705516544 0.0 0.8557791370079691 0.543770131452563 0.39255833781763927 0.9821191819720563 0.20012585741127398 0.3403384428482573 0.43466315358174645 0.1531047038483797 0.8167744639609603 0.5648381436394139 0.9087192046641789 0.5820661571773414 0.5757755623592079 0.37876162557805915
0.2286056769832855 0.20807679067078277 0.8557791370079691 0.0 0.7189717019091443 0.6403093475058932 0.5448614932020311 0.4746037459110889 0.33458873159790403 0.7712637976815109 0.0385936022667267 0.24054015490358904 0.3450038972450512 0.6662890509819791 0.829688347959064 0.13212269449842073 0.7154171905266902
0.6904520551369343 0.26120427824265935 0.543770131452563 0.7189717019091443 0.0 0.3618686986359304 0.8584904634330194 0.605758391077815 0.19609771126603215 0.21891587667456303 0.7697252262259052 0.7509658395123479 0.9729212256126385 0.7927657886400932 0.13007593080106894 0.3218786515214377 0.31161433076941114
0.18749021043805436 0.6089776387329606 0.39255833781763927 0.6403093475058932 0.3618686986359304 0.0 0.9315322744126521 0.23579681975196742 0.21319259242020205 0.6444664057416615 0.05085676992075905 0.0064856946709745955 0.5517295664739847 0.27580925930300326 0.4246802457536548 0.5793046746609054 0.482018089952015
0.6569777609060383 0.8698343094019522 0.9821191819720563 0.5448614932020311 0.8584904634330194 0.9315322744126521 0.0 0.641353645687471 0.5045191030806573 0.8673511305914731 0.4127663125654587 0.846510711356483 0.7338290727563316 0.5265458422439404 0.9608306828448465 0.030115916227374306 0.05939139462098597
0.5443531002216967 0.7021534620063937 0.20012585741127398 0.4746037459110889 0.605758391077815 0.23579681975196742 0.641353645687471 0.0 0.4873182377594254 0.08025919811699356 0.9525112220455424 0.35825777677005943 0.45053385927430456 0.8962155917968853 0.0907315181809667 0.2966421369519996 0.5215222763252889
0.7877047257958377 0.5912490642307419 0.3403384428482573 0.33458873159790403 0.19609771126603215 0.21319259242020205 0.5045191030806573 0.4873182377594254 0.0 0.5770665561636266 0.43857908439869575 0.7162486404191597 0.46172844364127985 0.17264124728061714 0.15566010966112964 0.5038770705000531 0.8744241410884059
0.44428097810625045 0.27080067150265763 0.43466315358174645 0.7712637976815109 0.21891587667456303 0.6444664057416615 0.8673511305914731 0.08025919811699356 0.5770665561636266 0.0 0.7226485456675105 0.1869954850238238 0.04174801047703547 0.009080220321788124 0.09646440145597135 0.9836076050462281 0.7588423783957149
0.11827645203427128 0.09392318771263031 0.1531047038483797 0.0385936022667267 0.7697252262259052 0.05085676992075905 0.4127663125654587 0.9525112220455424 0.43857908439869575 0.7226485456675105 0.0 0.7684148555179343 0.9639777647606061 0.49452383850560255 0.007650617951319161 0.9327964537060732 0.016910506480996346
0.6752290245057035 0.14333756323100744 0.8167744639609603 0.24054015490358904 0.7509658395123479 0.0064856946709745955 0.846510711356483 0.35825777677005943 0.7162486404191597 0.1869954850238238 0.7684148555179343 0.0 0.671926440436722 0.47607934842976407 0.5785943502431231 0.06100319452879788 0.8337175563893581
0.37259286602938013 0.6167202344251249 0.5648381436394139 0.3450038972450512 0.9729212256126385 0.5517295664739847 0.7338290727563316 0.45053385927430456 0.46172844364127985 0.04174801047703547 0.9639777647606061 0.671926440436722 0.0 0.6108638044381325 0.16023443657155823 0.8816851717894958 0.3615574209626329
0.7572621883312366 0.3503434673954191 0.9087192046641789 0.6662890509819791 0.7927657886400932 0.27580925930300326 0.5265458422439404 0.8962155917968853 0.17264124728061714 0.009080220321788124 0.49452383850560255 0.47607934842976407 0.6108638044381325 0.0 0.07668701985769066 0.7501307981900494 0.8493236230456281
0.2967261711769025 0.23319158364078874 0.5820661571773414 0.829688347959064 0.13007593080106894 0.4246802457536548 0.9608306828448465 0.0907315181809667 0.15566010966112964 0.09646440145597135 0.007650617951319161 0.5785943502431231 0.16023443657155823 0.07668701985769066 0.0 0.3774723711228858 0.10430748128472433
0.9434979784173955 0.7367930670785166 0.5757755623592079 0.13212269449842073 0.3218786515214377 0.5793046746609054 0.030115916227374306 0.2966421369519996 0.5038770705000531 0.9836076050462281 0.9327964537060732 0.06100319452879788 0.8816851717894958 0.7501307981900494 0.3774723711228858 0.0 0.4863284595673548
0.2709662107460127 0.3213865641962226 0.37876162557805915 0.7154171905266902 0.31161433076941114 0.482018089952015 0.05939139462098597 0.5215222763252889 0.8744241410884059 0.7588423783957149 0.016910506480996346 0.8337175563893581 0.3615574209626329 0.8493236230456281 0.10430748128472433 0.4863284595673548 0.0

# Optimal Walk
0 2 7 12 9 13 8 4 14 16 6 15 11 5 3 10 1 0
