# MCW Instance
# Type: UNIFORM
# N: 17
# Optimal cost: 1.8908351962269894
# Optimal tour (permutation): [0, 13, 1, 16, 4, 11, 7, 3, 8, 10, 12, 5, 14, 6, 2, 15, 9, 0]
# Optimal walk (full path): [0, 13, 1, 16, 4, 11, 7, 3, 8, 10, 12, 5, 14, 6, 2, 15, 9, 0]
# Walk size: 18
# Is walk (has repeats): false

# Distance Matrix
0.0000000000 0.5275534239 0.5404109520 0.1523887383 0.9207580797 0.8388013383 0.8104804323 0.9586922919 0.4874330874 0.1262804795 0.8328133313 0.5870327933 0.4612480378 0.1403004125 0.7710266407 0.5944864129 0.2839357420
0.5275534239 0.0000000000 0.8538543152 0.9025468302 0.3618242148 0.2998793811 0.1683915572 0.1902703851 0.7563737434 0.9698175868 0.6253897478 0.3093415495 0.6822869140 0.0224700746 0.6762466138 0.5968513090 0.2157547467
0.5404109520 0.8538543152 0.0000000000 0.4889387281 0.5483645727 0.8541755584 0.0236853103 0.1672775072 0.5119010911 0.9248345024 0.5465887981 0.6984146613 0.3995111875 0.4951694996 0.9898892543 0.0996485154 0.5605082225
0.1523887383 0.9025468302 0.4889387281 0.0000000000 0.6207976031 0.5126098172 0.2982283811 0.0412222117 0.0687178623 0.1283544404 0.9350702427 0.6749353280 0.6831079280 0.7407356927 0.4674465372 0.9376266125 0.6322633538
0.9207580797 0.3618242148 0.5483645727 0.6207976031 0.0000000000 0.4238749711 0.3895281870 0.8798587474 0.5747957299 0.5283278747 0.2109459238 0.1804923602 0.4951206815 0.4437639969 0.6860775653 0.3845134050 0.2014298719
0.8388013383 0.2998793811 0.8541755584 0.5126098172 0.4238749711 0.0000000000 0.8819572597 0.6705562628 0.6851122324 0.2537557951 0.3571189237 0.8965343434 0.1892535944 0.3954022463 0.1353327065 0.9045260535 0.4663285164
0.8104804323 0.1683915572 0.0236853103 0.2982283811 0.3895281870 0.8819572597 0.0000000000 0.3979269232 0.3008272818 0.3471920802 0.3210809449 0.5980271637 0.7440484201 0.8892170679 0.1548532519 0.3040937889 0.8149696365
0.9586922919 0.1902703851 0.1672775072 0.0412222117 0.8798587474 0.6705562628 0.3979269232 0.0000000000 0.9674710455 0.9832960168 0.6808617912 0.1048063403 0.7469344519 0.1640401713 0.6825010799 0.3202756423 0.7104055475
0.4874330874 0.7563737434 0.5119010911 0.0687178623 0.5747957299 0.6851122324 0.3008272818 0.9674710455 0.0000000000 0.1544294815 0.0976542472 0.4967699736 0.4537980480 0.1672644825 0.7943424884 0.8602896290 0.4238759933
0.1262804795 0.9698175868 0.9248345024 0.1283544404 0.5283278747 0.2537557951 0.3471920802 0.9832960168 0.1544294815 0.0000000000 0.4216095777 0.8083251265 0.4927057523 0.5315616534 0.7960667912 0.0054115232 0.5809018715
0.8328133313 0.6253897478 0.5465887981 0.9350702427 0.2109459238 0.3571189237 0.3210809449 0.6808617912 0.0976542472 0.4216095777 0.0000000000 0.8014917914 0.0835216876 0.6663892476 0.4375683823 0.4772861363 0.7192175252
0.5870327933 0.3093415495 0.6984146613 0.6749353280 0.1804923602 0.8965343434 0.5980271637 0.1048063403 0.4967699736 0.8083251265 0.8014917914 0.0000000000 0.4926454782 0.6699018672 0.2920314178 0.8081165691 0.2112233455
0.4612480378 0.6822869140 0.3995111875 0.6831079280 0.4951206815 0.1892535944 0.7440484201 0.7469344519 0.4537980480 0.4927057523 0.0835216876 0.4926454782 0.0000000000 0.8421860927 0.9347730106 0.5128578820 0.1699686459
0.1403004125 0.0224700746 0.4951694996 0.7407356927 0.4437639969 0.3954022463 0.8892170679 0.1640401713 0.1672644825 0.5315616534 0.6663892476 0.6699018672 0.8421860927 0.0000000000 0.7292098683 0.0963458065 0.3802232004
0.7710266407 0.6762466138 0.9898892543 0.4674465372 0.6860775653 0.1353327065 0.1548532519 0.6825010799 0.7943424884 0.7960667912 0.4375683823 0.2920314178 0.9347730106 0.7292098683 0.0000000000 0.0565863895 0.7897022545
0.5944864129 0.5968513090 0.0996485154 0.9376266125 0.3845134050 0.9045260535 0.3040937889 0.3202756423 0.8602896290 0.0054115232 0.4772861363 0.8081165691 0.5128578820 0.0963458065 0.0565863895 0.0000000000 0.8616642365
0.2839357420 0.2157547467 0.5605082225 0.6322633538 0.2014298719 0.4663285164 0.8149696365 0.7104055475 0.4238759933 0.5809018715 0.7192175252 0.2112233455 0.1699686459 0.3802232004 0.7897022545 0.8616642365 0.0000000000
