# MCW Instance
# Type: UNIFORM
# N: 17
# Optimal cost: 1.1576070270986127
# Optimal tour (permutation): [0, 13, 9, 7, 15, 1, 5, 14, 3, 2, 8, 6, 11, 16, 4, 12, 10, 0]
# Optimal walk (full path): [0, 13, 9, 7, 15, 1, 5, 14, 3, 14, 2, 8, 6, 11, 4, 16, 4, 12, 0, 10, 0]
# Walk size: 21
# Is walk (has repeats): true

# Distance Matrix
0.0000000000 0.3947093809 0.2111521000 0.3866835118 0.2514733006 0.3636818841 0.4332278384 0.4632052715 0.3476427367 0.4104671862 0.0106693683 0.6388708141 0.0648673982 0.0507326126 0.8323464081 0.1910645657 0.2630869721
0.3947093809 0.0000000000 0.4506761961 0.6135848023 0.9243820003 0.0756841333 0.3673040772 0.4228519123 0.9743680738 0.5597817743 0.3779543907 0.0505218871 0.7547654959 0.8003298170 0.4594009796 0.0078376912 0.3786256430
0.2111521000 0.4506761961 0.0000000000 0.8581491492 0.7122218210 0.6561001126 0.1346113515 0.8046387472 0.0427184055 0.2092784847 0.6320478149 0.9696413124 0.9125239488 0.1276517238 0.0417537157 0.4440020117 0.8451402148
0.3866835118 0.6135848023 0.8581491492 0.0000000000 0.7257523565 0.4544117966 0.8246437731 0.2389937871 0.6548003331 0.7542144236 0.1675215938 0.1782044138 0.2879774750 0.5627463373 0.1226075486 0.3551097381 0.9363074950
0.2514733006 0.9243820003 0.7122218210 0.7257523565 0.0000000000 0.7465432472 0.2650971303 0.9226921920 0.2535702653 0.7014916461 0.7083166632 0.0804049862 0.1505938109 0.1282115352 0.1863506786 0.4634967905 0.0324307329
0.3636818841 0.0756841333 0.6561001126 0.4544117966 0.7465432472 0.0000000000 0.2947906871 0.9281969519 0.9537847273 0.1963403583 0.8467152280 0.8102962831 0.3589283105 0.7841617762 0.0685681422 0.4705728803 0.5176076485
0.4332278384 0.3673040772 0.1346113515 0.8246437731 0.2650971303 0.2947906871 0.0000000000 0.7695770933 0.1280437581 0.2946604369 0.7796108740 0.0789281628 0.2400530580 0.4437781564 0.4826878877 0.0936642672 0.8771706965
0.4632052715 0.4228519123 0.8046387472 0.2389937871 0.9226921920 0.9281969519 0.7695770933 0.0000000000 0.3837595493 0.0021282379 0.4631619651 0.1224017737 0.6960267036 0.1843733894 0.3685731563 0.0112227222 0.3038408809
0.3476427367 0.9743680738 0.0427184055 0.6548003331 0.2535702653 0.9537847273 0.1280437581 0.3837595493 0.0000000000 0.4925742821 0.1215201818 0.2420770178 0.6309501352 0.9898575329 0.2558723906 0.9479832579 0.6247931541
0.4104671862 0.5597817743 0.2092784847 0.7542144236 0.7014916461 0.1963403583 0.2946604369 0.0021282379 0.4925742821 0.0000000000 0.3651645239 0.0765012429 0.3166398238 0.0227079508 0.5668795995 0.9658260697 0.7223864200
0.0106693683 0.3779543907 0.6320478149 0.1675215938 0.7083166632 0.8467152280 0.7796108740 0.4631619651 0.1215201818 0.3651645239 0.0000000000 0.7171328753 0.2510648488 0.6171263130 0.6906099966 0.5845766909 0.1739708285
0.6388708141 0.0505218871 0.9696413124 0.1782044138 0.0804049862 0.8102962831 0.0789281628 0.1224017737 0.2420770178 0.0765012429 0.7171328753 0.0000000000 0.7630098992 0.4536583327 0.6831730168 0.8625938257 0.8980919624
0.0648673982 0.7547654959 0.9125239488 0.2879774750 0.1505938109 0.3589283105 0.2400530580 0.6960267036 0.6309501352 0.3166398238 0.2510648488 0.7630098992 0.0000000000 0.0770520246 0.2949244855 0.3824020825 0.9568517806
0.0507326126 0.8003298170 0.1276517238 0.5627463373 0.1282115352 0.7841617762 0.4437781564 0.1843733894 0.9898575329 0.0227079508 0.6171263130 0.4536583327 0.0770520246 0.0000000000 0.1357614174 0.8912798333 0.7879548337
0.8323464081 0.4594009796 0.0417537157 0.1226075486 0.1863506786 0.0685681422 0.4826878877 0.3685731563 0.2558723906 0.5668795995 0.6906099966 0.6831730168 0.2949244855 0.1357614174 0.0000000000 0.9008000836 0.7025419984
0.1910645657 0.0078376912 0.4440020117 0.3551097381 0.4634967905 0.4705728803 0.0936642672 0.0112227222 0.9479832579 0.9658260697 0.5845766909 0.8625938257 0.3824020825 0.8912798333 0.9008000836 0.0000000000 0.7344770188
0.2630869721 0.3786256430 0.8451402148 0.9363074950 0.0324307329 0.5176076485 0.8771706965 0.3038408809 0.6247931541 0.7223864200 0.1739708285 0.8980919624 0.9568517806 0.7879548337 0.7025419984 0.7344770188 0.0000000000
