# MCW Instance
# Type: UNIFORM
# N: 17
# Optimal cost: 1.3221915030498934
# Optimal tour (permutation): [0, 13, 12, 11, 15, 7, 5, 16, 14, 9, 6, 1, 10, 4, 8, 3, 2, 0]
# Optimal walk (full path): [0, 3, 8, 13, 12, 11, 15, 5, 7, 5, 16, 14, 9, 1, 6, 1, 13, 8, 10, 8, 4, 8, 3, 2, 3, 0]
# Walk size: 26
# Is walk (has repeats): true

# Distance Matrix
0.0000000000 0.3893831924 0.4062931637 0.0179083580 0.1117107439 0.2443384700 0.6260537489 0.6275110120 0.3941737815 0.7047627760 0.8119900295 0.8341916981 0.7663142678 0.6002846186 0.6386860578 0.6496676240 0.1797635574
0.3893831924 0.0000000000 0.9017425484 0.5487899120 0.5291109325 0.4306697573 0.1134331117 0.7812873167 0.9078253722 0.0905366749 0.1467897216 0.4134100498 0.0743497201 0.0143115932 0.5615095607 0.6510725205 0.3719618141
0.4062931637 0.9017425484 0.0000000000 0.0361035643 0.8423715558 0.2365200745 0.7684085768 0.9873285334 0.9434657926 0.5069102629 0.1627891776 0.2277413819 0.6762804142 0.3338385077 0.4088698020 0.4667294324 0.6440697431
0.0179083580 0.5487899120 0.0361035643 0.0000000000 0.9013580642 0.9257100874 0.7704053112 0.3321525332 0.0388333329 0.9393330871 0.2994520283 0.6522673215 0.6150047659 0.8532718618 0.5033362857 0.7088369887 0.3209327193
0.1117107439 0.5291109325 0.8423715558 0.9013580642 0.0000000000 0.9811775779 0.2084209887 0.8059724829 0.0220262267 0.8912754984 0.2806710535 0.7462710127 0.7431524258 0.9103068456 0.3180615939 0.2859417621 0.2658607848
0.2443384700 0.4306697573 0.2365200745 0.9257100874 0.9811775779 0.0000000000 0.9136958174 0.1334609100 0.2055177599 0.2630457767 0.3890332007 0.6256751830 0.8313895858 0.8739104744 0.9015687862 0.0045055170 0.0006231943
0.6260537489 0.1134331117 0.7684085768 0.7704053112 0.2084209887 0.9136958174 0.0000000000 0.6308827303 0.5132572031 0.2350826582 0.4000004765 0.6901744832 0.4110024707 0.9974077259 0.9299477841 0.3889641761 0.9850989716
0.6275110120 0.7812873167 0.9873285334 0.3321525332 0.8059724829 0.1334609100 0.6308827303 0.0000000000 0.4189424496 0.2449945167 0.2547208332 0.8654675981 0.3312559204 0.9046297429 0.7259777671 0.9711373201 0.8261487352
0.3941737815 0.9078253722 0.9434657926 0.0388333329 0.0220262267 0.2055177599 0.5132572031 0.4189424496 0.0000000000 0.6319023427 0.0089028965 0.4575244845 0.4423401163 0.0218357667 0.6903015207 0.5564131646 0.4007168644
0.7047627760 0.0905366749 0.5069102629 0.9393330871 0.8912754984 0.2630457767 0.2350826582 0.2449945167 0.6319023427 0.0000000000 0.6677057475 0.9552266623 0.6951418571 0.9243079380 0.0804556528 0.5161612754 0.9543531481
0.8119900295 0.1467897216 0.1627891776 0.2994520283 0.2806710535 0.3890332007 0.4000004765 0.2547208332 0.0089028965 0.6677057475 0.0000000000 0.8285615323 0.9650003761 0.6507750609 0.8777644944 0.2481667333 0.3868970719
0.8341916981 0.4134100498 0.2277413819 0.6522673215 0.7462710127 0.6256751830 0.6901744832 0.8654675981 0.4575244845 0.9552266623 0.8285615323 0.0000000000 0.0665486499 0.8827701879 0.5785744660 0.1138365129 0.6630958939
0.7663142678 0.0743497201 0.6762804142 0.6150047659 0.7431524258 0.8313895858 0.4110024707 0.3312559204 0.4423401163 0.6951418571 0.9650003761 0.0665486499 0.0000000000 0.0372855505 0.4535382508 0.9486365445 0.6468052851
0.6002846186 0.0143115932 0.3338385077 0.8532718618 0.9103068456 0.8739104744 0.9974077259 0.9046297429 0.0218357667 0.9243079380 0.6507750609 0.8827701879 0.0372855505 0.0000000000 0.7660966608 0.8544075229 0.1838944951
0.6386860578 0.5615095607 0.4088698020 0.5033362857 0.3180615939 0.9015687862 0.9299477841 0.7259777671 0.6903015207 0.0804556528 0.8777644944 0.5785744660 0.4535382508 0.7660966608 0.0000000000 0.8674591337 0.1290798236
0.6496676240 0.6510725205 0.4667294324 0.7088369887 0.2859417621 0.0045055170 0.3889641761 0.9711373201 0.5564131646 0.5161612754 0.2481667333 0.1138365129 0.9486365445 0.8544075229 0.8674591337 0.0000000000 0.2525719249
0.1797635574 0.3719618141 0.6440697431 0.3209327193 0.2658607848 0.0006231943 0.9850989716 0.8261487352 0.4007168644 0.9543531481 0.3868970719 0.6630958939 0.6468052851 0.1838944951 0.1290798236 0.2525719249 0.0000000000
