# MCW Instance
# Type: UNIFORM
# N: 17
# Optimal cost: 1.9028912140422278
# Optimal tour (permutation): [0, 15, 9, 10, 8, 12, 6, 11, 14, 7, 3, 1, 13, 4, 16, 5, 2, 0]
# Optimal walk (full path): [0, 9, 15, 9, 2, 10, 8, 12, 6, 11, 14, 3, 7, 3, 1, 13, 16, 4, 16, 13, 5, 13, 2, 9, 0]
# Walk size: 25
# Is walk (has repeats): true

# Distance Matrix
0.0000000000 0.9811087196 0.4437059844 0.3006118920 0.4641811835 0.6261094784 0.9952848131 0.8255901181 0.7470603264 0.0537976405 0.2967530910 0.2611699412 0.9476768115 0.4692447754 0.3166762679 0.5990739006 0.2825470313
0.9811087196 0.0000000000 0.5939026194 0.2451902292 0.4940623593 0.6263321999 0.6266663703 0.4148664462 0.5568950513 0.9414395804 0.3186318516 0.2165959944 0.3728182436 0.2340299843 0.9206109597 0.9153082664 0.5793485597
0.4437059844 0.5939026194 0.0000000000 0.5354855828 0.9821950627 0.8416289049 0.8224758424 0.8703058181 0.9821335472 0.0381212043 0.1770086819 0.1645638259 0.5520207311 0.0725431972 0.6646381991 0.5734692732 0.6187613383
0.3006118920 0.2451902292 0.5354855828 0.0000000000 0.3955929548 0.8323971354 0.7622478842 0.1360107438 0.3169026733 0.9645427586 0.2614618764 0.2007633612 0.4005818451 0.3924935213 0.1360598224 0.2584888265 0.8403984053
0.4641811835 0.4940623593 0.9821950627 0.3955929548 0.0000000000 0.5403016416 0.8568579956 0.7886918937 0.1647263503 0.7972442255 0.4438200279 0.3324992725 0.4426766583 0.0444684005 0.6624150804 0.9748523357 0.0153681415
0.6261094784 0.6263321999 0.8416289049 0.8323971354 0.5403016416 0.0000000000 0.6792261876 0.2974993920 0.4261118878 0.6600834408 0.2780877130 0.3035795475 0.6613573624 0.0100945774 0.6196216471 0.9359804187 0.6703894887
0.9952848131 0.6266663703 0.8224758424 0.7622478842 0.8568579956 0.6792261876 0.0000000000 0.9992316774 0.6473843439 0.8043544346 0.2474219759 0.0778071962 0.0956602194 0.1581330094 0.9066744295 0.9552975258 0.9232473756
0.8255901181 0.4148664462 0.8703058181 0.1360107438 0.7886918937 0.2974993920 0.9992316774 0.0000000000 0.6129350753 0.9485553264 0.6652223357 0.4046844923 0.9576116161 0.4208500122 0.8189518248 0.7136661484 0.6435191947
0.7470603264 0.5568950513 0.9821335472 0.3169026733 0.1647263503 0.4261118878 0.6473843439 0.6129350753 0.0000000000 0.2203059876 0.0177100868 0.0999953840 0.0507797566 0.8622334413 0.5258330991 0.3092741751 0.6506974779
0.0537976405 0.9414395804 0.0381212043 0.9645427586 0.7972442255 0.6600834408 0.8043544346 0.9485553264 0.2203059876 0.0000000000 0.5092164782 0.4733777762 0.7236335497 0.7391682623 0.6947561542 0.0524683082 0.8121571175
0.2967530910 0.3186318516 0.1770086819 0.2614618764 0.4438200279 0.2780877130 0.2474219759 0.6652223357 0.0177100868 0.5092164782 0.0000000000 0.5028309431 0.8036436875 0.3993046539 0.8712530714 0.7978734417 0.7780883008
0.2611699412 0.2165959944 0.1645638259 0.2007633612 0.3324992725 0.3035795475 0.0778071962 0.4046844923 0.0999953840 0.4733777762 0.5028309431 0.0000000000 0.1125476233 0.7080812322 0.1708215215 0.7071011570 0.6488333161
0.9476768115 0.3728182436 0.5520207311 0.4005818451 0.4426766583 0.6613573624 0.0956602194 0.9576116161 0.0507797566 0.7236335497 0.8036436875 0.1125476233 0.0000000000 0.8742437096 0.3313014155 0.9263629738 0.1574594282
0.4692447754 0.2340299843 0.0725431972 0.3924935213 0.0444684005 0.0100945774 0.1581330094 0.4208500122 0.8622334413 0.7391682623 0.3993046539 0.7080812322 0.8742437096 0.0000000000 0.2922985005 0.4986818121 0.0067796436
0.3166762679 0.9206109597 0.6646381991 0.1360598224 0.6624150804 0.6196216471 0.9066744295 0.8189518248 0.5258330991 0.6947561542 0.8712530714 0.1708215215 0.3313014155 0.2922985005 0.0000000000 0.6688247407 0.6342579441
0.5990739006 0.9153082664 0.5734692732 0.2584888265 0.9748523357 0.9359804187 0.9552975258 0.7136661484 0.3092741751 0.0524683082 0.7978734417 0.7071011570 0.9263629738 0.4986818121 0.6688247407 0.0000000000 0.7876649783
0.2825470313 0.5793485597 0.6187613383 0.8403984053 0.0153681415 0.6703894887 0.9232473756 0.6435191947 0.6506974779 0.8121571175 0.7780883008 0.6488333161 0.1574594282 0.0067796436 0.6342579441 0.7876649783 0.0000000000
