# MCW Instance
# Type: UNIFORM
# N: 17
# Optimal cost: 2.4944269441184916
# Optimal tour (permutation): [0, 13, 15, 5, 1, 9, 2, 12, 4, 3, 7, 6, 8, 16, 14, 11, 10, 0]
# Optimal walk (full path): [0, 13, 15, 5, 1, 9, 12, 2, 12, 4, 13, 3, 7, 6, 8, 16, 14, 11, 13, 10, 13, 0]
# Walk size: 22
# Is walk (has repeats): true

# Distance Matrix
0.0000000000 0.2646878396 0.9954599680 0.9513282321 0.2915101978 0.9531043135 0.4434936078 0.4614169621 0.4370035284 0.5642627033 0.7087981791 0.1409810301 0.9355516240 0.0299938579 0.4404317771 0.5494438656 0.6688664504
0.2646878396 0.0000000000 0.7476393543 0.6922168344 0.8707513771 0.2831343853 0.7102623702 0.6216698241 0.7488328406 0.3798974028 0.3927643179 0.6787010588 0.3599403022 0.9878573882 0.2975028086 0.3646813367 0.5126681927
0.9954599680 0.7476393543 0.0000000000 0.8029383325 0.9077319679 0.8387613781 0.6768071233 0.7708559012 0.4231637296 0.8758690962 0.2337865917 0.2046078494 0.0591742924 0.9395990830 0.9143134999 0.7787124345 0.8796572499
0.9513282321 0.6922168344 0.8029383325 0.0000000000 0.4232470890 0.3429148644 0.4226862211 0.1032510526 0.4335319532 0.8444440829 0.3481673198 0.5736451753 0.8440862807 0.1842127567 0.1872527763 0.6168960414 0.7295862441
0.2915101978 0.8707513771 0.9077319679 0.4232470890 0.0000000000 0.7112602628 0.4940346937 0.8221597275 0.7064297539 0.4533764758 0.6669820278 0.3769761832 0.1521617363 0.0728428103 0.6867302827 0.4642148299 0.7533838975
0.9531043135 0.2831343853 0.8387613781 0.3429148644 0.7112602628 0.0000000000 0.2334598123 0.9320047403 0.8850192646 0.3406755641 0.8522802149 0.7358172373 0.5105644520 0.5090915690 0.9135684517 0.2747402028 0.3851668651
0.4434936078 0.7102623702 0.6768071233 0.4226862211 0.4940346937 0.2334598123 0.0000000000 0.0940913483 0.0078584614 0.8459763744 0.3042642616 0.1752937617 0.5255843566 0.5801058482 0.4730086575 0.9142398765 0.4826087771
0.4614169621 0.6216698241 0.7708559012 0.1032510526 0.8221597275 0.9320047403 0.0940913483 0.0000000000 0.1618069502 0.4146924981 0.1973859142 0.2840761359 0.1865107721 0.6429542376 0.7518375078 0.3433696175 0.3678641814
0.4370035284 0.7488328406 0.4231637296 0.4335319532 0.7064297539 0.8850192646 0.0078584614 0.1618069502 0.0000000000 0.7376869033 0.1288749238 0.3645515134 0.9290389407 0.3717988840 0.7091086272 0.2695190128 0.1603399414
0.5642627033 0.3798974028 0.8758690962 0.8444440829 0.4533764758 0.3406755641 0.8459763744 0.4146924981 0.7376869033 0.0000000000 0.5244533626 0.6731434573 0.2052085507 0.3062287228 0.5861392653 0.7029182278 0.8015334764
0.7087981791 0.3927643179 0.2337865917 0.3481673198 0.6669820278 0.8522802149 0.3042642616 0.1973859142 0.1288749238 0.5244533626 0.0000000000 0.6567926781 0.3119028187 0.0314276120 0.8673415646 0.9618549030 0.6112957722
0.1409810301 0.6787010588 0.2046078494 0.5736451753 0.3769761832 0.7358172373 0.1752937617 0.2840761359 0.3645515134 0.6731434573 0.6567926781 0.0000000000 0.3423211497 0.0095300532 0.0603329283 0.9770727854 0.9359142008
0.9355516240 0.3599403022 0.0591742924 0.8440862807 0.1521617363 0.5105644520 0.5255843566 0.1865107721 0.9290389407 0.2052085507 0.3119028187 0.3423211497 0.0000000000 0.2395580890 0.9231193080 0.9493970518 0.5244340142
0.0299938579 0.9878573882 0.9395990830 0.1842127567 0.0728428103 0.5090915690 0.5801058482 0.6429542376 0.3717988840 0.3062287228 0.0314276120 0.0095300532 0.2395580890 0.0000000000 0.4919472376 0.1446707362 0.3882894385
0.4404317771 0.2975028086 0.9143134999 0.1872527763 0.6867302827 0.9135684517 0.4730086575 0.7518375078 0.7091086272 0.5861392653 0.8673415646 0.0603329283 0.9231193080 0.4919472376 0.0000000000 0.9968637960 0.1209630532
0.5494438656 0.3646813367 0.7787124345 0.6168960414 0.4642148299 0.2747402028 0.9142398765 0.3433696175 0.2695190128 0.7029182278 0.9618549030 0.9770727854 0.9493970518 0.1446707362 0.9968637960 0.0000000000 0.2866564073
0.6688664504 0.5126681927 0.8796572499 0.7295862441 0.7533838975 0.3851668651 0.4826087771 0.3678641814 0.1603399414 0.8015334764 0.6112957722 0.9359142008 0.5244340142 0.3882894385 0.1209630532 0.2866564073 0.0000000000
