# MCW Instance
# Type: UNIFORM
# N: 17
# Optimal cost: 1.4446853907077677
# Optimal tour (permutation): [0, 8, 15, 4, 13, 2, 12, 5, 9, 16, 10, 11, 6, 3, 14, 1, 7, 0]
# Optimal walk (full path): [0, 8, 0, 15, 4, 2, 13, 2, 12, 5, 9, 14, 16, 10, 11, 6, 11, 10, 3, 14, 1, 7, 0]
# Walk size: 23
# Is walk (has repeats): true

# Distance Matrix
0.0000000000 0.9881204829 0.2262972346 0.7040041693 0.7246711318 0.6462386450 0.3492542255 0.0020100014 0.0399726428 0.8918559691 0.3184573526 0.5735409967 0.7148229116 0.2665870000 0.3352412246 0.0389308010 0.5914265716
0.9881204829 0.0000000000 0.5311682207 0.1916742395 0.5644165268 0.5692394717 0.6047115997 0.0688985433 0.6254016732 0.3884087772 0.6201853632 0.0808244843 0.1398679207 0.8593886343 0.0378027893 0.1428002261 0.6601983063
0.2262972346 0.5311682207 0.0000000000 0.7594652464 0.0714765498 0.1599156145 0.3907766686 0.4225885945 0.7782226201 0.9758892323 0.1590791297 0.3858230801 0.0363742700 0.0010256215 0.1095754497 0.3238925430 0.2956935519
0.7040041693 0.1916742395 0.7594652464 0.0000000000 0.9465198429 0.8126093629 0.9027097467 0.4209436152 0.6324246607 0.6845286027 0.1134442659 0.1702124481 0.4078852026 0.1006869671 0.1105966788 0.8502548256 0.3247850443
0.7246711318 0.5644165268 0.0714765498 0.9465198429 0.0000000000 0.3495423419 0.5707113251 0.4733457051 0.8397363609 0.6239261377 0.1127735303 0.3036152536 0.4843860649 0.5746609770 0.3770018492 0.0255619877 0.6402992258
0.6462386450 0.5692394717 0.1599156145 0.8126093629 0.3495423419 0.0000000000 0.5620553812 0.9456591463 0.8934169869 0.2822194151 0.6324055048 0.4076713382 0.1272590017 0.3122953690 0.4194856427 0.5182556898 0.5102566155
0.3492542255 0.6047115997 0.3907766686 0.9027097467 0.5707113251 0.5620553812 0.0000000000 0.8979020019 0.6251106283 0.5854255783 0.6111401881 0.0469731038 0.4682052813 0.9271519395 0.3069830657 0.5073019163 0.5084166691
0.0020100014 0.0688985433 0.4225885945 0.4209436152 0.4733457051 0.9456591463 0.8979020019 0.0000000000 0.4861260629 0.3135977899 0.9600551096 0.5481579494 0.4634823745 0.2443299478 0.3927842569 0.8960724355 0.1385040372
0.0399726428 0.6254016732 0.7782226201 0.6324246607 0.8397363609 0.8934169869 0.6251106283 0.4861260629 0.0000000000 0.3127585722 0.4835088235 0.1352595985 0.8782478588 0.1707886925 0.8049826067 0.6812053859 0.7091896315
0.8918559691 0.3884087772 0.9758892323 0.6845286027 0.6239261377 0.2822194151 0.5854255783 0.3135977899 0.3127585722 0.0000000000 0.5308483565 0.6670457750 0.8372108395 0.7224045643 0.1593785850 0.4550028250 0.7592153509
0.3184573526 0.6201853632 0.1590791297 0.1134442659 0.1127735303 0.6324055048 0.6111401881 0.9600551096 0.4835088235 0.5308483565 0.0000000000 0.0144619541 0.5485317011 0.3932562566 0.7272610655 0.8281270264 0.0739699952
0.5735409967 0.0808244843 0.3858230801 0.1702124481 0.3036152536 0.4076713382 0.0469731038 0.5481579494 0.1352595985 0.6670457750 0.0144619541 0.0000000000 0.7659650339 0.3874480716 0.0501268537 0.7288827916 0.7602853208
0.7148229116 0.1398679207 0.0363742700 0.4078852026 0.4843860649 0.1272590017 0.4682052813 0.4634823745 0.8782478588 0.8372108395 0.5485317011 0.7659650339 0.0000000000 0.1760803645 0.2476519791 0.5878172494 0.2627905158
0.2665870000 0.8593886343 0.0010256215 0.1006869671 0.5746609770 0.3122953690 0.9271519395 0.2443299478 0.1707886925 0.7224045643 0.3932562566 0.3874480716 0.1760803645 0.0000000000 0.9668047064 0.9809282163 0.9986441203
0.3352412246 0.0378027893 0.1095754497 0.1105966788 0.3770018492 0.4194856427 0.3069830657 0.3927842569 0.8049826067 0.1593785850 0.7272610655 0.0501268537 0.2476519791 0.9668047064 0.0000000000 0.1359568292 0.0918958621
0.0389308010 0.1428002261 0.3238925430 0.8502548256 0.0255619877 0.5182556898 0.5073019163 0.8960724355 0.6812053859 0.4550028250 0.8281270264 0.7288827916 0.5878172494 0.9809282163 0.1359568292 0.0000000000 0.2161088109
0.5914265716 0.6601983063 0.2956935519 0.3247850443 0.6402992258 0.5102566155 0.5084166691 0.1385040372 0.7091896315 0.7592153509 0.0739699952 0.7602853208 0.2627905158 0.9986441203 0.0918958621 0.2161088109 0.0000000000
