# Graph size: 17
# Optimal cost: 2.0873797436388344

# Distance Matrix
0.0 0.6715183268588892 0.351083489594587 0.25576340283523946 0.667333181001716 0.49877657144624177 0.6375996378478005 0.3731784300068396 0.5069427365058884 0.8235275259942915 0.6085411934919138 0.27704838767538886 0.8345992830311201 0.600176659930895 0.803966839178436 0.13991422435370438 0.14161308046985965
0.6715183268588892 0.0 0.6991343461475829 0.32913508632671784 0.6633895080444953 0.40350979651241203 0.5400520772856333 0.11647624131735046 0.42098788909303253 0.4030533752376845 0.13527687784334763 0.4191709741286148 0.43222917077616196 0.4102568307620964 0.5062010236358478 0.07054532979992068 0.6382203006407533
0.351083489594587 0.6991343461475829 0.0 0.29314199827201803 0.04553548974098165 0.6304069122277143 0.07488431056509448 0.8605483790145464 0.29013738898671404 0.6576103078031362 0.4472371296193973 0.9970798939907962 0.7418730070965873 0.9975540917806727 0.4965880789535829 0.940318058597806 0.8280996924731396
0.25576340283523946 0.32913508632671784 0.29314199827201803 0.0 0.1539760640523553 0.022267339845069234 0.8717185572243044 0.8287014904390502 0.5263271269485801 0.6704593821328051 0.8451478170077301 0.613214785153641 0.5371683249628613 0.634948230778514 0.9608044651111424 0.32943198302930365 0.4484498956945123
0.667333181001716 0.6633895080444953 0.04553548974098165 0.1539760640523553 0.0 0.2280573709414635 0.6073107077286424 0.7639726644280554 0.9711947195413981 0.8747929738454442 0.5410464298445589 0.9556633609784991 0.6100232399054768 0.4591762467337075 0.5493392787520539 0.7841684985645476 0.05212056542616417
0.49877657144624177 0.40350979651241203 0.6304069122277143 0.022267339845069234 0.2280573709414635 0.0 0.10897702889026473 0.45291169275482446 0.6791666769458263 0.809660566047876 0.4435372257285336 0.24302611884807468 0.29946823176756154 0.7553660673375379 0.02909963703752183 0.22005756741524385 0.016821049335315585
0.6375996378478005 0.5400520772856333 0.07488431056509448 0.8717185572243044 0.6073107077286424 0.10897702889026473 0.0 0.15279798733734307 0.2870336886142847 0.10276293155550797 0.3057539353274017 0.27613078847208006 0.3825767389723098 0.21130434049876634 0.6886575698687558 0.7385849070710427 0.6851858290292229
0.3731784300068396 0.11647624131735046 0.8605483790145464 0.8287014904390502 0.7639726644280554 0.45291169275482446 0.15279798733734307 0.0 0.9921240039424263 0.7144052976348353 0.2043519594522175 0.23632138825409132 0.34905603690711984 0.559167288904637 0.24576140843180994 0.2864610139563101 0.4726007604781832
0.5069427365058884 0.42098788909303253 0.29013738898671404 0.5263271269485801 0.9711947195413981 0.6791666769458263 0.2870336886142847 0.9921240039424263 0.0 0.2296731727322402 0.7256025375182142 0.37036806082923024 0.1180752272860055 0.022029684325027166 0.2339287303918277 0.5781160876967831 0.5733933808273695
0.8235275259942915 0.4030533752376845 0.6576103078031362 0.6704593821328051 0.8747929738454442 0.809660566047876 0.10276293155550797 0.7144052976348353 0.2296731727322402 0.0 0.8433019452631403 0.789335692333545 0.649097071917724 0.8785180001605388 0.2384177404155191 0.22661912796999484 0.26721786971356287
0.6085411934919138 0.13527687784334763 0.4472371296193973 0.8451478170077301 0.5410464298445589 0.4435372257285336 0.3057539353274017 0.2043519594522175 0.7256025375182142 0.8433019452631403 0.0 0.2111656876189294 0.4815565197329429 0.4358814746280857 0.4677153300760798 0.7371354481678282 0.8890359159002847
0.27704838767538886 0.4191709741286148 0.9970798939907962 0.613214785153641 0.9556633609784991 0.24302611884807468 0.27613078847208006 0.23632138825409132 0.37036806082923024 0.789335692333545 0.2111656876189294 0.0 0.8925711804038454 0.37949827917475865 0.638669886497973 0.5898102821607879 0.7236024260066223
0.8345992830311201 0.43222917077616196 0.7418730070965873 0.5371683249628613 0.6100232399054768 0.29946823176756154 0.3825767389723098 0.34905603690711984 0.1180752272860055 0.649097071917724 0.4815565197329429 0.8925711804038454 0.0 0.6216496619635635 0.4805480364900355 0.3500473585253715 0.8916169870512022
0.600176659930895 0.4102568307620964 0.9975540917806727 0.634948230778514 0.4591762467337075 0.7553660673375379 0.21130434049876634 0.559167288904637 0.022029684325027166 0.8785180001605388 0.4358814746280857 0.37949827917475865 0.6216496619635635 0.0 0.5486999863110191 0.5511469249292456 0.6898505796428017
0.803966839178436 0.5062010236358478 0.4965880789535829 0.9608044651111424 0.5493392787520539 0.02909963703752183 0.6886575698687558 0.24576140843180994 0.2339287303918277 0.2384177404155191 0.4677153300760798 0.638669886497973 0.4805480364900355 0.5486999863110191 0.0 0.9476139830046374 0.19650898976783104
0.13991422435370438 0.07054532979992068 0.940318058597806 0.32943198302930365 0.7841684985645476 0.22005756741524385 0.7385849070710427 0.2864610139563101 0.5781160876967831 0.22661912796999484 0.7371354481678282 0.5898102821607879 0.3500473585253715 0.5511469249292456 0.9476139830046374 0.0 0.32449874847939575
0.14161308046985965 0.6382203006407533 0.8280996924731396 0.4484498956945123 0.05212056542616417 0.016821049335315585 0.6851858290292229 0.4726007604781832 0.5733933808273695 0.26721786971356287 0.8890359159002847 0.7236024260066223 0.8916169870512022 0.6898505796428017 0.19650898976783104 0.32449874847939575 0.0

# Optimal Walk
0 15 1 10 11 7 12 13 8 9 6 2 4 16 14 5 3 0
