# Graph size: 17
# Optimal cost: 1.6847898097395193

# Distance Matrix
0.0 0.6960519950173689 0.9542433371084753 0.7726339292761889 0.42346021155626234 0.09032419114727008 0.00876607348642 0.648225301036697 0.6215672757426882 0.1681757136982266 0.07726641658991784 0.8107159698311466 0.057402791837861455 0.05051315722084382 0.12157987055545882 0.07836638967674125 0.651677907643477
0.6960519950173689 0.0 0.08703236922607838 0.27030818713453286 0.2541074423888381 0.5087141627769554 0.8455581062442987 0.0964062771412626 0.08230666061544967 0.3863907941603709 0.7092794503961412 0.9372124783600074 0.3168639011962495 0.8580868400417287 0.6397730628793481 0.038690855950635594 0.3144846533631469
0.9542433371084753 0.08703236922607838 0.0 0.07387494661266159 0.945932380748436 0.4394434390388533 0.11483186450371952 0.05263787599000269 0.96239798344978 0.6750893669694841 0.798358190360687 0.9924435079896768 0.38581056901790733 0.5798968157307667 0.02297223632016543 0.17342677461813139 0.643184642645148
0.7726339292761889 0.27030818713453286 0.07387494661266159 0.0 0.6900928953740217 0.03229372797665597 0.6455925617362493 0.07392743215170305 0.012065454477627635 0.10110463083140109 0.04336662858253393 0.8955045997763538 0.208710104831208 0.33770416813773774 0.5493860262875272 0.8924802295400772 0.578464805068618
0.42346021155626234 0.2541074423888381 0.945932380748436 0.6900928953740217 0.0 0.9982278616393332 0.2419346126352383 0.5196354352695136 0.5541128371427987 0.9845915047491848 0.80359318133908 0.6420967131232386 0.8322252094860237 0.9955736796467809 0.8430879119354607 0.4488813027981814 0.6591513127149966
0.09032419114727008 0.5087141627769554 0.4394434390388533 0.03229372797665597 0.9982278616393332 0.0 0.8796505188748499 0.8879847497147789 0.17099381362241572 0.24575667208281238 0.09854958053924656 0.4427915548547261 0.11118435281876982 0.7606452645667905 0.8520897403715298 0.37519390945505093 0.14970570283358964
0.00876607348642 0.8455581062442987 0.11483186450371952 0.6455925617362493 0.2419346126352383 0.8796505188748499 0.0 0.8603928260473275 0.337726923772776 0.2925642808916157 0.32888305055750167 0.25535719330374496 0.8223259122988186 0.5015486740780442 0.33903654908971204 0.38092003957534926 0.6890308471209108
0.648225301036697 0.0964062771412626 0.05263787599000269 0.07392743215170305 0.5196354352695136 0.8879847497147789 0.8603928260473275 0.0 0.6054487270491326 0.7292737281468951 0.846554008715103 0.38870828755792686 0.7872814121392796 0.4488948811467659 0.9688981155345434 0.27328801752419296 0.3508122048518033
0.6215672757426882 0.08230666061544967 0.96239798344978 0.012065454477627635 0.5541128371427987 0.17099381362241572 0.337726923772776 0.6054487270491326 0.0 0.8886316845327569 0.36006322306922445 0.6174289866300902 0.1475223836265801 0.9356653916895484 0.23867866960257866 0.7452885607341935 0.10438426939911927
0.1681757136982266 0.3863907941603709 0.6750893669694841 0.10110463083140109 0.9845915047491848 0.24575667208281238 0.2925642808916157 0.7292737281468951 0.8886316845327569 0.0 0.682347822672401 0.8587301331285735 0.07077552980118063 0.18548299726062534 0.335774700831761 0.21002758850987013 0.032518366957718925
0.07726641658991784 0.7092794503961412 0.798358190360687 0.04336662858253393 0.80359318133908 0.09854958053924656 0.32888305055750167 0.846554008715103 0.36006322306922445 0.682347822672401 0.0 0.7699373153795329 0.5638375176246768 0.9341820442005699 0.3588820335134669 0.6092353607641208 0.9831070821696395
0.8107159698311466 0.9372124783600074 0.9924435079896768 0.8955045997763538 0.6420967131232386 0.4427915548547261 0.25535719330374496 0.38870828755792686 0.6174289866300902 0.8587301331285735 0.7699373153795329 0.0 0.2212576161153259 0.8337181671472297 0.23901663240961124 0.7448774442822017 0.30480592109145455
0.057402791837861455 0.3168639011962495 0.38581056901790733 0.208710104831208 0.8322252094860237 0.11118435281876982 0.8223259122988186 0.7872814121392796 0.1475223836265801 0.07077552980118063 0.5638375176246768 0.2212576161153259 0.0 0.7501350873735915 0.9634941634460555 0.20792675372009706 0.05677761050708663
0.05051315722084382 0.8580868400417287 0.5798968157307667 0.33770416813773774 0.9955736796467809 0.7606452645667905 0.5015486740780442 0.4488948811467659 0.9356653916895484 0.18548299726062534 0.9341820442005699 0.8337181671472297 0.7501350873735915 0.0 0.537425361076289 0.30512581934643523 0.5000270806981268
0.12157987055545882 0.6397730628793481 0.02297223632016543 0.5493860262875272 0.8430879119354607 0.8520897403715298 0.33903654908971204 0.9688981155345434 0.23867866960257866 0.335774700831761 0.3588820335134669 0.23901663240961124 0.9634941634460555 0.537425361076289 0.0 0.09884570554399696 0.6253907344024807
0.07836638967674125 0.038690855950635594 0.17342677461813139 0.8924802295400772 0.4488813027981814 0.37519390945505093 0.38092003957534926 0.27328801752419296 0.7452885607341935 0.21002758850987013 0.6092353607641208 0.7448774442822017 0.20792675372009706 0.30512581934643523 0.09884570554399696 0.0 0.11780741100997305
0.651677907643477 0.3144846533631469 0.643184642645148 0.578464805068618 0.6591513127149966 0.14970570283358964 0.6890308471209108 0.3508122048518033 0.10438426939911927 0.032518366957718925 0.9831070821696395 0.30480592109145455 0.05677761050708663 0.5000270806981268 0.6253907344024807 0.11780741100997305 0.0

# Optimal Walk
0 13 6 4 1 15 16 9 12 11 14 2 7 8 5 3 10 0
