# MCW Instance
# Type: UNIFORM
# N: 17
# Optimal cost: 2.0574794728746513
# Optimal tour (permutation): [0, 6, 8, 16, 11, 10, 4, 13, 14, 12, 9, 7, 15, 1, 3, 2, 5, 0]
# Optimal walk (full path): [0, 6, 8, 16, 10, 11, 10, 4, 13, 14, 9, 12, 9, 7, 15, 1, 3, 2, 9, 5, 0]
# Walk size: 21
# Is walk (has repeats): true

# Distance Matrix
0.0000000000 0.3513019453 0.8362883392 0.2263934695 0.6248618911 0.0046568225 0.0582435795 0.9773819339 0.4151569897 0.2556746917 0.4795820189 0.4426025300 0.8457852031 0.4353743821 0.8589402668 0.9191820069 0.4264215729
0.3513019453 0.0000000000 0.5485366980 0.0989505190 0.1299945550 0.4453814450 0.6980472946 0.8075702577 0.3552688401 0.3906387728 0.2857755684 0.3278199200 0.8705319797 0.7573578738 0.2724908210 0.1016810665 0.9230977569
0.8362883392 0.5485366980 0.0000000000 0.0769305020 0.7490432497 0.5551978146 0.7146595393 0.2144235440 0.8220144245 0.0443625122 0.3741489776 0.7245070290 0.3492679736 0.7851560845 0.7028734559 0.3303459292 0.3743078917
0.2263934695 0.0989505190 0.0769305020 0.0000000000 0.1061526016 0.5530469045 0.3956037699 0.2030788025 0.8083863697 0.0611798896 0.5966193467 0.9428183551 0.8947192443 0.5993967218 0.8699829225 0.9797992255 0.4397346756
0.6248618911 0.1299945550 0.7490432497 0.1061526016 0.0000000000 0.2305987633 0.1101513735 0.3112743331 0.9112241791 0.6574945591 0.0224064104 0.8666655387 0.8256210927 0.1408692506 0.9983738512 0.9540127953 0.2222751404
0.0046568225 0.4453814450 0.5551978146 0.5530469045 0.2305987633 0.0000000000 0.6290672501 0.8744861181 0.7499268366 0.0752510665 0.3885131614 0.9581840065 0.3147659282 0.4263727719 0.7541984830 0.7623179656 0.9594825032
0.0582435795 0.6980472946 0.7146595393 0.3956037699 0.1101513735 0.6290672501 0.0000000000 0.7195244667 0.2294124486 0.4751229621 0.9165634690 0.5437583965 0.0555968879 0.3113058247 0.1747134427 0.7515486349 0.5460572419
0.9773819339 0.8075702577 0.2144235440 0.2030788025 0.3112743331 0.8744861181 0.7195244667 0.0000000000 0.5391967241 0.0254070783 0.7085689046 0.9313627765 0.1595817304 0.3391636615 0.2526616505 0.1996204746 0.9237469000
0.4151569897 0.3552688401 0.8220144245 0.8083863697 0.9112241791 0.7499268366 0.2294124486 0.5391967241 0.0000000000 0.8403728983 0.7922049523 0.4314098011 0.6214283373 0.6817279847 0.8578721211 0.4270153248 0.3437768806
0.2556746917 0.3906387728 0.0443625122 0.0611798896 0.6574945591 0.0752510665 0.4751229621 0.0254070783 0.8403728983 0.0000000000 0.4327985648 0.3368189470 0.0026974967 0.7321103192 0.1920023644 0.5646217303 0.1930920046
0.4795820189 0.2857755684 0.3741489776 0.5966193467 0.0224064104 0.3885131614 0.9165634690 0.7085689046 0.7922049523 0.4327985648 0.0000000000 0.0601396597 0.9072111244 0.4278287357 0.7384310557 0.3655205055 0.1474532258
0.4426025300 0.3278199200 0.7245070290 0.9428183551 0.8666655387 0.9581840065 0.5437583965 0.9313627765 0.4314098011 0.3368189470 0.0601396597 0.0000000000 0.6387768263 0.6581298293 0.7459940615 0.5066515526 0.3843636014
0.8457852031 0.8705319797 0.3492679736 0.8947192443 0.8256210927 0.3147659282 0.0555968879 0.1595817304 0.6214283373 0.0026974967 0.9072111244 0.6387768263 0.0000000000 0.4163848854 0.3660473567 0.5400617486 0.6217552172
0.4353743821 0.7573578738 0.7851560845 0.5993967218 0.1408692506 0.4263727719 0.3113058247 0.3391636615 0.6817279847 0.7321103192 0.4278287357 0.6581298293 0.4163848854 0.0000000000 0.1707809584 0.6819349438 0.6350529719
0.8589402668 0.2724908210 0.7028734559 0.8699829225 0.9983738512 0.7541984830 0.1747134427 0.2526616505 0.8578721211 0.1920023644 0.7384310557 0.7459940615 0.3660473567 0.1707809584 0.0000000000 0.3965484006 0.8615056815
0.9191820069 0.1016810665 0.3303459292 0.9797992255 0.9540127953 0.7623179656 0.7515486349 0.1996204746 0.4270153248 0.5646217303 0.3655205055 0.5066515526 0.5400617486 0.6819349438 0.3965484006 0.0000000000 0.8860697886
0.4264215729 0.9230977569 0.3743078917 0.4397346756 0.2222751404 0.9594825032 0.5460572419 0.9237469000 0.3437768806 0.1930920046 0.1474532258 0.3843636014 0.6217552172 0.6350529719 0.8615056815 0.8860697886 0.0000000000
