# MCW Instance
# Type: UNIFORM
# N: 17
# Optimal cost: 1.8081742896253505
# Optimal tour (permutation): [0, 9, 12, 16, 1, 14, 8, 6, 15, 11, 13, 4, 2, 10, 5, 7, 3, 0]
# Optimal walk (full path): [0, 9, 12, 6, 16, 1, 14, 6, 8, 6, 15, 11, 13, 4, 2, 5, 10, 5, 7, 3, 0]
# Walk size: 21
# Is walk (has repeats): true

# Distance Matrix
0.0000000000 0.4728977568 0.7124507873 0.0323561937 0.4070467234 0.1365173934 0.8531595460 0.2047040854 0.8577715591 0.0918392021 0.8058515666 0.7907710593 0.5192307144 0.3579358522 0.4028352318 0.4891420208 0.7596452202
0.4728977568 0.0000000000 0.0935297565 0.3362023966 0.1243461764 0.8756730896 0.8885595844 0.8704245373 0.9026154020 0.3764551432 0.9335403397 0.8741252556 0.2734789055 0.8203731364 0.1675771603 0.9645172407 0.0415110581
0.7124507873 0.0935297565 0.0000000000 0.3109961962 0.1631202341 0.0667799256 0.2954022674 0.1581053991 0.9440245532 0.2306936527 0.9256231143 0.1403505637 0.1532046643 0.1181352202 0.9873044383 0.2680070313 0.9871513361
0.0323561937 0.3362023966 0.3109961962 0.0000000000 0.1775783301 0.9315570108 0.9374647925 0.0968037019 0.1555319608 0.7763063185 0.8934958487 0.2177464414 0.2598886163 0.6168195209 0.4710102649 0.6374289816 0.9864434139
0.4070467234 0.1243461764 0.1631202341 0.1775783301 0.0000000000 0.4864530408 0.1749249582 0.7330795611 0.3473838786 0.4697509734 0.7749337126 0.7212138837 0.9993399951 0.1428760175 0.7413807176 0.4481145975 0.5586220176
0.1365173934 0.8756730896 0.0667799256 0.9315570108 0.4864530408 0.0000000000 0.8704561234 0.0291040150 0.5203842456 0.2125641062 0.2232816984 0.9280297590 0.3256513119 0.5884292319 0.7978897764 0.9424612021 0.5257350107
0.8531595460 0.8885595844 0.2954022674 0.9374647925 0.1749249582 0.8704561234 0.0000000000 0.7251214717 0.0169230632 0.4354217803 0.4180513939 0.9079895443 0.0682533816 0.0800744204 0.1557698387 0.0732953119 0.0012104626
0.2047040854 0.8704245373 0.1581053991 0.0968037019 0.7330795611 0.0291040150 0.7251214717 0.0000000000 0.9971540972 0.1932053593 0.4664600360 0.1398589893 0.8255146262 0.4801592446 0.2469893828 0.3961177029 0.8723041158
0.8577715591 0.9026154020 0.9440245532 0.1555319608 0.3473838786 0.5203842456 0.0169230632 0.9971540972 0.0000000000 0.8673962693 0.7730184381 0.7696167200 0.9199486213 0.9051741466 0.3697063313 0.3065399822 0.2290363829
0.0918392021 0.3764551432 0.2306936527 0.7763063185 0.4697509734 0.2125641062 0.4354217803 0.1932053593 0.8673962693 0.0000000000 0.7177168635 0.4882488837 0.0563020305 0.7693603981 0.9187504585 0.2960676874 0.1127594757
0.8058515666 0.9335403397 0.9256231143 0.8934958487 0.7749337126 0.2232816984 0.4180513939 0.4664600360 0.7730184381 0.7177168635 0.0000000000 0.7357899331 0.5966959597 0.9037723434 0.6557589743 0.9613063570 0.2428414800
0.7907710593 0.8741252556 0.1403505637 0.2177464414 0.7212138837 0.9280297590 0.9079895443 0.1398589893 0.7696167200 0.4882488837 0.7357899331 0.0000000000 0.6307814416 0.0191754233 0.9264527172 0.1217908094 0.9390281070
0.5192307144 0.2734789055 0.1532046643 0.2598886163 0.9993399951 0.3256513119 0.0682533816 0.8255146262 0.9199486213 0.0563020305 0.5966959597 0.6307814416 0.0000000000 0.2031957357 0.6826101900 0.9907140998 0.9229635529
0.3579358522 0.8203731364 0.1181352202 0.6168195209 0.1428760175 0.5884292319 0.0800744204 0.4801592446 0.9051741466 0.7693603981 0.9037723434 0.0191754233 0.2031957357 0.0000000000 0.9214542437 0.1559288383 0.2624011188
0.4028352318 0.1675771603 0.9873044383 0.4710102649 0.7413807176 0.7978897764 0.1557698387 0.2469893828 0.3697063313 0.9187504585 0.6557589743 0.9264527172 0.6826101900 0.9214542437 0.0000000000 0.5341121258 0.2277288066
0.4891420208 0.9645172407 0.2680070313 0.6374289816 0.4481145975 0.9424612021 0.0732953119 0.3961177029 0.3065399822 0.2960676874 0.9613063570 0.1217908094 0.9907140998 0.1559288383 0.5341121258 0.0000000000 0.9794042424
0.7596452202 0.0415110581 0.9871513361 0.9864434139 0.5586220176 0.5257350107 0.0012104626 0.8723041158 0.2290363829 0.1127594757 0.2428414800 0.9390281070 0.9229635529 0.2624011188 0.2277288066 0.9794042424 0.0000000000
