# Graph size: 17
# Optimal cost: 1.2326364613743288

# Distance Matrix
0.0 0.6649328366901645 0.5430064485077276 0.60372517972687 0.5901646983204965 0.09686199016315045 0.49940291671931747 0.25979263102438765 0.5578759444569288 0.39418498474188035 0.3723870789299971 0.5627198980544349 0.3586467569383909 0.9848523659271464 0.20063124437743096 0.5929828418301994 0.39682280616924326
0.6649328366901645 0.0 0.47166471481988415 0.19154387620203994 0.4156004239528165 0.6713819120229324 0.7987248789653321 0.0038804645304345575 0.4257447713679908 0.5139059353820451 0.13381821579736475 0.9786816371531047 0.9859779408531906 0.5123216477127097 0.8253940601270557 0.18233806043192125 0.38224584366250036
0.5430064485077276 0.47166471481988415 0.0 0.9221990159176837 0.70004798678038 0.8843719705677797 0.29861098580581 0.5168093468715351 0.654881218711641 0.8825627419945918 0.4648070630814265 0.007809652396439715 0.968839641916929 0.9093343333782508 0.8660504245477779 0.8803337041103431 0.008112342902465097
0.60372517972687 0.19154387620203994 0.9221990159176837 0.0 0.20586056688406507 0.9211448213200647 0.7294346826810268 0.03289491035547254 0.23413364381797064 0.3327671513474938 0.9592375527303658 0.6263005146767621 0.41228060423062973 0.8929238849276516 0.011824382591978155 0.8609274374091674 0.7047006459249892
0.5901646983204965 0.4156004239528165 0.70004798678038 0.20586056688406507 0.0 0.3869192286467772 0.1297888583271556 0.6945689181188374 0.8761365630789891 0.8807775128492616 0.024561415975875245 0.2437772516493032 0.22758127801428796 0.09991423157264345 0.7220193391192837 0.5224709559233418 0.6719605282992801
0.09686199016315045 0.6713819120229324 0.8843719705677797 0.9211448213200647 0.3869192286467772 0.0 0.31095120852535896 0.2875611021894092 0.952500407126658 0.07882130146375599 0.1039233856798667 0.09473780101741469 0.45406350086222613 0.9197949355067768 0.7387261677815591 0.7946990105434253 0.20609003052271357
0.49940291671931747 0.7987248789653321 0.29861098580581 0.7294346826810268 0.1297888583271556 0.31095120852535896 0.0 0.38039244988373 0.26750347906314287 0.1681237741574555 0.23018961073751043 0.26872944180362124 0.47377887489663717 0.5969724165170375 0.7964847981417065 0.2480662134537046 0.7794830552435995
0.25979263102438765 0.0038804645304345575 0.5168093468715351 0.03289491035547254 0.6945689181188374 0.2875611021894092 0.38039244988373 0.0 0.9803080695268998 0.27562712847426063 0.14758836940457298 0.6626329155319206 0.5366014728237716 0.4685214376239043 0.3646418239699414 0.8012689797271765 0.08434637139929058
0.5578759444569288 0.4257447713679908 0.654881218711641 0.23413364381797064 0.8761365630789891 0.952500407126658 0.26750347906314287 0.9803080695268998 0.0 0.6337589519835225 0.6616755950269599 0.11335924284326393 0.07347684620665995 0.40248731654398606 0.9824343691230654 0.0977295662646559 0.8519922830402441
0.39418498474188035 0.5139059353820451 0.8825627419945918 0.3327671513474938 0.8807775128492616 0.07882130146375599 0.1681237741574555 0.27562712847426063 0.6337589519835225 0.0 0.5214218946385064 0.26448250995275757 0.3976814646476432 0.3953594867797334 0.8969291688825353 0.6089293705813812 0.3068108847020894
0.3723870789299971 0.13381821579736475 0.4648070630814265 0.9592375527303658 0.024561415975875245 0.1039233856798667 0.23018961073751043 0.14758836940457298 0.6616755950269599 0.5214218946385064 0.0 6.756061238327726E-4 0.7265896900257738 0.5832658565877508 0.015641903677830582 0.25323939255154027 0.5993746697350337
0.5627198980544349 0.9786816371531047 0.007809652396439715 0.6263005146767621 0.2437772516493032 0.09473780101741469 0.26872944180362124 0.6626329155319206 0.11335924284326393 0.26448250995275757 6.756061238327726E-4 0.0 0.8795102833902189 0.7580418478555354 0.9100928748197967 0.32154687555020367 0.02740132719603028
0.3586467569383909 0.9859779408531906 0.968839641916929 0.41228060423062973 0.22758127801428796 0.45406350086222613 0.47377887489663717 0.5366014728237716 0.07347684620665995 0.3976814646476432 0.7265896900257738 0.8795102833902189 0.0 0.6579850956547328 0.21325901359639743 0.8826227378830108 0.371164752074142
0.9848523659271464 0.5123216477127097 0.9093343333782508 0.8929238849276516 0.09991423157264345 0.9197949355067768 0.5969724165170375 0.4685214376239043 0.40248731654398606 0.3953594867797334 0.5832658565877508 0.7580418478555354 0.6579850956547328 0.0 8.504947613852121E-5 0.5448155152084503 0.4142097120525191
0.20063124437743096 0.8253940601270557 0.8660504245477779 0.011824382591978155 0.7220193391192837 0.7387261677815591 0.7964847981417065 0.3646418239699414 0.9824343691230654 0.8969291688825353 0.015641903677830582 0.9100928748197967 0.21325901359639743 8.504947613852121E-5 0.0 0.05841923144587602 0.8514148124869826
0.5929828418301994 0.18233806043192125 0.8803337041103431 0.8609274374091674 0.5224709559233418 0.7946990105434253 0.2480662134537046 0.8012689797271765 0.0977295662646559 0.6089293705813812 0.25323939255154027 0.32154687555020367 0.8826227378830108 0.5448155152084503 0.05841923144587602 0.0 0.2666081957619064
0.39682280616924326 0.38224584366250036 0.008112342902465097 0.7047006459249892 0.6719605282992801 0.20609003052271357 0.7794830552435995 0.08434637139929058 0.8519922830402441 0.3068108847020894 0.5993746697350337 0.02740132719603028 0.371164752074142 0.4142097120525191 0.8514148124869826 0.2666081957619064 0.0

# Optimal Walk
0 12 8 15 14 13 3 7 1 10 11 16 2 4 6 9 5 0
