# MCW Instance
# Type: UNIFORM
# N: 17
# Optimal cost: 1.9485398318267058
# Optimal tour (permutation): [0, 5, 3, 6, 12, 2, 9, 1, 10, 4, 13, 15, 16, 11, 8, 14, 7, 0]
# Optimal walk (full path): [0, 5, 3, 6, 12, 2, 9, 1, 10, 4, 13, 15, 13, 16, 11, 8, 7, 14, 7, 8, 0]
# Walk size: 21
# Is walk (has repeats): true

# Distance Matrix
0.0000000000 0.7297611758 0.5917795325 0.8162177589 0.8101610535 0.2306446265 0.2294304405 0.6485520944 0.1358823399 0.7393526124 0.8173049521 0.5839298551 0.8279957015 0.4940545012 0.7688815621 0.9294858183 0.4941231753
0.7297611758 0.0000000000 0.8380576246 0.1648323167 0.8970051015 0.2033796213 0.6705969391 0.7951260076 0.9957718997 0.1158177465 0.1055419831 0.3005054161 0.2566417383 0.3224683431 0.3661277010 0.3176656648 0.3198384640
0.5917795325 0.8380576246 0.0000000000 0.5117288646 0.8979175118 0.2131250733 0.3887036444 0.3991424290 0.9175581340 0.2026946094 0.8026028972 0.2101488489 0.1314879967 0.3966145823 0.5144198684 0.8891777275 0.1566117888
0.8162177589 0.1648323167 0.5117288646 0.0000000000 0.5848432549 0.0715455519 0.1234931223 0.2540558702 0.3826441268 0.7939967129 0.7164885355 0.3474704300 0.6935343411 0.7192742753 0.3226692722 0.9389463046 0.3148197969
0.8101610535 0.8970051015 0.8979175118 0.5848432549 0.0000000000 0.5407986662 0.0653494295 0.4584652768 0.9103567588 0.2052358698 0.0981284804 0.7869049233 0.5058440867 0.0537544998 0.7425027076 0.1779700937 0.1238640594
0.2306446265 0.2033796213 0.2131250733 0.0715455519 0.5407986662 0.0000000000 0.3932307531 0.4365052303 0.5710251137 0.1690537199 0.1656446102 0.3630570778 0.3346519483 0.6982032369 0.9473871602 0.2917518273 0.8098615154
0.2294304405 0.6705969391 0.3887036444 0.1234931223 0.0653494295 0.3932307531 0.0000000000 0.7657410391 0.8549259889 0.8640842259 0.6322364248 0.6219804311 0.0592509812 0.2796734265 0.7038857377 0.6596655879 0.5187511168
0.6485520944 0.7951260076 0.3991424290 0.2540558702 0.4584652768 0.4365052303 0.7657410391 0.0000000000 0.0998193106 0.8589429251 0.6537697251 0.2286476311 0.6747706178 0.7204406145 0.0201616522 0.7548368902 0.5223718037
0.1358823399 0.9957718997 0.9175581340 0.3826441268 0.9103567588 0.5710251137 0.8549259889 0.0998193106 0.0000000000 0.9817468695 0.5306712196 0.0709721417 0.8382950601 0.3623492558 0.1652484257 0.7498398825 0.2018527866
0.7393526124 0.1158177465 0.2026946094 0.7939967129 0.2052358698 0.1690537199 0.8640842259 0.8589429251 0.9817468695 0.0000000000 0.7856247616 0.5563246526 0.3735636998 0.4564249845 0.9053351205 0.7861487552 0.6218942049
0.8173049521 0.1055419831 0.8026028972 0.7164885355 0.0981284804 0.1656446102 0.6322364248 0.6537697251 0.5306712196 0.7856247616 0.0000000000 0.6898249986 0.9679383286 0.1347849032 0.8738209196 0.2174663346 0.1394094053
0.5839298551 0.3005054161 0.2101488489 0.3474704300 0.7869049233 0.3630570778 0.6219804311 0.2286476311 0.0709721417 0.5563246526 0.6898249986 0.0000000000 0.7446228374 0.3149682634 0.4799818418 0.8481141250 0.0666655072
0.8279957015 0.2566417383 0.1314879967 0.6935343411 0.5058440867 0.3346519483 0.0592509812 0.6747706178 0.8382950601 0.3735636998 0.9679383286 0.7446228374 0.0000000000 0.4817141110 0.8069862802 0.3993819259 0.3845231290
0.4940545012 0.3224683431 0.3966145823 0.7192742753 0.0537544998 0.6982032369 0.2796734265 0.7204406145 0.3623492558 0.4564249845 0.1347849032 0.3149682634 0.4817141110 0.0000000000 0.8926965779 0.0699617362 0.1027748472
0.7688815621 0.3661277010 0.5144198684 0.3226692722 0.7425027076 0.9473871602 0.7038857377 0.0201616522 0.1652484257 0.9053351205 0.8738209196 0.4799818418 0.8069862802 0.8926965779 0.0000000000 0.6739565006 0.9193506585
0.9294858183 0.3176656648 0.8891777275 0.9389463046 0.1779700937 0.2917518273 0.6596655879 0.7548368902 0.7498398825 0.7861487552 0.2174663346 0.8481141250 0.3993819259 0.0699617362 0.6739565006 0.0000000000 0.3497849250
0.4941231753 0.3198384640 0.1566117888 0.3148197969 0.1238640594 0.8098615154 0.5187511168 0.5223718037 0.2018527866 0.6218942049 0.1394094053 0.0666655072 0.3845231290 0.1027748472 0.9193506585 0.3497849250 0.0000000000
