# Graph size: 5
# Optimal cost: 0.6474048214968218

# Distance Matrix
0.0 0.08644038185249192 0.21448931735562338 0.5251886267281376 0.2985969219024599
0.08644038185249192 0.0 0.5643738492794915 0.09825075987145726 0.12240541452579323
0.21448931735562338 0.5643738492794915 0.0 0.01660585449866847 0.7077559609484608
0.5251886267281376 0.09825075987145726 0.01660585449866847 0.0 0.44238456005800697
0.2985969219024599 0.12240541452579323 0.7077559609484608 0.44238456005800697 0.0

# Optimal Walk
0 4 3 2 1 0
