# Graph size: 5
# Optimal cost: 1.6241552449875925

# Distance Matrix
0.0 0.24386338103773042 0.05082916923652403 0.8946610045036167 0.08584139750737474
0.24386338103773042 0.0 0.8905999627835393 0.7391286033971103 0.9867384936295839
0.05082916923652403 0.8905999627835393 0.0 0.5903825511021698 0.18110864348497302
0.8946610045036167 0.7391286033971103 0.5903825511021698 0.0 0.45366352457232884
0.08584139750737474 0.9867384936295839 0.18110864348497302 0.45366352457232884 0.0

# Optimal Walk
0 2 4 3 1 0
