# Graph size: 5
# Optimal cost: 1.1183920266590228

# Distance Matrix
0.0 0.22078143013868468 0.23733794920160323 0.22657274126046267 0.8263890540181744
0.22078143013868468 0.0 0.13465885724663662 0.4724474268594704 0.33891802394848214
0.23733794920160323 0.13465885724663662 0.0 0.2691035870327221 0.5297478868828416
0.22657274126046267 0.4724474268594704 0.2691035870327221 0.0 0.18090445500183816
0.8263890540181744 0.33891802394848214 0.5297478868828416 0.18090445500183816 0.0

# Optimal Walk
0 3 4 1 2 0
