# Graph size: 5
# Optimal cost: 1.533774132680455

# Distance Matrix
0.0 0.46743887121305394 0.3932665491581562 0.8381695725163101 0.9073407604940811
0.46743887121305394 0.0 0.6398400284109471 0.10757054228085516 0.4412718504285017
0.3932665491581562 0.6398400284109471 0.0 0.9008489849278453 0.016655777319033005
0.8381695725163101 0.10757054228085516 0.9008489849278453 0.0 0.704335854897643
0.9073407604940811 0.4412718504285017 0.016655777319033005 0.704335854897643 0.0

# Optimal Walk
0 2 4 3 1 0
