# Graph size: 5
# Optimal cost: 1.8416104619993705

# Distance Matrix
0.0 0.6402725470392545 0.31867791967136416 0.5194185269062396 0.9918949645325762
0.6402725470392545 0.0 0.7317332980432284 0.7623401959175373 0.5794915287564261
0.31867791967136416 0.7317332980432284 0.0 0.07736625563902977 0.5202194920338548
0.5194185269062396 0.7623401959175373 0.07736625563902977 0.0 0.225802210893296
0.9918949645325762 0.5794915287564261 0.5202194920338548 0.225802210893296 0.0

# Optimal Walk
0 2 3 4 1 0
