# Graph size: 5
# Optimal cost: 1.3846467873631592

# Distance Matrix
0.0 0.8009537408569778 0.21118737775133822 0.5470816115682002 0.8405107146197989
0.8009537408569778 0.0 0.4449384689983831 0.6066783677326751 0.13092678106340294
0.21118737775133822 0.4449384689983831 0.0 0.9665859624575825 0.7734512569168536
0.5470816115682002 0.6066783677326751 0.9665859624575825 0.0 0.0505125479818348
0.8405107146197989 0.13092678106340294 0.7734512569168536 0.0505125479818348 0.0

# Optimal Walk
0 2 1 4 3 0
