# Graph size: 5
# Optimal cost: 1.6421560121031822

# Distance Matrix
0.0 0.5352743426993247 0.4182960598369797 0.28365409212057013 0.36368732719700536
0.5352743426993247 0.0 0.4960744237111191 0.1996713508278367 0.7889933728883639
0.4182960598369797 0.4960744237111191 0.0 0.8250291400850351 0.299068818246651
0.28365409212057013 0.1996713508278367 0.8250291400850351 0.0 0.8584360752079419
0.36368732719700536 0.7889933728883639 0.299068818246651 0.8584360752079419 0.0

# Optimal Walk
0 4 2 1 3 0
