# Graph size: 5
# Optimal cost: 1.205990390210812

# Distance Matrix
0.0 0.836368026851104 0.16146449235867966 0.2021059902581248 0.7815740937030141
0.836368026851104 0.0 0.6447164811033429 0.9986659278256141 0.021453653795927563
0.16146449235867966 0.6447164811033429 0.0 0.13508045352410292 0.5047160241022202
0.2021059902581248 0.9986659278256141 0.13508045352410292 0.0 0.3322160732390247
0.7815740937030141 0.021453653795927563 0.5047160241022202 0.3322160732390247 0.0

# Optimal Walk
0 2 3 4 1 0
