# Graph size: 5
# Optimal cost: 2.2167579768731906

# Distance Matrix
0.0 0.5565183856872173 0.7949710695702987 0.7224930597768138 0.9641000785307855
0.5565183856872173 0.0 0.2832912846500395 0.6880513780613497 0.2358360256991704
0.7949710695702987 0.2832912846500395 0.0 0.8604460914568101 0.6358895184794742
0.7224930597768138 0.6880513780613497 0.8604460914568101 0.0 0.18016653717686826
0.9641000785307855 0.2358360256991704 0.6358895184794742 0.18016653717686826 0.0

# Optimal Walk
0 3 4 1 2 0
