# Graph size: 5
# Optimal cost: 1.6816295351751773

# Distance Matrix
0.0 0.7180327500241319 0.46959390690552927 0.7093970551172332 0.13871450751242997
0.7180327500241319 0.0 0.4031949035790028 0.07921706477931856 0.5116920876195783
0.46959390690552927 0.4031949035790028 0.0 0.6253863526286096 0.7190277550404256
0.7093970551172332 0.07921706477931856 0.6253863526286096 0.0 0.7011529292027779
0.13871450751242997 0.5116920876195783 0.7190277550404256 0.7011529292027779 0.0

# Optimal Walk
0 4 3 1 2 0
