# Graph size: 5
# Optimal cost: 1.9655851599366896

# Distance Matrix
0.0 0.9757528064878325 0.8195678275119516 0.3513410783738723 0.746805016038953
0.9757528064878325 0.0 0.6604900970968097 0.36202574501529594 0.47872783139327046
0.8195678275119516 0.6604900970968097 0.0 0.6296684195299495 0.11962398525447926
0.3513410783738723 0.36202574501529594 0.6296684195299495 0.0 0.18290145627141996
0.746805016038953 0.47872783139327046 0.11962398525447926 0.18290145627141996 0.0

# Optimal Walk
0 3 4 2 1 0
