# Graph size: 5
# Optimal cost: 1.543697503394713

# Distance Matrix
0.0 0.6662867020096023 0.17334469752262882 0.4050086465815024 0.8490347646081979
0.6662867020096023 0.0 0.814285034928161 0.44352131200877376 0.08421443458598898
0.17334469752262882 0.814285034928161 0.0 0.946989266268932 0.6746037162488372
0.4050086465815024 0.44352131200877376 0.946989266268932 0.0 0.12231157386976677
0.8490347646081979 0.08421443458598898 0.6746037162488372 0.12231157386976677 0.0

# Optimal Walk
0 3 4 1 2 0
