# Graph size: 5
# Optimal cost: 2.0221378717157825

# Distance Matrix
0.0 0.6348255229134833 0.9527218771562099 0.9892651963106134 0.4989061937442236
0.6348255229134833 0.0 0.3972110992546639 0.047947609798951185 0.7280801269678975
0.9527218771562099 0.3972110992546639 0.0 0.9694075676920962 0.39529983620550957
0.9892651963106134 0.047947609798951185 0.9694075676920962 0.0 0.32984243136867875
0.4989061937442236 0.7280801269678975 0.39529983620550957 0.32984243136867875 0.0

# Optimal Walk
0 4 2 1 3 0
