# Graph size: 5
# Optimal cost: 1.540984577821857

# Distance Matrix
0.0 0.40634715595785575 0.44084407146620264 0.5369300620973999 0.03501541974885036
0.40634715595785575 0.0 0.8381654809779328 0.9675506094997874 0.0753458176405638
0.44084407146620264 0.8381654809779328 0.0 0.4802736482354022 0.33807381245907686
0.5369300620973999 0.9675506094997874 0.4802736482354022 0.0 0.647330456204445
0.03501541974885036 0.0753458176405638 0.33807381245907686 0.647330456204445 0.0

# Optimal Walk
0 3 2 4 1 0
