# Graph size: 5
# Optimal cost: 2.3460531722203597

# Distance Matrix
0.0 0.5889656313279396 0.9539890463665848 0.9980834126607653 0.7520014983145696
0.5889656313279396 0.0 0.43850979641588905 0.2615569971937476 0.6247847174315583
0.9539890463665848 0.43850979641588905 0.0 0.41955313751039525 0.9388193167261013
0.9980834126607653 0.2615569971937476 0.41955313751039525 0.0 0.1470231086515661
0.7520014983145696 0.6247847174315583 0.9388193167261013 0.1470231086515661 0.0

# Optimal Walk
0 4 3 2 1 0
