# Graph size: 5
# Optimal cost: 1.6773561730051811

# Distance Matrix
0.0 0.349093654132167 0.5048515187958125 0.8044691220394399 0.09390790957614548
0.349093654132167 0.0 0.006515347275894867 0.8969139409758887 0.8814642178650619
0.5048515187958125 0.006515347275894867 0.0 0.9968763101889938 0.3830790308935291
0.8044691220394399 0.8969139409758887 0.9968763101889938 0.0 0.42238011556372235
0.09390790957614548 0.8814642178650619 0.3830790308935291 0.42238011556372235 0.0

# Optimal Walk
0 1 2 4 3 0
