# Graph size: 5
# Optimal cost: 2.232571644115541

# Distance Matrix
0.0 0.7991871024990087 0.6635988123207923 0.35038255587708955 0.07464159639987111
0.7991871024990087 0.0 0.6616271312059142 0.8107957793560723 0.8728172796178281
0.6635988123207923 0.6616271312059142 0.0 0.8790555167037383 0.33512458127659406
0.35038255587708955 0.8107957793560723 0.8790555167037383 0.0 0.9756936847865236
0.07464159639987111 0.8728172796178281 0.33512458127659406 0.9756936847865236 0.0

# Optimal Walk
0 4 2 1 3 0
