# Graph size: 5
# Optimal cost: 1.2745515733219726

# Distance Matrix
0.0 0.32205625821577266 0.7317423269517048 0.7723845211677061 0.42540549281666906
0.32205625821577266 0.0 0.9455176790968274 0.42975498184064465 0.012870690211750468
0.7317423269517048 0.9455176790968274 0.0 0.42804805313904803 0.2833222278753217
0.7723845211677061 0.42975498184064465 0.42804805313904803 0.0 0.01902661035814146
0.42540549281666906 0.012870690211750468 0.2833222278753217 0.01902661035814146 0.0

# Optimal Walk
0 4 3 2 1 0
