# Graph size: 5
# Optimal cost: 1.02176706789883

# Distance Matrix
0.0 0.7302581330172836 0.8298403959100257 0.27297205889858045 0.1554819135045742
0.7302581330172836 0.0 0.09297303394548373 0.4427004230371804 0.1132088791052035
0.8298403959100257 0.09297303394548373 0.0 0.9001079818681237 0.05763963851301124
0.27297205889858045 0.4427004230371804 0.9001079818681237 0.0 0.36382727047307584
0.1554819135045742 0.1132088791052035 0.05763963851301124 0.36382727047307584 0.0

# Optimal Walk
0 4 2 1 3 0
