# Graph size: 5
# Optimal cost: 1.357326282892767

# Distance Matrix
0.0 0.765512248592811 0.6947867398267858 0.031620125289671175 0.6039378151672511
0.765512248592811 0.0 0.4432567672951745 0.2080526514804456 0.8313599851251315
0.6947867398267858 0.4432567672951745 0.0 0.28653381722197935 0.34820595299924406
0.031620125289671175 0.2080526514804456 0.28653381722197935 0.0 0.2945706605385605
0.6039378151672511 0.8313599851251315 0.34820595299924406 0.2945706605385605 0.0

# Optimal Walk
0 3 4 2 1 0
