# Graph size: 5
# Optimal cost: 2.3055561948277083

# Distance Matrix
0.0 0.9981400073760315 0.14148612369555102 0.3801896777123642 0.40012369784206747
0.9981400073760315 0.0 0.7476584439745027 0.9188991005046809 0.5985169546039824
0.14148612369555102 0.7476584439745027 0.0 0.3751296265075069 0.2664643383111299
0.3801896777123642 0.9188991005046809 0.3751296265075069 0.0 0.7116630001453084
0.40012369784206747 0.5985169546039824 0.2664643383111299 0.7116630001453084 0.0

# Optimal Walk
0 2 4 1 3 0
