# Graph size: 5
# Optimal cost: 1.5902956085703144

# Distance Matrix
0.0 0.6917729827513555 0.6585555518785676 0.996119559157065 0.6597572597330401
0.6917729827513555 0.0 0.09469151920923347 0.22408422940012585 0.3774164891917443
0.6585555518785676 0.09469151920923347 0.0 0.06503324563533086 0.8455286313704722
0.996119559157065 0.22408422940012585 0.06503324563533086 0.0 0.07904060124135437
0.6597572597330401 0.3774164891917443 0.8455286313704722 0.07904060124135437 0.0

# Optimal Walk
0 4 3 2 1 0
