# Graph size: 5
# Optimal cost: 1.9535647434508134

# Distance Matrix
0.0 0.33901870154717195 0.2523173117365567 0.3693047777171814 0.7157938272124614
0.33901870154717195 0.0 0.6172073033713018 0.684405679146992 0.4741200986377506
0.2523173117365567 0.6172073033713018 0.0 0.7988014830327351 0.17701565662103902
0.3693047777171814 0.684405679146992 0.7988014830327351 0.0 0.5008073943990538
0.7157938272124614 0.4741200986377506 0.17701565662103902 0.5008073943990538 0.0

# Optimal Walk
0 2 4 3 1 0
