# Graph size: 5
# Optimal cost: 1.6307184710795501

# Distance Matrix
0.0 0.7778785867990153 0.834312296157029 0.3044625449769567 0.42736082752819526
0.7778785867990153 0.0 0.11548682906734786 0.1631619660485556 0.5047594743911468
0.834312296157029 0.11548682906734786 0.0 0.7934854006261771 0.8583498335397125
0.3044625449769567 0.1631619660485556 0.7934854006261771 0.0 0.6834090954233695
0.42736082752819526 0.5047594743911468 0.8583498335397125 0.6834090954233695 0.0

# Optimal Walk
0 4 2 1 3 0
