# Graph size: 5
# Optimal cost: 1.6035376986098546

# Distance Matrix
0.0 0.16149693044863656 0.6989000640395936 0.4885503631399437 0.5197408322191687
0.16149693044863656 0.0 0.19467770990430644 0.4526377642774674 0.8083385989109124
0.6989000640395936 0.19467770990430644 0.0 0.3581604339100003 0.9489741737505498
0.4885503631399437 0.4526377642774674 0.3581604339100003 0.0 0.36946179212774255
0.5197408322191687 0.8083385989109124 0.9489741737505498 0.36946179212774255 0.0

# Optimal Walk
0 4 3 2 1 0
