# Graph size: 5
# Optimal cost: 1.9238600220717905

# Distance Matrix
0.0 0.17076186818055084 0.9656918879355113 0.004151799130710621 0.29313807287409
0.17076186818055084 0.0 0.9984110372538485 0.16802078178568003 0.8825190473735954
0.9656918879355113 0.9984110372538485 0.0 0.7862227870034006 0.5057165122280692
0.004151799130710621 0.16802078178568003 0.7862227870034006 0.0 0.6585171104532099
0.29313807287409 0.8825190473735954 0.5057165122280692 0.6585171104532099 0.0

# Optimal Walk
0 4 2 3 1 0
