# Graph size: 5
# Optimal cost: 2.346149363291568

# Distance Matrix
0.0 0.43694466259349196 0.45923567087484896 0.12095046441138968 0.38971024730726156
0.43694466259349196 0.0 0.946245478034744 0.5980290860124349 0.9770802941555381
0.45923567087484896 0.946245478034744 0.0 0.6758099144364494 0.3814131910996945
0.12095046441138968 0.5980290860124349 0.6758099144364494 0.0 0.8480452608770966
0.38971024730726156 0.9770802941555381 0.3814131910996945 0.8480452608770966 0.0

# Optimal Walk
0 4 2 1 3 0
