# Graph size: 5
# Optimal cost: 1.4174596571942113

# Distance Matrix
0.0 0.724712125869788 0.06278740498551749 0.4305029267818423 0.32413189525898023
0.724712125869788 0.0 0.9054760624942364 0.6360701215405823 0.08376589683167046
0.06278740498551749 0.9054760624942364 0.0 0.501589905467783 0.20433330705459885
0.4305029267818423 0.6360701215405823 0.501589905467783 0.0 0.9934953320518749
0.32413189525898023 0.08376589683167046 0.20433330705459885 0.9934953320518749 0.0

# Optimal Walk
0 3 1 4 2 0
