# Graph size: 5
# Optimal cost: 1.7169350932191054

# Distance Matrix
0.0 0.22282780819595227 0.6404621393785803 0.6001807456653724 0.09836123524132723
0.22282780819595227 0.0 0.2504066233640365 0.46841228504591015 0.7542154077585924
0.6404621393785803 0.2504066233640365 0.0 0.9223675377425321 0.4991985951533059
0.6001807456653724 0.46841228504591015 0.9223675377425321 0.0 0.42652051800784274
0.09836123524132723 0.7542154077585924 0.4991985951533059 0.42652051800784274 0.0

# Optimal Walk
0 4 3 2 1 0
