# Graph size: 5
# Optimal cost: 1.4922595625612514

# Distance Matrix
0.0 0.4805341980369269 0.26647720249470974 0.18154462174183505 0.6764158267271586
0.4805341980369269 0.0 0.9779547233011862 0.28693820038621476 0.9920502300160162
0.26647720249470974 0.9779547233011862 0.0 0.1985725580422686 0.13589438975500434
0.18154462174183505 0.28693820038621476 0.1985725580422686 0.0 0.6696505102559113
0.6764158267271586 0.9920502300160162 0.13589438975500434 0.6696505102559113 0.0

# Optimal Walk
0 3 1 4 2 0
