# Graph size: 5
# Optimal cost: 1.9924959820372297

# Distance Matrix
0.0 0.029601254375220543 0.5939040618298672 0.6190311325451009 0.24062331133437642
0.029601254375220543 0.0 0.5852313523094691 0.5099891056318369 0.5213993018513425
0.5939040618298672 0.5852313523094691 0.0 0.8707065677636713 0.34157574293212467
0.6190311325451009 0.5099891056318369 0.8707065677636713 0.0 0.9586474528737768
0.24062331133437642 0.5213993018513425 0.34157574293212467 0.9586474528737768 0.0

# Optimal Walk
0 4 2 3 1 0
