# Graph size: 5
# Optimal cost: 2.2354515143263693

# Distance Matrix
0.0 0.9859061025721862 0.9267046488630969 0.47930424403134675 0.48701367104865834
0.9859061025721862 0.0 0.8536656740168469 0.1354400435968912 0.40527979200482456
0.9267046488630969 0.8536656740168469 0.0 0.3642068818223242 0.7853598867061694
0.47930424403134675 0.1354400435968912 0.3642068818223242 0.0 0.6592312557265552
0.48701367104865834 0.40527979200482456 0.7853598867061694 0.6592312557265552 0.0

# Optimal Walk
0 4 1 3 2 0
