# MCW Instance
# Type: EXPONENTIAL
# N: 17
# Optimal cost: 2.167178281167113
# Optimal tour (permutation): [0, 12, 11, 2, 16, 14, 6, 13, 5, 15, 7, 9, 10, 1, 3, 4, 8, 0]
# Optimal walk (full path): [0, 12, 11, 2, 16, 6, 14, 6, 13, 5, 13, 6, 15, 7, 15, 9, 10, 1, 3, 4, 8, 0]
# Walk size: 22
# Is walk (has repeats): true

# Distance Matrix
0.0000000000 1.7837897776 3.1839438787 0.0776048129 0.1041194277 3.2569013761 0.1526281960 5.7018480577 0.0297089815 2.0899580682 0.4494839933 2.9935930817 0.0177524033 0.7922762365 1.2343090288 1.0010917352 0.3275832061
1.7837897776 0.0000000000 1.1279255573 0.0868756103 0.4341513273 0.6319845714 0.8052831228 1.0049471596 2.4148658594 1.9617816903 0.1761503453 1.6020483806 0.2827219463 0.8910356001 0.5111505194 0.7236446149 2.2559613947
3.1839438787 1.1279255573 0.0000000000 1.3951823871 1.3637863239 5.9518450216 0.0684753959 1.8019289610 2.6889008531 0.3799579197 0.1527897378 0.2944465849 0.3401537790 2.4147685160 1.2582442494 0.6939810351 0.1201009390
0.0776048129 0.0868756103 1.3951823871 0.0000000000 0.0783210113 1.9496914576 1.2246637671 0.1697553217 0.5223721111 0.1622659465 0.3903557778 0.8557547943 0.1959395981 0.2149500575 2.3962185905 2.7110726001 0.9462810779
0.1041194277 0.4341513273 1.3637863239 0.0783210113 0.0000000000 1.1845795796 3.4162040650 1.3134015813 0.0748786873 2.9186407966 0.2177318855 1.1352206862 0.2915143980 0.7299448924 0.6200559146 0.5690045657 0.8137513220
3.2569013761 0.6319845714 5.9518450216 1.9496914576 1.1845795796 0.0000000000 0.2395260087 0.3877418641 1.5742676626 4.1631674359 2.4761316752 2.4409701501 0.5058773767 0.0200462220 1.5167845327 0.9952382165 1.9775031994
0.1526281960 0.8052831228 0.0684753959 1.2246637671 3.4162040650 0.2395260087 0.0000000000 0.2192515997 0.3710976548 0.0468074767 1.9252897461 0.2961295273 0.3300245464 0.2049945379 0.0647913578 0.0654241474 0.1442748218
5.7018480577 1.0049471596 1.8019289610 0.1697553217 1.3134015813 0.3877418641 0.2192515997 0.0000000000 0.5214884144 0.1966311274 1.3664931362 0.5199902379 1.6211007487 4.5952443728 1.7623502634 0.0095152495 0.3264671916
0.0297089815 2.4148658594 2.6889008531 0.5223721111 0.0748786873 1.5742676626 0.3710976548 0.5214884144 0.0000000000 0.5701552633 0.7186201382 1.2226920606 0.1997481740 4.4707477830 0.8970934549 2.0291130392 1.0147732585
2.0899580682 1.9617816903 0.3799579197 0.1622659465 2.9186407966 4.1631674359 0.0468074767 0.1966311274 0.5701552633 0.0000000000 0.0893332792 3.3242037645 1.4760553784 0.8522913743 0.4348346013 0.0996476698 2.8969017108
0.4494839933 0.1761503453 0.1527897378 0.3903557778 0.2177318855 2.4761316752 1.9252897461 1.3664931362 0.7186201382 0.0893332792 0.0000000000 1.2242489895 0.3977528886 0.3685737653 1.7098489867 1.1439163172 3.8652724201
2.9935930817 1.6020483806 0.2944465849 0.8557547943 1.1352206862 2.4409701501 0.2961295273 0.5199902379 1.2226920606 3.3242037645 1.2242489895 0.0000000000 0.2915690661 1.5164962460 2.6387624425 1.5114790189 0.6132143733
0.0177524033 0.2827219463 0.3401537790 0.1959395981 0.2915143980 0.5058773767 0.3300245464 1.6211007487 0.1997481740 1.4760553784 0.3977528886 0.2915690661 0.0000000000 3.6201727344 1.2866600317 0.3976681407 0.6066744944
0.7922762365 0.8910356001 2.4147685160 0.2149500575 0.7299448924 0.0200462220 0.2049945379 4.5952443728 4.4707477830 0.8522913743 0.3685737653 1.5164962460 3.6201727344 0.0000000000 1.1017731162 0.5633196287 0.6632863511
1.2343090288 0.5111505194 1.2582442494 2.3962185905 0.6200559146 1.5167845327 0.0647913578 1.7623502634 0.8970934549 0.4348346013 1.7098489867 2.6387624425 1.2866600317 1.1017731162 0.0000000000 0.7641782460 1.5177923671
1.0010917352 0.7236446149 0.6939810351 2.7110726001 0.5690045657 0.9952382165 0.0654241474 0.0095152495 2.0291130392 0.0996476698 1.1439163172 1.5114790189 0.3976681407 0.5633196287 0.7641782460 0.0000000000 2.0185184534
0.3275832061 2.2559613947 0.1201009390 0.9462810779 0.8137513220 1.9775031994 0.1442748218 0.3264671916 1.0147732585 2.8969017108 3.8652724201 0.6132143733 0.6066744944 0.6632863511 1.5177923671 2.0185184534 0.0000000000
