# MCW Instance
# Type: EXPONENTIAL
# N: 17
# Optimal cost: 1.3614513938724242
# Optimal tour (permutation): [0, 12, 14, 8, 15, 3, 2, 5, 6, 9, 11, 16, 4, 7, 1, 10, 13, 0]
# Optimal walk (full path): [0, 1, 12, 14, 8, 14, 15, 3, 2, 3, 5, 6, 9, 11, 16, 4, 12, 7, 12, 1, 0, 10, 13, 10, 0]
# Walk size: 25
# Is walk (has repeats): true

# Distance Matrix
0.0000000000 0.0031037451 0.2084949656 0.9591130033 0.6586626672 0.6341442431 0.5926110817 0.6004066501 0.6636781654 1.8170456376 0.0076189333 1.1177673485 3.3634488287 0.2248818336 0.7259512087 0.2126922825 1.5570476649
0.0031037451 0.0000000000 1.1095159046 1.9950554166 1.1733555113 0.5516808617 1.0418128307 0.2476775011 1.7456991788 0.6611283365 0.5496788544 4.0161669862 0.0139867115 3.2309722395 0.2417265194 0.1411902222 0.2595297950
0.2084949656 1.1095159046 0.0000000000 0.0376487083 1.0729963837 2.5456492542 1.8395793508 0.2779325424 0.5337675646 0.4676528237 0.6759182107 0.1234079292 5.3522420478 0.8554081613 0.1738118403 0.6266764315 0.1494841695
0.9591130033 1.9950554166 0.0376487083 0.0000000000 0.4252027599 0.1106165606 1.5312753103 0.0377620826 0.6037840910 0.1025171694 0.4503382015 0.7882650487 0.1820280853 0.5546412255 0.2023985084 0.0288579255 1.0327285209
0.6586626672 1.1733555113 1.0729963837 0.4252027599 0.0000000000 0.6532646627 1.2253314239 1.9731227045 0.3587134042 0.4031261045 0.3276293282 1.2830541160 0.0675206233 0.9716536573 4.9913964337 1.3301980355 0.1789021256
0.6341442431 0.5516808617 2.5456492542 0.1106165606 0.6532646627 0.0000000000 0.2551665719 0.6362299068 0.1940903508 2.2919114473 1.0393046390 0.2881864954 3.6564951111 1.0921344620 1.5968337718 0.1507496456 0.5876466086
0.5926110817 1.0418128307 1.8395793508 1.5312753103 1.2253314239 0.2551665719 0.0000000000 0.3983369061 1.9733598297 0.1723958973 1.3922054930 3.9665019549 0.2397664765 0.6136393970 0.5119103197 3.3137864049 3.7504810438
0.6004066501 0.2476775011 0.2779325424 0.0377620826 1.9731227045 0.6362299068 0.3983369061 0.0000000000 2.6554297663 1.0657598234 0.0452198680 0.9797696987 0.0130418361 0.1683370351 0.8603649975 0.2308000408 1.0101871522
0.6636781654 1.7456991788 0.5337675646 0.6037840910 0.3587134042 0.1940903508 1.9733598297 2.6554297663 0.0000000000 0.1723768239 0.6862767871 0.1936711104 0.0689823000 1.5546130708 0.0363765046 0.7521781971 2.5592577941
1.8170456376 0.6611283365 0.4676528237 0.1025171694 0.4031261045 2.2919114473 0.1723958973 1.0657598234 0.1723768239 0.0000000000 0.4475032354 0.1362939625 2.3987105840 0.7499036834 0.4839556945 0.8063909990 1.0517704399
0.0076189333 0.5496788544 0.6759182107 0.4503382015 0.3276293282 1.0393046390 1.3922054930 0.0452198680 0.6862767871 0.4475032354 0.0000000000 0.3668665318 0.1163018885 0.0384991455 0.2591855222 2.7251043240 0.8309850973
1.1177673485 4.0161669862 0.1234079292 0.7882650487 1.2830541160 0.2881864954 3.9665019549 0.9797696987 0.1936711104 0.1362939625 0.3668665318 0.0000000000 1.0330525285 0.6033131854 0.6848080313 1.8036054502 0.0398595837
3.3634488287 0.0139867115 5.3522420478 0.1820280853 0.0675206233 3.6564951111 0.2397664765 0.0130418361 0.0689823000 2.3987105840 0.1163018885 1.0330525285 0.0000000000 1.8156242803 0.0304705852 0.0293278954 0.5173013507
0.2248818336 3.2309722395 0.8554081613 0.5546412255 0.9716536573 1.0921344620 0.6136393970 0.1683370351 1.5546130708 0.7499036834 0.0384991455 0.6033131854 1.8156242803 0.0000000000 3.1475692180 0.5394016676 1.2191985664
0.7259512087 0.2417265194 0.1738118403 0.2023985084 4.9913964337 1.5968337718 0.5119103197 0.8603649975 0.0363765046 0.4839556945 0.2591855222 0.6848080313 0.0304705852 3.1475692180 0.0000000000 0.0408163896 0.3658011175
0.2126922825 0.1411902222 0.6266764315 0.0288579255 1.3301980355 0.1507496456 3.3137864049 0.2308000408 0.7521781971 0.8063909990 2.7251043240 1.8036054502 0.0293278954 0.5394016676 0.0408163896 0.0000000000 1.3358924692
1.5570476649 0.2595297950 0.1494841695 1.0327285209 0.1789021256 0.5876466086 3.7504810438 1.0101871522 2.5592577941 1.0517704399 0.8309850973 0.0398595837 0.5173013507 1.2191985664 0.3658011175 1.3358924692 0.0000000000
