# MCW Instance
# Type: EXPONENTIAL
# N: 17
# Optimal cost: 2.970303762141915
# Optimal tour (permutation): [0, 5, 12, 16, 11, 2, 15, 14, 10, 9, 13, 1, 4, 8, 3, 6, 7, 0]
# Optimal walk (full path): [0, 5, 12, 16, 11, 2, 15, 14, 9, 10, 9, 14, 13, 1, 13, 4, 8, 3, 6, 7, 6, 0]
# Walk size: 22
# Is walk (has repeats): true

# Distance Matrix
0.0000000000 0.4731746486 0.2615171847 1.5599484258 0.5451171147 0.1907488504 0.0398605316 2.1871563742 0.2426530719 0.9928103064 0.5410200121 1.1798164754 1.0592134035 0.1298636150 0.9505988333 0.4239119764 0.1542281901
0.4731746486 0.0000000000 0.9563060758 0.5776805991 1.0123991777 0.9754155847 5.2772057615 2.8638924341 0.6875821068 3.0871923093 2.5910430499 1.7986437573 0.5172160122 0.1018964419 3.7430555581 1.1318536195 1.3185174031
0.2615171847 0.9563060758 0.0000000000 1.5758507549 0.1867038734 0.5495534082 0.3588092034 0.5382292167 0.4106240082 0.5185014995 1.7671451282 0.1020431007 1.0955987517 0.7773172420 1.5987997532 0.2783924129 0.9760846442
1.5599484258 0.5776805991 1.5758507549 0.0000000000 0.1053325993 0.3070166729 0.0857271603 3.3075262908 0.0825704003 0.6650178048 2.5636599132 2.4235907312 2.3815039677 1.8297814905 0.5241334758 1.2786271419 2.9401861879
0.5451171147 1.0123991777 0.1867038734 0.1053325993 0.0000000000 0.5269826145 0.1693550695 1.2708355038 0.0000271505 1.5180864587 1.8192976551 0.9823458924 1.7707459733 0.0421507013 2.4498739101 0.5624741632 0.7443578584
0.1907488504 0.9754155847 0.5495534082 0.3070166729 0.5269826145 0.0000000000 1.2870064705 3.3198691998 0.4093081666 0.4856831027 0.5780134060 1.6109295308 0.3865974993 2.2153353367 0.2791630891 0.3707700048 1.1560394657
0.0398605316 5.2772057615 0.3588092034 0.0857271603 0.1693550695 1.2870064705 0.0000000000 0.2810550210 0.4709400299 0.3434763466 0.7865268093 2.2651628839 1.8274924619 0.4799137232 0.9097062853 0.6201436732 0.6357393901
2.1871563742 2.8638924341 0.5382292167 3.3075262908 1.2708355038 3.3198691998 0.2810550210 0.0000000000 0.7862608421 1.1023624204 0.6078282006 0.7649294790 0.6475340855 0.5976019544 0.3101964750 0.9433846919 1.3195773820
0.2426530719 0.6875821068 0.4106240082 0.0825704003 0.0000271505 0.4093081666 0.4709400299 0.7862608421 0.0000000000 0.9238511894 2.6167999167 0.7017236362 0.3986269059 1.9295235389 0.3230518440 0.2187751614 0.0738817296
0.9928103064 3.0871923093 0.5185014995 0.6650178048 1.5180864587 0.4856831027 0.3434763466 1.1023624204 0.9238511894 0.0000000000 0.0411294046 0.3496083531 0.4848402170 2.1996017555 0.0814517710 0.7500863638 5.5325789306
0.5410200121 2.5910430499 1.7671451282 2.5636599132 1.8192976551 0.5780134060 0.7865268093 0.6078282006 2.6167999167 0.0411294046 0.0000000000 8.3570496107 1.2896089910 1.2433955247 0.1977794212 1.7476609999 0.8503688752
1.1798164754 1.7986437573 0.1020431007 2.4235907312 0.9823458924 1.6109295308 2.2651628839 0.7649294790 0.7017236362 0.3496083531 8.3570496107 0.0000000000 3.4126741330 1.0353942841 0.2242253934 0.1912923769 0.1629817094
1.0592134035 0.5172160122 1.0955987517 2.3815039677 1.7707459733 0.3865974993 1.8274924619 0.6475340855 0.3986269059 0.4848402170 1.2896089910 3.4126741330 0.0000000000 2.6168406844 0.7938463242 0.4225144497 0.3137880410
0.1298636150 0.1018964419 0.7773172420 1.8297814905 0.0421507013 2.2153353367 0.4799137232 0.5976019544 1.9295235389 2.1996017555 1.2433955247 1.0353942841 2.6168406844 0.0000000000 0.0782758784 0.5069669901 1.1681225316
0.9505988333 3.7430555581 1.5987997532 0.5241334758 2.4498739101 0.2791630891 0.9097062853 0.3101964750 0.3230518440 0.0814517710 0.1977794212 0.2242253934 0.7938463242 0.0782758784 0.0000000000 0.1960750491 0.7440099439
0.4239119764 1.1318536195 0.2783924129 1.2786271419 0.5624741632 0.3707700048 0.6201436732 0.9433846919 0.2187751614 0.7500863638 1.7476609999 0.1912923769 0.4225144497 0.5069669901 0.1960750491 0.0000000000 1.7423791692
0.1542281901 1.3185174031 0.9760846442 2.9401861879 0.7443578584 1.1560394657 0.6357393901 1.3195773820 0.0738817296 5.5325789306 0.8503688752 0.1629817094 0.3137880410 1.1681225316 0.7440099439 1.7423791692 0.0000000000
