# MCW Instance
# Type: EXPONENTIAL
# N: 17
# Optimal cost: 1.8569744343997967
# Optimal tour (permutation): [0, 12, 5, 10, 15, 11, 8, 2, 1, 4, 13, 3, 16, 14, 7, 9, 6, 0]
# Optimal walk (full path): [0, 12, 5, 10, 3, 15, 11, 8, 2, 1, 4, 13, 15, 3, 9, 16, 14, 16, 9, 7, 9, 12, 6, 12, 0]
# Walk size: 25
# Is walk (has repeats): true

# Distance Matrix
0.0000000000 1.0353893405 0.4829287488 0.7067645255 1.0939321078 0.5372282119 1.0382870193 0.5200975808 0.1115141934 0.2164242552 0.5800073709 0.7903636656 0.0411579867 5.2505820180 2.3975693707 0.5824837806 1.7238254569
1.0353893405 0.0000000000 0.2427356580 0.7102139016 0.3098926335 1.1051681373 2.2324110256 0.9418166962 1.2470535911 0.4339880871 2.3796043382 1.1385860415 0.3597352356 1.5971893818 1.7582615208 0.7194349654 1.6292195484
0.4829287488 0.2427356580 0.0000000000 1.2345240835 0.3690142778 2.0036687454 0.5230347176 0.7816666032 0.0077972278 1.1905768593 0.9328123877 2.8818716722 1.5456672349 0.1787468381 0.4005299544 0.0735380679 0.8319419796
0.7067645255 0.7102139016 1.2345240835 0.0000000000 0.5997880533 1.2259100825 0.0470393698 0.8315398783 0.6567734048 0.0042963025 0.1865889888 1.9081959062 0.9002009892 1.2057907781 0.5351788319 0.0011891828 0.3312935138
1.0939321078 0.3098926335 0.3690142778 0.5997880533 0.0000000000 0.4198877499 0.1524390918 0.6016021082 0.2040112789 1.8992023843 3.6268213360 0.9267356335 0.9047339561 0.1834393311 0.2385391580 9.0630985724 2.5513579083
0.5372282119 1.1051681373 2.0036687454 1.2259100825 0.4198877499 0.0000000000 1.3262782544 0.2783605181 5.0192603840 1.0960963726 0.0630379852 2.4019706456 0.1691623240 1.2116828938 1.6579293646 2.7349643061 0.3420799072
1.0382870193 2.2324110256 0.5230347176 0.0470393698 0.1524390918 1.3262782544 0.0000000000 2.0153554169 0.1934547838 0.0855102923 0.4125186786 0.1137826678 0.0384738642 2.2032817715 1.0530026243 1.4318254170 0.3364126537
0.5200975808 0.9418166962 0.7816666032 0.8315398783 0.6016021082 0.2783605181 2.0153554169 0.0000000000 0.7260379902 0.0598437154 1.7274943172 5.4829389163 0.5392216529 2.6478367969 0.5756511453 0.9516859035 0.4086802902
0.1115141934 1.2470535911 0.0077972278 0.6567734048 0.2040112789 5.0192603840 0.1934547838 0.7260379902 0.0000000000 3.0693543465 0.2653423400 0.1281288490 0.4525373257 1.1038241892 0.6934620693 0.2550590795 0.9794724593
0.2164242552 0.4339880871 1.1905768593 0.0042963025 1.8992023843 1.0960963726 0.0855102923 0.0598437154 3.0693543465 0.0000000000 2.0485680003 1.2564944312 0.0025753295 0.6361388244 2.5349908277 0.4156009538 0.0139295329
0.5800073709 2.3796043382 0.9328123877 0.1865889888 3.6268213360 0.0630379852 0.4125186786 1.7274943172 0.2653423400 2.0485680003 0.0000000000 3.5120687276 0.9018512628 0.4482004169 2.2401155061 1.7744117342 0.9130113301
0.7903636656 1.1385860415 2.8818716722 1.9081959062 0.9267356335 2.4019706456 0.1137826678 5.4829389163 0.1281288490 1.2564944312 3.5120687276 0.0000000000 0.8451559813 0.8588006476 1.9709354160 0.0664065953 0.1649133999
0.0411579867 0.3597352356 1.5456672349 0.9002009892 0.9047339561 0.1691623240 0.0384738642 0.5392216529 0.4525373257 0.0025753295 0.9018512628 0.8451559813 0.0000000000 1.7515318239 0.7443335277 0.4138022368 1.3905642002
5.2505820180 1.5971893818 0.1787468381 1.2057907781 0.1834393311 1.2116828938 2.2032817715 2.6478367969 1.1038241892 0.6361388244 0.4482004169 0.8588006476 1.7515318239 0.0000000000 0.6943129179 0.1436085353 0.2138553607
2.3975693707 1.7582615208 0.4005299544 0.5351788319 0.2385391580 1.6579293646 1.0530026243 0.5756511453 0.6934620693 2.5349908277 2.2401155061 1.9709354160 0.7443335277 0.6943129179 0.0000000000 1.7711491946 0.0200580552
0.5824837806 0.7194349654 0.0735380679 0.0011891828 9.0630985724 2.7349643061 1.4318254170 0.9516859035 0.2550590795 0.4156009538 1.7744117342 0.0664065953 0.4138022368 0.1436085353 1.7711491946 0.0000000000 1.3745233328
1.7238254569 1.6292195484 0.8319419796 0.3312935138 2.5513579083 0.3420799072 0.3364126537 0.4086802902 0.9794724593 0.0139295329 0.9130113301 0.1649133999 1.3905642002 0.2138553607 0.0200580552 1.3745233328 0.0000000000
