# MCW Instance
# Type: EXPONENTIAL
# N: 17
# Optimal cost: 1.4675319806341725
# Optimal tour (permutation): [0, 13, 7, 12, 2, 16, 1, 10, 3, 4, 11, 6, 15, 14, 8, 9, 5, 0]
# Optimal walk (full path): [0, 13, 7, 12, 2, 12, 16, 1, 16, 10, 16, 12, 3, 4, 11, 6, 15, 14, 8, 14, 9, 5, 9, 0]
# Walk size: 24
# Is walk (has repeats): true

# Distance Matrix
0.0000000000 1.4751826555 1.8041370284 3.7084795645 0.2160894369 2.0491679317 1.0711882681 0.6197608933 0.9683673088 0.1232196365 0.2935471541 0.6247307704 0.1552520090 0.1490568136 1.4469883042 0.7967417572 0.4188971691
1.4751826555 0.0000000000 0.3552739923 0.6912435040 1.9034641694 2.4846962985 0.5400170354 2.3949887820 0.6590917556 0.2208413258 0.4266086729 0.3065426294 1.1841152766 1.4494237400 0.9520586034 1.3490970779 0.2036459273
1.8041370284 0.3552739923 0.0000000000 0.6013192669 0.7323150698 2.3891463257 2.6163489932 1.2222003275 0.0977974611 2.6868071311 0.1026737941 0.6299200812 0.0222158681 0.1606978938 0.2417988799 0.6761089548 0.2345686073
3.7084795645 0.6912435040 0.6013192669 0.0000000000 0.0735863148 0.5126184194 0.3398732777 2.9232530785 0.3294394939 1.3856146793 1.1774776364 1.4346906700 0.1258565210 0.1563604717 0.4811577902 2.2205299762 0.8223462468
0.2160894369 1.9034641694 0.7323150698 0.0735863148 0.0000000000 0.7337084768 0.8145669023 3.6022948826 0.1981604205 0.6370135045 0.4554916614 0.0042299415 0.9671901998 0.4070342566 0.9644347774 1.7649637909 0.9144286498
2.0491679317 2.4846962985 2.3891463257 0.5126184194 0.7337084768 0.0000000000 0.4010374592 1.5106741229 0.5152013516 0.0493220806 0.1550084577 0.2416331199 2.2301628392 0.9802708593 0.4303780365 0.2486506011 0.2342413781
1.0711882681 0.5400170354 2.6163489932 0.3398732777 0.8145669023 0.4010374592 0.0000000000 0.7335885544 0.5725075284 0.4763051585 2.5948282663 0.1657496902 1.4590846310 0.5315366608 1.0875741601 0.0987260480 1.3801130161
0.6197608933 2.3949887820 1.2222003275 2.9232530785 3.6022948826 1.5106741229 0.7335885544 0.0000000000 1.5590664933 2.5605766729 0.3616400026 0.8962154651 0.0186709353 0.0415136908 0.8365282403 0.8590042193 1.2548220363
0.9683673088 0.6590917556 0.0977974611 0.3294394939 0.1981604205 0.5152013516 0.5725075284 1.5590664933 0.0000000000 0.5233512524 1.7867236327 0.5009368272 0.3108450708 0.4262899715 0.0047804379 0.2430115412 0.1608175315
0.1232196365 0.2208413258 2.6868071311 1.3856146793 0.6370135045 0.0493220806 0.4763051585 2.5605766729 0.5233512524 0.0000000000 0.0831782118 0.9972438368 0.5057788272 1.2322260779 0.0100131407 1.8247317139 0.3927459819
0.2935471541 0.4266086729 0.1026737941 1.1774776364 0.4554916614 0.1550084577 2.5948282663 0.3616400026 1.7867236327 0.0831782118 0.0000000000 0.8632676993 0.1885208130 1.7163387368 1.4649935278 1.0952253500 0.0455755469
0.6247307704 0.3065426294 0.6299200812 1.4346906700 0.0042299415 0.2416331199 0.1657496902 0.8962154651 0.5009368272 0.9972438368 0.8632676993 0.0000000000 0.1582076521 0.2744818948 0.0781675743 0.1090983358 0.2129543599
0.1552520090 1.1841152766 0.0222158681 0.1258565210 0.9671901998 2.2301628392 1.4590846310 0.0186709353 0.3108450708 0.5057788272 0.1885208130 0.1582076521 0.0000000000 0.3317571401 0.2228355234 0.5322876916 0.0026111006
0.1490568136 1.4494237400 0.1606978938 0.1563604717 0.4070342566 0.9802708593 0.5315366608 0.0415136908 0.4262899715 1.2322260779 1.7163387368 0.2744818948 0.3317571401 0.0000000000 0.4014436596 1.0473073755 0.3392532751
1.4469883042 0.9520586034 0.2417988799 0.4811577902 0.9644347774 0.4303780365 1.0875741601 0.8365282403 0.0047804379 0.0100131407 1.4649935278 0.0781675743 0.2228355234 0.4014436596 0.0000000000 0.0006073253 1.3790479237
0.7967417572 1.3490970779 0.6761089548 2.2205299762 1.7649637909 0.2486506011 0.0987260480 0.8590042193 0.2430115412 1.8247317139 1.0952253500 0.1090983358 0.5322876916 1.0473073755 0.0006073253 0.0000000000 1.0567177156
0.4188971691 0.2036459273 0.2345686073 0.8223462468 0.9144286498 0.2342413781 1.3801130161 1.2548220363 0.1608175315 0.3927459819 0.0455755469 0.2129543599 0.0026111006 0.3392532751 1.3790479237 1.0567177156 0.0000000000
