# MCW Instance
# Type: EXPONENTIAL
# N: 17
# Optimal cost: 2.3747933362782696
# Optimal tour (permutation): [0, 12, 11, 4, 2, 16, 13, 8, 5, 9, 6, 14, 7, 1, 15, 3, 10, 0]
# Optimal walk (full path): [0, 12, 0, 11, 4, 2, 16, 8, 13, 8, 5, 9, 6, 14, 7, 1, 15, 3, 10, 0]
# Walk size: 20
# Is walk (has repeats): true

# Distance Matrix
0.0000000000 0.7332505977 0.7498532176 1.5685961675 0.7353200189 0.2765974066 2.1305079043 1.9908765665 1.1518846133 0.6751396899 0.1332922408 0.0158369561 0.0639502643 1.0188558559 2.2036719544 0.4574887661 0.9193115263
0.7332505977 0.0000000000 0.5135449698 0.3305843694 1.4196596849 1.8507437454 0.6997138410 0.3872773592 0.3717606385 0.8790643332 0.7383424265 1.0585946723 1.2849780027 0.9211375715 1.1721778192 0.0722165818 2.3855841415
0.7498532176 0.5135449698 0.0000000000 1.6832142022 0.1556870909 0.6266337397 0.7833692770 0.2935941069 0.9651814373 2.8656510412 0.5180467038 1.1383675150 2.0202329044 2.5285531204 2.0033402073 1.1925253122 0.1506993112
1.5685961675 0.3305843694 1.6832142022 0.0000000000 0.3031547576 1.6069034566 1.7396141887 2.4916650198 1.0313989449 0.2527574707 0.0085118274 1.2117675564 0.9132489097 0.5204156170 1.2477992545 0.0982573412 2.7887390824
0.7353200189 1.4196596849 0.1556870909 0.3031547576 0.0000000000 1.9161032587 2.0619564296 0.7892829847 0.7853017317 0.7378198001 1.0963928439 0.2188251799 1.8329529523 1.9482863110 0.3212604236 2.1661245169 0.9513239008
0.2765974066 1.8507437454 0.6266337397 1.6069034566 1.9161032587 0.0000000000 1.4270226740 0.8101867526 0.0279767902 0.2588725070 0.4974527249 1.6133829795 0.3784115762 1.1801859778 1.6598645564 0.9099278174 0.3764802591
2.1305079043 0.6997138410 0.7833692770 1.7396141887 2.0619564296 1.4270226740 0.0000000000 0.6992423852 1.4567637672 0.1070001951 2.3232387737 1.0011974149 1.1260911868 2.8174814892 0.1649690934 0.8613922726 1.0204037268
1.9908765665 0.3872773592 0.2935941069 2.4916650198 0.7892829847 0.8101867526 0.6992423852 0.0000000000 0.4090922723 1.1837052357 2.1776128024 1.1126083132 3.9693624522 1.7304070136 0.2071051533 1.1911894139 1.0857421012
1.1518846133 0.3717606385 0.9651814373 1.0313989449 0.7853017317 0.0279767902 1.4567637672 0.4090922723 0.0000000000 0.9448940548 0.3734445273 1.2299322290 0.9433021764 0.0701647560 1.4971366099 0.6760829318 0.1000356682
0.6751396899 0.8790643332 2.8656510412 0.2527574707 0.7378198001 0.2588725070 0.1070001951 1.1837052357 0.9448940548 0.0000000000 2.9922524011 0.7177695913 1.0768770575 1.7238597169 0.2020778422 0.6170393342 0.4318255230
0.1332922408 0.7383424265 0.5180467038 0.0085118274 1.0963928439 0.4974527249 2.3232387737 2.1776128024 0.3734445273 2.9922524011 0.0000000000 0.3410200890 3.2781540255 0.4462986460 1.8552243791 0.4701990350 0.7380131398
0.0158369561 1.0585946723 1.1383675150 1.2117675564 0.2188251799 1.6133829795 1.0011974149 1.1126083132 1.2299322290 0.7177695913 0.3410200890 0.0000000000 1.7202864580 0.6881712118 0.0739522442 0.2812135327 0.8324484610
0.0639502643 1.2849780027 2.0202329044 0.9132489097 1.8329529523 0.3784115762 1.1260911868 3.9693624522 0.9433021764 1.0768770575 3.2781540255 1.7202864580 0.0000000000 2.2876094500 0.6263695884 0.2985089002 0.7649605313
1.0188558559 0.9211375715 2.5285531204 0.5204156170 1.9482863110 1.1801859778 2.8174814892 1.7304070136 0.0701647560 1.7238597169 0.4462986460 0.6881712118 2.2876094500 0.0000000000 1.6916348201 1.5516122326 2.3138421275
2.2036719544 1.1721778192 2.0033402073 1.2477992545 0.3212604236 1.6598645564 0.1649690934 0.2071051533 1.4971366099 0.2020778422 1.8552243791 0.0739522442 0.6263695884 1.6916348201 0.0000000000 0.5575307999 0.9026252096
0.4574887661 0.0722165818 1.1925253122 0.0982573412 2.1661245169 0.9099278174 0.8613922726 1.1911894139 0.6760829318 0.6170393342 0.4701990350 0.2812135327 0.2985089002 1.5516122326 0.5575307999 0.0000000000 0.8557007131
0.9193115263 2.3855841415 0.1506993112 2.7887390824 0.9513239008 0.3764802591 1.0204037268 1.0857421012 0.1000356682 0.4318255230 0.7380131398 0.8324484610 0.7649605313 2.3138421275 0.9026252096 0.8557007131 0.0000000000
