# MCW Instance
# Type: EXPONENTIAL
# N: 17
# Optimal cost: 1.8542499236179093
# Optimal tour (permutation): [0, 8, 9, 5, 10, 11, 1, 4, 3, 13, 14, 6, 7, 15, 16, 12, 2, 0]
# Optimal walk (full path): [0, 8, 9, 5, 10, 11, 1, 4, 13, 3, 13, 14, 6, 7, 15, 16, 2, 12, 2, 8, 0]
# Walk size: 21
# Is walk (has repeats): true

# Distance Matrix
0.0000000000 1.9154110887 1.0684892874 0.7043850805 2.3075968385 1.7042681921 2.1777910488 0.6634752641 0.0514738579 0.6037549611 3.5527136262 0.7181725609 0.7733983540 0.4559123111 2.4285683208 0.5746268918 0.9302957454
1.9154110887 0.0000000000 0.2951577751 1.2430398780 0.1171623723 1.2827960432 0.5664761661 2.8837557183 1.0814594975 1.7649140054 1.0497972466 0.1630033247 1.5328387886 3.6303174142 0.2545812682 0.4260915862 0.1871413074
1.0684892874 0.2951577751 0.0000000000 0.3715150119 1.4929629029 0.9838693734 1.5970031673 3.3635578344 0.0305993876 0.8126856024 1.2206766774 0.5588501226 0.0675994205 1.8796824470 0.0554827386 1.4211587136 0.0198084084
0.7043850805 1.2430398780 0.3715150119 0.0000000000 0.7728403569 1.2379376966 0.0909558708 1.6317861282 1.5374492105 0.4123772399 0.8995047995 0.8645630762 0.1960603797 0.0067870060 0.5060108544 1.5550998663 0.5168876432
2.3075968385 0.1171623723 1.4929629029 0.7728403569 0.0000000000 0.9231577749 0.8291866397 0.4902754526 3.8635455273 2.6134926432 1.3285399116 0.5853801676 1.3285518820 0.2402392724 1.3383177980 1.2795378189 1.2075387289
1.7042681921 1.2827960432 0.9838693734 1.2379376966 0.9231577749 0.0000000000 3.0324631524 2.0953564018 4.3961700384 0.0524482094 0.3644759043 0.7755244831 1.2020085834 1.6958272266 0.1546256682 0.1571954167 0.7055637830
2.1777910488 0.5664761661 1.5970031673 0.0909558708 0.8291866397 3.0324631524 0.0000000000 0.1451489400 1.0992540657 0.6156112094 0.5850583401 2.4438314819 2.2531606898 1.4417336679 0.0098638138 2.4157043237 1.6556224778
0.6634752641 2.8837557183 3.3635578344 1.6317861282 0.4902754526 2.0953564018 0.1451489400 0.0000000000 0.5298208786 0.4823007322 0.5493473437 1.5890298307 1.9248063676 1.8748591679 2.6317551720 0.1399519761 0.3528005044
0.0514738579 1.0814594975 0.0305993876 1.5374492105 3.8635455273 4.3961700384 1.0992540657 0.5298208786 0.0000000000 0.1881116951 0.3626081421 1.0151514571 1.5102479873 0.0544808184 0.6228770027 0.4136399080 0.9305214149
0.6037549611 1.7649140054 0.8126856024 0.4123772399 2.6134926432 0.0524482094 0.6156112094 0.4823007322 0.1881116951 0.0000000000 2.7357239084 0.8229391532 1.9059517148 1.4175334457 0.6843733987 0.2697121081 0.7679747414
3.5527136262 1.0497972466 1.2206766774 0.8995047995 1.3285399116 0.3644759043 0.5850583401 0.5493473437 0.3626081421 2.7357239084 0.0000000000 0.1041780568 1.7715323866 1.2717022059 2.4006586800 3.1167472061 2.3081188804
0.7181725609 0.1630033247 0.5588501226 0.8645630762 0.5853801676 0.7755244831 2.4438314819 1.5890298307 1.0151514571 0.8229391532 0.1041780568 0.0000000000 5.3232711753 1.0038890855 2.4585911634 0.1401066702 1.0542029152
0.7733983540 1.5328387886 0.0675994205 0.1960603797 1.3285518820 1.2020085834 2.2531606898 1.9248063676 1.5102479873 1.9059517148 1.7715323866 5.3232711753 0.0000000000 0.6492566322 0.6702236660 0.1263048373 0.6532914947
0.4559123111 3.6303174142 1.8796824470 0.0067870060 0.2402392724 1.6958272266 1.4417336679 1.8748591679 0.0544808184 1.4175334457 1.2717022059 1.0038890855 0.6492566322 0.0000000000 0.0004566867 1.0261056755 0.3890160476
2.4285683208 0.2545812682 0.0554827386 0.5060108544 1.3383177980 0.1546256682 0.0098638138 2.6317551720 0.6228770027 0.6843733987 2.4006586800 2.4585911634 0.6702236660 0.0004566867 0.0000000000 0.4505752874 0.4344882626
0.5746268918 0.4260915862 1.4211587136 1.5550998663 1.2795378189 0.1571954167 2.4157043237 0.1399519761 0.4136399080 0.2697121081 3.1167472061 0.1401066702 0.1263048373 1.0261056755 0.4505752874 0.0000000000 0.0270813073
0.9302957454 0.1871413074 0.0198084084 0.5168876432 1.2075387289 0.7055637830 1.6556224778 0.3528005044 0.9305214149 0.7679747414 2.3081188804 1.0542029152 0.6532914947 0.3890160476 0.4344882626 0.0270813073 0.0000000000
