# MCW Instance
# Type: EXPONENTIAL
# N: 17
# Optimal cost: 1.015376328996484
# Optimal tour (permutation): [0, 9, 7, 4, 12, 16, 10, 6, 11, 15, 3, 1, 13, 5, 2, 14, 8, 0]
# Optimal walk (full path): [0, 9, 4, 7, 4, 12, 11, 16, 10, 16, 6, 16, 11, 15, 3, 15, 1, 13, 5, 13, 2, 13, 14, 8, 0]
# Walk size: 25
# Is walk (has repeats): true

# Distance Matrix
0.0000000000 1.4580853642 0.5422205085 0.1596627981 0.5244467465 3.3452514732 0.2516995747 0.3592267134 0.0275466850 0.0075685898 0.5643963219 0.2793805554 0.5049803988 0.5632121618 1.3953039700 1.7125872741 0.8665536451
1.4580853642 0.0000000000 1.0105685866 0.6755623825 0.1011184826 0.2868858872 1.2318049790 1.1141298257 0.6375716231 1.2196176024 1.4935227741 0.4972275613 0.9303888159 0.0825646841 1.3610776194 0.1042375434 2.7421445204
0.5422205085 1.0105685866 0.0000000000 1.4176548207 2.5515907791 0.3072292653 4.5052935954 0.2126025154 0.7452580729 1.3788156483 0.5977297275 0.0225172285 0.3437425806 0.0051880547 2.9075617130 1.0828495629 0.6538795547
0.1596627981 0.6755623825 1.4176548207 0.0000000000 0.1838415118 1.7010756325 0.2877289590 0.4273691772 2.9738379201 1.3045859045 0.2600618302 1.4207881913 0.3014913749 1.6316994991 0.8783822227 0.0005153833 0.5470190186
0.5244467465 0.1011184826 2.5515907791 0.1838415118 0.0000000000 0.1757634098 0.2299069060 0.0129405007 1.7936408679 0.0951604625 1.1532442960 0.1887358486 0.0463631468 2.0714926516 0.4001758489 0.7115551329 0.2171098288
3.3452514732 0.2868858872 0.3072292653 1.7010756325 0.1757634098 0.0000000000 0.2041595612 0.1195689085 1.3013849037 2.6855872927 0.3704445624 1.4708722944 1.1242414889 0.0359120771 3.1933706021 0.3698895158 3.9789352342
0.2516995747 1.2318049790 4.5052935954 0.2877289590 0.2299069060 0.2041595612 0.0000000000 0.1441847210 0.3156400824 1.2338344617 0.5631011552 0.1152274478 1.2786873911 1.2420375936 0.2848781077 5.2717622698 0.0531532046
0.3592267134 1.1141298257 0.2126025154 0.4273691772 0.0129405007 0.1195689085 0.1441847210 0.0000000000 0.2262066477 2.2750208846 0.6283001285 3.8714051858 1.8333951554 0.1896718174 0.3038733309 0.5753143067 0.3031708451
0.0275466850 0.6375716231 0.7452580729 2.9738379201 1.7936408679 1.3013849037 0.3156400824 0.2262066477 0.0000000000 0.4099717620 0.2750150076 0.3626816176 0.5440810367 1.6247836810 0.1141965510 0.1093244343 0.4109871714
0.0075685898 1.2196176024 1.3788156483 1.3045859045 0.0951604625 2.6855872927 1.2338344617 2.2750208846 0.4099717620 0.0000000000 0.5305173084 0.2720488863 3.3815321253 1.8455053255 0.9891554907 0.5525571332 0.2299314018
0.5643963219 1.4935227741 0.5977297275 0.2600618302 1.1532442960 0.3704445624 0.5631011552 0.6283001285 0.2750150076 0.5305173084 0.0000000000 1.0719966521 0.1339226948 1.8876026995 0.2686961167 0.7974667693 0.0622584695
0.2793805554 0.4972275613 0.0225172285 1.4207881913 0.1887358486 1.4708722944 0.1152274478 3.8714051858 0.3626816176 0.2720488863 1.0719966521 0.0000000000 0.0282992004 0.2097803790 0.1154924889 0.0242200835 0.0137202260
0.5049803988 0.9303888159 0.3437425806 0.3014913749 0.0463631468 1.1242414889 1.2786873911 1.8333951554 0.5440810367 3.3815321253 0.1339226948 0.0282992004 0.0000000000 0.7436370251 0.1577988521 0.0824141091 1.0464740343
0.5632121618 0.0825646841 0.0051880547 1.6316994991 2.0714926516 0.0359120771 1.2420375936 0.1896718174 1.6247836810 1.8455053255 1.8876026995 0.2097803790 0.7436370251 0.0000000000 0.1178435506 0.9046382984 0.7409950525
1.3953039700 1.3610776194 2.9075617130 0.8783822227 0.4001758489 3.1933706021 0.2848781077 0.3038733309 0.1141965510 0.9891554907 0.2686961167 0.1154924889 0.1577988521 0.1178435506 0.0000000000 0.3152685508 1.4618103500
1.7125872741 0.1042375434 1.0828495629 0.0005153833 0.7115551329 0.3698895158 5.2717622698 0.5753143067 0.1093244343 0.5525571332 0.7974667693 0.0242200835 0.0824141091 0.9046382984 0.3152685508 0.0000000000 0.3661689177
0.8665536451 2.7421445204 0.6538795547 0.5470190186 0.2171098288 3.9789352342 0.0531532046 0.3031708451 0.4109871714 0.2299314018 0.0622584695 0.0137202260 1.0464740343 0.7409950525 1.4618103500 0.3661689177 0.0000000000
