# MCW Instance
# Type: EXPONENTIAL
# N: 17
# Optimal cost: 2.9307771228769868
# Optimal tour (permutation): [0, 15, 11, 9, 7, 16, 14, 8, 12, 2, 1, 6, 13, 3, 5, 4, 10, 0]
# Optimal walk (full path): [0, 15, 11, 9, 11, 7, 11, 16, 14, 8, 12, 2, 1, 2, 6, 13, 3, 5, 4, 10, 4, 5, 0]
# Walk size: 23
# Is walk (has repeats): true

# Distance Matrix
0.0000000000 0.3657106804 0.7005698982 1.1976670414 0.1004062960 0.0223506698 0.2702574253 0.6185293474 4.4332805912 0.7387732008 0.2823737570 0.3791969784 1.8479383429 0.3083232142 1.7567300533 0.3557080646 0.1603078301
0.3657106804 0.0000000000 0.0249891081 0.1321055035 1.7758169195 0.2305113607 2.4747733220 0.4821965501 0.8421797521 1.3250770723 0.8408709143 0.6595702528 1.3120503761 2.7318407541 1.0860533113 2.5974280877 1.8398830724
0.7005698982 0.0249891081 0.0000000000 0.3760187243 1.4905606556 0.2136322385 0.1843679843 0.5167332228 0.7200059226 0.9809950342 0.1060797569 0.5598493826 0.2189779328 1.3717669254 0.8112358313 1.8833964784 2.6630644881
1.1976670414 0.1321055035 0.3760187243 0.0000000000 0.2923307119 0.1030451117 1.1405288531 1.5228803652 1.3891039623 1.7042754844 0.6541224078 2.3638553706 1.0638460678 0.2065393303 1.8438324805 2.1650919777 0.9378929575
0.1004062960 1.7758169195 1.4905606556 0.2923307119 0.0000000000 0.0303134137 0.4417720807 0.3093602229 0.1803956731 0.6920271648 0.0143537192 0.2810057061 0.6391568217 0.5179852097 0.1444462682 1.3265090969 0.1919464058
0.0223506698 0.2305113607 0.2136322385 0.1030451117 0.0303134137 0.0000000000 0.8175906415 0.0767420151 0.8731032386 1.5052545227 1.9736373128 0.0867686853 0.7878820504 0.3238873004 1.1021844779 2.4683638842 1.3256432407
0.2702574253 2.4747733220 0.1843679843 1.1405288531 0.4417720807 0.8175906415 0.0000000000 2.6509889263 1.0313295351 6.1731482484 1.0082774017 1.1715589574 1.1584568247 0.2817175774 0.6537015257 2.9227782852 1.2316800639
0.6185293474 0.4821965501 0.5167332228 1.5228803652 0.3093602229 0.0767420151 2.6509889263 0.0000000000 2.1036088096 1.2254264223 2.3112523054 0.0265418625 2.6917518041 0.6335450870 0.1569414909 1.9675029911 0.7060311311
4.4332805912 0.8421797521 0.7200059226 1.3891039623 0.1803956731 0.8731032386 1.0313295351 2.1036088096 0.0000000000 1.1672048689 1.2423694704 3.9908894920 0.1744435673 2.5010562966 0.1854321085 1.9341980032 0.3696660447
0.7387732008 1.3250770723 0.9809950342 1.7042754844 0.6920271648 1.5052545227 6.1731482484 1.2254264223 1.1672048689 0.0000000000 0.4964366543 0.1510071019 1.2854807804 2.2931427236 3.6400576611 2.6659041608 2.8877697701
0.2823737570 0.8408709143 0.1060797569 0.6541224078 0.0143537192 1.9736373128 1.0082774017 2.3112523054 1.2423694704 0.4964366543 0.0000000000 0.1290909866 0.4711121730 1.9941988645 0.8457088974 0.5780299809 2.5009195951
0.3791969784 0.6595702528 0.5598493826 2.3638553706 0.2810057061 0.0867686853 1.1715589574 0.0265418625 3.9908894920 0.1510071019 0.1290909866 0.0000000000 0.3356541438 0.8620885986 1.3486819545 0.4124351830 0.1519383966
1.8479383429 1.3120503761 0.2189779328 1.0638460678 0.6391568217 0.7878820504 1.1584568247 2.6917518041 0.1744435673 1.2854807804 0.4711121730 0.3356541438 0.0000000000 0.4719870634 5.0914463401 0.9453999297 0.7042745649
0.3083232142 2.7318407541 1.3717669254 0.2065393303 0.5179852097 0.3238873004 0.2817175774 0.6335450870 2.5010562966 2.2931427236 1.9941988645 0.8620885986 0.4719870634 0.0000000000 0.2871933806 0.5044911410 0.7616355478
1.7567300533 1.0860533113 0.8112358313 1.8438324805 0.1444462682 1.1021844779 0.6537015257 0.1569414909 0.1854321085 3.6400576611 0.8457088974 1.3486819545 5.0914463401 0.2871933806 0.0000000000 0.5288024964 0.1394107859
0.3557080646 2.5974280877 1.8833964784 2.1650919777 1.3265090969 2.4683638842 2.9227782852 1.9675029911 1.9341980032 2.6659041608 0.5780299809 0.4124351830 0.9453999297 0.5044911410 0.5288024964 0.0000000000 0.9935428506
0.1603078301 1.8398830724 2.6630644881 0.9378929575 0.1919464058 1.3256432407 1.2316800639 0.7060311311 0.3696660447 2.8877697701 2.5009195951 0.1519383966 0.7042745649 0.7616355478 0.1394107859 0.9935428506 0.0000000000
