# MCW Instance
# Type: EXPONENTIAL
# N: 17
# Optimal cost: 2.821841200147978
# Optimal tour (permutation): [0, 8, 11, 15, 12, 1, 14, 2, 9, 13, 7, 6, 10, 5, 3, 4, 16, 0]
# Optimal walk (full path): [0, 8, 11, 15, 12, 1, 2, 14, 2, 9, 13, 7, 6, 10, 4, 5, 3, 5, 4, 0, 16, 0]
# Walk size: 22
# Is walk (has repeats): true

# Distance Matrix
0.0000000000 1.5724759382 1.4395980186 1.8623231812 0.0147383981 0.4856080864 0.7858571344 0.3013382563 0.1892443777 0.2128135483 0.5413322753 1.4099615828 1.3608658146 0.7202483938 0.8837812579 1.3305245843 0.0170131400
1.5724759382 0.0000000000 0.2074032401 0.9728381490 1.0204941337 0.1323468022 0.4760512972 0.2632732650 0.4397745448 0.3371248956 1.3438655532 0.4554983381 0.2036687550 0.1232765548 1.8430205858 1.4167778857 3.6901957920
1.4395980186 0.2074032401 0.0000000000 0.5551601848 0.8058799371 0.4114949171 0.8732007380 1.3556142753 0.7665233576 0.4458987291 0.8497211732 4.7692233385 0.4733849702 0.6534507203 0.2257063818 1.0239631009 3.2889394569
1.8623231812 0.9728381490 0.5551601848 0.0000000000 0.6417200092 0.0472392525 2.3061395374 0.7928100018 1.4755894584 0.3477025032 0.6401715164 1.1268041078 0.6508742712 1.0601048670 1.3072614871 0.7223000376 0.1095367291
0.0147383981 1.0204941337 0.8058799371 0.6417200092 0.0000000000 0.0173395746 0.1329771142 0.4902524246 1.5283526731 0.7116068705 0.1294487422 0.3759504772 0.4916828732 0.3922585139 2.2767050103 0.1157223376 0.7948486610
0.4856080864 0.1323468022 0.4114949171 0.0472392525 0.0173395746 0.0000000000 1.6006209461 0.9612644583 0.2335049411 0.3149398962 0.6593639514 0.1342246830 1.1008717403 0.7956118896 0.9635644560 0.6607066103 3.8113341850
0.7858571344 0.4760512972 0.8732007380 2.3061395374 0.1329771142 1.6006209461 0.0000000000 0.0797978112 0.3202578080 2.4506117308 0.2125551935 2.6442181404 0.9368255972 0.4212656882 0.8419051856 2.1428246071 0.1679313492
0.3013382563 0.2632732650 1.3556142753 0.7928100018 0.4902524246 0.9612644583 0.0797978112 0.0000000000 2.7388114689 0.5524946565 1.9552234338 1.4775597721 1.1787838075 0.0927882306 1.7024226178 2.4292724149 0.6616069514
0.1892443777 0.4397745448 0.7665233576 1.4755894584 1.5283526731 0.2335049411 0.3202578080 2.7388114689 0.0000000000 3.0390864374 0.4117497359 0.1786666247 0.9032970744 0.4405944345 5.8492330829 0.9212593122 0.2463207462
0.2128135483 0.3371248956 0.4458987291 0.3477025032 0.7116068705 0.3149398962 2.4506117308 0.5524946565 3.0390864374 0.0000000000 1.1993630715 1.0765405642 0.4125316643 0.1611879997 0.6797045371 1.2158461086 1.6271670707
0.5413322753 1.3438655532 0.8497211732 0.6401715164 0.1294487422 0.6593639514 0.2125551935 1.9552234338 0.4117497359 1.1993630715 0.0000000000 0.3460711135 0.3381435657 0.3306194871 1.3037587256 0.7342204366 0.3089011255
1.4099615828 0.4554983381 4.7692233385 1.1268041078 0.3759504772 0.1342246830 2.6442181404 1.4775597721 0.1786666247 1.0765405642 0.3460711135 0.0000000000 1.2037693461 0.6415848810 1.6779685199 0.1174424165 0.1193255173
1.3608658146 0.2036687550 0.4733849702 0.6508742712 0.4916828732 1.1008717403 0.9368255972 1.1787838075 0.9032970744 0.4125316643 0.3381435657 1.2037693461 0.0000000000 0.4525642314 0.9629445559 0.1744039839 1.6154734339
0.7202483938 0.1232765548 0.6534507203 1.0601048670 0.3922585139 0.7956118896 0.4212656882 0.0927882306 0.4405944345 0.1611879997 0.3306194871 0.6415848810 0.4525642314 0.0000000000 2.8129252295 1.6862771697 0.2443336159
0.8837812579 1.8430205858 0.2257063818 1.3072614871 2.2767050103 0.9635644560 0.8419051856 1.7024226178 5.8492330829 0.6797045371 1.3037587256 1.6779685199 0.9629445559 2.8129252295 0.0000000000 0.6224522417 0.8766112080
1.3305245843 1.4167778857 1.0239631009 0.7223000376 0.1157223376 0.6607066103 2.1428246071 2.4292724149 0.9212593122 1.2158461086 0.7342204366 0.1174424165 0.1744039839 1.6862771697 0.6224522417 0.0000000000 1.3141546904
0.0170131400 3.6901957920 3.2889394569 0.1095367291 0.7948486610 3.8113341850 0.1679313492 0.6616069514 0.2463207462 1.6271670707 0.3089011255 0.1193255173 1.6154734339 0.2443336159 0.8766112080 1.3141546904 0.0000000000
