# MCW Instance
# Type: EXPONENTIAL
# N: 17
# Optimal cost: 1.958443338491476
# Optimal tour (permutation): [0, 14, 13, 12, 15, 16, 7, 6, 8, 1, 2, 3, 10, 9, 4, 11, 5, 0]
# Optimal walk (full path): [0, 14, 12, 13, 12, 15, 16, 7, 6, 7, 8, 1, 2, 3, 10, 9, 4, 11, 5, 0]
# Walk size: 20
# Is walk (has repeats): true

# Distance Matrix
0.0000000000 2.4851186795 0.2072501480 0.4235323484 0.4334568332 0.2246328429 2.4322611815 0.6402539359 0.2787510336 5.2866993930 0.7173110254 0.1165880788 3.3413439758 0.9423265387 0.0626259878 1.3821134593 0.7383932003
2.4851186795 0.0000000000 0.1268874953 2.2866273749 0.7737761751 0.9409726060 1.9166737614 0.0757169272 0.1376952343 1.4868441173 2.8520539669 0.7047220057 6.6021406584 0.3640422930 1.7162062800 0.5268065681 1.0052667175
0.2072501480 0.1268874953 0.0000000000 0.2408237911 0.3537115478 0.3237819014 0.4374967404 1.7693349086 0.3480392181 0.8649182056 0.4185611910 0.3145331682 0.7958970181 0.1881727725 0.5683581469 0.3265459177 1.1642374093
0.4235323484 2.2866273749 0.2408237911 0.0000000000 0.3237432719 0.7613251273 1.1854275172 1.6561733460 1.8267144509 0.0907257192 0.1358763211 0.4608484295 4.8918815635 2.5275598885 0.2879859224 0.7206731559 0.4298470531
0.4334568332 0.7737761751 0.3537115478 0.3237432719 0.0000000000 2.0864449614 0.6717411410 0.1703893585 1.8397471201 0.1268003031 1.5202712285 0.0576104004 2.0496826447 1.1306249264 0.7300534454 1.8461181939 0.9605631356
0.2246328429 0.9409726060 0.3237819014 0.7613251273 2.0864449614 0.0000000000 1.4585708539 1.3400993424 0.6346222845 0.5453386107 1.3209437603 0.1461186677 1.8069638458 0.4037764929 3.1114736366 0.6404461523 0.4679343058
2.4322611815 1.9166737614 0.4374967404 1.1854275172 0.6717411410 1.4585708539 0.0000000000 0.0608516898 2.7968827030 0.7674846545 0.3287980657 1.3215377010 2.0988455396 2.0510936069 1.0602147155 0.1923629461 0.5091164579
0.6402539359 0.0757169272 1.7693349086 1.6561733460 0.1703893585 1.3400993424 0.0608516898 0.0000000000 0.1595955935 0.2636174572 0.8257989827 1.9918906892 0.1479947665 0.9314670182 1.2692986921 0.7698058411 0.0078187670
0.2787510336 0.1376952343 0.3480392181 1.8267144509 1.8397471201 0.6346222845 2.7968827030 0.1595955935 0.0000000000 1.4177703987 0.8073857855 0.2277020766 1.5975365452 0.7195080277 0.7545608545 0.3525018025 1.2985477388
5.2866993930 1.4868441173 0.8649182056 0.0907257192 0.1268003031 0.5453386107 0.7674846545 0.2636174572 1.4177703987 0.0000000000 0.0470909654 0.5674012867 0.5467858819 0.2738871591 2.0636357308 0.1343244586 0.2485188418
0.7173110254 2.8520539669 0.4185611910 0.1358763211 1.5202712285 1.3209437603 0.3287980657 0.8257989827 0.8073857855 0.0470909654 0.0000000000 0.6807007496 2.0764692943 0.5225934927 2.4029472543 0.4388130583 1.4250422789
0.1165880788 0.7047220057 0.3145331682 0.4608484295 0.0576104004 0.1461186677 1.3215377010 1.9918906892 0.2277020766 0.5674012867 0.6807007496 0.0000000000 0.8942860245 0.5596930554 1.6475708267 0.0410375036 2.4747719023
3.3413439758 6.6021406584 0.7958970181 4.8918815635 2.0496826447 1.8069638458 2.0988455396 0.1479947665 1.5975365452 0.5467858819 2.0764692943 0.8942860245 0.0000000000 0.0934580284 0.1054881031 0.0307981730 0.5751643280
0.9423265387 0.3640422930 0.1881727725 2.5275598885 1.1306249264 0.4037764929 2.0510936069 0.9314670182 0.7195080277 0.2738871591 0.5225934927 0.5596930554 0.0934580284 0.0000000000 1.6567125203 2.1470135967 0.8953188301
0.0626259878 1.7162062800 0.5683581469 0.2879859224 0.7300534454 3.1114736366 1.0602147155 1.2692986921 0.7545608545 2.0636357308 2.4029472543 1.6475708267 0.1054881031 1.6567125203 0.0000000000 1.0128443966 0.6872886733
1.3821134593 0.5268065681 0.3265459177 0.7206731559 1.8461181939 0.6404461523 0.1923629461 0.7698058411 0.3525018025 0.1343244586 0.4388130583 0.0410375036 0.0307981730 2.1470135967 1.0128443966 0.0000000000 0.0399612562
0.7383932003 1.0052667175 1.1642374093 0.4298470531 0.9605631356 0.4679343058 0.5091164579 0.0078187670 1.2985477388 0.2485188418 1.4250422789 2.4747719023 0.5751643280 0.8953188301 0.6872886733 0.0399612562 0.0000000000
