# MCW Instance
# Type: EXPONENTIAL
# N: 17
# Optimal cost: 1.720955936788747
# Optimal tour (permutation): [0, 6, 4, 14, 8, 16, 1, 10, 2, 11, 12, 5, 13, 15, 7, 9, 3, 0]
# Optimal walk (full path): [0, 6, 0, 4, 14, 8, 16, 1, 10, 2, 11, 12, 5, 13, 15, 7, 15, 9, 3, 0]
# Walk size: 20
# Is walk (has repeats): true

# Distance Matrix
0.0000000000 0.1790073438 1.1356355962 0.0760161117 0.0290214659 1.0887041955 0.0747079694 1.5143415358 0.3483224181 0.3994563420 4.6297208330 0.5448410461 0.1576531157 0.1864987268 0.7361662240 1.7924452224 0.0796273354
0.1790073438 0.0000000000 0.1856235863 0.2873222382 0.0837953817 2.3902085007 0.1940505604 2.0192407091 0.7852553798 1.7752856735 0.0686660904 0.4185522917 2.3076435893 0.6810756750 0.5387559306 0.9803414662 0.0596019787
1.1356355962 0.1856235863 0.0000000000 0.2980925919 0.2545612040 4.6192446879 1.2454151410 1.2299338519 0.3044826323 0.3307710099 0.0001789096 0.1272494915 0.6886420091 0.7475545757 1.8099029345 0.9963349106 1.0484404383
0.0760161117 0.2873222382 0.2980925919 0.0000000000 0.9425629968 2.4643945126 0.6936171991 0.4204740689 3.3205404785 0.0307693939 4.1303040403 0.7432955277 0.6948551522 0.3887565524 0.0392059677 1.4174290818 0.4639749980
0.0290214659 0.0837953817 0.2545612040 0.9425629968 0.0000000000 0.3405955382 0.3189859382 1.5575234572 0.5838674958 2.6189002281 0.3797571707 0.3350834185 1.6461520447 0.1716286888 0.0338786289 3.2893569382 0.0348938556
1.0887041955 2.3902085007 4.6192446879 2.4643945126 0.3405955382 0.0000000000 1.4611412891 1.8821075974 0.5933765267 0.3798523048 0.6423978825 1.3350699808 0.0320079676 0.1696443249 0.4083683423 0.4508851673 0.2244064967
0.0747079694 0.1940505604 1.2454151410 0.6936171991 0.3189859382 1.4611412891 0.0000000000 1.3439827126 1.1602868720 0.2019896617 0.2432724513 1.1134358934 2.9824016903 0.3846091439 0.2910006946 0.4263285341 0.1912856689
1.5143415358 2.0192407091 1.2299338519 0.4204740689 1.5575234572 1.8821075974 1.3439827126 0.0000000000 0.5694668624 0.9687915626 1.6151404441 2.6808542579 1.8421401253 0.4282693776 0.7863987111 0.2424906595 0.9616005361
0.3483224181 0.7852553798 0.3044826323 3.3205404785 0.5838674958 0.5933765267 1.1602868720 0.5694668624 0.0000000000 4.9434872417 0.7695763935 0.4349695998 0.7461399814 2.0729907448 0.1668909865 0.7445466828 0.1692956702
0.3994563420 1.7752856735 0.3307710099 0.0307693939 2.6189002281 0.3798523048 0.2019896617 0.9687915626 4.9434872417 0.0000000000 0.0669677886 1.3148251840 0.5039325107 1.6156531895 0.4556351501 0.0295708487 0.7218864673
4.6297208330 0.0686660904 0.0001789096 4.1303040403 0.3797571707 0.6423978825 0.2432724513 1.6151404441 0.7695763935 0.0669677886 0.0000000000 0.2785981839 0.2177700725 1.3486528644 0.9581634487 1.5606924992 1.5152242455
0.5448410461 0.4185522917 0.1272494915 0.7432955277 0.3350834185 1.3350699808 1.1134358934 2.6808542579 0.4349695998 1.3148251840 0.2785981839 0.0000000000 0.0077628244 1.1543600274 1.0166315262 0.3476093334 1.3611870487
0.1576531157 2.3076435893 0.6886420091 0.6948551522 1.6461520447 0.0320079676 2.9824016903 1.8421401253 0.7461399814 0.5039325107 0.2177700725 0.0077628244 0.0000000000 1.0131227383 1.9486584211 0.9699232593 0.5951747219
0.1864987268 0.6810756750 0.7475545757 0.3887565524 0.1716286888 0.1696443249 0.3846091439 0.4282693776 2.0729907448 1.6156531895 1.3486528644 1.1543600274 1.0131227383 0.0000000000 1.7150319844 0.0860039862 0.2675384830
0.7361662240 0.5387559306 1.8099029345 0.0392059677 0.0338786289 0.4083683423 0.2910006946 0.7863987111 0.1668909865 0.4556351501 0.9581634487 1.0166315262 1.9486584211 1.7150319844 0.0000000000 0.1378759615 0.0620534432
1.7924452224 0.9803414662 0.9963349106 1.4174290818 3.2893569382 0.4508851673 0.4263285341 0.2424906595 0.7445466828 0.0295708487 1.5606924992 0.3476093334 0.9699232593 0.0860039862 0.1378759615 0.0000000000 0.3481568662
0.0796273354 0.0596019787 1.0484404383 0.4639749980 0.0348938556 0.2244064967 0.1912856689 0.9616005361 0.1692956702 0.7218864673 1.5152242455 1.3611870487 0.5951747219 0.2675384830 0.0620534432 0.3481568662 0.0000000000
