# MCW Instance
# Type: EXPONENTIAL
# N: 17
# Optimal cost: 1.34785842615678
# Optimal tour (permutation): [0, 16, 12, 5, 4, 15, 1, 6, 11, 2, 7, 13, 10, 8, 14, 3, 9, 0]
# Optimal walk (full path): [0, 16, 12, 4, 5, 4, 15, 1, 6, 11, 2, 7, 13, 10, 8, 14, 3, 9, 0]
# Walk size: 19
# Is walk (has repeats): true

# Distance Matrix
0.0000000000 0.0747154403 2.1649920513 0.3234593449 0.0685793656 0.4324979891 0.3444438213 0.4178721210 0.0157348617 0.2762048834 0.5326424348 0.0180621575 0.6378393334 3.9193280264 0.0757360944 0.7416596667 0.0234907891
0.0747154403 0.0000000000 0.6969534412 1.7890106467 0.0537259631 0.8808260224 0.0155553739 1.8098796151 5.4774941862 0.9427163918 0.3166741944 0.1107781094 1.7004607533 0.1444270465 0.9029975038 0.1194540703 0.5148724740
2.1649920513 0.6969534412 0.0000000000 3.0329981830 0.2357963777 1.0390035833 0.2070831080 0.0205377473 0.1362299822 1.1060864289 0.9531463163 0.0649634074 2.0012518573 0.1651582401 0.6954516823 0.2346526636 0.8953271927
0.3234593449 1.7890106467 3.0329981830 0.0000000000 0.9327901119 1.2335139883 0.5756049064 1.8685058736 0.4479019542 0.1190989593 0.7448456137 1.8812655734 0.6229974886 0.2629244419 0.2078338328 0.8383532867 0.6035302113
0.0685793656 0.0537259631 0.2357963777 0.9327901119 0.0000000000 0.0477559081 0.1105883724 0.1397675823 0.1597489950 0.6301338488 0.8249712605 1.8636737462 0.0285863306 0.9860989206 0.7203207065 0.1382796793 1.4063730202
0.4324979891 0.8808260224 1.0390035833 1.2335139883 0.0477559081 0.0000000000 1.1799160112 3.6793257921 2.0543648001 1.8952754701 0.1686289969 1.5213855669 0.3784093353 0.9167647022 0.9771543024 2.5863741973 0.4703786505
0.3444438213 0.0155553739 0.2070831080 0.5756049064 0.1105883724 1.1799160112 0.0000000000 1.6062192352 0.0021200096 1.9697226467 0.5585098193 0.0187408602 0.7889135677 0.5570232742 3.6670298176 1.3166840371 1.2121037323
0.4178721210 1.8098796151 0.0205377473 1.8685058736 0.1397675823 3.6793257921 1.6062192352 0.0000000000 0.2932994031 0.3294766471 1.4235972996 1.8163830934 1.8656234795 0.0338505366 0.1903387144 2.3219896035 1.7756480199
0.0157348617 5.4774941862 0.1362299822 0.4479019542 0.1597489950 2.0543648001 0.0021200096 0.2932994031 0.0000000000 0.3460884681 0.0352775561 2.0040028561 0.2816334419 0.7754517379 0.0526024348 0.2946762980 0.0681310309
0.2762048834 0.9427163918 1.1060864289 0.1190989593 0.6301338488 1.8952754701 1.9697226467 0.3294766471 0.3460884681 0.0000000000 0.5293246420 0.7864275333 0.6365765872 1.0686274779 1.5936763253 2.3246098281 0.9711889146
0.5326424348 0.3166741944 0.9531463163 0.7448456137 0.8249712605 0.1686289969 0.5585098193 1.4235972996 0.0352775561 0.5293246420 0.0000000000 0.2554703306 0.4044984718 0.0383361323 0.7436880554 1.9756007101 3.3419962281
0.0180621575 0.1107781094 0.0649634074 1.8812655734 1.8636737462 1.5213855669 0.0187408602 1.8163830934 2.0040028561 0.7864275333 0.2554703306 0.0000000000 0.2799230686 0.1682834334 0.2700808569 0.2024884465 0.2624921835
0.6378393334 1.7004607533 2.0012518573 0.6229974886 0.0285863306 0.3784093353 0.7889135677 1.8656234795 0.2816334419 0.6365765872 0.4044984718 0.2799230686 0.0000000000 0.3094683787 0.9178417524 1.3116050825 0.0595340166
3.9193280264 0.1444270465 0.1651582401 0.2629244419 0.9860989206 0.9167647022 0.5570232742 0.0338505366 0.7754517379 1.0686274779 0.0383361323 0.1682834334 0.3094683787 0.0000000000 0.1510649119 0.2954541267 0.0689791291
0.0757360944 0.9029975038 0.6954516823 0.2078338328 0.7203207065 0.9771543024 3.6670298176 0.1903387144 0.0526024348 1.5936763253 0.7436880554 0.2700808569 0.9178417524 0.1510649119 0.0000000000 0.1631183574 0.5220756806
0.7416596667 0.1194540703 0.2346526636 0.8383532867 0.1382796793 2.5863741973 1.3166840371 2.3219896035 0.2946762980 2.3246098281 1.9756007101 0.2024884465 1.3116050825 0.2954541267 0.1631183574 0.0000000000 0.3816302854
0.0234907891 0.5148724740 0.8953271927 0.6035302113 1.4063730202 0.4703786505 1.2121037323 1.7756480199 0.0681310309 0.9711889146 3.3419962281 0.2624921835 0.0595340166 0.0689791291 0.5220756806 0.3816302854 0.0000000000
