# MCW Instance
# Type: EXPONENTIAL
# N: 17
# Optimal cost: 1.228517938731384
# Optimal tour (permutation): [0, 10, 16, 7, 4, 9, 15, 6, 3, 14, 12, 11, 2, 13, 1, 8, 5, 0]
# Optimal walk (full path): [0, 10, 16, 7, 16, 4, 9, 15, 6, 3, 14, 12, 11, 2, 11, 13, 1, 8, 5, 10, 0]
# Walk size: 21
# Is walk (has repeats): true

# Distance Matrix
0.0000000000 0.1295204260 0.6101957377 1.5888885767 0.2366989855 0.8665680048 1.0705401535 2.1038530181 1.1692889332 0.1265240367 0.0055350096 1.3643686173 0.6280764269 0.9163518510 3.0179774366 0.7426027931 0.7021084085
0.1295204260 0.0000000000 0.2693974152 0.1554556243 0.3319274311 0.2410678222 0.5061334307 1.1047876708 0.2464751362 0.3419295464 1.2182588515 0.1954781994 1.0799064795 0.0588179325 1.0086383351 0.1391870157 1.1389714863
0.6101957377 0.2693974152 0.0000000000 0.9179469847 0.7022104511 0.2404272897 1.6146258901 0.5676879951 0.9219700445 0.5493244574 1.2738162519 0.0264685644 0.6632277884 0.2176371622 0.1876311421 0.0825731833 2.2045625821
1.5888885767 0.1554556243 0.9179469847 0.0000000000 0.6619973360 0.0737801549 0.0154347280 0.7309495158 0.9420302825 2.0270830927 1.7071917147 3.7787224090 0.3514617647 0.8408941826 0.0011366437 0.6768218584 0.3741729717
0.2366989855 0.3319274311 0.7022104511 0.6619973360 0.0000000000 0.3180613127 0.1935688644 0.9968587583 1.4312210988 0.1861591639 0.5908087763 0.1669149205 0.1684009081 1.9482470961 0.8540086291 0.3254572153 0.0747312829
0.8665680048 0.2410678222 0.2404272897 0.0737801549 0.3180613127 0.0000000000 0.7389112825 1.1739828473 0.1231612444 0.4630095312 0.0124167313 0.1244535888 1.4394772841 1.0512468540 0.0629076347 1.3229196612 0.7647676273
1.0705401535 0.5061334307 1.6146258901 0.0154347280 0.1935688644 0.7389112825 0.0000000000 2.1988617387 3.4567576886 0.2355208996 0.1667774508 3.2015432754 1.9170188459 0.3858579966 0.3044401208 0.0404105983 0.2001308647
2.1038530181 1.1047876708 0.5676879951 0.7309495158 0.9968587583 1.1739828473 2.1988617387 0.0000000000 0.7458101512 0.6879307402 1.4416205666 1.0945286161 3.5824455736 0.7013951670 0.3923988703 1.4442603149 0.0691393548
1.1692889332 0.2464751362 0.9219700445 0.9420302825 1.4312210988 0.1231612444 3.4567576886 0.7458101512 0.0000000000 1.1906571332 1.0581681744 3.7405696304 1.7990909387 0.3016235984 0.2325866444 1.7147199543 0.3982290308
0.1265240367 0.3419295464 0.5493244574 2.0270830927 0.1861591639 0.4630095312 0.2355208996 0.6879307402 1.1906571332 0.0000000000 2.3477784662 2.2432654422 2.3430860339 0.6317564173 0.1025071132 0.1131642620 1.4824678265
0.0055350096 1.2182588515 1.2738162519 1.7071917147 0.5908087763 0.0124167313 0.1667774508 1.4416205666 1.0581681744 2.3477784662 0.0000000000 1.6991526325 0.1231252300 2.5951864249 0.3213201038 3.5195757178 0.0252190560
1.3643686173 0.1954781994 0.0264685644 3.7787224090 0.1669149205 0.1244535888 3.2015432754 1.0945286161 3.7405696304 2.2432654422 1.6991526325 0.0000000000 0.0379809080 0.0428578257 0.5584066702 1.8457117525 0.0693641458
0.6280764269 1.0799064795 0.6632277884 0.3514617647 0.1684009081 1.4394772841 1.9170188459 3.5824455736 1.7990909387 2.3430860339 0.1231252300 0.0379809080 0.0000000000 0.3625379502 0.0482665680 0.7316429548 0.8856861699
0.9163518510 0.0588179325 0.2176371622 0.8408941826 1.9482470961 1.0512468540 0.3858579966 0.7013951670 0.3016235984 0.6317564173 2.5951864249 0.0428578257 0.3625379502 0.0000000000 1.0747679575 0.5701430359 0.0514305442
3.0179774366 1.0086383351 0.1876311421 0.0011366437 0.8540086291 0.0629076347 0.3044401208 0.3923988703 0.2325866444 0.1025071132 0.3213201038 0.5584066702 0.0482665680 1.0747679575 0.0000000000 0.2944015379 0.9462188571
0.7426027931 0.1391870157 0.0825731833 0.6768218584 0.3254572153 1.3229196612 0.0404105983 1.4442603149 1.7147199543 0.1131642620 3.5195757178 1.8457117525 0.7316429548 0.5701430359 0.2944015379 0.0000000000 2.5520074083
0.7021084085 1.1389714863 2.2045625821 0.3741729717 0.0747312829 0.7647676273 0.2001308647 0.0691393548 0.3982290308 1.4824678265 0.0252190560 0.0693641458 0.8856861699 0.0514305442 0.9462188571 2.5520074083 0.0000000000
