# MCW Instance
# Type: EXPONENTIAL
# N: 17
# Optimal cost: 1.9582306550758126
# Optimal tour (permutation): [0, 7, 14, 11, 3, 16, 10, 2, 13, 6, 9, 12, 15, 5, 4, 1, 8, 0]
# Optimal walk (full path): [0, 7, 0, 8, 14, 8, 11, 3, 16, 2, 10, 2, 13, 6, 9, 12, 15, 5, 4, 1, 8, 0]
# Walk size: 22
# Is walk (has repeats): true

# Distance Matrix
0.0000000000 1.3131842269 0.6521856983 1.0421102437 2.4358180599 0.8092007763 0.7171523912 0.1033438566 0.0045025307 0.2446822667 0.2826275037 0.5583278734 1.6640735219 0.9293789772 0.4366928891 1.7439914613 0.6734141172
1.3131842269 0.0000000000 0.1101529188 0.5635326607 0.0799021679 0.1660434338 0.7263110019 0.5866348482 0.1219806860 1.5349176478 0.8673156100 1.5193726374 0.1857150965 0.2529998104 0.7607843087 4.4381812412 1.2525311631
0.6521856983 0.1101529188 0.0000000000 2.5030873167 0.6360573047 1.1445352771 0.6370485957 4.1328143579 0.4384753110 0.8769355379 0.1101817356 0.5584345717 0.4982867279 0.1010321033 2.0415879862 0.3146570824 0.1879525724
1.0421102437 0.5635326607 2.5030873167 0.0000000000 0.4095674038 0.5400525518 1.1811514545 0.4716068492 0.1169573019 0.1413559135 0.3325575349 0.1276783084 1.9470809121 2.4104696983 2.1296029263 2.8183744062 0.2267022069
2.4358180599 0.0799021679 0.6360573047 0.4095674038 0.0000000000 0.0073694157 0.8405264747 0.3273181317 0.5181021804 1.0673846902 1.7116082695 1.8150663797 0.9728363836 0.6614667796 2.5727950134 0.7658389775 1.0614043732
0.8092007763 0.1660434338 1.1445352771 0.5400525518 0.0073694157 0.0000000000 0.4484299445 0.4464305610 2.8068748851 0.6930106018 0.2360765934 2.5651091718 2.5397423095 2.0697144802 0.6368546780 0.0552127924 5.5707970721
0.7171523912 0.7263110019 0.6370485957 1.1811514545 0.8405264747 0.4484299445 0.0000000000 0.8690974507 0.4837798463 0.0069320944 0.3288367558 0.6733570341 3.5364310051 0.2216290050 0.2543308314 1.1780091482 0.9996574346
0.1033438566 0.5866348482 4.1328143579 0.4716068492 0.3273181317 0.4464305610 0.8690974507 0.0000000000 0.3870439766 0.4239164407 0.3688000121 0.7922236169 0.8747124889 3.3933486772 0.4165300213 1.1370895750 1.3891791960
0.0045025307 0.1219806860 0.4384753110 0.1169573019 0.5181021804 2.8068748851 0.4837798463 0.3870439766 0.0000000000 0.8858333248 2.2094863270 0.0141870159 0.6597898817 2.0930201111 0.0591531431 1.7427541596 1.8384129317
0.2446822667 1.5349176478 0.8769355379 0.1413559135 1.0673846902 0.6930106018 0.0069320944 0.4239164407 0.8858333248 0.0000000000 0.5560989863 1.8197243324 0.1850728398 1.3427296054 0.4617592158 0.4695939571 0.7487901925
0.2826275037 0.8673156100 0.1101817356 0.3325575349 1.7116082695 0.2360765934 0.3288367558 0.3688000121 2.2094863270 0.5560989863 0.0000000000 0.7798201667 1.0651968766 5.2662229487 0.6642023580 3.4912832200 0.3500939044
0.5583278734 1.5193726374 0.5584345717 0.1276783084 1.8150663797 2.5651091718 0.6733570341 0.7922236169 0.0141870159 1.8197243324 0.7798201667 0.0000000000 0.8257168641 0.9696914668 3.5728078500 0.1904242175 1.6723492882
1.6640735219 0.1857150965 0.4982867279 1.9470809121 0.9728363836 2.5397423095 3.5364310051 0.8747124889 0.6597898817 0.1850728398 1.0651968766 0.8257168641 0.0000000000 0.3626932376 0.2827958275 0.0682169149 0.6936602642
0.9293789772 0.2529998104 0.1010321033 2.4104696983 0.6614667796 2.0697144802 0.2216290050 3.3933486772 2.0930201111 1.3427296054 5.2662229487 0.9696914668 0.3626932376 0.0000000000 3.2124452746 1.0354332863 0.4734459905
0.4366928891 0.7607843087 2.0415879862 2.1296029263 2.5727950134 0.6368546780 0.2543308314 0.4165300213 0.0591531431 0.4617592158 0.6642023580 3.5728078500 0.2827958275 3.2124452746 0.0000000000 0.4904026175 0.5685296496
1.7439914613 4.4381812412 0.3146570824 2.8183744062 0.7658389775 0.0552127924 1.1780091482 1.1370895750 1.7427541596 0.4695939571 3.4912832200 0.1904242175 0.0682169149 1.0354332863 0.4904026175 0.0000000000 1.5604274589
0.6734141172 1.2525311631 0.1879525724 0.2267022069 1.0614043732 5.5707970721 0.9996574346 1.3891791960 1.8384129317 0.7487901925 0.3500939044 1.6723492882 0.6936602642 0.4734459905 0.5685296496 1.5604274589 0.0000000000
