# MCW Instance
# Type: EXPONENTIAL
# N: 17
# Optimal cost: 1.1240761160881978
# Optimal tour (permutation): [0, 16, 13, 10, 2, 14, 5, 11, 4, 9, 3, 15, 7, 1, 12, 8, 6, 0]
# Optimal walk (full path): [0, 10, 13, 16, 13, 10, 2, 14, 11, 5, 11, 4, 11, 14, 9, 14, 3, 15, 7, 1, 12, 8, 0, 6, 0]
# Walk size: 25
# Is walk (has repeats): true

# Distance Matrix
0.0000000000 1.2242388073 0.3284405688 1.4788912124 1.4959241883 1.2225585131 0.0530625046 0.5562252670 0.0802827579 0.1725515517 0.1043340420 0.0899913752 1.3717983495 0.3300484517 1.0099481367 0.3127203564 1.2457545162
1.2242388073 0.0000000000 1.8395467607 2.3638050366 0.1483251124 1.9690342347 0.5402822557 0.0421209198 0.2542921087 1.0847454778 2.0961796865 1.0782082481 0.0185451000 1.0119907564 1.4966414232 2.0901550034 0.2911262055
0.3284405688 1.8395467607 0.0000000000 0.7173786262 0.3770087714 1.5699115384 0.1495578458 0.6706533793 1.1269503496 0.6204693522 0.0330127207 0.8707563200 0.0841674431 1.6378500890 0.0059492202 0.9675868319 0.9727197331
1.4788912124 2.3638050366 0.7173786262 0.0000000000 2.3429346660 0.9042994969 0.1274367719 0.0351872567 1.1308234288 0.7806236202 2.2900316172 1.8967655551 3.3031765980 1.2146085441 0.0185285563 0.0125590618 0.9820211169
1.4959241883 0.1483251124 0.3770087714 2.3429346660 0.0000000000 0.5526370900 0.4221105617 2.5578022098 0.5580344414 0.8664893352 1.5703937959 0.0438118006 0.0663225703 0.1837428233 0.1098676304 1.0802104761 2.4628796429
1.2225585131 1.9690342347 1.5699115384 0.9042994969 0.5526370900 0.0000000000 1.7928634027 1.7850451703 0.1397754313 1.6415176302 2.4793275069 0.0490720876 2.9119837907 0.3627402350 1.1381975457 0.2085565717 0.3193779719
0.0530625046 0.5402822557 0.1495578458 0.1274367719 0.4221105617 1.7928634027 0.0000000000 1.7981620565 0.1934738101 0.4483740715 0.1984089602 0.2723330774 1.6044340000 0.4764884546 0.9759779477 0.2288427376 3.1120897382
0.5562252670 0.0421209198 0.6706533793 0.0351872567 2.5578022098 1.7850451703 1.7981620565 0.0000000000 1.4460735273 0.5729726565 0.4843059370 0.5795069963 4.5517684338 2.9396490244 2.3051375816 0.0387562088 0.2702280257
0.0802827579 0.2542921087 1.1269503496 1.1308234288 0.5580344414 0.1397754313 0.1934738101 1.4460735273 0.0000000000 0.8789186998 0.5012813932 0.9277969084 0.0569383161 1.6296448918 1.2117247411 0.4430992135 0.4713169873
0.1725515517 1.0847454778 0.6204693522 0.7806236202 0.8664893352 1.6415176302 0.4483740715 0.5729726565 0.8789186998 0.0000000000 2.7068151199 1.4531511310 0.5483672113 0.6757138312 0.0973153342 0.4964989112 1.2217741813
0.1043340420 2.0961796865 0.0330127207 2.2900316172 1.5703937959 2.4793275069 0.1984089602 0.4843059370 0.5012813932 2.7068151199 0.0000000000 1.4681536975 0.1765149552 0.0304076057 0.0533554957 0.0663146329 2.1563216170
0.0899913752 1.0782082481 0.8707563200 1.8967655551 0.0438118006 0.0490720876 0.2723330774 0.5795069963 0.9277969084 1.4531511310 1.4681536975 0.0000000000 1.8922079851 0.2606403459 0.0112123595 0.8951195936 3.3837276525
1.3717983495 0.0185451000 0.0841674431 3.3031765980 0.0663225703 2.9119837907 1.6044340000 4.5517684338 0.0569383161 0.5483672113 0.1765149552 1.8922079851 0.0000000000 1.2679461387 1.1038501276 1.1937179133 2.0892417737
0.3300484517 1.0119907564 1.6378500890 1.2146085441 0.1837428233 0.3627402350 0.4764884546 2.9396490244 1.6296448918 0.6757138312 0.0304076057 0.2606403459 1.2679461387 0.0000000000 0.6268518052 0.2657986059 0.0716429142
1.0099481367 1.4966414232 0.0059492202 0.0185285563 0.1098676304 1.1381975457 0.9759779477 2.3051375816 1.2117247411 0.0973153342 0.0533554957 0.0112123595 1.1038501276 0.6268518052 0.0000000000 1.5563151869 1.2846492773
0.3127203564 2.0901550034 0.9675868319 0.0125590618 1.0802104761 0.2085565717 0.2288427376 0.0387562088 0.4430992135 0.4964989112 0.0663146329 0.8951195936 1.1937179133 0.2657986059 1.5563151869 0.0000000000 2.3418053754
1.2457545162 0.2911262055 0.9727197331 0.9820211169 2.4628796429 0.3193779719 3.1120897382 0.2702280257 0.4713169873 1.2217741813 2.1563216170 3.3837276525 2.0892417737 0.0716429142 1.2846492773 2.3418053754 0.0000000000
