# MCW Instance
# Type: EXPONENTIAL
# N: 17
# Optimal cost: 1.7805157681586166
# Optimal tour (permutation): [0, 10, 13, 2, 6, 14, 4, 7, 9, 11, 12, 8, 16, 15, 1, 3, 5, 0]
# Optimal walk (full path): [0, 2, 13, 10, 13, 2, 6, 2, 4, 14, 4, 7, 9, 0, 11, 12, 8, 1, 15, 16, 15, 1, 3, 5, 3, 0]
# Walk size: 26
# Is walk (has repeats): true

# Distance Matrix
0.0000000000 1.0263767608 0.1030041951 0.0377858057 1.1264316069 0.3086117171 2.3876686679 0.9637627861 1.3046557541 0.0557557661 2.2141505379 0.0333699592 0.0470335686 0.7510359668 0.5002535317 0.2858941136 0.2081599217
1.0263767608 0.0000000000 1.2361773110 0.0183949630 0.2607810160 0.3788440513 0.4986649279 2.4637353631 0.2554578981 0.3576974550 1.5774171208 1.7022078857 0.1098122694 0.3368674644 2.2177806145 0.0644475844 1.8020888186
0.1030041951 1.2361773110 0.0000000000 0.3751666740 0.0743494625 0.9272447425 0.0566799889 0.8364578845 0.3049737017 0.4470285800 0.2664027838 1.2852580278 0.9423813869 0.0355490827 0.4160426230 1.9799001880 2.1640643003
0.0377858057 0.0183949630 0.3751666740 0.0000000000 3.1468620234 0.0656973470 0.5440934235 0.2721053960 0.4448526724 0.8709891378 1.2128201134 0.9634556359 3.0535276151 0.8932955424 0.7704484824 0.1728972048 0.9788658259
1.1264316069 0.2607810160 0.0743494625 3.1468620234 0.0000000000 1.6723853375 1.3874281637 0.1058503623 0.8237601763 0.6314667184 0.3582914801 0.4660957289 0.1632907112 0.3436414143 0.0517298244 1.4911828328 0.7765228699
0.3086117171 0.3788440513 0.9272447425 0.0656973470 1.6723853375 0.0000000000 0.6292344975 0.4313735928 1.7196314653 1.8493449600 0.7982955868 2.0139010491 1.1703999784 0.8830829781 1.4912361994 0.3571078810 0.5278336423
2.3876686679 0.4986649279 0.0566799889 0.5440934235 1.3874281637 0.6292344975 0.0000000000 0.1663448321 0.5213290139 3.5866469208 0.4312124642 1.0154604803 1.2396700382 0.7916177294 0.3963695916 1.4593413071 2.3378764492
0.9637627861 2.4637353631 0.8364578845 0.2721053960 0.1058503623 0.4313735928 0.1663448321 0.0000000000 0.7577985606 0.1766313383 0.3104592225 2.9967833388 0.8363389196 0.3658622932 0.3894033741 0.5271051436 2.8655907289
1.3046557541 0.2554578981 0.3049737017 0.4448526724 0.8237601763 1.7196314653 0.5213290139 0.7577985606 0.0000000000 0.2854117029 0.9596421470 0.9531402811 0.2438169254 1.4149524547 1.3014977008 0.4210170049 0.3346681029
0.0557557661 0.3576974550 0.4470285800 0.8709891378 0.6314667184 1.8493449600 3.5866469208 0.1766313383 0.2854117029 0.0000000000 1.1377683646 0.8305279232 1.6860079725 1.5394695729 2.4489228905 2.3699959575 0.2889767131
2.2141505379 1.5774171208 0.2664027838 1.2128201134 0.3582914801 0.7982955868 0.4312124642 0.3104592225 0.9596421470 1.1377683646 0.0000000000 0.2551214971 0.5032398470 0.0526634934 0.6987362844 1.6456117938 0.5390313120
0.0333699592 1.7022078857 1.2852580278 0.9634556359 0.4660957289 2.0139010491 1.0154604803 2.9967833388 0.9531402811 0.8305279232 0.2551214971 0.0000000000 0.0195213097 0.2285052182 0.7909262907 0.4467155869 1.5283957594
0.0470335686 0.1098122694 0.9423813869 3.0535276151 0.1632907112 1.1703999784 1.2396700382 0.8363389196 0.2438169254 1.6860079725 0.5032398470 0.0195213097 0.0000000000 1.2939892065 2.1133272311 4.2935089645 0.6760803553
0.7510359668 0.3368674644 0.0355490827 0.8932955424 0.3436414143 0.8830829781 0.7916177294 0.3658622932 1.4149524547 1.5394695729 0.0526634934 0.2285052182 1.2939892065 0.0000000000 1.3811066851 1.0272834061 1.3165858423
0.5002535317 2.2177806145 0.4160426230 0.7704484824 0.0517298244 1.4912361994 0.3963695916 0.3894033741 1.3014977008 2.4489228905 0.6987362844 0.7909262907 2.1133272311 1.3811066851 0.0000000000 1.2913915497 0.9990108329
0.2858941136 0.0644475844 1.9799001880 0.1728972048 1.4911828328 0.3571078810 1.4593413071 0.5271051436 0.4210170049 2.3699959575 1.6456117938 0.4467155869 4.2935089645 1.0272834061 1.2913915497 0.0000000000 0.0015215707
0.2081599217 1.8020888186 2.1640643003 0.9788658259 0.7765228699 0.5278336423 2.3378764492 2.8655907289 0.3346681029 0.2889767131 0.5390313120 1.5283957594 0.6760803553 1.3165858423 0.9990108329 0.0015215707 0.0000000000
