# MCW Instance
# Type: EXPONENTIAL
# N: 17
# Optimal cost: 1.604922962108246
# Optimal tour (permutation): [0, 10, 12, 14, 5, 11, 9, 15, 6, 4, 2, 7, 13, 8, 3, 1, 16, 0]
# Optimal walk (full path): [0, 10, 12, 14, 5, 11, 9, 15, 4, 6, 4, 15, 2, 15, 9, 7, 13, 8, 13, 16, 3, 16, 1, 16, 0]
# Walk size: 25
# Is walk (has repeats): true

# Distance Matrix
0.0000000000 2.2704378514 0.8287637208 2.8207459836 1.1902581442 0.5944375694 1.0200838190 0.6164826322 0.7226930108 1.0066225191 0.1622959036 0.2732153490 0.2262126378 5.6446640249 0.3868495326 3.7465606947 0.0912938855
2.2704378514 0.0000000000 0.8114732443 0.9953583632 0.2393459841 0.3418455351 0.2509112242 0.5461379523 1.7866688302 1.9892528777 0.1868238332 0.1396910373 0.3991615156 0.9274513124 0.1394383478 1.6503680178 0.0437632390
0.8287637208 0.8114732443 0.0000000000 1.5829702686 0.2864540343 0.3359576927 1.7291566641 5.2400442901 0.2564502116 0.9791739871 0.9258407371 2.2295115065 1.1871649334 0.2662624591 0.2267224846 0.1270932822 0.5477235291
2.8207459836 0.9953583632 1.5829702686 0.0000000000 0.4332171745 0.2548994691 2.3032086112 1.3675238680 0.5621404315 0.4445343854 0.4686062100 1.7224682243 0.3932954342 0.6679092533 0.5797178205 1.0900396194 0.0997007905
1.1902581442 0.2393459841 0.2864540343 0.4332171745 0.0000000000 4.0409703030 0.0097174282 1.1182933825 1.0158431996 0.3215197699 1.0096946253 0.4050775558 0.4615766194 0.3339779179 0.8475453853 0.0184165906 0.9774172240
0.5944375694 0.3418455351 0.3359576927 0.2548994691 4.0409703030 0.0000000000 0.8700402873 0.6245157879 0.5237443983 0.6743074986 0.2522525810 0.0418126953 1.7432134745 0.4521758505 0.0316874514 0.4209740166 2.7846755965
1.0200838190 0.2509112242 1.7291566641 2.3032086112 0.0097174282 0.8700402873 0.0000000000 0.7955045730 1.2943855870 0.3641927565 1.0299126622 2.3625023580 1.2931932493 1.2188071206 0.9838048412 1.0629397660 0.9521028720
0.6164826322 0.5461379523 5.2400442901 1.3675238680 1.1182933825 0.6245157879 0.7955045730 0.0000000000 1.8127765674 0.0628469366 0.1492417687 0.2826272851 0.8176031581 0.1271752150 0.8450425606 0.2405628361 1.2361813675
0.7226930108 1.7866688302 0.2564502116 0.5621404315 1.0158431996 0.5237443983 1.2943855870 1.8127765674 0.0000000000 0.7045913615 0.7184208018 2.6061939153 0.3699274336 0.0102455572 0.1381075514 2.0613480345 0.4028086912
1.0066225191 1.9892528777 0.9791739871 0.4445343854 0.3215197699 0.6743074986 0.3641927565 0.0628469366 0.7045913615 0.0000000000 0.1808358732 0.0484533079 1.3102513001 0.3752127076 0.5849981306 0.0039352309 1.9191981851
0.1622959036 0.1868238332 0.9258407371 0.4686062100 1.0096946253 0.2522525810 1.0299126622 0.1492417687 0.7184208018 0.1808358732 0.0000000000 0.7413451783 0.0761010559 0.3857387790 0.4196793203 2.8723103182 0.6822250498
0.2732153490 0.1396910373 2.2295115065 1.7224682243 0.4050775558 0.0418126953 2.3625023580 0.2826272851 2.6061939153 0.0484533079 0.7413451783 0.0000000000 1.0479591408 0.3966182892 1.7183043483 1.0118366532 0.4658978173
0.2262126378 0.3991615156 1.1871649334 0.3932954342 0.4615766194 1.7432134745 1.2931932493 0.8176031581 0.3699274336 1.3102513001 0.0761010559 1.0479591408 0.0000000000 0.3734214062 0.1799339572 1.3331293036 0.6420788537
5.6446640249 0.9274513124 0.2662624591 0.6679092533 0.3339779179 0.4521758505 1.2188071206 0.1271752150 0.0102455572 0.3752127076 0.3857387790 0.3966182892 0.3734214062 0.0000000000 0.5874457114 0.1370608833 0.1575783166
0.3868495326 0.1394383478 0.2267224846 0.5797178205 0.8475453853 0.0316874514 0.9838048412 0.8450425606 0.1381075514 0.5849981306 0.4196793203 1.7183043483 0.1799339572 0.5874457114 0.0000000000 1.3110994869 0.4242847858
3.7465606947 1.6503680178 0.1270932822 1.0900396194 0.0184165906 0.4209740166 1.0629397660 0.2405628361 2.0613480345 0.0039352309 2.8723103182 1.0118366532 1.3331293036 0.1370608833 1.3110994869 0.0000000000 1.9908172817
0.0912938855 0.0437632390 0.5477235291 0.0997007905 0.9774172240 2.7846755965 0.9521028720 1.2361813675 0.4028086912 1.9191981851 0.6822250498 0.4658978173 0.6420788537 0.1575783166 0.4242847858 1.9908172817 0.0000000000
