# MCW Instance
# Type: EXPONENTIAL
# N: 17
# Optimal cost: 2.039431591868132
# Optimal tour (permutation): [0, 14, 15, 16, 8, 11, 12, 2, 9, 4, 1, 5, 10, 7, 3, 13, 6, 0]
# Optimal walk (full path): [0, 14, 15, 16, 1, 11, 8, 11, 12, 2, 9, 4, 9, 1, 5, 7, 10, 7, 3, 13, 6, 0]
# Walk size: 22
# Is walk (has repeats): true

# Distance Matrix
0.0000000000 0.4483726800 0.9720046849 4.7879369372 1.4336761521 2.8598583950 0.0685203091 0.9959456056 2.9453645818 4.5499643854 0.4172711984 0.4067020722 2.8265892362 0.1161019881 0.1837065181 1.0594055271 0.3001614218
0.4483726800 0.0000000000 1.2896709218 0.2643672969 0.8243484200 0.0345258515 0.7537696869 1.0699410744 0.2173477326 0.0483980982 0.8718478787 0.0389996343 2.1946518625 0.6984176937 0.8632253435 0.2614735262 0.1562509558
0.9720046849 1.2896709218 0.0000000000 0.5775253787 0.4663061573 0.1680233394 0.6215233180 0.2183088559 0.0840602670 0.0577082222 0.6534667609 0.4592940840 0.1858569356 1.5024302868 1.2585841972 0.2530398686 1.5438340326
4.7879369372 0.2643672969 0.5775253787 0.0000000000 1.8220779455 0.4006749269 1.1184630252 0.2161177108 0.3816310758 1.1171165284 0.6484337335 0.9213961522 1.6189711869 0.1110040948 0.7542553861 1.9264213187 3.2360472811
1.4336761521 0.8243484200 0.4663061573 1.8220779455 0.0000000000 0.6990087771 1.3766713684 0.5526146875 0.9422038208 0.1066161492 0.3498807495 2.2921113803 0.7045691482 1.8916018224 0.9767339298 1.1278082416 0.6249613077
2.8598583950 0.0345258515 0.1680233394 0.4006749269 0.6990087771 0.0000000000 0.2854839315 0.0783210309 2.5121836185 1.9062446426 1.2686555396 0.9559856504 2.1786311189 2.2215208388 2.3567355732 0.8641918740 1.0815617891
0.0685203091 0.7537696869 0.6215233180 1.1184630252 1.3766713684 0.2854839315 0.0000000000 1.4714138553 3.5926665076 0.2205465306 2.5397440599 3.4904744787 1.9883129260 0.0819555884 2.1256026313 1.8521687305 1.1912423674
0.9959456056 1.0699410744 0.2183088559 0.2161177108 0.5526146875 0.0783210309 1.4714138553 0.0000000000 1.2266269048 1.2054455105 0.0025817416 3.4701383804 0.7946817094 1.2249345249 1.1460925423 4.6948537808 0.3406380821
2.9453645818 0.2173477326 0.0840602670 0.3816310758 0.9422038208 2.5121836185 3.5926665076 1.2266269048 0.0000000000 0.7222378388 2.2201203648 0.0288762277 0.3313907824 1.3303602814 1.7522931097 3.3734448073 0.4157606545
4.5499643854 0.0483980982 0.0577082222 1.1171165284 0.1066161492 1.9062446426 0.2205465306 1.2054455105 0.7222378388 0.0000000000 0.3162667017 1.2291307883 2.2863452992 0.8555561291 0.4151332731 2.7313296437 3.4874725125
0.4172711984 0.8718478787 0.6534667609 0.6484337335 0.3498807495 1.2686555396 2.5397440599 0.0025817416 2.2201203648 0.3162667017 0.0000000000 0.1374787829 0.3349958025 0.2532755251 2.6284959104 0.3170971511 2.2496368531
0.4067020722 0.0389996343 0.4592940840 0.9213961522 2.2921113803 0.9559856504 3.4904744787 3.4701383804 0.0288762277 1.2291307883 0.1374787829 0.0000000000 0.1673574761 0.4230751353 0.7693366686 0.5883363478 0.5210722944
2.8265892362 2.1946518625 0.1858569356 1.6189711869 0.7045691482 2.1786311189 1.9883129260 0.7946817094 0.3313907824 2.2863452992 0.3349958025 0.1673574761 0.0000000000 0.1748202417 0.2944903466 2.4592497359 1.5929231098
0.1161019881 0.6984176937 1.5024302868 0.1110040948 1.8916018224 2.2215208388 0.0819555884 1.2249345249 1.3303602814 0.8555561291 0.2532755251 0.4230751353 0.1748202417 0.0000000000 0.2788122805 0.1321077153 2.0349950111
0.1837065181 0.8632253435 1.2585841972 0.7542553861 0.9767339298 2.3567355732 2.1256026313 1.1460925423 1.7522931097 0.4151332731 2.6284959104 0.7693366686 0.2944903466 0.2788122805 0.0000000000 0.1265704522 3.1166600616
1.0594055271 0.2614735262 0.2530398686 1.9264213187 1.1278082416 0.8641918740 1.8521687305 4.6948537808 3.3734448073 2.7313296437 0.3170971511 0.5883363478 2.4592497359 0.1321077153 0.1265704522 0.0000000000 0.2079904770
0.3001614218 0.1562509558 1.5438340326 3.2360472811 0.6249613077 1.0815617891 1.1912423674 0.3406380821 0.4157606545 3.4874725125 2.2496368531 0.5210722944 1.5929231098 2.0349950111 3.1166600616 0.2079904770 0.0000000000
