# MCW Instance
# Type: EXPONENTIAL
# N: 17
# Optimal cost: 2.3583706096822232
# Optimal tour (permutation): [0, 11, 16, 15, 2, 1, 14, 4, 8, 6, 5, 3, 9, 12, 10, 13, 7, 0]
# Optimal walk (full path): [0, 11, 0, 16, 15, 2, 1, 4, 14, 4, 1, 6, 8, 6, 5, 6, 3, 9, 10, 12, 10, 13, 7, 16, 0]
# Walk size: 25
# Is walk (has repeats): true

# Distance Matrix
0.0000000000 0.4706842703 2.4201145580 4.4582813835 0.6181507223 0.3112753327 0.3469542987 0.4844928238 2.0364764036 5.6301003291 0.1490537923 0.1398130069 0.5798995118 0.3007864582 1.7062439963 0.8540756434 0.0514724285
0.4706842703 0.0000000000 0.0137667830 1.2421310329 0.0234118623 1.0519820116 0.1141693037 0.4265106309 1.6646418770 0.2633081612 0.5941449016 0.2704453771 1.5474400691 0.7853673922 0.4214514613 1.7556590094 0.4690694276
2.4201145580 0.0137667830 0.0000000000 1.5103219138 0.2706569796 0.5356821254 0.1338674089 1.1041829175 0.3720828291 0.3046474956 1.6304916548 0.3392647759 0.8746130570 0.9414613485 0.4555522892 0.1906905531 3.2235154254
4.4582813835 1.2421310329 1.5103219138 0.0000000000 1.3599803959 1.9185698842 0.2714516056 0.4802500558 1.6486432580 0.1673163109 0.4404519434 0.9862826900 0.8518443982 1.4529291622 0.5952078257 0.8743801806 2.9660074649
0.6181507223 0.0234118623 0.2706569796 1.3599803959 0.0000000000 0.2215133218 0.3818633487 1.3895861826 0.9872365692 0.5305170646 0.7293524344 0.8720706240 2.3059029796 1.3346557431 0.0460149769 1.4653426504 0.3772140433
0.3112753327 1.0519820116 0.5356821254 1.9185698842 0.2215133218 0.0000000000 0.0576942321 1.1683205878 4.0105692743 0.8460226730 0.9794474693 0.6721179129 1.0602243050 1.4974209316 1.6706439634 1.8318036727 0.4064487720
0.3469542987 0.1141693037 0.1338674089 0.2714516056 0.3818633487 0.0576942321 0.0000000000 2.4515476960 0.2430729339 0.5948758992 1.6832654589 0.2279141098 0.0497183985 0.7542461950 1.1956340329 1.7913810124 0.5761245681
0.4844928238 0.4265106309 1.1041829175 0.4802500558 1.3895861826 1.1683205878 2.4515476960 0.0000000000 0.3965152905 0.4151410819 0.4988047082 0.3542643798 0.3585472703 0.1264944596 0.2742593458 1.2899837911 0.0960397275
2.0364764036 1.6646418770 0.3720828291 1.6486432580 0.9872365692 4.0105692743 0.2430729339 0.3965152905 0.0000000000 1.6190218632 2.5953705578 0.5874809256 1.1276323547 0.4740150475 1.4398100217 1.2636459454 3.7672921849
5.6301003291 0.2633081612 0.3046474956 0.1673163109 0.5305170646 0.8460226730 0.5948758992 0.4151410819 1.6190218632 0.0000000000 0.0975278359 0.9222836577 0.2536897589 0.7642907628 0.9070587488 2.0610664427 2.2358381802
0.1490537923 0.5941449016 1.6304916548 0.4404519434 0.7293524344 0.9794474693 1.6832654589 0.4988047082 2.5953705578 0.0975278359 0.0000000000 1.4918197619 0.0203081319 0.0053587964 0.4091184904 1.7233183028 0.8286013047
0.1398130069 0.2704453771 0.3392647759 0.9862826900 0.8720706240 0.6721179129 0.2279141098 0.3542643798 0.5874809256 0.9222836577 1.4918197619 0.0000000000 0.5356714592 0.7585964120 1.4283522857 0.9941681709 0.3835800384
0.5798995118 1.5474400691 0.8746130570 0.8518443982 2.3059029796 1.0602243050 0.0497183985 0.3585472703 1.1276323547 0.2536897589 0.0203081319 0.5356714592 0.0000000000 1.1404624316 1.4897199476 1.9950165862 1.6820410015
0.3007864582 0.7853673922 0.9414613485 1.4529291622 1.3346557431 1.4974209316 0.7542461950 0.1264944596 0.4740150475 0.7642907628 0.0053587964 0.7585964120 1.1404624316 0.0000000000 1.1399953561 0.8523807391 0.6628124614
1.7062439963 0.4214514613 0.4555522892 0.5952078257 0.0460149769 1.6706439634 1.1956340329 0.2742593458 1.4398100217 0.9070587488 0.4091184904 1.4283522857 1.4897199476 1.1399953561 0.0000000000 1.5573291666 0.7466202408
0.8540756434 1.7556590094 0.1906905531 0.8743801806 1.4653426504 1.8318036727 1.7913810124 1.2899837911 1.2636459454 2.0610664427 1.7233183028 0.9941681709 1.9950165862 0.8523807391 1.5573291666 0.0000000000 0.1119800891
0.0514724285 0.4690694276 3.2235154254 2.9660074649 0.3772140433 0.4064487720 0.5761245681 0.0960397275 3.7672921849 2.2358381802 0.8286013047 0.3835800384 1.6820410015 0.6628124614 0.7466202408 0.1119800891 0.0000000000
