# MCW Instance
# Type: EXPONENTIAL
# N: 17
# Optimal cost: 1.453816026149497
# Optimal tour (permutation): [0, 15, 3, 9, 8, 13, 14, 12, 11, 16, 4, 5, 2, 10, 6, 7, 1, 0]
# Optimal walk (full path): [0, 15, 3, 9, 8, 9, 13, 9, 14, 12, 11, 4, 16, 4, 5, 2, 5, 4, 10, 6, 7, 1, 0]
# Walk size: 23
# Is walk (has repeats): true

# Distance Matrix
0.0000000000 0.2318497837 1.4943732879 0.9295667519 0.7670676018 1.5057739380 1.3135276226 1.3657664007 0.9370002603 1.2869039746 2.5312626437 0.3825608582 2.3245690606 1.4766956429 0.3491062833 0.0445853588 4.1078133252
0.2318497837 0.0000000000 0.2783805524 0.3775788730 0.6187397836 1.4208562917 1.6932850163 0.1790099288 0.3167760539 2.0358171194 0.5871898574 1.9743844221 0.8243876850 0.6438165912 0.2756907407 1.6305374660 6.4393026828
1.4943732879 0.2783805524 0.0000000000 0.8027578583 2.1127491102 0.0011559683 0.3835445888 1.2635611834 0.0643599875 0.6522684814 0.6505577237 0.5774557273 2.7079542064 0.1489181441 1.0281311178 0.5649467223 1.9330339404
0.9295667519 0.3775788730 0.8027578583 0.0000000000 0.9823853013 1.5260221159 3.8661718678 2.0202867750 1.0122083059 0.0342202075 2.1867470375 0.2943560464 0.5554658587 0.1176871825 1.6418838242 0.1042111968 0.2276793612
0.7670676018 0.6187397836 2.1127491102 0.9823853013 0.0000000000 0.0361035671 1.1093484997 0.4651441350 0.7370691930 0.1345730702 0.1124976085 0.1453770948 1.3054392511 1.2943470321 1.3436113144 1.0690039479 0.0537922764
1.5057739380 1.4208562917 0.0011559683 1.5260221159 0.0361035671 0.0000000000 0.5267236992 0.6269791530 1.6936889809 2.2211472691 0.6465613740 2.8400595395 6.4693054355 0.6439338900 0.4950696420 1.2195641388 1.5032518451
1.3135276226 1.6932850163 0.3835445888 3.8661718678 1.1093484997 0.5267236992 0.0000000000 0.1098482759 0.5895420139 0.9255687675 0.0989787662 1.8182451054 0.4132685744 0.5918122604 0.3519112418 0.9418958943 0.7684906606
1.3657664007 0.1790099288 1.2635611834 2.0202867750 0.4651441350 0.6269791530 0.1098482759 0.0000000000 0.0837366789 0.4647931804 0.6274346289 0.3192100456 0.5645438878 2.6194305789 1.6133014072 1.5256027913 0.4987888503
0.9370002603 0.3167760539 0.0643599875 1.0122083059 0.7370691930 1.6936889809 0.5895420139 0.0837366789 0.0000000000 0.0027398620 0.2742499074 2.1769007804 1.7242385546 0.8834596250 0.0688979358 0.4979040932 0.4041455967
1.2869039746 2.0358171194 0.6522684814 0.0342202075 0.1345730702 2.2211472691 0.9255687675 0.4647931804 0.0027398620 0.0000000000 1.5673930526 2.4199127801 1.7430017935 0.0113676570 0.0048543705 1.3941249493 2.5133364677
2.5312626437 0.5871898574 0.6505577237 2.1867470375 0.1124976085 0.6465613740 0.0989787662 0.6274346289 0.2742499074 1.5673930526 0.0000000000 1.0801929546 3.6053832908 0.1617825486 2.6616412029 1.1565987759 1.1825835725
0.3825608582 1.9743844221 0.5774557273 0.2943560464 0.1453770948 2.8400595395 1.8182451054 0.3192100456 2.1769007804 2.4199127801 1.0801929546 0.0000000000 0.0283532198 0.3340120718 0.3293088835 0.2316943331 0.2991760004
2.3245690606 0.8243876850 2.7079542064 0.5554658587 1.3054392511 6.4693054355 0.4132685744 0.5645438878 1.7242385546 1.7430017935 3.6053832908 0.0283532198 0.0000000000 0.3358287144 0.1497115535 1.8848942795 1.3864529066
1.4766956429 0.6438165912 0.1489181441 0.1176871825 1.2943470321 0.6439338900 0.5918122604 2.6194305789 0.8834596250 0.0113676570 0.1617825486 0.3340120718 0.3358287144 0.0000000000 0.9691291631 0.7253120570 0.3601368528
0.3491062833 0.2756907407 1.0281311178 1.6418838242 1.3436113144 0.4950696420 0.3519112418 1.6133014072 0.0688979358 0.0048543705 2.6616412029 0.3293088835 0.1497115535 0.9691291631 0.0000000000 1.4056458091 0.1797944598
0.0445853588 1.6305374660 0.5649467223 0.1042111968 1.0690039479 1.2195641388 0.9418958943 1.5256027913 0.4979040932 1.3941249493 1.1565987759 0.2316943331 1.8848942795 0.7253120570 1.4056458091 0.0000000000 0.1122416136
4.1078133252 6.4393026828 1.9330339404 0.2276793612 0.0537922764 1.5032518451 0.7684906606 0.4987888503 0.4041455967 2.5133364677 1.1825835725 0.2991760004 1.3864529066 0.3601368528 0.1797944598 0.1122416136 0.0000000000
