# MCW Instance
# Type: EXPONENTIAL
# N: 17
# Optimal cost: 1.6962686286064377
# Optimal tour (permutation): [0, 15, 2, 1, 16, 6, 12, 10, 14, 3, 5, 4, 13, 8, 7, 11, 9, 0]
# Optimal walk (full path): [0, 2, 15, 2, 1, 16, 6, 16, 12, 10, 14, 3, 4, 5, 4, 13, 8, 7, 11, 9, 0]
# Walk size: 21
# Is walk (has repeats): true

# Distance Matrix
0.0000000000 0.7897340547 0.0671541806 0.5330256702 0.1659693033 0.2239256949 0.2861042864 0.1295656699 1.4532068901 0.0291901179 1.0304865875 0.1540899182 1.9764765356 1.1034359773 0.5431791866 0.7297453418 0.5337262530
0.7897340547 0.0000000000 0.1382895591 1.3146071567 1.3734761656 0.3075736817 0.7239601598 0.3028766308 0.2659605648 1.1550742206 2.6103180241 0.7605003314 0.2365022926 0.3117811262 0.3808662728 1.0300036673 0.0935508681
0.0671541806 0.1382895591 0.0000000000 0.8259463077 0.1340900148 0.8603931094 1.3897759379 0.6998899553 1.8106634250 0.3873687729 1.0094685391 0.5222180474 0.2506594733 0.8946652096 0.9505204436 0.0115951892 2.5812660380
0.5330256702 1.3146071567 0.8259463077 0.0000000000 0.1028605566 0.7495056466 1.7254569141 0.2283635647 2.5998037935 4.4527449219 1.5366712443 0.1348512410 1.5428236555 0.6375830003 0.1766625275 0.2296915932 0.9362714506
0.1659693033 1.3734761656 0.1340900148 0.1028605566 0.0000000000 0.0132151693 0.3663298543 0.7746537872 0.1992590219 1.8447591171 2.8889919474 1.4189681734 0.4121706345 0.0922731451 0.6198150049 1.1994963186 0.6325100005
0.2239256949 0.3075736817 0.8603931094 0.7495056466 0.0132151693 0.0000000000 0.3758784226 1.1005002311 0.8476837809 4.7399450258 3.7273708777 0.5975344168 0.7584131798 1.5144027264 0.1131737572 1.5451006209 4.1073775672
0.2861042864 0.7239601598 1.3897759379 1.7254569141 0.3663298543 0.3758784226 0.0000000000 0.5953186002 0.5235009852 0.8600508235 1.0825137667 1.6668253609 1.2051722916 1.9477708368 0.6951984828 1.6822001771 0.1843463596
0.1295656699 0.3028766308 0.6998899553 0.2283635647 0.7746537872 1.1005002311 0.5953186002 0.0000000000 0.0609393551 0.9140244050 1.2682299556 0.0999812879 0.0959122490 0.0937760468 0.4196906572 2.1724504107 0.2393409794
1.4532068901 0.2659605648 1.8106634250 2.5998037935 0.1992590219 0.8476837809 0.5235009852 0.0609393551 0.0000000000 0.9372785516 1.2803274268 5.0105247489 1.8207075441 0.1278859825 1.0275593466 5.1014445389 1.0852186545
0.0291901179 1.1550742206 0.3873687729 4.4527449219 1.8447591171 4.7399450258 0.8600508235 0.9140244050 0.9372785516 0.0000000000 0.3210555785 0.1133671577 0.6497584316 1.3431295473 0.1447714249 3.3011883538 0.8932446766
1.0304865875 2.6103180241 1.0094685391 1.5366712443 2.8889919474 3.7273708777 1.0825137667 1.2682299556 1.2803274268 0.3210555785 0.0000000000 0.5848926679 0.0717329526 0.8493912405 0.0468936059 0.8271894860 1.8398643685
0.1540899182 0.7605003314 0.5222180474 0.1348512410 1.4189681734 0.5975344168 1.6668253609 0.0999812879 5.0105247489 0.1133671577 0.5848926679 0.0000000000 1.0464985872 0.1883751134 0.1403968088 0.5783728449 0.1141998046
1.9764765356 0.2365022926 0.2506594733 1.5428236555 0.4121706345 0.7584131798 1.2051722916 0.0959122490 1.8207075441 0.6497584316 0.0717329526 1.0464985872 0.0000000000 0.0968657225 3.5969837042 5.2636641255 0.0571738957
1.1034359773 0.3117811262 0.8946652096 0.6375830003 0.0922731451 1.5144027264 1.9477708368 0.0937760468 0.1278859825 1.3431295473 0.8493912405 0.1883751134 0.0968657225 0.0000000000 0.6017777128 0.4712390518 0.2362487408
0.5431791866 0.3808662728 0.9505204436 0.1766625275 0.6198150049 0.1131737572 0.6951984828 0.4196906572 1.0275593466 0.1447714249 0.0468936059 0.1403968088 3.5969837042 0.6017777128 0.0000000000 1.9066168403 0.2129034616
0.7297453418 1.0300036673 0.0115951892 0.2296915932 1.1994963186 1.5451006209 1.6822001771 2.1724504107 5.1014445389 3.3011883538 0.8271894860 0.5783728449 5.2636641255 0.4712390518 1.9066168403 0.0000000000 1.3138985755
0.5337262530 0.0935508681 2.5812660380 0.9362714506 0.6325100005 4.1073775672 0.1843463596 0.2393409794 1.0852186545 0.8932446766 1.8398643685 0.1141998046 0.0571738957 0.2362487408 0.2129034616 1.3138985755 0.0000000000
