# MCW Instance
# Type: EXPONENTIAL
# N: 17
# Optimal cost: 3.064691068004596
# Optimal tour (permutation): [0, 8, 2, 6, 3, 11, 4, 14, 15, 16, 7, 10, 9, 5, 12, 13, 1, 0]
# Optimal walk (full path): [0, 8, 2, 3, 6, 3, 11, 4, 14, 15, 16, 7, 9, 10, 9, 5, 12, 13, 1, 8, 0]
# Walk size: 21
# Is walk (has repeats): true

# Distance Matrix
0.0000000000 1.5776196810 1.2697039300 0.6788925001 2.6778524654 0.6215882480 0.5758227638 1.0500875026 0.0861576246 1.5851076898 0.9685367396 0.4863630154 1.5258139181 1.3809334653 0.2064449602 3.4573061821 1.7332560875
1.5776196810 0.0000000000 0.8958412300 0.3392542146 1.7949224384 0.9156434277 1.7147285343 1.7984559730 0.0997685201 2.3375063601 0.1639701219 1.1240272321 0.8484655094 0.3348914652 1.7753524792 0.6259529993 0.1200856327
1.2697039300 0.8958412300 0.0000000000 0.1698657224 0.3259115004 0.7853490907 0.3726029680 0.2596279604 0.2112745650 2.7340381017 1.6385540306 0.3697274753 0.8372989660 2.6754659188 0.2822565645 3.8340657007 1.4944590435
0.6788925001 0.3392542146 0.1698657224 0.0000000000 0.8845921419 1.0055154486 0.1820310011 1.1722700946 1.8670086976 0.2503258835 0.2065906329 0.1574405903 2.9901914970 0.4104273778 0.4500949701 0.5601310708 0.3067690349
2.6778524654 1.7949224384 0.3259115004 0.8845921419 0.0000000000 0.7679468019 3.9196509293 0.3626964098 0.9371007877 0.2773453666 2.7731825442 0.1149991636 1.3551518563 0.9239862810 0.1290911053 1.5495739670 1.1812984660
0.6215882480 0.9156434277 0.7853490907 1.0055154486 0.7679468019 0.0000000000 1.0442724978 0.2779469015 0.4319952724 0.2240372835 2.8768097592 0.8975053949 0.1248688595 1.1240366156 1.9532311506 2.5909103547 0.3520610657
0.5758227638 1.7147285343 0.3726029680 0.1820310011 3.9196509293 1.0442724978 0.0000000000 1.2539871711 0.2656075089 0.6638629967 2.3045035199 0.5252494941 1.3128433270 7.7773436922 1.2664321439 0.4473013015 0.4688795254
1.0500875026 1.7984559730 0.2596279604 1.1722700946 0.3626964098 0.2779469015 1.2539871711 0.0000000000 0.3815357192 0.1194540918 0.9573265694 1.7897671977 0.3004983137 1.1136468862 0.5913065434 1.7062056554 0.1768520609
0.0861576246 0.0997685201 0.2112745650 1.8670086976 0.9371007877 0.4319952724 0.2656075089 0.3815357192 0.0000000000 0.4367588372 0.2911767989 0.7929723932 0.7565665443 0.9387668416 1.1547592843 0.9422244334 0.2444610438
1.5851076898 2.3375063601 2.7340381017 0.2503258835 0.2773453666 0.2240372835 0.6638629967 0.1194540918 0.4367588372 0.0000000000 0.1087720296 0.5871469997 1.3245276599 0.7395088989 0.1075494420 0.1405992465 2.0812653478
0.9685367396 0.1639701219 1.6385540306 0.2065906329 2.7731825442 2.8768097592 2.3045035199 0.9573265694 0.2911767989 0.1087720296 0.0000000000 1.1639545944 0.3080416767 2.8027121675 1.5523782698 0.3300317764 0.9015026819
0.4863630154 1.1240272321 0.3697274753 0.1574405903 0.1149991636 0.8975053949 0.5252494941 1.7897671977 0.7929723932 0.5871469997 1.1639545944 0.0000000000 2.9554715664 1.2915998851 0.1309988426 0.7793244914 0.3120257797
1.5258139181 0.8484655094 0.8372989660 2.9901914970 1.3551518563 0.1248688595 1.3128433270 0.3004983137 0.7565665443 1.3245276599 0.3080416767 2.9554715664 0.0000000000 0.2207938583 0.6842608253 1.8063800234 0.3797385394
1.3809334653 0.3348914652 2.6754659188 0.4104273778 0.9239862810 1.1240366156 7.7773436922 1.1136468862 0.9387668416 0.7395088989 2.8027121675 1.2915998851 0.2207938583 0.0000000000 1.6242147192 0.8443849907 0.5259430834
0.2064449602 1.7753524792 0.2822565645 0.4500949701 0.1290911053 1.9532311506 1.2664321439 0.5913065434 1.1547592843 0.1075494420 1.5523782698 0.1309988426 0.6842608253 1.6242147192 0.0000000000 0.0464322375 2.9115447739
3.4573061821 0.6259529993 3.8340657007 0.5601310708 1.5495739670 2.5909103547 0.4473013015 1.7062056554 0.9422244334 0.1405992465 0.3300317764 0.7793244914 1.8063800234 0.8443849907 0.0464322375 0.0000000000 0.1810002340
1.7332560875 0.1200856327 1.4944590435 0.3067690349 1.1812984660 0.3520610657 0.4688795254 0.1768520609 0.2444610438 2.0812653478 0.9015026819 0.3120257797 0.3797385394 0.5259430834 2.9115447739 0.1810002340 0.0000000000
