# MCW Instance
# Type: EXPONENTIAL
# N: 17
# Optimal cost: 1.6913965244667217
# Optimal tour (permutation): [0, 13, 15, 9, 7, 6, 12, 16, 11, 4, 8, 2, 3, 10, 1, 14, 5, 0]
# Optimal walk (full path): [0, 13, 15, 9, 7, 9, 6, 12, 16, 4, 11, 4, 2, 8, 2, 15, 3, 10, 1, 14, 5, 13, 0]
# Walk size: 23
# Is walk (has repeats): true

# Distance Matrix
0.0000000000 2.1029025775 0.8886024716 0.3084829338 0.7054989960 2.0486304775 2.8836287687 2.6283890923 0.3729847306 0.9437264612 0.5545894962 0.8027860525 1.6444363400 0.0521136914 2.0555716996 0.6790414898 0.1211522036
2.1029025775 0.0000000000 0.2223552805 0.4174942944 2.4830877301 1.2225970507 2.3389855297 1.0844921322 0.4481120055 1.0825223553 0.0451775250 0.5550771848 2.0247481973 0.1249648440 0.2357912987 1.3268268667 0.2996724779
0.8886024716 0.2223552805 0.0000000000 0.2827290190 0.0141119077 0.5949066768 0.6999175550 0.5842512563 0.0924954589 0.1889653157 1.4039659048 0.3029454300 0.6085956540 1.2627490260 0.8211796652 0.0521874003 0.5284597121
0.3084829338 0.4174942944 0.2827290190 0.0000000000 0.3807799254 3.1799820418 0.1649734857 0.3021944939 0.5971023476 1.0482306384 0.0044170968 0.3454326181 1.2833981851 0.2309008664 0.6614023068 0.0866425247 2.3255555690
0.7054989960 2.4830877301 0.0141119077 0.3807799254 0.0000000000 0.4038396540 0.3987328645 2.1032767754 1.8476697304 0.7015268846 0.8250682414 0.0619877057 1.4529389011 2.9250392986 0.5170639073 2.2662314305 0.0709780831
2.0486304775 1.2225970507 0.5949066768 3.1799820418 0.4038396540 0.0000000000 1.5059885945 0.3495981902 1.0000415838 0.8702151820 0.4250592404 0.3381074153 1.2184946502 0.0216752276 0.2324292688 0.2842664793 0.3662918214
2.8836287687 2.3389855297 0.6999175550 0.1649734857 0.3987328645 1.5059885945 0.0000000000 0.1910555244 3.3630097951 0.0397548017 1.5974404627 0.2253672713 0.1976103964 0.0678739901 0.6316728730 0.4653203117 1.9678813513
2.6283890923 1.0844921322 0.5842512563 0.3021944939 2.1032767754 0.3495981902 0.1910555244 0.0000000000 0.4546918595 0.0060634174 0.4972993743 1.0538153772 1.2943897928 0.8657374923 0.6922471358 1.0439943672 0.1521098336
0.3729847306 0.4481120055 0.0924954589 0.5971023476 1.8476697304 1.0000415838 3.3630097951 0.4546918595 0.0000000000 1.8926941932 0.5680845559 3.0766021478 0.3449468321 0.4620148395 0.5219897107 0.6850500830 1.0103103266
0.9437264612 1.0825223553 0.1889653157 1.0482306384 0.7015268846 0.8702151820 0.0397548017 0.0060634174 1.8926941932 0.0000000000 1.4868499659 0.3023998251 0.3846969197 0.1306252189 2.0114024290 0.0394597667 0.8555094035
0.5545894962 0.0451775250 1.4039659048 0.0044170968 0.8250682414 0.4250592404 1.5974404627 0.4972993743 0.5680845559 1.4868499659 0.0000000000 0.7032173730 0.2807649816 0.3846191460 1.1207869476 1.2934046926 0.4319881845
0.8027860525 0.5550771848 0.3029454300 0.3454326181 0.0619877057 0.3381074153 0.2253672713 1.0538153772 3.0766021478 0.3023998251 0.7032173730 0.0000000000 1.5951269143 1.0078717502 1.9875650294 2.4585229796 1.3634095816
1.6444363400 2.0247481973 0.6085956540 1.2833981851 1.4529389011 1.2184946502 0.1976103964 1.2943897928 0.3449468321 0.3846969197 0.2807649816 1.5951269143 0.0000000000 0.6460402326 1.1836279906 0.9363589692 0.2197009520
0.0521136914 0.1249648440 1.2627490260 0.2309008664 2.9250392986 0.0216752276 0.0678739901 0.8657374923 0.4620148395 0.1306252189 0.3846191460 1.0078717502 0.6460402326 0.0000000000 0.9539771108 0.0061397281 0.4179055810
2.0555716996 0.2357912987 0.8211796652 0.6614023068 0.5170639073 0.2324292688 0.6316728730 0.6922471358 0.5219897107 2.0114024290 1.1207869476 1.9875650294 1.1836279906 0.9539771108 0.0000000000 2.7421479367 1.0089342034
0.6790414898 1.3268268667 0.0521874003 0.0866425247 2.2662314305 0.2842664793 0.4653203117 1.0439943672 0.6850500830 0.0394597667 1.2934046926 2.4585229796 0.9363589692 0.0061397281 2.7421479367 0.0000000000 0.5393928633
0.1211522036 0.2996724779 0.5284597121 2.3255555690 0.0709780831 0.3662918214 1.9678813513 0.1521098336 1.0103103266 0.8555094035 0.4319881845 1.3634095816 0.2197009520 0.4179055810 1.0089342034 0.5393928633 0.0000000000
