# MCW Instance
# Type: EXPONENTIAL
# N: 17
# Optimal cost: 1.743808029823231
# Optimal tour (permutation): [0, 15, 7, 6, 3, 12, 13, 16, 2, 5, 9, 10, 1, 11, 14, 8, 4, 0]
# Optimal walk (full path): [0, 4, 15, 7, 15, 6, 3, 12, 13, 16, 2, 16, 5, 9, 10, 1, 11, 8, 14, 8, 4, 0]
# Walk size: 22
# Is walk (has repeats): true

# Distance Matrix
0.0000000000 0.4732345279 0.3152200349 0.1603293871 0.1209743919 0.9560449122 2.4208766183 0.9064217289 2.6428315713 2.5534236538 0.3039901900 0.7017319601 0.5267380496 0.9976378781 0.5535556455 0.9935722328 0.7953548616
0.4732345279 0.0000000000 1.1742867777 2.7080627041 1.7881070700 1.5592797589 0.7112137209 0.3893663422 1.3850214165 1.7028855517 0.1237370684 0.0518883844 0.5255422709 0.5321808704 0.5906560603 0.3099376721 0.4607148008
0.3152200349 1.1742867777 0.0000000000 0.9349398771 0.7692764595 0.1880913081 6.2231378674 0.3274822227 1.4863093733 0.6722410331 0.3736709407 0.2405026776 1.9402047395 2.0493302834 0.5175973552 0.9940057848 0.0389264770
0.1603293871 2.7080627041 0.9349398771 0.0000000000 2.2186644117 1.9456753856 0.1418062901 0.4103549234 1.0986653618 1.1803259535 0.0655731628 1.7193222626 0.0253772399 0.4395677160 0.3181208617 1.6071901265 0.8681174778
0.1209743919 1.7881070700 0.7692764595 2.2186644117 0.0000000000 2.8402774046 0.4816582143 1.2394180056 0.0371304488 0.4882280122 1.3726236742 1.5227996021 0.7627890715 0.9414893566 0.5396008617 0.0888651071 2.0619955485
0.9560449122 1.5592797589 0.1880913081 1.9456753856 2.8402774046 0.0000000000 1.1323178074 0.9340022489 0.5497921385 0.0142709945 2.1259086795 0.4096215798 0.9533156395 0.3991812751 0.3120051051 0.1805134482 0.1303380525
2.4208766183 0.7112137209 6.2231378674 0.1418062901 0.4816582143 1.1323178074 0.0000000000 1.2188954208 0.8392435489 0.2133692610 1.0348685046 1.3737201107 0.9775288349 1.4591726225 0.2902602134 0.0168684581 0.5813118439
0.9064217289 0.3893663422 0.3274822227 0.4103549234 1.2394180056 0.9340022489 1.2188954208 0.0000000000 1.2406292224 2.0553939005 0.5651336078 1.1773119773 0.1746821945 0.6148852672 1.2862028918 0.0610858315 0.8556336126
2.6428315713 1.3850214165 1.4863093733 1.0986653618 0.0371304488 0.5497921385 0.8392435489 1.2406292224 0.0000000000 3.4823251438 0.1139611513 0.1132330761 1.7101394668 0.4212860571 0.1355105473 0.6361560292 1.2336128086
2.5534236538 1.7028855517 0.6722410331 1.1803259535 0.4882280122 0.0142709945 0.2133692610 2.0553939005 3.4823251438 0.0000000000 0.0766645925 3.6022883630 0.0271619530 2.0851904917 0.7870861072 0.6041905148 0.4535593924
0.3039901900 0.1237370684 0.3736709407 0.0655731628 1.3726236742 2.1259086795 1.0348685046 0.5651336078 0.1139611513 0.0766645925 0.0000000000 0.3778264877 0.3507398027 0.1900616479 0.3819351237 0.7276757730 0.7436966241
0.7017319601 0.0518883844 0.2405026776 1.7193222626 1.5227996021 0.4096215798 1.3737201107 1.1773119773 0.1132330761 3.6022883630 0.3778264877 0.0000000000 0.5545118231 0.7616714924 1.1037570187 1.0771865390 1.4384039213
0.5267380496 0.5255422709 1.9402047395 0.0253772399 0.7627890715 0.9533156395 0.9775288349 0.1746821945 1.7101394668 0.0271619530 0.3507398027 0.5545118231 0.0000000000 0.0654970671 4.4632017497 0.8718641694 0.2092419526
0.9976378781 0.5321808704 2.0493302834 0.4395677160 0.9414893566 0.3991812751 1.4591726225 0.6148852672 0.4212860571 2.0851904917 0.1900616479 0.7616714924 0.0654970671 0.0000000000 1.3251321021 2.5886420269 0.1451367547
0.5535556455 0.5906560603 0.5175973552 0.3181208617 0.5396008617 0.3120051051 0.2902602134 1.2862028918 0.1355105473 0.7870861072 0.3819351237 1.1037570187 4.4632017497 1.3251321021 0.0000000000 0.6231321388 0.9731488899
0.9935722328 0.3099376721 0.9940057848 1.6071901265 0.0888651071 0.1805134482 0.0168684581 0.0610858315 0.6361560292 0.6041905148 0.7276757730 1.0771865390 0.8718641694 2.5886420269 0.6231321388 0.0000000000 0.8658892312
0.7953548616 0.4607148008 0.0389264770 0.8681174778 2.0619955485 0.1303380525 0.5813118439 0.8556336126 1.2336128086 0.4535593924 0.7436966241 1.4384039213 0.2092419526 0.1451367547 0.9731488899 0.8658892312 0.0000000000
