# MCW Instance
# Type: EXPONENTIAL
# N: 17
# Optimal cost: 1.6408753545944819
# Optimal tour (permutation): [0, 3, 14, 6, 7, 16, 12, 9, 8, 2, 11, 10, 4, 5, 13, 15, 1, 0]
# Optimal walk (full path): [0, 3, 14, 6, 7, 16, 12, 9, 8, 9, 2, 11, 10, 4, 5, 13, 1, 15, 1, 0]
# Walk size: 20
# Is walk (has repeats): true

# Distance Matrix
0.0000000000 0.0587788782 0.2730247169 0.0532941686 0.3037081150 0.1261386801 0.5294502475 0.2467178468 0.2463334694 0.3600179955 0.9787397537 1.8070331342 0.8301004520 0.3896349252 0.3233803106 0.6396245703 3.4776571395
0.0587788782 0.0000000000 0.5526594268 1.5757746277 2.0150184438 1.2889251158 1.0924060146 0.6096252593 1.0630223858 0.1577962608 4.5518732347 0.4888025599 0.0749024257 0.0305357993 2.1221342991 0.0085767113 1.9839690873
0.2730247169 0.5526594268 0.0000000000 0.9061875022 0.8698294972 0.1980764130 1.0181459545 0.9078592852 3.2974108748 0.0466845146 0.2884053918 0.0548562540 2.2001421957 0.9184652893 0.3286583763 0.4690033168 0.7713114728
0.0532941686 1.5757746277 0.9061875022 0.0000000000 2.1317992463 1.0658272134 0.6072195701 0.7331519371 1.1734927522 0.7132341658 1.2979029629 1.5387218271 1.4791543513 1.8178802141 0.0180708568 0.2833765065 0.4750624699
0.3037081150 2.0150184438 0.8698294972 2.1317992463 0.0000000000 0.2276251345 0.7417786291 1.4677214169 0.3011190835 1.3727294367 0.1558596331 1.1559848604 0.2277828257 4.1409077316 2.7951501441 0.2978292969 0.4631565832
0.1261386801 1.2889251158 0.1980764130 1.0658272134 0.2276251345 0.0000000000 0.6423616079 0.6425938969 0.9166382851 2.0283160922 0.2456135735 0.5046777995 0.4907940106 0.1874227126 1.6130151582 1.0400948367 0.4002881380
0.5294502475 1.0924060146 1.0181459545 0.6072195701 0.7417786291 0.6423616079 0.0000000000 0.2713305228 1.0618886810 0.4364854595 1.5113805475 0.5762776941 0.6951343209 0.8952329023 0.0452089376 1.1328780778 5.5276247771
0.2467178468 0.6096252593 0.9078592852 0.7331519371 1.4677214169 0.6425938969 0.2713305228 0.0000000000 2.0129241527 2.6770495220 0.5921171540 1.6701833055 0.5336123854 1.6594804100 1.9437168608 2.7141823772 0.1304713093
0.2463334694 1.0630223858 3.2974108748 1.1734927522 0.3011190835 0.9166382851 1.0618886810 2.0129241527 0.0000000000 0.0098616579 0.1357879165 1.3055077634 0.2082382745 1.1583693435 0.4845807201 0.5628823784 0.4936161939
0.3600179955 0.1577962608 0.0466845146 0.7132341658 1.3727294367 2.0283160922 0.4364854595 2.6770495220 0.0098616579 0.0000000000 0.4646702917 0.0994067341 0.0404368174 0.2658650157 0.3917120012 2.5565877380 0.3450267124
0.9787397537 4.5518732347 0.2884053918 1.2979029629 0.1558596331 0.2456135735 1.5113805475 0.5921171540 0.1357879165 0.4646702917 0.0000000000 0.0707603417 0.5432932306 0.3755393844 0.2890737290 1.1328970195 1.5679647224
1.8070331342 0.4888025599 0.0548562540 1.5387218271 1.1559848604 0.5046777995 0.5762776941 1.6701833055 1.3055077634 0.0994067341 0.0707603417 0.0000000000 1.0459056579 0.3660052635 1.5501811872 1.0136944289 0.4868362956
0.8301004520 0.0749024257 2.2001421957 1.4791543513 0.2277828257 0.4907940106 0.6951343209 0.5336123854 0.2082382745 0.0404368174 0.5432932306 1.0459056579 0.0000000000 1.7500784545 0.4857823506 0.9036752946 0.2126627357
0.3896349252 0.0305357993 0.9184652893 1.8178802141 4.1409077316 0.1874227126 0.8952329023 1.6594804100 1.1583693435 0.2658650157 0.3755393844 0.3660052635 1.7500784545 0.0000000000 0.6774563289 1.3491587092 2.3813921518
0.3233803106 2.1221342991 0.3286583763 0.0180708568 2.7951501441 1.6130151582 0.0452089376 1.9437168608 0.4845807201 0.3917120012 0.2890737290 1.5501811872 0.4857823506 0.6774563289 0.0000000000 1.3229494873 0.4885898570
0.6396245703 0.0085767113 0.4690033168 0.2833765065 0.2978292969 1.0400948367 1.1328780778 2.7141823772 0.5628823784 2.5565877380 1.1328970195 1.0136944289 0.9036752946 1.3491587092 1.3229494873 0.0000000000 0.8107748312
3.4776571395 1.9839690873 0.7713114728 0.4750624699 0.4631565832 0.4002881380 5.5276247771 0.1304713093 0.4936161939 0.3450267124 1.5679647224 0.4868362956 0.2126627357 2.3813921518 0.4885898570 0.8107748312 0.0000000000
