# MCW Instance
# Type: EXPONENTIAL
# N: 17
# Optimal cost: 1.2258883962325362
# Optimal tour (permutation): [0, 11, 9, 14, 3, 6, 5, 13, 12, 1, 15, 10, 16, 7, 2, 4, 8, 0]
# Optimal walk (full path): [0, 9, 11, 9, 0, 14, 3, 13, 5, 6, 5, 13, 12, 1, 15, 10, 16, 7, 2, 4, 8, 0]
# Walk size: 22
# Is walk (has repeats): true

# Distance Matrix
0.0000000000 0.5311693501 2.0692108373 0.1497884734 0.3083824297 1.3079908519 1.4253890387 0.5603705670 0.0318932579 0.0562122436 3.0965776194 1.0256714792 0.2054225863 0.1584882668 0.0890507272 0.3955958858 1.7538425535
0.5311693501 0.0000000000 0.1097225021 0.1311714922 4.7068700365 0.6685362459 4.1230922798 1.2586444620 0.7854761666 0.8367745655 0.2297231574 2.4274925922 0.0172730874 1.0796586502 0.9020782479 0.0368991248 0.3701649413
2.0692108373 0.1097225021 0.0000000000 0.9010344931 0.0559648073 0.2446596988 0.9617367013 0.0957298654 1.4004403143 1.6011820339 0.4669197457 1.0469165109 0.5209136608 1.1559040289 3.2777291528 0.4719279766 1.2050748063
0.1497884734 0.1311714922 0.9010344931 0.0000000000 0.6466432212 0.2898160460 0.3137668437 0.1871788981 0.1004361162 2.8276126237 0.9991613675 1.8739467725 0.7354590659 0.0817383829 0.1354227757 1.7382601352 0.1219455729
0.3083824297 4.7068700365 0.0559648073 0.6466432212 0.0000000000 1.0356680055 0.2914142474 0.6991440690 0.0213602315 3.6171542014 2.0791984028 0.9170663748 0.0551083077 2.4624479731 1.6284279582 0.2494610635 0.7466715562
1.3079908519 0.6685362459 0.2446596988 0.2898160460 1.0356680055 0.0000000000 0.0915101879 0.3893211806 0.2122338663 0.6996716445 0.2708088134 4.4274454774 0.8997210891 0.0285181838 1.3483089507 5.2938303293 2.6154371405
1.4253890387 4.1230922798 0.9617367013 0.3137668437 0.2914142474 0.0915101879 0.0000000000 3.9972582475 0.7594322327 2.1597280309 0.9645651632 0.4559609205 0.3571780126 0.5220022313 1.0695192027 3.4322375612 0.9387536196
0.5603705670 1.2586444620 0.0957298654 0.1871788981 0.6991440690 0.3893211806 3.9972582475 0.0000000000 2.2497443676 3.5050879206 0.7961551620 1.2972942013 0.9290437966 1.6452644776 3.0531128162 0.4030875352 0.0924992615
0.0318932579 0.7854761666 1.4004403143 0.1004361162 0.0213602315 0.2122338663 0.7594322327 2.2497443676 0.0000000000 1.4610776824 1.4027915601 2.6391347830 1.6411382471 0.4064032284 0.4915343286 1.4955683617 2.2601285976
0.0562122436 0.8367745655 1.6011820339 2.8276126237 3.6171542014 0.6996716445 2.1597280309 3.5050879206 1.4610776824 0.0000000000 1.2389101498 0.0064367620 0.4352004601 0.2068409838 0.7961907383 1.0732565294 2.4283101974
3.0965776194 0.2297231574 0.4669197457 0.9991613675 2.0791984028 0.2708088134 0.9645651632 0.7961551620 1.4027915601 1.2389101498 0.0000000000 0.3987934320 1.0422016757 1.5574210328 0.6181543398 0.1618503181 0.0361735381
1.0256714792 2.4274925922 1.0469165109 1.8739467725 0.9170663748 4.4274454774 0.4559609205 1.2972942013 2.6391347830 0.0064367620 0.3987934320 0.0000000000 0.6067002765 0.9215236509 0.2004520252 3.1718525653 0.0979653989
0.2054225863 0.0172730874 0.5209136608 0.7354590659 0.0551083077 0.8997210891 0.3571780126 0.9290437966 1.6411382471 0.4352004601 1.0422016757 0.6067002765 0.0000000000 0.0046782639 0.9868451061 0.1415607612 0.2097427189
0.1584882668 1.0796586502 1.1559040289 0.0817383829 2.4624479731 0.0285181838 0.5220022313 1.6452644776 0.4064032284 0.2068409838 1.5574210328 0.9215236509 0.0046782639 0.0000000000 2.9123386575 2.2457037576 0.3869200527
0.0890507272 0.9020782479 3.2777291528 0.1354227757 1.6284279582 1.3483089507 1.0695192027 3.0531128162 0.4915343286 0.7961907383 0.6181543398 0.2004520252 0.9868451061 2.9123386575 0.0000000000 1.0657247980 0.3008302438
0.3955958858 0.0368991248 0.4719279766 1.7382601352 0.2494610635 5.2938303293 3.4322375612 0.4030875352 1.4955683617 1.0732565294 0.1618503181 3.1718525653 0.1415607612 2.2457037576 1.0657247980 0.0000000000 0.2812982681
1.7538425535 0.3701649413 1.2050748063 0.1219455729 0.7466715562 2.6154371405 0.9387536196 0.0924992615 2.2601285976 2.4283101974 0.0361735381 0.0979653989 0.2097427189 0.3869200527 0.3008302438 0.2812982681 0.0000000000
