# MCW Instance
# Type: EXPONENTIAL
# N: 17
# Optimal cost: 2.1904913455189066
# Optimal tour (permutation): [0, 11, 6, 10, 14, 15, 4, 8, 1, 3, 2, 9, 16, 7, 13, 12, 5, 0]
# Optimal walk (full path): [0, 11, 6, 10, 14, 15, 4, 8, 1, 2, 3, 2, 9, 7, 16, 7, 9, 13, 12, 13, 5, 0]
# Walk size: 22
# Is walk (has repeats): true

# Distance Matrix
0.0000000000 0.3000155262 1.3522565051 0.4553192060 1.9456937463 0.0799685358 0.6925556426 1.5277263885 1.1791843883 0.2069054567 0.5156699658 0.0845897791 1.7068117908 0.2810323290 0.4406624901 0.9429641173 0.5116295638
0.3000155262 0.0000000000 0.0805657543 0.1669254509 1.6897697421 0.7413293589 0.4869216957 0.8094909656 0.1280807783 2.1520792265 0.7484369041 3.0186551248 2.0145405447 0.1492465969 2.3449752084 0.7483232909 0.2888596786
1.3522565051 0.0805657543 0.0000000000 0.0162123184 2.2853272321 0.0925405271 2.1424263450 0.5624071723 0.6418782589 0.0190120263 0.7797223168 0.7598654797 0.8000806033 0.1504715658 2.8581775083 1.8213752065 4.8125392522
0.4553192060 0.1669254509 0.0162123184 0.0000000000 0.9493388096 1.8298588516 0.3785300070 0.8726160045 0.5119816294 0.8897624419 0.8836257549 1.1873550865 0.2403187282 0.4861825003 0.2485665703 0.5655629567 0.3983117168
1.9456937463 1.6897697421 2.2853272321 0.9493388096 0.0000000000 1.2812697303 0.5036291227 2.2959516673 0.1382333749 0.3621383608 0.1379091764 2.8455927172 1.3301645713 0.7217345256 0.9456091386 0.0981382212 0.9893286280
0.0799685358 0.7413293589 0.0925405271 1.8298588516 1.2812697303 0.0000000000 1.5953135220 0.1905517253 1.2824474545 1.3477020875 1.4114576378 1.7317368310 0.4362518978 0.1043883783 0.8239847842 0.3896727855 2.5739540239
0.6925556426 0.4869216957 2.1424263450 0.3785300070 0.5036291227 1.5953135220 0.0000000000 1.3060978614 0.3545383188 0.3252966329 0.3634373399 0.2120453418 0.2523381566 1.4735770388 1.4055172819 1.8022617579 0.6729373672
1.5277263885 0.8094909656 0.5624071723 0.8726160045 2.2959516673 0.1905517253 1.3060978614 0.0000000000 1.0989133990 0.1067187384 0.8349492663 1.7467658760 1.7271349065 0.4380634245 1.1489792822 1.5182559863 0.0985283011
1.1791843883 0.1280807783 0.6418782589 0.5119816294 0.1382333749 1.2824474545 0.3545383188 1.0989133990 0.0000000000 0.1597299211 0.1522652074 1.0544950542 0.2366492642 1.9546028457 0.5276860069 2.3024137068 0.3482677735
0.2069054567 2.1520792265 0.0190120263 0.8897624419 0.3621383608 1.3477020875 0.3252966329 0.1067187384 0.1597299211 0.0000000000 0.7637029015 2.9780053447 2.4730991357 0.0492292342 1.4114406311 0.2376695512 0.3014728095
0.5156699658 0.7484369041 0.7797223168 0.8836257549 0.1379091764 1.4114576378 0.3634373399 0.8349492663 0.1522652074 0.7637029015 0.0000000000 0.5458759537 0.5242937217 5.5796329796 0.1217758478 1.8306486651 2.2641769807
0.0845897791 3.0186551248 0.7598654797 1.1873550865 2.8455927172 1.7317368310 0.2120453418 1.7467658760 1.0544950542 2.9780053447 0.5458759537 0.0000000000 2.5113054845 0.7145246575 3.3297197515 1.4082439518 1.3776945892
1.7068117908 2.0145405447 0.8000806033 0.2403187282 1.3301645713 0.4362518978 0.2523381566 1.7271349065 0.2366492642 2.4730991357 0.5242937217 2.5113054845 0.0000000000 0.0711831518 0.3039295892 1.2886373195 0.4479397177
0.2810323290 0.1492465969 0.1504715658 0.4861825003 0.7217345256 0.1043883783 1.4735770388 0.4380634245 1.9546028457 0.0492292342 5.5796329796 0.7145246575 0.0711831518 0.0000000000 0.4918065459 0.9734694664 0.3761860452
0.4406624901 2.3449752084 2.8581775083 0.2485665703 0.9456091386 0.8239847842 1.4055172819 1.1489792822 0.5276860069 1.4114406311 0.1217758478 3.3297197515 0.3039295892 0.4918065459 0.0000000000 0.1257417141 2.7985293936
0.9429641173 0.7483232909 1.8213752065 0.5655629567 0.0981382212 0.3896727855 1.8022617579 1.5182559863 2.3024137068 0.2376695512 1.8306486651 1.4082439518 1.2886373195 0.9734694664 0.1257417141 0.0000000000 1.0244241885
0.5116295638 0.2888596786 4.8125392522 0.3983117168 0.9893286280 2.5739540239 0.6729373672 0.0985283011 0.3482677735 0.3014728095 2.2641769807 1.3776945892 0.4479397177 0.3761860452 2.7985293936 1.0244241885 0.0000000000
