# MCW Instance
# Type: EXPONENTIAL
# N: 17
# Optimal cost: 1.7676158440361336
# Optimal tour (permutation): [0, 7, 8, 10, 13, 3, 12, 2, 16, 1, 15, 6, 5, 14, 9, 11, 4, 0]
# Optimal walk (full path): [0, 7, 8, 10, 13, 3, 12, 2, 16, 1, 16, 6, 15, 6, 5, 6, 14, 9, 14, 11, 4, 0]
# Walk size: 22
# Is walk (has repeats): true

# Distance Matrix
0.0000000000 1.3699451181 0.3781539052 0.6691755654 0.0814478608 1.3534775634 0.0507331237 0.0444888905 2.1320941864 0.3833038471 0.3067762867 0.2100667758 1.0296622156 2.1870132451 1.9914118482 1.0443543870 0.0974966271
1.3699451181 0.0000000000 1.8780449575 0.9567818630 0.6221484411 1.6974231677 4.1761930396 0.3508302613 2.8541242833 1.5365467802 0.4247347225 0.4184535442 0.7308668609 0.4748691967 4.3233129380 3.2700239624 0.0377859224
0.3781539052 1.8780449575 0.0000000000 1.4185666132 0.4995817918 3.1539035878 1.9061818811 2.3520340133 7.4526514662 0.5132684282 1.4457973397 0.1712650833 0.1582494747 1.2449022286 0.3515492161 0.9892982942 0.0382695315
0.6691755654 0.9567818630 1.4185666132 0.0000000000 0.8740666087 3.6398028669 0.5779463248 1.3023162915 1.2233374771 0.4153532955 0.3918645508 3.0380811534 0.2317637397 0.1831945193 1.5280890714 1.0223099967 0.2760070635
0.0814478608 0.6221484411 0.4995817918 0.8740666087 0.0000000000 2.4769455197 0.9847578259 0.3707433057 0.2903468287 1.7467892997 0.6200005854 0.1252391380 4.0587736371 0.1735493249 0.4884024969 0.3029542916 0.5982982134
1.3534775634 1.6974231677 3.1539035878 3.6398028669 2.4769455197 0.0000000000 0.0177608146 2.4525981895 0.8726641139 1.3344404434 1.8087249769 3.2488567813 1.1490475187 1.0162980695 0.1575606340 0.7475391044 0.9296729869
0.0507331237 4.1761930396 1.9061818811 0.5779463248 0.9847578259 0.0177608146 0.0000000000 2.5218091850 0.5569862140 0.8161760875 0.1356537392 0.1882027336 2.5580752868 0.4876725671 0.0433203665 0.0318546034 0.0875880343
0.0444888905 0.3508302613 2.3520340133 1.3023162915 0.3707433057 2.4525981895 2.5218091850 0.0000000000 0.0126553160 0.4534554418 1.8858302336 2.5970652385 0.6813660209 0.2818684731 1.1974425859 2.7015139616 1.0040278234
2.1320941864 2.8541242833 7.4526514662 1.2233374771 0.2903468287 0.8726641139 0.5569862140 0.0126553160 0.0000000000 0.8230097697 0.0273261568 0.4000623240 0.2321924237 0.7299610787 0.1094479388 0.5943397216 4.3970438841
0.3833038471 1.5365467802 0.5132684282 0.4153532955 1.7467892997 1.3344404434 0.8161760875 0.4534554418 0.8230097697 0.0000000000 0.4470817958 2.1722562826 1.0919609969 2.3193232219 0.2457644991 2.0745378361 2.0082817936
0.3067762867 0.4247347225 1.4457973397 0.3918645508 0.6200005854 1.8087249769 0.1356537392 1.8858302336 0.0273261568 0.4470817958 0.0000000000 1.4186443972 0.5526087766 0.0136483622 1.1775647025 0.1268012161 0.1902363064
0.2100667758 0.4184535442 0.1712650833 3.0380811534 0.1252391380 3.2488567813 0.1882027336 2.5970652385 0.4000623240 2.1722562826 1.4186443972 0.0000000000 1.3210612177 1.9992146020 0.0540927746 0.2249800981 1.4614191158
1.0296622156 0.7308668609 0.1582494747 0.2317637397 4.0587736371 1.1490475187 2.5580752868 0.6813660209 0.2321924237 1.0919609969 0.5526087766 1.3210612177 0.0000000000 1.4118285127 1.1901166182 0.3825374560 0.6751645011
2.1870132451 0.4748691967 1.2449022286 0.1831945193 0.1735493249 1.0162980695 0.4876725671 0.2818684731 0.7299610787 2.3193232219 0.0136483622 1.9992146020 1.4118285127 0.0000000000 4.0244199605 1.5775663043 3.4253226125
1.9914118482 4.3233129380 0.3515492161 1.5280890714 0.4884024969 0.1575606340 0.0433203665 1.1974425859 0.1094479388 0.2457644991 1.1775647025 0.0540927746 1.1901166182 4.0244199605 0.0000000000 0.1099752066 0.2221438430
1.0443543870 3.2700239624 0.9892982942 1.0223099967 0.3029542916 0.7475391044 0.0318546034 2.7015139616 0.5943397216 2.0745378361 0.1268012161 0.2249800981 0.3825374560 1.5775663043 0.1099752066 0.0000000000 0.9941796334
0.0974966271 0.0377859224 0.0382695315 0.2760070635 0.5982982134 0.9296729869 0.0875880343 1.0040278234 4.3970438841 2.0082817936 0.1902363064 1.4614191158 0.6751645011 3.4253226125 0.2221438430 0.9941796334 0.0000000000
