# MCW Instance
# Type: EXPONENTIAL
# N: 17
# Optimal cost: 1.5789281006037315
# Optimal tour (permutation): [0, 15, 7, 3, 16, 13, 11, 10, 14, 4, 1, 5, 6, 9, 8, 2, 12, 0]
# Optimal walk (full path): [0, 15, 7, 3, 7, 16, 13, 11, 13, 10, 13, 14, 1, 4, 1, 14, 5, 6, 9, 8, 9, 2, 12, 0]
# Walk size: 24
# Is walk (has repeats): true

# Distance Matrix
0.0000000000 1.1735996246 0.3664349959 0.3016099979 1.5127810450 0.5916103944 0.6499803777 0.2283604215 1.5210910494 1.5208869367 1.6256438466 1.7467381539 0.0521924923 0.2834388992 0.5577365108 0.1921527683 1.0221815764
1.1735996246 0.0000000000 0.4014836334 0.7823136414 0.0588538544 0.2033257386 0.3559640868 1.0939306223 2.9923477280 5.8898894867 0.1498109075 0.4068351161 0.7194469592 0.5519041379 0.0128252279 0.2848983188 1.2710446168
0.3664349959 0.4014836334 0.0000000000 0.3984107535 0.5712801123 0.6630376456 1.1212943752 0.1535901096 2.6124695882 0.1373971284 0.7399194728 2.8601430101 0.2919575527 0.3640426594 0.6190694704 0.9633047260 0.6699677711
0.3016099979 0.7823136414 0.3984107535 0.0000000000 0.4671635555 1.3780335562 0.3566877710 0.0361918045 1.4346560949 1.5615002624 2.1394264056 0.5849256596 1.3751000242 1.8474920931 1.0313163185 0.3655777669 0.3217079586
1.5127810450 0.0588538544 0.5712801123 0.4671635555 0.0000000000 0.8451836481 1.1458477138 1.6815248389 1.5629835970 1.4725600124 0.1414837205 0.7198769976 2.5290307240 1.7015782575 2.2323492254 1.1874669098 1.4650600795
0.5916103944 0.2033257386 0.6630376456 1.3780335562 0.8451836481 0.0000000000 0.0025174303 2.4900125315 0.4905037100 0.7637472592 1.5031705569 2.7200357085 0.3940833153 0.1341213805 0.0701090930 1.9368482284 0.5404423579
0.6499803777 0.3559640868 1.1212943752 0.3566877710 1.1458477138 0.0025174303 0.0000000000 0.6561323713 0.2641175267 0.0133601902 0.1916622011 0.3746388206 3.2859314481 1.6064320003 0.3320679602 0.0875960826 0.4956031586
0.2283604215 1.0939306223 0.1535901096 0.0361918045 1.6815248389 2.4900125315 0.6561323713 0.0000000000 0.2983728638 0.0008417031 0.1422919748 2.8710145182 1.0512708732 0.4305725521 3.5067783513 0.0320504528 0.0598066379
1.5210910494 2.9923477280 2.6124695882 1.4346560949 1.5629835970 0.4905037100 0.2641175267 0.2983728638 0.0000000000 0.1284992973 3.4782146321 0.6757458438 0.9948173251 0.8578482132 1.8427405096 1.6062706234 0.1990442729
1.5208869367 5.8898894867 0.1373971284 1.5615002624 1.4725600124 0.7637472592 0.0133601902 0.0008417031 0.1284992973 0.0000000000 0.4225819036 0.7595620325 0.6630905402 0.5897447783 0.5345114895 0.5436705148 1.7345162995
1.6256438466 0.1498109075 0.7399194728 2.1394264056 0.1414837205 1.5031705569 0.1916622011 0.1422919748 3.4782146321 0.4225819036 0.0000000000 0.6443391783 0.3804366900 0.0016320188 1.9976922039 0.3559995557 0.8537622171
1.7467381539 0.4068351161 2.8601430101 0.5849256596 0.7198769976 2.7200357085 0.3746388206 2.8710145182 0.6757458438 0.7595620325 0.6443391783 0.0000000000 0.8351946632 0.0652854570 0.2696900465 0.2471413692 1.1885785428
0.0521924923 0.7194469592 0.2919575527 1.3751000242 2.5290307240 0.3940833153 3.2859314481 1.0512708732 0.9948173251 0.6630905402 0.3804366900 0.8351946632 0.0000000000 0.3920163986 2.7344661223 1.3211305014 1.8575039104
0.2834388992 0.5519041379 0.3640426594 1.8474920931 1.7015782575 0.1341213805 1.6064320003 0.4305725521 0.8578482132 0.5897447783 0.0016320188 0.0652854570 0.3920163986 0.0000000000 0.0429659295 0.7768717211 0.0778431051
0.5577365108 0.0128252279 0.6190694704 1.0313163185 2.2323492254 0.0701090930 0.3320679602 3.5067783513 1.8427405096 0.5345114895 1.9976922039 0.2696900465 2.7344661223 0.0429659295 0.0000000000 1.0225570236 1.6993766593
0.1921527683 0.2848983188 0.9633047260 0.3655777669 1.1874669098 1.9368482284 0.0875960826 0.0320504528 1.6062706234 0.5436705148 0.3559995557 0.2471413692 1.3211305014 0.7768717211 1.0225570236 0.0000000000 0.1670139431
1.0221815764 1.2710446168 0.6699677711 0.3217079586 1.4650600795 0.5404423579 0.4956031586 0.0598066379 0.1990442729 1.7345162995 0.8537622171 1.1885785428 1.8575039104 0.0778431051 1.6993766593 0.1670139431 0.0000000000
