# MCW Instance
# Type: EXPONENTIAL
# N: 17
# Optimal cost: 1.5405346373105806
# Optimal tour (permutation): [0, 15, 10, 6, 8, 12, 4, 5, 13, 11, 1, 9, 16, 7, 3, 14, 2, 0]
# Optimal walk (full path): [0, 15, 10, 6, 8, 12, 8, 4, 13, 5, 13, 9, 11, 1, 11, 9, 16, 7, 3, 14, 0, 2, 0]
# Walk size: 23
# Is walk (has repeats): true

# Distance Matrix
0.0000000000 2.0875463288 0.0073581299 0.6663027684 2.8684329562 0.5503606235 1.5441733229 1.4585537521 0.0432309450 0.2181822063 1.8106689995 0.6290895002 1.7059164510 1.7217091040 0.0515294973 0.0245732826 1.0492374491
2.0875463288 0.0000000000 1.4994492358 1.3181621347 0.1640885406 2.3671060309 0.1326069050 0.7514357959 1.4774790450 0.0644148113 0.1628523131 0.0437969848 1.0328746210 0.3659356688 1.6239581586 1.1523723268 0.7824575617
0.0073581299 1.4994492358 0.0000000000 0.2893423023 0.6563585901 0.5418825647 0.0651139047 1.0334113691 1.1842593626 1.6191648936 0.0841481423 0.3496557489 0.4056864951 2.0303580087 1.0572664976 1.5690457953 1.7830185443
0.6663027684 1.3181621347 0.2893423023 0.0000000000 0.2155798676 1.1222234877 3.2012309766 0.3048294983 1.3115364851 2.6012963335 0.5643200210 0.7547099533 1.7126489433 0.2578521056 0.1623371549 0.1580056161 0.1187479523
2.8684329562 0.1640885406 0.6563585901 0.2155798676 0.0000000000 0.3719080364 0.0920454828 1.3762950713 0.0095543260 1.0785230835 5.3959751766 0.5239702841 0.9947005972 0.0211250949 0.7183830543 0.0279932468 0.2668168069
0.5503606235 2.3671060309 0.5418825647 1.1222234877 0.3719080364 0.0000000000 0.6804947089 0.8262095146 0.8018205528 0.7130232369 0.1355008313 0.7794157235 0.7746497071 0.1167911389 1.2458087797 0.6066831963 1.0779820539
1.5441733229 0.1326069050 0.0651139047 3.2012309766 0.0920454828 0.6804947089 0.0000000000 0.4420128407 0.0456039136 1.6836574259 0.0106260623 0.0882467169 0.2876061598 1.6456889990 1.4714328262 0.1952052476 2.5503433075
1.4585537521 0.7514357959 1.0334113691 0.3048294983 1.3762950713 0.8262095146 0.4420128407 0.0000000000 3.8062259698 0.8898281481 0.6692272373 1.2120234844 0.5410596310 0.3428183862 0.5974665495 1.0155527446 0.2914278954
0.0432309450 1.4774790450 1.1842593626 1.3115364851 0.0095543260 0.8018205528 0.0456039136 3.8062259698 0.0000000000 2.4279961582 2.3097706769 0.1166413909 0.0344069353 1.9349569563 0.4018418341 0.4978218779 0.6873216992
0.2181822063 0.0644148113 1.6191648936 2.6012963335 1.0785230835 0.7130232369 1.6836574259 0.8898281481 2.4279961582 0.0000000000 2.5293074291 0.0200372405 2.4066171384 0.0354868655 0.3578159739 0.3526426281 0.1133159311
1.8106689995 0.1628523131 0.0841481423 0.5643200210 5.3959751766 0.1355008313 0.0106260623 0.6692272373 2.3097706769 2.5293074291 0.0000000000 0.1499996163 0.2361748413 0.6354902029 0.5168277624 0.0253442567 1.0336978145
0.6290895002 0.0437969848 0.3496557489 0.7547099533 0.5239702841 0.7794157235 0.0882467169 1.2120234844 0.1166413909 0.0200372405 0.1499996163 0.0000000000 1.5960940374 0.1191927887 0.9549498069 2.9047074119 0.2905346310
1.7059164510 1.0328746210 0.4056864951 1.7126489433 0.9947005972 0.7746497071 0.2876061598 0.5410596310 0.0344069353 2.4066171384 0.2361748413 1.5960940374 0.0000000000 0.4168118018 0.0868600128 0.2907356912 1.3061715636
1.7217091040 0.3659356688 2.0303580087 0.2578521056 0.0211250949 0.1167911389 1.6456889990 0.3428183862 1.9349569563 0.0354868655 0.6354902029 0.1191927887 0.4168118018 0.0000000000 1.8150173039 0.2031977161 0.9719702323
0.0515294973 1.6239581586 1.0572664976 0.1623371549 0.7183830543 1.2458087797 1.4714328262 0.5974665495 0.4018418341 0.3578159739 0.5168277624 0.9549498069 0.0868600128 1.8150173039 0.0000000000 1.4422417862 0.6234514905
0.0245732826 1.1523723268 1.5690457953 0.1580056161 0.0279932468 0.6066831963 0.1952052476 1.0155527446 0.4978218779 0.3526426281 0.0253442567 2.9047074119 0.2907356912 0.2031977161 1.4422417862 0.0000000000 1.1315725297
1.0492374491 0.7824575617 1.7830185443 0.1187479523 0.2668168069 1.0779820539 2.5503433075 0.2914278954 0.6873216992 0.1133159311 1.0336978145 0.2905346310 1.3061715636 0.9719702323 0.6234514905 1.1315725297 0.0000000000
