# MCW Instance
# Type: EXPONENTIAL
# N: 17
# Optimal cost: 1.3869715549489499
# Optimal tour (permutation): [0, 8, 11, 4, 7, 6, 2, 15, 12, 13, 3, 9, 14, 10, 16, 5, 1, 0]
# Optimal walk (full path): [0, 8, 11, 4, 11, 7, 6, 2, 15, 12, 13, 3, 9, 14, 10, 5, 16, 5, 1, 0]
# Walk size: 20
# Is walk (has repeats): true

# Distance Matrix
0.0000000000 0.1029564306 0.4350756426 0.6434404051 0.9278562421 1.2968047833 0.8333569958 0.9447850564 0.0926050562 0.6737672079 0.7388472630 1.3974260950 0.1791832977 0.3038352543 0.9670896528 0.6335709340 1.2436279144
0.1029564306 0.0000000000 2.6080632389 0.9804320056 0.8352663772 0.0580744576 0.5943464863 2.5933139252 0.8091587881 1.9427562033 0.9475895473 2.5321544715 2.6259354673 0.9830426626 0.9531551275 1.4097635907 1.3688712427
0.4350756426 2.6080632389 0.0000000000 0.5676737663 0.5141873245 1.1120870462 0.0261208836 0.3454271957 0.1854800281 0.4187147012 1.1684414061 0.2696011914 1.1690007277 1.2767237177 0.4668521490 0.1161367022 0.2611239430
0.6434404051 0.9804320056 0.5676737663 0.0000000000 0.0544171027 0.2781971393 1.0507580610 1.0374644319 2.7652710868 0.0494181333 0.7723977094 2.0079477731 0.7589119690 0.0615391907 1.1711061660 0.5101600668 0.3024472326
0.9278562421 0.8352663772 0.5141873245 0.0544171027 0.0000000000 0.2178162119 0.2750301438 1.1313304810 1.0989942465 0.9244531618 0.3889556008 0.0068888828 0.4770808365 0.2113559736 3.7222153012 1.1446784255 0.7403723773
1.2968047833 0.0580744576 1.1120870462 0.2781971393 0.2178162119 0.0000000000 0.1367824158 0.2998694540 0.3679003302 0.3059088935 0.1385896364 2.3304043946 1.3027867944 0.9590327489 0.5251019248 1.0876295199 0.0207451047
0.8333569958 0.5943464863 0.0261208836 1.0507580610 0.2750301438 0.1367824158 0.0000000000 0.0878975878 0.8183198412 1.9636464083 2.5098682386 0.1730708494 0.2962349813 0.6095797712 1.0993461767 0.2938571795 0.9136583824
0.9447850564 2.5933139252 0.3454271957 1.0374644319 1.1313304810 0.2998694540 0.0878975878 0.0000000000 0.5777662072 1.3931440763 0.1613592864 0.1102610935 0.1946882129 0.1978107024 0.9330122500 2.0769403113 2.5306550152
0.0926050562 0.8091587881 0.1854800281 2.7652710868 1.0989942465 0.3679003302 0.8183198412 0.5777662072 0.0000000000 3.3753844970 0.5906924676 0.2211988389 0.8413955165 0.3376761077 3.0365409613 2.4474450835 0.4818256897
0.6737672079 1.9427562033 0.4187147012 0.0494181333 0.9244531618 0.3059088935 1.9636464083 1.3931440763 3.3753844970 0.0000000000 0.3621165075 0.2195330277 0.1976066569 0.4368132438 0.0239115544 0.7651374417 2.5269243439
0.7388472630 0.9475895473 1.1684414061 0.7723977094 0.3889556008 0.1385896364 2.5098682386 0.1613592864 0.5906924676 0.3621165075 0.0000000000 0.8068307821 1.1101316389 0.2896750394 0.0947726084 2.0437410633 3.4438831816
1.3974260950 2.5321544715 0.2696011914 2.0079477731 0.0068888828 2.3304043946 0.1730708494 0.1102610935 0.2211988389 0.2195330277 0.8068307821 0.0000000000 0.1360760213 0.0927349386 0.2570166710 0.5218851364 0.5796209000
0.1791832977 2.6259354673 1.1690007277 0.7589119690 0.4770808365 1.3027867944 0.2962349813 0.1946882129 0.8413955165 0.1976066569 1.1101316389 0.1360760213 0.0000000000 0.1015748437 0.7443482341 0.0466465629 1.4892193028
0.3038352543 0.9830426626 1.2767237177 0.0615391907 0.2113559736 0.9590327489 0.6095797712 0.1978107024 0.3376761077 0.4368132438 0.2896750394 0.0927349386 0.1015748437 0.0000000000 1.9771543139 0.3480285921 1.0550484844
0.9670896528 0.9531551275 0.4668521490 1.1711061660 3.7222153012 0.5251019248 1.0993461767 0.9330122500 3.0365409613 0.0239115544 0.0947726084 0.2570166710 0.7443482341 1.9771543139 0.0000000000 1.8779164108 0.5958170293
0.6335709340 1.4097635907 0.1161367022 0.5101600668 1.1446784255 1.0876295199 0.2938571795 2.0769403113 2.4474450835 0.7651374417 2.0437410633 0.5218851364 0.0466465629 0.3480285921 1.8779164108 0.0000000000 0.2813088389
1.2436279144 1.3688712427 0.2611239430 0.3024472326 0.7403723773 0.0207451047 0.9136583824 2.5306550152 0.4818256897 2.5269243439 3.4438831816 0.5796209000 1.4892193028 1.0550484844 0.5958170293 0.2813088389 0.0000000000
