# MCW Instance
# Type: EXPONENTIAL
# N: 17
# Optimal cost: 1.6836596159840853
# Optimal tour (permutation): [0, 1, 14, 10, 5, 16, 13, 6, 3, 11, 7, 12, 2, 9, 4, 8, 15, 0]
# Optimal walk (full path): [0, 1, 14, 10, 14, 5, 14, 16, 6, 13, 6, 3, 6, 16, 11, 7, 11, 12, 11, 2, 9, 4, 8, 4, 0, 15, 0]
# Walk size: 27
# Is walk (has repeats): true

# Distance Matrix
0.0000000000 0.0366261817 0.5092550606 2.0884678176 0.0956039288 0.6480779986 0.3830035189 1.4198577682 0.8931166728 0.5242330863 1.5480347687 0.7304235840 0.3818709478 0.4109468638 1.2356465659 0.0362885178 0.6513976686
0.0366261817 0.0000000000 0.7329244814 1.7185726117 0.2754746512 1.8642445059 0.2383111886 0.1944752158 2.9785476158 0.5036308407 1.1171889494 3.3489672233 0.7854965233 1.0414580907 0.0528135476 0.5865156914 0.6312059535
0.5092550606 0.7329244814 0.0000000000 0.6662742813 2.1924166478 0.1203872370 0.0766418340 0.3290047505 1.6306104141 0.0598693411 1.4517257861 0.0052405862 0.1077903261 1.4721223279 0.7290697184 0.1665910684 0.5594717222
2.0884678176 1.7185726117 0.6662742813 0.0000000000 1.1013445758 1.5571156832 0.2391485315 0.4154687592 2.7506777093 0.8918663211 0.8763134280 0.9523789900 0.3734318634 2.6906098530 2.3670169838 0.5156255788 2.1489434910
0.0956039288 0.2754746512 2.1924166478 1.1013445758 0.0000000000 0.2244657956 2.2695865976 2.1059450211 0.0470468911 0.0370913476 3.3323903904 1.8993326702 0.3169758322 0.1707951248 0.0748270345 2.8781241055 0.6269485417
0.6480779986 1.8642445059 0.1203872370 1.5571156832 0.2244657956 0.0000000000 0.2140898273 0.7604923711 0.3782268821 0.3347692509 4.8597472230 1.1719709357 0.8252108193 2.8941250329 0.0661375562 1.3141732327 0.5700459892
0.3830035189 0.2383111886 0.0766418340 0.2391485315 2.2695865976 0.2140898273 0.0000000000 1.3303829332 1.5031362000 0.2012295451 0.2079927833 1.0642578540 1.2168636579 0.0126404459 2.7598639608 0.4054401276 0.0042385519
1.4198577682 0.1944752158 0.3290047505 0.4154687592 2.1059450211 0.7604923711 1.3303829332 0.0000000000 1.0190327774 0.1867261730 1.1614929137 0.0975361193 0.7903385151 1.0818889206 0.7876817059 2.2151247744 1.1454164968
0.8931166728 2.9785476158 1.6306104141 2.7506777093 0.0470468911 0.3782268821 1.5031362000 1.0190327774 0.0000000000 0.4545169129 1.7820838034 2.0087502160 0.3069945030 0.8068719451 1.4023029633 1.2410518070 0.1617700833
0.5242330863 0.5036308407 0.0598693411 0.8918663211 0.0370913476 0.3347692509 0.2012295451 0.1867261730 0.4545169129 0.0000000000 0.4045950204 1.8697299548 3.0172893226 0.5813838210 2.5305525518 1.0428982645 4.4556311303
1.5480347687 1.1171889494 1.4517257861 0.8763134280 3.3323903904 4.8597472230 0.2079927833 1.1614929137 1.7820838034 0.4045950204 0.0000000000 0.9258300240 0.7533166353 0.3055208083 0.1017889220 2.7917160256 0.6379153530
0.7304235840 3.3489672233 0.0052405862 0.9523789900 1.8993326702 1.1719709357 1.0642578540 0.0975361193 2.0087502160 1.8697299548 0.9258300240 0.0000000000 0.0322819399 1.0768275935 2.4288992596 0.1661557819 0.0734883149
0.3818709478 0.7854965233 0.1077903261 0.3734318634 0.3169758322 0.8252108193 1.2168636579 0.7903385151 0.3069945030 3.0172893226 0.7533166353 0.0322819399 0.0000000000 0.7034384689 0.6927426005 2.9381434188 0.7133762079
0.4109468638 1.0414580907 1.4721223279 2.6906098530 0.1707951248 2.8941250329 0.0126404459 1.0818889206 0.8068719451 0.5813838210 0.3055208083 1.0768275935 0.7034384689 0.0000000000 0.7918461018 0.5152162902 0.8111016318
1.2356465659 0.0528135476 0.7290697184 2.3670169838 0.0748270345 0.0661375562 2.7598639608 0.7876817059 1.4023029633 2.5305525518 0.1017889220 2.4288992596 0.6927426005 0.7918461018 0.0000000000 1.6837398543 0.0487114165
0.0362885178 0.5865156914 0.1665910684 0.5156255788 2.8781241055 1.3141732327 0.4054401276 2.2151247744 1.2410518070 1.0428982645 2.7917160256 0.1661557819 2.9381434188 0.5152162902 1.6837398543 0.0000000000 1.2363402749
0.6513976686 0.6312059535 0.5594717222 2.1489434910 0.6269485417 0.5700459892 0.0042385519 1.1454164968 0.1617700833 4.4556311303 0.6379153530 0.0734883149 0.7133762079 0.8111016318 0.0487114165 1.2363402749 0.0000000000
