# Graph size: 22
# Optimal cost: 1.6714714175395613

# Distance Matrix
0.0 0.5704976312343807 0.094906380374435 0.5956003808669829 0.0020576230080147084 0.8748257985889372 0.12544143794827545 0.31708476874602376 0.7095410617026698 0.3981670993138313 0.020571604591715253 0.8369766423032858 0.05027811903620294 0.613657789448293 0.4538078395535857 0.6393478459203271 0.6643200250446557 0.7755992037887639 0.9717580207960562 0.18930035165695014 0.29910352351674674 0.842160158897386
0.5704976312343807 0.0 0.6840045056867212 0.6441100331617043 0.6950762454497222 0.8545473618710456 0.4392115728188707 0.36704466908358047 0.5983143661832419 0.7504568042945342 0.36102835568959746 0.2963771089370195 0.8679363789137299 0.8093470758178113 0.1886422211677623 0.7074657154521038 0.10803107125116962 0.9280509261423586 0.46937622338754037 0.6723759992480486 0.246981835426627 0.7074689019386564
0.094906380374435 0.6840045056867212 0.0 0.2845133646930895 0.5693690838462755 0.011483366098824943 0.8945647610555866 0.8545699642392902 0.32368371534530893 0.29821091536623645 0.06860915352048536 0.0665288475959408 0.6713905410365818 0.03301659746858121 0.5865951016145285 0.6930823239638464 0.6296988049295119 0.22569079718282914 0.7099742470969915 0.8327243557398304 0.5299470863258667 0.577741234816195
0.5956003808669829 0.6441100331617043 0.2845133646930895 0.0 0.523340804966497 0.8895698901813692 0.42361122533629214 0.18130600804211672 0.7254153502730952 0.23306860924456074 0.40701468790891515 0.5592314418297851 0.6236584361580728 0.5303195119352891 0.42702699795999344 0.5395088803313345 0.696069262883057 0.6274814607983668 0.42788900571035327 0.23167945023160363 0.8972025088308078 0.7718143968741293
0.0020576230080147084 0.6950762454497222 0.5693690838462755 0.523340804966497 0.0 0.27840388768829094 0.678479154687272 0.480161899119949 0.9121744780301406 0.7790851451696152 0.5929115647301716 0.482306342603402 0.7933258462770979 0.19045442935052692 0.9590982250003406 0.17963066749365175 0.5682205903866296 0.14653293720185123 0.1746724363783475 0.7532599029153935 0.6924374262978237 0.5216725076986362
0.8748257985889372 0.8545473618710456 0.011483366098824943 0.8895698901813692 0.27840388768829094 0.0 0.8431446868646334 0.13122192999054383 0.9362591462662088 0.8042237217483009 0.28658338105083725 0.46964097793152626 0.45240728974113154 0.7971395521532186 0.34211733312858295 0.01971975533566539 0.9712422381478002 0.013465316409523531 0.030181596363551888 0.19035567830222577 0.3602752455815552 0.9637669477144061
0.12544143794827545 0.4392115728188707 0.8945647610555866 0.42361122533629214 0.678479154687272 0.8431446868646334 0.0 0.23809175882726907 0.4609623786985204 0.9811289171380262 0.6429008421012022 0.6494458376814841 0.42504477084153847 0.5046206556169333 0.9151307307206606 0.7680170991305921 0.6523023666764635 0.1034334601489707 0.16944810957765732 0.034215488493895774 0.24551185426970645 0.23187743509081937
0.31708476874602376 0.36704466908358047 0.8545699642392902 0.18130600804211672 0.480161899119949 0.13122192999054383 0.23809175882726907 0.0 0.5710545971604475 0.7128586826087567 0.9381670116555431 0.5235337076326066 0.4703157379516856 0.4429086975621971 0.3298299700381214 0.6901126017555032 0.04709804472855794 0.08299335441727684 0.38837503633913373 0.6886461044708446 0.06625194164605708 0.7609462871513111
0.7095410617026698 0.5983143661832419 0.32368371534530893 0.7254153502730952 0.9121744780301406 0.9362591462662088 0.4609623786985204 0.5710545971604475 0.0 0.6617824403169914 0.8391741659216331 0.6991051920442886 0.8412633783628191 0.7368658270704269 0.021373305485064997 0.7261827902046409 0.8612872165086127 0.35829459321868884 0.5561151263412034 0.07797116327847597 0.3550953520771286 0.2784976120152364
0.3981670993138313 0.7504568042945342 0.29821091536623645 0.23306860924456074 0.7790851451696152 0.8042237217483009 0.9811289171380262 0.7128586826087567 0.6617824403169914 0.0 0.8867310601204766 0.5933956166281674 0.8834824613634294 0.34751248771207943 0.7147995954378962 0.0797818870803978 0.5190902156237082 0.571570646368998 0.8165599919000043 0.24342419239808377 0.49765286264319275 0.8701846501002906
0.020571604591715253 0.36102835568959746 0.06860915352048536 0.40701468790891515 0.5929115647301716 0.28658338105083725 0.6429008421012022 0.9381670116555431 0.8391741659216331 0.8867310601204766 0.0 0.36859708112405876 0.8264835796533516 0.7394907803139149 0.04373181320383801 0.2452291734675638 0.3337918738447351 0.46979781262980946 0.027003493310759685 0.41507171612811267 0.06223855808204404 0.22193295491469223
0.8369766423032858 0.2963771089370195 0.0665288475959408 0.5592314418297851 0.482306342603402 0.46964097793152626 0.6494458376814841 0.5235337076326066 0.6991051920442886 0.5933956166281674 0.36859708112405876 0.0 0.8489168734829435 0.2605372990799404 0.7557687792297799 0.09484050311569558 0.8445624085182831 0.3715720820920614 0.10062299065892977 0.2538868352542816 0.5729863491750158 0.12371796048635897
0.05027811903620294 0.8679363789137299 0.6713905410365818 0.6236584361580728 0.7933258462770979 0.45240728974113154 0.42504477084153847 0.4703157379516856 0.8412633783628191 0.8834824613634294 0.8264835796533516 0.8489168734829435 0.0 0.44829946196939596 0.3138165516289768 0.5825847607656485 0.14062833740650627 0.6078234165771474 0.4231940951784512 0.6357117423826174 0.5624550590229593 0.28425719152224704
0.613657789448293 0.8093470758178113 0.03301659746858121 0.5303195119352891 0.19045442935052692 0.7971395521532186 0.5046206556169333 0.4429086975621971 0.7368658270704269 0.34751248771207943 0.7394907803139149 0.2605372990799404 0.44829946196939596 0.0 0.5816116185285906 0.2550811878845046 0.8940626015166445 0.7569880068156417 0.9641076585990719 0.4867679924608064 0.09081488221300738 0.6891812403135433
0.4538078395535857 0.1886422211677623 0.5865951016145285 0.42702699795999344 0.9590982250003406 0.34211733312858295 0.9151307307206606 0.3298299700381214 0.021373305485064997 0.7147995954378962 0.04373181320383801 0.7557687792297799 0.3138165516289768 0.5816116185285906 0.0 0.8016548682916954 0.5880913077211821 0.45471917800678696 0.5388887652847663 0.672240276852093 0.9433885238625812 0.8600007212378635
0.6393478459203271 0.7074657154521038 0.6930823239638464 0.5395088803313345 0.17963066749365175 0.01971975533566539 0.7680170991305921 0.6901126017555032 0.7261827902046409 0.0797818870803978 0.2452291734675638 0.09484050311569558 0.5825847607656485 0.2550811878845046 0.8016548682916954 0.0 0.9026532211639396 0.8939740144539935 0.8866661808160539 0.8047203382288708 0.2640511412468596 0.07982789424919934
0.6643200250446557 0.10803107125116962 0.6296988049295119 0.696069262883057 0.5682205903866296 0.9712422381478002 0.6523023666764635 0.04709804472855794 0.8612872165086127 0.5190902156237082 0.3337918738447351 0.8445624085182831 0.14062833740650627 0.8940626015166445 0.5880913077211821 0.9026532211639396 0.0 0.26733919646946414 0.7938367438340518 0.0424688661440229 0.8130186003596965 0.5337478198056645
0.7755992037887639 0.9280509261423586 0.22569079718282914 0.6274814607983668 0.14653293720185123 0.013465316409523531 0.1034334601489707 0.08299335441727684 0.35829459321868884 0.571570646368998 0.46979781262980946 0.3715720820920614 0.6078234165771474 0.7569880068156417 0.45471917800678696 0.8939740144539935 0.26733919646946414 0.0 0.5991545085528261 0.5415070807167328 0.8327142099733664 0.8288672354722608
0.9717580207960562 0.46937622338754037 0.7099742470969915 0.42788900571035327 0.1746724363783475 0.030181596363551888 0.16944810957765732 0.38837503633913373 0.5561151263412034 0.8165599919000043 0.027003493310759685 0.10062299065892977 0.4231940951784512 0.9641076585990719 0.5388887652847663 0.8866661808160539 0.7938367438340518 0.5991545085528261 0.0 0.012886887222744892 0.38176147758764967 0.08165751595206039
0.18930035165695014 0.6723759992480486 0.8327243557398304 0.23167945023160363 0.7532599029153935 0.19035567830222577 0.034215488493895774 0.6886461044708446 0.07797116327847597 0.24342419239808377 0.41507171612811267 0.2538868352542816 0.6357117423826174 0.4867679924608064 0.672240276852093 0.8047203382288708 0.0424688661440229 0.5415070807167328 0.012886887222744892 0.0 0.09360169781544514 0.8141027692687883
0.29910352351674674 0.246981835426627 0.5299470863258667 0.8972025088308078 0.6924374262978237 0.3602752455815552 0.24551185426970645 0.06625194164605708 0.3550953520771286 0.49765286264319275 0.06223855808204404 0.5729863491750158 0.5624550590229593 0.09081488221300738 0.9433885238625812 0.2640511412468596 0.8130186003596965 0.8327142099733664 0.38176147758764967 0.09360169781544514 0.0 0.2693279655048191
0.842160158897386 0.7074689019386564 0.577741234816195 0.7718143968741293 0.5216725076986362 0.9637669477144061 0.23187743509081937 0.7609462871513111 0.2784976120152364 0.8701846501002906 0.22193295491469223 0.12371796048635897 0.28425719152224704 0.6891812403135433 0.8600007212378635 0.07982789424919934 0.5337478198056645 0.8288672354722608 0.08165751595206039 0.8141027692687883 0.2693279655048191 0.0

# Optimal Walk
0 12 20 7 3 9 15 17 5 13 2 11 21 18 6 19 16 1 8 14 10 4 0
