# MCW Instance
# Type: UNIFORM
# N: 22
# Optimal cost: 1.5316900919762941
# Optimal tour (permutation): [0, 6, 4, 21, 16, 17, 11, 2, 14, 15, 18, 10, 13, 1, 12, 20, 9, 3, 7, 8, 19, 5, 0]
# Optimal walk (full path): [0, 6, 4, 21, 16, 17, 11, 2, 11, 14, 15, 10, 18, 10, 13, 1, 13, 12, 20, 3, 9, 3, 7, 8, 19, 5, 0]
# Walk size: 27
# Is walk (has repeats): true

# Distance Matrix
0.0000000000 0.5312269437 0.1786065725 0.8984975345 0.2740939248 0.0085041677 0.0250628276 0.2964941681 0.9998495945 0.7889054624 0.6203722621 0.9415222687 0.5400801494 0.6779830281 0.5549201342 0.2612171600 0.3629648472 0.6929514243 0.2236732899 0.9771781012 0.1688626661 0.5377653302
0.5312269437 0.0000000000 0.5962765109 0.5991925750 0.6856776833 0.4393129915 0.3598380988 0.1363043179 0.3524319222 0.0564254310 0.1160758704 0.6783196733 0.7216424144 0.0025035474 0.8701586219 0.3460744335 0.6073887756 0.6329168296 0.1354926757 0.7347584966 0.2334960952 0.1399284581
0.1786065725 0.5962765109 0.0000000000 0.5968664511 0.3818237111 0.8950472950 0.6707537781 0.4237806280 0.9794755066 0.9364783259 0.1384604193 0.0064554571 0.0214766505 0.1707980025 0.6307694668 0.0989205234 0.3249670686 0.2170143471 0.8384196769 0.0967566758 0.4002308368 0.6166373418
0.8984975345 0.5991925750 0.5968664511 0.0000000000 0.7226071242 0.4514737764 0.9548177357 0.0051677448 0.7201151387 0.0291718922 0.9131534746 0.0607702758 0.1451003707 0.5580477505 0.2087490987 0.4298690800 0.0881028204 0.1774722505 0.2633466934 0.3381915518 0.0356988338 0.5007790574
0.2740939248 0.6856776833 0.3818237111 0.7226071242 0.0000000000 0.5058154930 0.1358266621 0.6383179055 0.5345679727 0.5033379274 0.5961523228 0.5390956093 0.2592413606 0.2784032600 0.3910255978 0.9432364815 0.6686555659 0.1673517013 0.7984185030 0.6552124035 0.5911835233 0.1396891322
0.0085041677 0.4393129915 0.8950472950 0.4514737764 0.5058154930 0.0000000000 0.3637216513 0.6402233447 0.6701487116 0.8421190135 0.9322264078 0.7766990848 0.4685047653 0.7572145200 0.1978357443 0.3582221500 0.7807990620 0.7738805666 0.6718428980 0.0761034392 0.8848727347 0.1552318283
0.0250628276 0.3598380988 0.6707537781 0.9548177357 0.1358266621 0.3637216513 0.0000000000 0.7656558616 0.6679440245 0.6464133513 0.3592399680 0.5026353764 0.1528676906 0.1013910759 0.4184787703 0.2267520503 0.5907109437 0.3845727134 0.6175235780 0.5595586118 0.6003079277 0.6467222902
0.2964941681 0.1363043179 0.4237806280 0.0051677448 0.6383179055 0.6402233447 0.7656558616 0.0000000000 0.0200373791 0.7720112695 0.4511103072 0.9087609332 0.9923025369 0.6839640286 0.4027326635 0.6380727294 0.2459336621 0.1816980105 0.1086165306 0.2003075300 0.0797340599 0.4526381911
0.9998495945 0.3524319222 0.9794755066 0.7201151387 0.5345679727 0.6701487116 0.6679440245 0.0200373791 0.0000000000 0.3228567676 0.2394454083 0.4391341743 0.0764471089 0.8533364098 0.4695519915 0.1313775380 0.1829765304 0.6896671523 0.3235672898 0.0355958955 0.9900948245 0.5010342317
0.7889054624 0.0564254310 0.9364783259 0.0291718922 0.5033379274 0.8421190135 0.6464133513 0.7720112695 0.3228567676 0.0000000000 0.3976355558 0.4291420942 0.1681984697 0.2468964010 0.6538970032 0.6150255307 0.6432546644 0.4725927533 0.9003266139 0.8800217675 0.6465104208 0.9722602505
0.6203722621 0.1160758704 0.1384604193 0.9131534746 0.5961523228 0.9322264078 0.3592399680 0.4511103072 0.2394454083 0.3976355558 0.0000000000 0.1531195244 0.4390045512 0.0465440738 0.8930666415 0.1052860172 0.4282744878 0.2581226053 0.0276159427 0.0745337997 0.1991361938 0.3123681984
0.9415222687 0.6783196733 0.0064554571 0.0607702758 0.5390956093 0.7766990848 0.5026353764 0.9087609332 0.4391341743 0.4291420942 0.1531195244 0.0000000000 0.9954844008 0.4841787155 0.1327011128 0.9940264200 0.2501969030 0.1427397454 0.9478707414 0.3041670414 0.3645551022 0.3310376270
0.5400801494 0.7216424144 0.0214766505 0.1451003707 0.2592413606 0.4685047653 0.1528676906 0.9923025369 0.0764471089 0.1681984697 0.4390045512 0.9954844008 0.0000000000 0.0066809646 0.8904380542 0.8450803956 0.9800308216 0.4346651325 0.5020322860 0.8054360397 0.0282865025 0.9686197876
0.6779830281 0.0025035474 0.1707980025 0.5580477505 0.2784032600 0.7572145200 0.1013910759 0.6839640286 0.8533364098 0.2468964010 0.0465440738 0.4841787155 0.0066809646 0.0000000000 0.9728149371 0.1890444844 0.3848983953 0.3201335422 0.7135999375 0.8727178142 0.7918273357 0.5004666771
0.5549201342 0.8701586219 0.6307694668 0.2087490987 0.3910255978 0.1978357443 0.4184787703 0.4027326635 0.4695519915 0.6538970032 0.8930666415 0.1327011128 0.8904380542 0.9728149371 0.0000000000 0.2033512206 0.9059701689 0.2790541585 0.9908446180 0.5091251790 0.3447829321 0.8365993261
0.2612171600 0.3460744335 0.0989205234 0.4298690800 0.9432364815 0.3582221500 0.2267520503 0.6380727294 0.1313775380 0.6150255307 0.1052860172 0.9940264200 0.8450803956 0.1890444844 0.2033512206 0.0000000000 0.8619560408 0.4358584977 0.6239453416 0.3893768840 0.9474221993 0.5096455454
0.3629648472 0.6073887756 0.3249670686 0.0881028204 0.6686555659 0.7807990620 0.5907109437 0.2459336621 0.1829765304 0.6432546644 0.4282744878 0.2501969030 0.9800308216 0.3848983953 0.9059701689 0.8619560408 0.0000000000 0.1786939801 0.1540150895 0.9582309129 0.6319379835 0.0742267140
0.6929514243 0.6329168296 0.2170143471 0.1774722505 0.1673517013 0.7738805666 0.3845727134 0.1816980105 0.6896671523 0.4725927533 0.2581226053 0.1427397454 0.4346651325 0.3201335422 0.2790541585 0.4358584977 0.1786939801 0.0000000000 0.9811897772 0.9886053880 0.9071386677 0.7307682457
0.2236732899 0.1354926757 0.8384196769 0.2633466934 0.7984185030 0.6718428980 0.6175235780 0.1086165306 0.3235672898 0.9003266139 0.0276159427 0.9478707414 0.5020322860 0.7135999375 0.9908446180 0.6239453416 0.1540150895 0.9811897772 0.0000000000 0.3426806074 0.2085039584 0.8423505590
0.9771781012 0.7347584966 0.0967566758 0.3381915518 0.6552124035 0.0761034392 0.5595586118 0.2003075300 0.0355958955 0.8800217675 0.0745337997 0.3041670414 0.8054360397 0.8727178142 0.5091251790 0.3893768840 0.9582309129 0.9886053880 0.3426806074 0.0000000000 0.4422156649 0.2092745942
0.1688626661 0.2334960952 0.4002308368 0.0356988338 0.5911835233 0.8848727347 0.6003079277 0.0797340599 0.9900948245 0.6465104208 0.1991361938 0.3645551022 0.0282865025 0.7918273357 0.3447829321 0.9474221993 0.6319379835 0.9071386677 0.2085039584 0.4422156649 0.0000000000 0.6639244078
0.5377653302 0.1399284581 0.6166373418 0.5007790574 0.1396891322 0.1552318283 0.6467222902 0.4526381911 0.5010342317 0.9722602505 0.3123681984 0.3310376270 0.9686197876 0.5004666771 0.8365993261 0.5096455454 0.0742267140 0.7307682457 0.8423505590 0.2092745942 0.6639244078 0.0000000000
