# Graph size: 22
# Optimal cost: 2.12559829777466

# Distance Matrix
0.0 0.7583081277654186 0.18157755198017778 0.25748466934667125 0.32309033746992766 0.966655018682263 0.6879022227322351 0.6037186819474288 0.14713664741513277 0.5128326243506309 0.5582931069230096 0.7317604441058587 0.8188972982727691 0.647174716388214 0.4095629764515796 0.27596082087081175 0.3244626791605124 0.8349025584949225 0.13312492148355137 0.6394297479479186 0.08621140633209456 0.05222662037520709
0.7583081277654186 0.0 0.6938914735394048 0.24791360696292097 0.2336644553390692 0.7998261650355354 0.7406448870271023 0.3738488872646236 0.39371111543211 0.24267245352290634 0.9224399937007741 0.5377024237059811 0.9499444948611749 0.526763297378399 0.6737658689219208 0.15093548162616832 0.22963327820116186 0.24618823803191903 0.630605657963674 0.5034056016424169 0.6168952365366517 0.2380448930721365
0.18157755198017778 0.6938914735394048 0.0 0.77019910472835 0.41774626883631405 0.16192727393704742 0.3680791142773543 0.82922540201634 0.8942410871594919 0.8586858587873164 0.7365223610180053 0.5482886671806224 0.8519365184113769 0.3972006703200692 0.7814522045811894 0.8150019276145112 0.635212301416585 0.8617433828369601 0.08610274665736173 0.8336300930155547 0.2997567952719702 0.5423625934020794
0.25748466934667125 0.24791360696292097 0.77019910472835 0.0 0.3069034322617429 0.03616611819947668 0.8178699835985287 0.754834883830166 0.5306265335813288 0.5678785240906113 0.2502437430336999 0.3228712224036343 0.5418749252995819 0.8297828242033859 0.6198459521363717 0.16645674398699117 0.9362435430234846 0.741153320284517 0.693260814950238 0.26149135273950797 0.7498389969345465 0.09710569044720141
0.32309033746992766 0.2336644553390692 0.41774626883631405 0.3069034322617429 0.0 0.1258149894831201 0.08843724325369573 0.29244408025289415 0.6394450047129571 0.4590454803339411 0.5714686896738417 0.16946502705941457 0.23338775974441162 0.2725413577805259 0.42465886114079665 0.056900752075400796 0.8484308525520354 0.386918990969635 0.7680266297606666 0.65392557200102 0.878553815688527 0.39066577102486844
0.966655018682263 0.7998261650355354 0.16192727393704742 0.03616611819947668 0.1258149894831201 0.0 0.8538064287464396 0.3792777244808858 0.7051056322025395 0.9208149447740852 0.7520923340321056 0.8004978551909878 0.3051407144497359 0.0658897706520507 0.8850474077988196 0.48916355244957255 0.1386331767883311 0.9792829919870956 0.3701578128370894 0.9806168247558739 0.5099121975499682 0.29221280115873494
0.6879022227322351 0.7406448870271023 0.3680791142773543 0.8178699835985287 0.08843724325369573 0.8538064287464396 0.0 0.2355505325731867 0.7832837176557323 0.09182583861429838 0.19762395839966118 0.7041826400283776 0.9305362956073185 0.3255541597702598 0.13987925305480498 0.9087490393631084 0.3971491774452197 0.9646571991033805 0.8898123658266659 0.5954444112814922 0.81275408639052 0.11885667789515086
0.6037186819474288 0.3738488872646236 0.82922540201634 0.754834883830166 0.29244408025289415 0.3792777244808858 0.2355505325731867 0.0 0.4106908219179429 0.6022549354283603 0.2962973812001636 0.7712150793875215 0.32786301921032046 0.1562431991649048 0.9083577061245423 0.8917892885380732 0.0033411453718054096 0.3243301968229887 0.17228149867369436 0.951500484842385 0.18629752880312755 0.2733661420968251
0.14713664741513277 0.39371111543211 0.8942410871594919 0.5306265335813288 0.6394450047129571 0.7051056322025395 0.7832837176557323 0.4106908219179429 0.0 0.35044655304682315 0.8518754258716863 0.9614285063428392 0.34782153329043386 0.6785648006957739 0.029479193464559073 0.24936733995901839 0.35721885939218956 0.5587872177483049 0.7682725000565396 0.4268029758213564 0.8804645425740305 0.7914757356673308
0.5128326243506309 0.24267245352290634 0.8586858587873164 0.5678785240906113 0.4590454803339411 0.9208149447740852 0.09182583861429838 0.6022549354283603 0.35044655304682315 0.0 0.558791837447922 0.7286891762343501 0.840529181334685 0.2858576668470353 0.6799637134565327 0.970904386978938 0.08046404879196722 0.33138066459551174 0.04752912080267124 0.7889494757779918 0.18053023665469392 0.43443720476046643
0.5582931069230096 0.9224399937007741 0.7365223610180053 0.2502437430336999 0.5714686896738417 0.7520923340321056 0.19762395839966118 0.2962973812001636 0.8518754258716863 0.558791837447922 0.0 0.7724680730828093 0.02674728289978434 0.29625627586166836 0.9292296565262184 0.8034780447254268 0.1293338980755383 0.3685286918217998 0.05689771415281808 0.48947455479352797 0.39420895410660206 0.6593596580732601
0.7317604441058587 0.5377024237059811 0.5482886671806224 0.3228712224036343 0.16946502705941457 0.8004978551909878 0.7041826400283776 0.7712150793875215 0.9614285063428392 0.7286891762343501 0.7724680730828093 0.0 0.9736325678970614 0.8912457165086902 0.7183380414426289 0.20076434261713405 0.19635306516715045 0.1958070639556585 0.04127711792057853 0.4092200058523092 0.3236207704139995 0.6426668297649044
0.8188972982727691 0.9499444948611749 0.8519365184113769 0.5418749252995819 0.23338775974441162 0.3051407144497359 0.9305362956073185 0.32786301921032046 0.34782153329043386 0.840529181334685 0.02674728289978434 0.9736325678970614 0.0 0.029615977323629306 0.814467709210969 0.4798226634050933 0.9581259171282476 0.6739131546703558 0.5789568362620778 0.8222514007975055 0.411900952169139 0.37652252572381584
0.647174716388214 0.526763297378399 0.3972006703200692 0.8297828242033859 0.2725413577805259 0.0658897706520507 0.3255541597702598 0.1562431991649048 0.6785648006957739 0.2858576668470353 0.29625627586166836 0.8912457165086902 0.029615977323629306 0.0 0.24302145523123042 0.6235651997494277 0.259772645935497 0.7971874602401372 0.9209166235383843 0.8962100110915898 0.5166262076845517 0.19300552765403634
0.4095629764515796 0.6737658689219208 0.7814522045811894 0.6198459521363717 0.42465886114079665 0.8850474077988196 0.13987925305480498 0.9083577061245423 0.029479193464559073 0.6799637134565327 0.9292296565262184 0.7183380414426289 0.814467709210969 0.24302145523123042 0.0 0.9941321106849786 0.2607393841057535 0.7161639892501285 0.24034294173054638 0.20093950353583356 0.7765680532972671 0.5567352585066465
0.27596082087081175 0.15093548162616832 0.8150019276145112 0.16645674398699117 0.056900752075400796 0.48916355244957255 0.9087490393631084 0.8917892885380732 0.24936733995901839 0.970904386978938 0.8034780447254268 0.20076434261713405 0.4798226634050933 0.6235651997494277 0.9941321106849786 0.0 0.35850468711649497 0.904918343901626 0.7515472567718613 0.10714145017228471 0.3684429847543741 0.24024562696275953
0.3244626791605124 0.22963327820116186 0.635212301416585 0.9362435430234846 0.8484308525520354 0.1386331767883311 0.3971491774452197 0.0033411453718054096 0.35721885939218956 0.08046404879196722 0.1293338980755383 0.19635306516715045 0.9581259171282476 0.259772645935497 0.2607393841057535 0.35850468711649497 0.0 0.12585141229992358 0.551939972524805 0.9145127840252198 0.7778219717872971 0.8860169712697504
0.8349025584949225 0.24618823803191903 0.8617433828369601 0.741153320284517 0.386918990969635 0.9792829919870956 0.9646571991033805 0.3243301968229887 0.5587872177483049 0.33138066459551174 0.3685286918217998 0.1958070639556585 0.6739131546703558 0.7971874602401372 0.7161639892501285 0.904918343901626 0.12585141229992358 0.0 0.2926827831133404 0.45326023951579886 0.3338473451063575 0.1065762643899788
0.13312492148355137 0.630605657963674 0.08610274665736173 0.693260814950238 0.7680266297606666 0.3701578128370894 0.8898123658266659 0.17228149867369436 0.7682725000565396 0.04752912080267124 0.05689771415281808 0.04127711792057853 0.5789568362620778 0.9209166235383843 0.24034294173054638 0.7515472567718613 0.551939972524805 0.2926827831133404 0.0 0.5896911956271751 0.7704559423485708 0.5512477821957451
0.6394297479479186 0.5034056016424169 0.8336300930155547 0.26149135273950797 0.65392557200102 0.9806168247558739 0.5954444112814922 0.951500484842385 0.4268029758213564 0.7889494757779918 0.48947455479352797 0.4092200058523092 0.8222514007975055 0.8962100110915898 0.20093950353583356 0.10714145017228471 0.9145127840252198 0.45326023951579886 0.5896911956271751 0.0 0.6395806796018155 0.8283813329844553
0.08621140633209456 0.6168952365366517 0.2997567952719702 0.7498389969345465 0.878553815688527 0.5099121975499682 0.81275408639052 0.18629752880312755 0.8804645425740305 0.18053023665469392 0.39420895410660206 0.3236207704139995 0.411900952169139 0.5166262076845517 0.7765680532972671 0.3684429847543741 0.7778219717872971 0.3338473451063575 0.7704559423485708 0.6395806796018155 0.0 0.9260621742156041
0.05222662037520709 0.2380448930721365 0.5423625934020794 0.09710569044720141 0.39066577102486844 0.29221280115873494 0.11885667789515086 0.2733661420968251 0.7914757356673308 0.43443720476046643 0.6593596580732601 0.6426668297649044 0.37652252572381584 0.19300552765403634 0.5567352585066465 0.24024562696275953 0.8860169712697504 0.1065762643899788 0.5512477821957451 0.8283813329844553 0.9260621742156041 0.0

# Optimal Walk
0 20 21 3 5 13 12 10 18 11 2 9 16 7 17 1 19 15 4 6 14 8 0
