# MCW Instance
# Type: UNIFORM
# N: 22
# Optimal cost: 1.923612792772837
# Optimal tour (permutation): [0, 17, 18, 16, 12, 19, 11, 8, 10, 15, 9, 6, 3, 20, 13, 5, 14, 2, 1, 4, 7, 21, 0]
# Optimal walk (full path): [0, 17, 18, 16, 6, 12, 19, 11, 8, 10, 15, 9, 6, 20, 3, 20, 13, 5, 14, 1, 2, 1, 4, 7, 21, 0]
# Walk size: 26
# Is walk (has repeats): true

# Distance Matrix
0.0000000000 0.9295324128 0.6103257490 0.5228438422 0.5146539392 0.8648971874 0.4086240136 0.5343086030 0.7717909138 0.2461981123 0.2456310022 0.9975116680 0.8917869798 0.6234929715 0.2575247010 0.4179118834 0.9465967772 0.0060374111 0.8484538690 0.5580901657 0.3381419695 0.2242468898
0.9295324128 0.0000000000 0.0070605365 0.1580534085 0.0954480747 0.9868045744 0.1860453095 0.1641754854 0.6905276874 0.3968609902 0.6622863177 0.6335547509 0.8378842342 0.8172493517 0.0225617043 0.3721671645 0.8606749019 0.8818653233 0.1787150524 0.5380475617 0.8559846570 0.1388383189
0.6103257490 0.0070605365 0.0000000000 0.1061416943 0.8948318077 0.0723283823 0.2808463246 0.3207631347 0.1363449694 0.6244111187 0.1689042612 0.9621962321 0.7195215731 0.9133413696 0.8881813818 0.2346119169 0.9407961556 0.8949058651 0.8878801797 0.8718184408 0.5702035312 0.6441786834
0.5228438422 0.1580534085 0.1061416943 0.0000000000 0.8519361775 0.2393922524 0.2177797491 0.5016513500 0.3232738223 0.6642192263 0.7484564712 0.4542348541 0.2615807628 0.5905978320 0.4844929061 0.3038983123 0.6530393854 0.2020949495 0.6385911530 0.6073734514 0.0101806765 0.2196339265
0.5146539392 0.0954480747 0.8948318077 0.8519361775 0.0000000000 0.4061919501 0.3322677901 0.1010023573 0.6888337970 0.4120503639 0.6680936616 0.5287196370 0.7034075425 0.7540408955 0.4551340594 0.8469937833 0.1764663441 0.7162450536 0.2497308434 0.7402095955 0.9678654344 0.3337241215
0.8648971874 0.9868045744 0.0723283823 0.2393922524 0.4061919501 0.0000000000 0.1314941920 0.4243503915 0.9032673285 0.3829826757 0.9760968703 0.8312447277 0.4793858814 0.0449795448 0.0667307213 0.3274364529 0.3399144801 0.4416441512 0.5979666231 0.6886555484 0.9279310689 0.4822084453
0.4086240136 0.1860453095 0.2808463246 0.2177797491 0.3322677901 0.1314941920 0.0000000000 0.8376736388 0.8018442212 0.0731105676 0.9722655002 0.4558169546 0.0989193608 0.6558657212 0.7363179862 0.8033679792 0.0399284478 0.9055753029 0.5836806379 0.7302245428 0.0579832621 0.3363485196
0.5343086030 0.1641754854 0.3207631347 0.5016513500 0.1010023573 0.4243503915 0.8376736388 0.0000000000 0.3079532485 0.8679531067 0.2543318987 0.8013129468 0.5518813907 0.1713283057 0.7891560591 0.6552026311 0.2922743949 0.9120602488 0.3521577637 0.5550621884 0.9037510416 0.2487632943
0.7717909138 0.6905276874 0.1363449694 0.3232738223 0.6888337970 0.9032673285 0.8018442212 0.3079532485 0.0000000000 0.3167252329 0.0001713673 0.2454355821 0.9591342348 0.1824452818 0.3148342369 0.9813276898 0.9134720713 0.6929552703 0.4114654263 0.3929218852 0.3930857097 0.5796047774
0.2461981123 0.3968609902 0.6244111187 0.6642192263 0.4120503639 0.3829826757 0.0731105676 0.8679531067 0.3167252329 0.0000000000 0.3364457238 0.2717535797 0.4127994114 0.2261235512 0.2975078622 0.0899001300 0.7936804580 0.6754685738 0.5989523740 0.5380668846 0.8502774130 0.3072502230
0.2456310022 0.6622863177 0.1689042612 0.7484564712 0.6680936616 0.9760968703 0.9722655002 0.2543318987 0.0001713673 0.3364457238 0.0000000000 0.6697830799 0.6937404412 0.2060714018 0.2026136582 0.1598897841 0.5359917340 0.4315065040 0.6831779756 0.9006960226 0.2588642304 0.9108803158
0.9975116680 0.6335547509 0.9621962321 0.4542348541 0.5287196370 0.8312447277 0.4558169546 0.8013129468 0.2454355821 0.2717535797 0.6697830799 0.0000000000 0.7616128394 0.3792276315 0.8518833371 0.5875388902 0.2736583031 0.2583479292 0.7140751872 0.0112347718 0.2748701469 0.3909435851
0.8917869798 0.8378842342 0.7195215731 0.2615807628 0.7034075425 0.4793858814 0.0989193608 0.5518813907 0.9591342348 0.4127994114 0.6937404412 0.7616128394 0.0000000000 0.6469839820 0.4171708896 0.8801002942 0.7221348840 0.4325293904 0.4031670957 0.0996970555 0.4511229065 0.3431462494
0.6234929715 0.8172493517 0.9133413696 0.5905978320 0.7540408955 0.0449795448 0.6558657212 0.1713283057 0.1824452818 0.2261235512 0.2060714018 0.3792276315 0.6469839820 0.0000000000 0.1395500068 0.3836383646 0.8330751547 0.3545008876 0.9457813322 0.5232856940 0.0414903470 0.5351799448
0.2575247010 0.0225617043 0.8881813818 0.4844929061 0.4551340594 0.0667307213 0.7363179862 0.7891560591 0.3148342369 0.2975078622 0.2026136582 0.8518833371 0.4171708896 0.1395500068 0.0000000000 0.4985032892 0.2801749215 0.5827720988 0.0730988238 0.8975945326 0.6122351826 0.8572803669
0.4179118834 0.3721671645 0.2346119169 0.3038983123 0.8469937833 0.3274364529 0.8033679792 0.6552026311 0.9813276898 0.0899001300 0.1598897841 0.5875388902 0.8801002942 0.3836383646 0.4985032892 0.0000000000 0.6649787203 0.3099931687 0.6500545762 0.5949183311 0.5430926813 0.9354586052
0.9465967772 0.8606749019 0.9407961556 0.6530393854 0.1764663441 0.3399144801 0.0399284478 0.2922743949 0.9134720713 0.7936804580 0.5359917340 0.2736583031 0.7221348840 0.8330751547 0.2801749215 0.6649787203 0.0000000000 0.6392875927 0.0583519482 0.2425826906 0.5941068762 0.9100257660
0.0060374111 0.8818653233 0.8949058651 0.2020949495 0.7162450536 0.4416441512 0.9055753029 0.9120602488 0.6929552703 0.6754685738 0.4315065040 0.2583479292 0.4325293904 0.3545008876 0.5827720988 0.3099931687 0.6392875927 0.0000000000 0.1032477448 0.3230013778 0.3224690067 0.5599295474
0.8484538690 0.1787150524 0.8878801797 0.6385911530 0.2497308434 0.5979666231 0.5836806379 0.3521577637 0.4114654263 0.5989523740 0.6831779756 0.7140751872 0.4031670957 0.9457813322 0.0730988238 0.6500545762 0.0583519482 0.1032477448 0.0000000000 0.4124543309 0.6493333793 0.9829858637
0.5580901657 0.5380475617 0.8718184408 0.6073734514 0.7402095955 0.6886555484 0.7302245428 0.5550621884 0.3929218852 0.5380668846 0.9006960226 0.0112347718 0.0996970555 0.5232856940 0.8975945326 0.5949183311 0.2425826906 0.3230013778 0.4124543309 0.0000000000 0.9451463506 0.4798414739
0.3381419695 0.8559846570 0.5702035312 0.0101806765 0.9678654344 0.9279310689 0.0579832621 0.9037510416 0.3930857097 0.8502774130 0.2588642304 0.2748701469 0.4511229065 0.0414903470 0.6122351826 0.5430926813 0.5941068762 0.3224690067 0.6493333793 0.9451463506 0.0000000000 0.5106031199
0.2242468898 0.1388383189 0.6441786834 0.2196339265 0.3337241215 0.4822084453 0.3363485196 0.2487632943 0.5796047774 0.3072502230 0.9108803158 0.3909435851 0.3431462494 0.5351799448 0.8572803669 0.9354586052 0.9100257660 0.5599295474 0.9829858637 0.4798414739 0.5106031199 0.0000000000
