# MCW Instance
# Type: UNIFORM
# N: 22
# Optimal cost: 1.5934158231727504
# Optimal tour (permutation): [0, 21, 18, 9, 4, 7, 16, 1, 6, 13, 19, 15, 8, 3, 20, 5, 17, 14, 10, 11, 12, 2, 0]
# Optimal walk (full path): [0, 21, 18, 4, 9, 4, 7, 16, 1, 6, 13, 19, 15, 19, 8, 3, 20, 5, 17, 14, 10, 11, 0, 12, 2, 12, 0]
# Walk size: 27
# Is walk (has repeats): true

# Distance Matrix
0.0000000000 0.5576888655 0.7306853884 0.7243414259 0.3731607621 0.6887982787 0.3453480441 0.3949672608 0.4442065755 0.9101984246 0.1750117556 0.0495441431 0.0665877379 0.9921972215 0.2346017857 0.8263520496 0.7863865552 0.1094949655 0.4378901649 0.5930838185 0.8220920258 0.0472024227
0.5576888655 0.0000000000 0.3236033193 0.2111715137 0.1818594037 0.8849942890 0.0115951053 0.9242592499 0.6310895994 0.7836957245 0.1435100883 0.4135776758 0.9527418284 0.9058267024 0.8211514652 0.7358264963 0.0922066233 0.6901055672 0.8458066373 0.3132738972 0.4592311706 0.6696393896
0.7306853884 0.3236033193 0.0000000000 0.8830726249 0.3811319857 0.8713020961 0.7745055713 0.5302627734 0.8138700865 0.3660552653 0.5916554840 0.6472650726 0.0499787303 0.3846966078 0.3685477843 0.7267612916 0.9137987278 0.6340811161 0.6416453793 0.5260058370 0.4933815740 0.2720124719
0.7243414259 0.2111715137 0.8830726249 0.0000000000 0.2468864648 0.6599015219 0.8749485085 0.9284883600 0.1264671405 0.3638989153 0.4573678932 0.4750321531 0.7847489460 0.1752851685 0.7741711616 0.3849141368 0.4658318988 0.8527168036 0.2359799809 0.9889810218 0.1263096975 0.4563903945
0.3731607621 0.1818594037 0.3811319857 0.2468864648 0.0000000000 0.9728183838 0.9249752247 0.0589506090 0.1450338219 0.0036352752 0.6026404973 0.5865238816 0.9109405246 0.2894645113 0.5625738874 0.5897184178 0.1705569015 0.8370007883 0.1936982294 0.7590765889 0.8556737749 0.9109717633
0.6887982787 0.8849942890 0.8713020961 0.6599015219 0.9728183838 0.0000000000 0.3923938071 0.3680929101 0.4090604753 0.5865379937 0.3957411649 0.0531040292 0.8784198971 0.3270538005 0.2019920048 0.5553223404 0.1238317854 0.0078742536 0.7032980517 0.6313430768 0.0063904511 0.8234941504
0.3453480441 0.0115951053 0.7745055713 0.8749485085 0.9249752247 0.3923938071 0.0000000000 0.8988933092 0.3706803916 0.3095324235 0.8131573024 0.3313374130 0.9723651112 0.0595884087 0.3191756234 0.1940935960 0.6273633080 0.8583828423 0.5525487439 0.3956274476 0.5295507398 0.8182439731
0.3949672608 0.9242592499 0.5302627734 0.9284883600 0.0589506090 0.3680929101 0.8988933092 0.0000000000 0.5820771772 0.2333777693 0.1952061451 0.6985757199 0.4860130699 0.2303638961 0.2094613042 0.8831822041 0.1093941072 0.1178590880 0.2378738273 0.9088246404 0.8555583128 0.9094722919
0.4442065755 0.6310895994 0.8138700865 0.1264671405 0.1450338219 0.4090604753 0.3706803916 0.5820771772 0.0000000000 0.6422638703 0.3580292829 0.2069381165 0.5051459648 0.3221837942 0.0629543825 0.2180845530 0.2879907042 0.4668653879 0.7321632070 0.0529733889 0.7325422222 0.7472161101
0.9101984246 0.7836957245 0.3660552653 0.3638989153 0.0036352752 0.5865379937 0.3095324235 0.2333777693 0.6422638703 0.0000000000 0.3084387502 0.7489966502 0.1299394284 0.1034128736 0.5933155476 0.7816450336 0.1536875969 0.6908674404 0.9327925427 0.6767373695 0.1390835300 0.7358153291
0.1750117556 0.1435100883 0.5916554840 0.4573678932 0.6026404973 0.3957411649 0.8131573024 0.1952061451 0.3580292829 0.3084387502 0.0000000000 0.0487301432 0.8711559864 0.6300442454 0.0215051929 0.4217237686 0.2583971605 0.9589949744 0.4769439853 0.9837853078 0.3718486699 0.3686356920
0.0495441431 0.4135776758 0.6472650726 0.4750321531 0.5865238816 0.0531040292 0.3313374130 0.6985757199 0.2069381165 0.7489966502 0.0487301432 0.0000000000 0.8723778917 0.2629524122 0.9565568102 0.4588200755 0.9391670834 0.5369856749 0.7593477726 0.5474445307 0.3264382397 0.9996016997
0.0665877379 0.9527418284 0.0499787303 0.7847489460 0.9109405246 0.8784198971 0.9723651112 0.4860130699 0.5051459648 0.1299394284 0.8711559864 0.8723778917 0.0000000000 0.7275193256 0.8711589290 0.6828751965 0.4202297853 0.4479202632 0.4198751071 0.8092350628 0.2870688057 0.5810872161
0.9921972215 0.9058267024 0.3846966078 0.1752851685 0.2894645113 0.3270538005 0.0595884087 0.2303638961 0.3221837942 0.1034128736 0.6300442454 0.2629524122 0.7275193256 0.0000000000 0.5984628256 0.2656536668 0.9632599804 0.2492089637 0.8396872597 0.0375301832 0.9572803755 0.8220413583
0.2346017857 0.8211514652 0.3685477843 0.7741711616 0.5625738874 0.2019920048 0.3191756234 0.2094613042 0.0629543825 0.5933155476 0.0215051929 0.9565568102 0.8711589290 0.5984628256 0.0000000000 0.7543560020 0.8647582586 0.0112005511 0.3114958477 0.3978076228 0.6212967933 0.3442398396
0.8263520496 0.7358264963 0.7267612916 0.3849141368 0.5897184178 0.5553223404 0.1940935960 0.8831822041 0.2180845530 0.7816450336 0.4217237686 0.4588200755 0.6828751965 0.2656536668 0.7543560020 0.0000000000 0.6334778743 0.7562879874 0.6955502824 0.0540905194 0.3246514570 0.6124245336
0.7863865552 0.0922066233 0.9137987278 0.4658318988 0.1705569015 0.1238317854 0.6273633080 0.1093941072 0.2879907042 0.1536875969 0.2583971605 0.9391670834 0.4202297853 0.9632599804 0.8647582586 0.6334778743 0.0000000000 0.6667554755 0.3747723670 0.9121590963 0.5359226871 0.6985473127
0.1094949655 0.6901055672 0.6340811161 0.8527168036 0.8370007883 0.0078742536 0.8583828423 0.1178590880 0.4668653879 0.6908674404 0.9589949744 0.5369856749 0.4479202632 0.2492089637 0.0112005511 0.7562879874 0.6667554755 0.0000000000 0.2173173669 0.0259265641 0.8637729327 0.9781037921
0.4378901649 0.8458066373 0.6416453793 0.2359799809 0.1936982294 0.7032980517 0.5525487439 0.2378738273 0.7321632070 0.9327925427 0.4769439853 0.7593477726 0.4198751071 0.8396872597 0.3114958477 0.6955502824 0.3747723670 0.2173173669 0.0000000000 0.1783738133 0.5160349486 0.1836706467
0.5930838185 0.3132738972 0.5260058370 0.9889810218 0.7590765889 0.6313430768 0.3956274476 0.9088246404 0.0529733889 0.6767373695 0.9837853078 0.5474445307 0.8092350628 0.0375301832 0.3978076228 0.0540905194 0.9121590963 0.0259265641 0.1783738133 0.0000000000 0.2177460446 0.9918578712
0.8220920258 0.4592311706 0.4933815740 0.1263096975 0.8556737749 0.0063904511 0.5295507398 0.8555583128 0.7325422222 0.1390835300 0.3718486699 0.3264382397 0.2870688057 0.9572803755 0.6212967933 0.3246514570 0.5359226871 0.8637729327 0.5160349486 0.2177460446 0.0000000000 0.2917423767
0.0472024227 0.6696393896 0.2720124719 0.4563903945 0.9109717633 0.8234941504 0.8182439731 0.9094722919 0.7472161101 0.7358153291 0.3686356920 0.9996016997 0.5810872161 0.8220413583 0.3442398396 0.6124245336 0.6985473127 0.9781037921 0.1836706467 0.9918578712 0.2917423767 0.0000000000
