# Graph size: 22
# Optimal cost: 1.6780384340075527

# Distance Matrix
0.0 0.8908492692638081 0.3781703415748875 0.1425662466431996 0.14148275443911595 0.6461002290687401 0.6503168973482666 0.5389150567017453 0.7812124998885137 0.027666142539996996 0.8380766520222362 0.5103245464020313 0.4246799942579902 0.04982532447372234 0.2233432580603747 0.6892267903178112 0.9942584587367025 0.10117914023078656 0.602353869670057 0.48631783508111537 0.02299573925167131 0.4144986127307575
0.8908492692638081 0.0 0.11415655918325007 0.14367579459150226 0.9016382732261706 0.5734217433763903 0.27680429139610063 0.37894420461163725 0.31496439862843284 0.5279562966552379 0.9896064001221105 0.5734922862328636 0.3762461645533163 0.12296869775248542 0.643558562152536 0.25531480069389534 0.24307366096748462 0.45731660770387783 0.8971100409324219 0.7065363235000341 0.8034392968269247 0.4860091366000522
0.3781703415748875 0.11415655918325007 0.0 0.12071709491136373 0.885735624632454 0.35789389413705 0.15375538148986168 0.9911700841162493 0.4969080066591465 0.09175050015871711 0.005488391170496931 0.2254705425419461 0.9597348226973508 0.5307255700775217 0.6579283312404584 0.9840743565464808 0.23993082079789985 0.10407196425207144 0.7359749833836121 0.04460547365716294 0.9837915894364939 0.4011710425061724
0.1425662466431996 0.14367579459150226 0.12071709491136373 0.0 0.8786967463252983 0.4496840038570409 0.16766515080084166 0.70071665709113 0.20190903040031694 0.9663016615097281 0.5209229641012905 0.8760367709066007 0.16781260165073908 0.35921633490314775 0.31010755660704215 0.8357630796683799 0.15688802641650612 0.17712698151298245 0.68228493718328 0.245972624333193 0.16321935056310166 0.4779285552896052
0.14148275443911595 0.9016382732261706 0.885735624632454 0.8786967463252983 0.0 0.6572325330843937 0.3980902976174395 0.9416467902734954 0.6781364680287312 0.030943691738399504 0.7362539337106909 0.6236246776288452 0.5016085177892485 0.9070326034115418 0.7385090022501676 0.2883872089152675 0.8239814738423749 0.3079738062785894 0.5581131124236566 0.2270015807920116 0.06177893412333957 0.3347133883452903
0.6461002290687401 0.5734217433763903 0.35789389413705 0.4496840038570409 0.6572325330843937 0.0 0.07439496817012081 0.6691144535292932 0.6389354308138406 0.6410391172474929 0.7770266256346356 0.5556738283090074 0.9785213025859006 0.5681995673197161 0.21323133796431393 0.5356359317004865 0.41374231158675345 0.14561289649660658 0.564364075971746 0.7406421674116358 0.38982549679488254 0.30510823219380157
0.6503168973482666 0.27680429139610063 0.15375538148986168 0.16766515080084166 0.3980902976174395 0.07439496817012081 0.0 0.2864656764622098 0.04887878069713636 0.33719419398680617 0.07899345156056725 0.6488049997599779 0.4878075163629627 0.6363716500317677 0.2563456464513696 0.43508850073537986 0.14518279851772498 0.16634394603538338 0.9572711708485816 0.03393022339331875 0.45874734549357277 0.03065036240888852
0.5389150567017453 0.37894420461163725 0.9911700841162493 0.70071665709113 0.9416467902734954 0.6691144535292932 0.2864656764622098 0.0 0.8514840373299994 0.6383388781494718 0.0372243868494776 0.18925947046229907 0.2954037995535188 0.2983937241992768 0.2287016055426715 0.8893275747534203 0.4910740388019361 0.12694397000527846 0.4972283802158103 0.9842257427105409 0.8805556331195444 0.045081271698211745
0.7812124998885137 0.31496439862843284 0.4969080066591465 0.20190903040031694 0.6781364680287312 0.6389354308138406 0.04887878069713636 0.8514840373299994 0.0 0.2944242524293966 0.4577602631071973 0.38104977796212114 0.07229849306015801 0.5201235515303599 0.7293008056453988 0.7388572129041416 0.31566218848981675 0.8545569279444721 0.6055693051818937 0.2343823345050654 0.4929902984637613 0.21429827345398955
0.027666142539996996 0.5279562966552379 0.09175050015871711 0.9663016615097281 0.030943691738399504 0.6410391172474929 0.33719419398680617 0.6383388781494718 0.2944242524293966 0.0 0.06613202201609725 0.20574163555849034 0.03694040981161373 0.33518061451956593 0.4221757099216201 0.3751379921509881 0.5700784054777677 0.01761252065322616 0.7719388298386947 0.7600138446952134 0.8154110245396123 0.8832020545324868
0.8380766520222362 0.9896064001221105 0.005488391170496931 0.5209229641012905 0.7362539337106909 0.7770266256346356 0.07899345156056725 0.0372243868494776 0.4577602631071973 0.06613202201609725 0.0 0.09120646465492965 0.030097525793001734 0.8125298310746177 0.5863225060920084 0.7435682942977875 0.5318090387192035 0.6464288268532836 0.3002306107445494 0.6726763027469925 0.8430928016647364 0.7642211281018474
0.5103245464020313 0.5734922862328636 0.2254705425419461 0.8760367709066007 0.6236246776288452 0.5556738283090074 0.6488049997599779 0.18925947046229907 0.38104977796212114 0.20574163555849034 0.09120646465492965 0.0 0.9545740544988153 0.04752961937939726 0.6445964963353122 0.3543947260588718 0.1396023359764993 0.6718515344752254 0.8972169119484412 0.1939113977901078 0.8121211626032452 0.03991389048083793
0.4246799942579902 0.3762461645533163 0.9597348226973508 0.16781260165073908 0.5016085177892485 0.9785213025859006 0.4878075163629627 0.2954037995535188 0.07229849306015801 0.03694040981161373 0.030097525793001734 0.9545740544988153 0.0 0.8013850206638424 0.8303666108484196 0.9392070701803604 0.5237023259955217 0.7800640689688929 0.9595925626316052 0.9979259461416641 0.8101054421779362 0.7752863854340106
0.04982532447372234 0.12296869775248542 0.5307255700775217 0.35921633490314775 0.9070326034115418 0.5681995673197161 0.6363716500317677 0.2983937241992768 0.5201235515303599 0.33518061451956593 0.8125298310746177 0.04752961937939726 0.8013850206638424 0.0 0.38350065704956304 0.8127751616502427 0.3718496063752682 0.4771555325472133 0.9886233301309169 0.5572960879498673 0.45219074241579515 0.7145928426252905
0.2233432580603747 0.643558562152536 0.6579283312404584 0.31010755660704215 0.7385090022501676 0.21323133796431393 0.2563456464513696 0.2287016055426715 0.7293008056453988 0.4221757099216201 0.5863225060920084 0.6445964963353122 0.8303666108484196 0.38350065704956304 0.0 0.7727296527917291 0.8722798465963076 0.7709126969876564 0.12870786271515 0.0650532220507869 0.9602161734068855 0.917971611986567
0.6892267903178112 0.25531480069389534 0.9840743565464808 0.8357630796683799 0.2883872089152675 0.5356359317004865 0.43508850073537986 0.8893275747534203 0.7388572129041416 0.3751379921509881 0.7435682942977875 0.3543947260588718 0.9392070701803604 0.8127751616502427 0.7727296527917291 0.0 0.42252509737854393 0.7350842183850824 0.20411153364764456 0.19116438713585326 0.9348996447040526 0.3655426898729227
0.9942584587367025 0.24307366096748462 0.23993082079789985 0.15688802641650612 0.8239814738423749 0.41374231158675345 0.14518279851772498 0.4910740388019361 0.31566218848981675 0.5700784054777677 0.5318090387192035 0.1396023359764993 0.5237023259955217 0.3718496063752682 0.8722798465963076 0.42252509737854393 0.0 0.328529154207751 0.4554883948889412 0.02180699581136758 0.07706324896869576 0.3716805117959925
0.10117914023078656 0.45731660770387783 0.10407196425207144 0.17712698151298245 0.3079738062785894 0.14561289649660658 0.16634394603538338 0.12694397000527846 0.8545569279444721 0.01761252065322616 0.6464288268532836 0.6718515344752254 0.7800640689688929 0.4771555325472133 0.7709126969876564 0.7350842183850824 0.328529154207751 0.0 0.4543989765068349 0.7447931050689699 0.9352856836458169 0.7696240808601968
0.602353869670057 0.8971100409324219 0.7359749833836121 0.68228493718328 0.5581131124236566 0.564364075971746 0.9572711708485816 0.4972283802158103 0.6055693051818937 0.7719388298386947 0.3002306107445494 0.8972169119484412 0.9595925626316052 0.9886233301309169 0.12870786271515 0.20411153364764456 0.4554883948889412 0.4543989765068349 0.0 0.8869597717729487 0.6642229366787896 0.6454603140410586
0.48631783508111537 0.7065363235000341 0.04460547365716294 0.245972624333193 0.2270015807920116 0.7406421674116358 0.03393022339331875 0.9842257427105409 0.2343823345050654 0.7600138446952134 0.6726763027469925 0.1939113977901078 0.9979259461416641 0.5572960879498673 0.0650532220507869 0.19116438713585326 0.02180699581136758 0.7447931050689699 0.8869597717729487 0.0 0.6671038142559979 0.4799204032042216
0.02299573925167131 0.8034392968269247 0.9837915894364939 0.16321935056310166 0.06177893412333957 0.38982549679488254 0.45874734549357277 0.8805556331195444 0.4929902984637613 0.8154110245396123 0.8430928016647364 0.8121211626032452 0.8101054421779362 0.45219074241579515 0.9602161734068855 0.9348996447040526 0.07706324896869576 0.9352856836458169 0.6642229366787896 0.6671038142559979 0.0 0.1140666093999061
0.4144986127307575 0.4860091366000522 0.4011710425061724 0.4779285552896052 0.3347133883452903 0.30510823219380157 0.03065036240888852 0.045081271698211745 0.21429827345398955 0.8832020545324868 0.7642211281018474 0.03991389048083793 0.7752863854340106 0.7145928426252905 0.917971611986567 0.3655426898729227 0.3716805117959925 0.7696240808601968 0.6454603140410586 0.4799204032042216 0.1140666093999061 0.0

# Optimal Walk
0 20 4 17 9 12 8 6 5 19 16 14 18 15 1 3 2 10 7 21 11 13 0
