# MCW Instance
# Type: UNIFORM
# N: 22
# Optimal cost: 1.5738831188762195
# Optimal tour (permutation): [0, 14, 1, 20, 18, 12, 11, 19, 7, 4, 17, 15, 9, 13, 6, 16, 3, 5, 21, 8, 10, 2, 0]
# Optimal walk (full path): [0, 1, 14, 1, 20, 18, 12, 11, 12, 19, 4, 7, 4, 9, 17, 9, 15, 9, 6, 13, 6, 16, 3, 5, 21, 2, 10, 8, 10, 2, 0]
# Walk size: 31
# Is walk (has repeats): true

# Distance Matrix
0.0000000000 0.1253050065 0.1635500061 0.3181015772 0.5953582833 0.7943355189 0.4582172297 0.7935533349 0.9560977724 0.2717485177 0.1811445148 0.5910003450 0.3195810070 0.6848244053 0.2227764810 0.7221764136 0.9834446109 0.2928720830 0.6791360369 0.7737860079 0.9855027872 0.4814242402
0.1253050065 0.0000000000 0.0696725921 0.6608056493 0.3395101402 0.2571353789 0.9282270077 0.7352398661 0.5570197320 0.1875052414 0.8530808299 0.3550981942 0.6589808694 0.4961509520 0.0952222270 0.8005871091 0.5145089976 0.0722040048 0.2883747241 0.9879865437 0.0092998645 0.4815085197
0.1635500061 0.0696725921 0.0000000000 0.9799987151 0.7764075818 0.2424488210 0.6776495540 0.2093903019 0.7886044702 0.6779754167 0.0024417254 0.4971656527 0.5742406573 0.9361423839 0.2383596443 0.2598332344 0.6324848277 0.6996969500 0.9294933615 0.8438204991 0.2805400983 0.0314521375
0.3181015772 0.6608056493 0.9799987151 0.0000000000 0.9229639245 0.0852354023 0.6056854464 0.2521640633 0.0993351965 0.5448074617 0.7706352581 0.4114505197 0.5584098612 0.3418669150 0.7554997311 0.2995355554 0.1058992138 0.8168847043 0.2143548683 0.8938933729 0.7468078154 0.0890100671
0.5953582833 0.3395101402 0.7764075818 0.9229639245 0.0000000000 0.5004078164 0.1124039783 0.0329756639 0.9432065472 0.0709697540 0.7534225101 0.5350717352 0.3810013181 0.4219248259 0.5432025595 0.4134351762 0.5995267714 0.4211106163 0.2824034750 0.0475111744 0.1254475050 0.4110021249
0.7943355189 0.2571353789 0.2424488210 0.0852354023 0.5004078164 0.0000000000 0.1859503731 0.9502301894 0.3235294527 0.7333170780 0.6443046988 0.7415315112 0.5240227971 0.3916383607 0.7992422376 0.7843326432 0.5686933980 0.4128744081 0.5235246134 0.1965982497 0.6622522827 0.0943559935
0.4582172297 0.9282270077 0.6776495540 0.6056854464 0.1124039783 0.1859503731 0.0000000000 0.6213893740 0.3447639859 0.0340965449 0.7305941011 0.3255725582 0.5966215842 0.0646887352 0.6021998501 0.4566172807 0.0658736295 0.2115666574 0.9791945230 0.9315101082 0.3159178455 0.2818886619
0.7935533349 0.7352398661 0.2093903019 0.2521640633 0.0329756639 0.9502301894 0.6213893740 0.0000000000 0.6419139343 0.6612270317 0.5070221813 0.3415843123 0.9549379272 0.2605588453 0.2689037067 0.8255939102 0.8429527189 0.4086260129 0.6598257721 0.2193446514 0.1121799863 0.1447808072
0.9560977724 0.5570197320 0.7886044702 0.0993351965 0.9432065472 0.3235294527 0.3447639859 0.6419139343 0.0000000000 0.9336796084 0.0185251493 0.4369831318 0.8621348028 0.4781176813 0.5423841114 0.9884883285 0.2697380893 0.2096585578 0.5751932702 0.1205334840 0.1344759074 0.9157833477
0.2717485177 0.1875052414 0.6779754167 0.5448074617 0.0709697540 0.7333170780 0.0340965449 0.6612270317 0.9336796084 0.0000000000 0.7411782099 0.7479860080 0.1850375444 0.5193966502 0.9801353290 0.0534456922 0.1628511079 0.0076254088 0.4841169797 0.9405764658 0.6386671807 0.8147814438
0.1811445148 0.8530808299 0.0024417254 0.7706352581 0.7534225101 0.6443046988 0.7305941011 0.5070221813 0.0185251493 0.7411782099 0.0000000000 0.9799808450 0.2157869321 0.8785132715 0.7784145190 0.2982639003 0.8247059626 0.7390300327 0.3977345001 0.7557550116 0.5958769807 0.2997391536
0.5910003450 0.3550981942 0.4971656527 0.4114505197 0.5350717352 0.7415315112 0.3255725582 0.3415843123 0.4369831318 0.7479860080 0.9799808450 0.0000000000 0.0152827023 0.9973048500 0.8513199283 0.6985823520 0.7155843469 0.5918249952 0.9320876857 0.4271092734 0.1886149985 0.8580932934
0.3195810070 0.6589808694 0.5742406573 0.5584098612 0.3810013181 0.5240227971 0.5966215842 0.9549379272 0.8621348028 0.1850375444 0.2157869321 0.0152827023 0.0000000000 0.1566694099 0.1629818384 0.5412661396 0.1078954872 0.9810703674 0.0700011439 0.0565960747 0.7371978623 0.1616238337
0.6848244053 0.4961509520 0.9361423839 0.3418669150 0.4219248259 0.3916383607 0.0646887352 0.2605588453 0.4781176813 0.5193966502 0.8785132715 0.9973048500 0.1566694099 0.0000000000 0.3796524096 0.1985041350 0.3704598256 0.5350680028 0.9832021996 0.7385677784 0.5688585828 0.6251464325
0.2227764810 0.0952222270 0.2383596443 0.7554997311 0.5432025595 0.7992422376 0.6021998501 0.2689037067 0.5423841114 0.9801353290 0.7784145190 0.8513199283 0.1629818384 0.3796524096 0.0000000000 0.7096717591 0.7421334411 0.4501130953 0.6609679857 0.9425485471 0.2923540576 0.9357581068
0.7221764136 0.8005871091 0.2598332344 0.2995355554 0.4134351762 0.7843326432 0.4566172807 0.8255939102 0.9884883285 0.0534456922 0.2982639003 0.6985823520 0.5412661396 0.1985041350 0.7096717591 0.0000000000 0.7495883832 0.2368879835 0.2537171040 0.2411329517 0.8837518174 0.6384958738
0.9834446109 0.5145089976 0.6324848277 0.1058992138 0.5995267714 0.5686933980 0.0658736295 0.8429527189 0.2697380893 0.1628511079 0.8247059626 0.7155843469 0.1078954872 0.3704598256 0.7421334411 0.7495883832 0.0000000000 0.0807092769 0.6540141785 0.1854582529 0.4781712838 0.6626147938
0.2928720830 0.0722040048 0.6996969500 0.8168847043 0.4211106163 0.4128744081 0.2115666574 0.4086260129 0.2096585578 0.0076254088 0.7390300327 0.5918249952 0.9810703674 0.5350680028 0.4501130953 0.2368879835 0.0807092769 0.0000000000 0.6097351358 0.2869980931 0.5165287219 0.4620464658
0.6791360369 0.2883747241 0.9294933615 0.2143548683 0.2824034750 0.5235246134 0.9791945230 0.6598257721 0.5751932702 0.4841169797 0.3977345001 0.9320876857 0.0700011439 0.9832021996 0.6609679857 0.2537171040 0.6540141785 0.6097351358 0.0000000000 0.5637994046 0.0333225651 0.4487073715
0.7737860079 0.9879865437 0.8438204991 0.8938933729 0.0475111744 0.1965982497 0.9315101082 0.2193446514 0.1205334840 0.9405764658 0.7557550116 0.4271092734 0.0565960747 0.7385677784 0.9425485471 0.2411329517 0.1854582529 0.2869980931 0.5637994046 0.0000000000 0.7526596518 0.1874093413
0.9855027872 0.0092998645 0.2805400983 0.7468078154 0.1254475050 0.6622522827 0.3159178455 0.1121799863 0.1344759074 0.6386671807 0.5958769807 0.1886149985 0.7371978623 0.5688585828 0.2923540576 0.8837518174 0.4781712838 0.5165287219 0.0333225651 0.7526596518 0.0000000000 0.7530949677
0.4814242402 0.4815085197 0.0314521375 0.0890100671 0.4110021249 0.0943559935 0.2818886619 0.1447808072 0.9157833477 0.8147814438 0.2997391536 0.8580932934 0.1616238337 0.6251464325 0.9357581068 0.6384958738 0.6626147938 0.4620464658 0.4487073715 0.1874093413 0.7530949677 0.0000000000
