# MCW Instance
# Type: UNIFORM
# N: 22
# Optimal cost: 1.4513575374973264
# Optimal tour (permutation): [0, 8, 19, 9, 10, 16, 20, 14, 13, 2, 1, 5, 6, 15, 11, 18, 7, 3, 12, 21, 17, 4, 0]
# Optimal walk (full path): [0, 8, 9, 19, 9, 10, 16, 14, 20, 14, 13, 1, 2, 1, 5, 6, 15, 11, 3, 18, 3, 7, 3, 11, 21, 12, 21, 17, 21, 4, 0]
# Walk size: 31
# Is walk (has repeats): true

# Distance Matrix
0.0000000000 0.4940939378 0.1825693348 0.4792323830 0.0495621875 0.2018322614 0.2849499825 0.4070414507 0.0389916010 0.1818375239 0.5127372029 0.7408626270 0.3074726423 0.1547674974 0.6549031834 0.0926629034 0.8375232275 0.7537964842 0.9879253074 0.5161762090 0.1452280180 0.1512774545
0.4940939378 0.0000000000 0.0176381334 0.7295475897 0.3143193320 0.0721389510 0.8697601067 0.0567587091 0.5828790376 0.5419480575 0.5649656604 0.6823479938 0.8596450979 0.0310465253 0.8294121651 0.8930393858 0.3525700749 0.7508944733 0.5379200318 0.3402463576 0.8291939908 0.7347318467
0.1825693348 0.0176381334 0.0000000000 0.3645435623 0.9990183551 0.8965565966 0.9918951937 0.7240592958 0.4218490702 0.0877898273 0.4636031642 0.6279373395 0.0898673503 0.4731935439 0.7277511879 0.6496505876 0.1492827688 0.9755132701 0.4012321908 0.7967154102 0.5875602433 0.5623014390
0.4792323830 0.7295475897 0.3645435623 0.0000000000 0.9705265034 0.7206470480 0.9516484274 0.0126587838 0.3447813896 0.3610510403 0.0396896306 0.0113157960 0.7703262497 0.8163624980 0.6079893749 0.9099284758 0.8715469506 0.9612822474 0.0266256875 0.6136269427 0.4902686666 0.0897500786
0.0495621875 0.3143193320 0.9990183551 0.9705265034 0.0000000000 0.9899300961 0.7002690418 0.6842737627 0.6523322604 0.8421734805 0.0605156019 0.7153071272 0.9781912306 0.8141413294 0.0587578326 0.1078986784 0.7243434685 0.4828852484 0.4580911972 0.8925585769 0.6787010213 0.0647882478
0.2018322614 0.0721389510 0.8965565966 0.7206470480 0.9899300961 0.0000000000 0.1269448043 0.9603780836 0.4584309375 0.7311835360 0.8506387155 0.0507945347 0.5914563800 0.9961178430 0.4080560031 0.2702564504 0.4464617192 0.3674517275 0.4417805476 0.1967508821 0.4855532861 0.8753415441
0.2849499825 0.8697601067 0.9918951937 0.9516484274 0.7002690418 0.1269448043 0.0000000000 0.5494652071 0.5636315217 0.3537665156 0.7962480517 0.4548595500 0.2359129607 0.3908991664 0.8759697654 0.0788399774 0.6931730488 0.2536894269 0.6217993726 0.8239495166 0.5154316446 0.4701468064
0.4070414507 0.0567587091 0.7240592958 0.0126587838 0.6842737627 0.9603780836 0.5494652071 0.0000000000 0.7817540055 0.4103681691 0.4318507705 0.9128826327 0.9579311001 0.1568993119 0.3368275286 0.3745762029 0.4113934965 0.6874712211 0.3040282625 0.6562516997 0.5075892282 0.6618170257
0.0389916010 0.5828790376 0.4218490702 0.3447813896 0.6523322604 0.4584309375 0.5636315217 0.7817540055 0.0000000000 0.0361383519 0.8378300001 0.9241619447 0.2784106691 0.3765786818 0.6904581796 0.6971111266 0.9784001988 0.4791671069 0.5114096589 0.4166111148 0.9911938370 0.9826786999
0.1818375239 0.5419480575 0.0877898273 0.3610510403 0.8421734805 0.7311835360 0.3537665156 0.4103681691 0.0361383519 0.0000000000 0.0148854797 0.4004009058 0.1055186527 0.0694860915 0.2958378013 0.4705072545 0.3241851582 0.6009370431 0.2989744395 0.0381658853 0.8664558602 0.6168536923
0.5127372029 0.5649656604 0.4636031642 0.0396896306 0.0605156019 0.8506387155 0.7962480517 0.4318507705 0.8378300001 0.0148854797 0.0000000000 0.6713934535 0.5621566857 0.3188292825 0.3625135850 0.3548347972 0.0873704993 0.6032153811 0.6637000757 0.7823262487 0.4932768653 0.8308922942
0.7408626270 0.6823479938 0.6279373395 0.0113157960 0.7153071272 0.0507945347 0.4548595500 0.9128826327 0.9241619447 0.4004009058 0.6713934535 0.0000000000 0.9088855654 0.0840386588 0.2860634172 0.0412983250 0.1173379074 0.2784558597 0.2535689812 0.2866271598 0.5729169173 0.0275024888
0.3074726423 0.8596450979 0.0898673503 0.7703262497 0.9781912306 0.5914563800 0.2359129607 0.9579311001 0.2784106691 0.1055186527 0.5621566857 0.9088855654 0.0000000000 0.0687347710 0.5163584602 0.2855543614 0.1680630256 0.9751485869 0.2402698716 0.1058871798 0.8973636835 0.0173592898
0.1547674974 0.0310465253 0.4731935439 0.8163624980 0.8141413294 0.9961178430 0.3908991664 0.1568993119 0.3765786818 0.0694860915 0.3188292825 0.0840386588 0.0687347710 0.0000000000 0.0041408495 0.6632409054 0.1859782583 0.8889902745 0.2992722800 0.4231359574 0.7197579849 0.3632816167
0.6549031834 0.8294121651 0.7277511879 0.6079893749 0.0587578326 0.4080560031 0.8759697654 0.3368275286 0.6904581796 0.2958378013 0.3625135850 0.2860634172 0.5163584602 0.0041408495 0.0000000000 0.6451105197 0.0677167402 0.4307744959 0.4435429699 0.2336780581 0.0909796027 0.4674040565
0.0926629034 0.8930393858 0.6496505876 0.9099284758 0.1078986784 0.2702564504 0.0788399774 0.3745762029 0.6971111266 0.4705072545 0.3548347972 0.0412983250 0.2855543614 0.6632409054 0.6451105197 0.0000000000 0.8251003421 0.7051773064 0.9704024800 0.2749702423 0.9956715460 0.3360479925
0.8375232275 0.3525700749 0.1492827688 0.8715469506 0.7243434685 0.4464617192 0.6931730488 0.4113934965 0.9784001988 0.3241851582 0.0873704993 0.1173379074 0.1680630256 0.1859782583 0.0677167402 0.8251003421 0.0000000000 0.5275558232 0.3109014726 0.3177067127 0.1639230177 0.1225000916
0.7537964842 0.7508944733 0.9755132701 0.9612822474 0.4828852484 0.3674517275 0.2536894269 0.6874712211 0.4791671069 0.6009370431 0.6032153811 0.2784558597 0.9751485869 0.8889902745 0.4307744959 0.7051773064 0.5275558232 0.0000000000 0.8021488274 0.7340817165 0.3483408124 0.1402530760
0.9879253074 0.5379200318 0.4012321908 0.0266256875 0.4580911972 0.4417805476 0.6217993726 0.3040282625 0.5114096589 0.2989744395 0.6637000757 0.2535689812 0.2402698716 0.2992722800 0.4435429699 0.9704024800 0.3109014726 0.8021488274 0.0000000000 0.8676482254 0.3176343614 0.3717376134
0.5161762090 0.3402463576 0.7967154102 0.6136269427 0.8925585769 0.1967508821 0.8239495166 0.6562516997 0.4166111148 0.0381658853 0.7823262487 0.2866271598 0.1058871798 0.4231359574 0.2336780581 0.2749702423 0.3177067127 0.7340817165 0.8676482254 0.0000000000 0.8223354324 0.2749008567
0.1452280180 0.8291939908 0.5875602433 0.4902686666 0.6787010213 0.4855532861 0.5154316446 0.5075892282 0.9911938370 0.8664558602 0.4932768653 0.5729169173 0.8973636835 0.7197579849 0.0909796027 0.9956715460 0.1639230177 0.3483408124 0.3176343614 0.8223354324 0.0000000000 0.7453838099
0.1512774545 0.7347318467 0.5623014390 0.0897500786 0.0647882478 0.8753415441 0.4701468064 0.6618170257 0.9826786999 0.6168536923 0.8308922942 0.0275024888 0.0173592898 0.3632816167 0.4674040565 0.3360479925 0.1225000916 0.1402530760 0.3717376134 0.2749008567 0.7453838099 0.0000000000
