# Graph size: 22
# Optimal cost: 1.6036494749858594

# Distance Matrix
0.0 0.5533348300018975 0.7854154140495079 0.46855590412283943 0.613447293429935 0.36779900981846625 0.037007136020750675 0.656491263128147 0.48536231153491083 0.6295523550714557 0.6162881520344663 0.23086766197510722 0.9115715623439647 0.02934513173633857 0.5619415991553 0.3615111351951672 0.7721014488294847 0.3884558443784616 0.9011169578902694 0.22125369983351428 0.6824910487943231 0.7534852089808923
0.5533348300018975 0.0 0.9631125827558202 0.137524889370916 0.6728239823674343 0.2038129419663196 0.9391454290224942 0.5659963152724251 0.6378871420505824 0.7118356878566956 0.10376563345543477 0.34797953538721005 0.990127112720225 0.45958084264662546 0.27851294488036926 0.5423794564476594 0.5027397685392082 0.8600182119851993 0.31470106134764875 0.23335651694553472 0.41714232761910375 0.15736722689880178
0.7854154140495079 0.9631125827558202 0.0 0.5997547890472136 0.10645314736666989 0.507240952664393 0.8879245519569293 0.8503142346949076 0.25879080493453266 0.9423215517823168 0.6714132753216229 0.7453592775108194 0.6630462545825947 0.4710549849188721 0.772581569714719 0.27389624973630156 0.9402665279974014 0.6610225041447271 0.6237548341137352 0.024288531300671212 0.6131841929865408 0.6713307150905571
0.46855590412283943 0.137524889370916 0.5997547890472136 0.0 0.03127270078966349 0.026101071751570837 0.8095457176344618 0.3102997730855295 0.10221800050066221 0.17036856682870194 0.4640675760513032 0.9358727735959699 0.022571845190320627 0.6804854111766264 0.42798600369339024 0.09330757263209011 0.6939055199603635 0.5834554538791878 0.5367681772328766 0.65287755912128 0.8929461873197436 0.6400276171922521
0.613447293429935 0.6728239823674343 0.10645314736666989 0.03127270078966349 0.0 0.6094038597841182 0.609720593378056 0.056830167307289736 0.7322835945640951 0.5567984239498011 0.6386405646339299 0.016584185898157466 0.2785318898341088 0.2621394058342442 0.9585792612710515 0.0023512278155222166 0.8479023292970936 0.6627106492856671 0.05464097680319768 0.026104740175803 0.7808238471765472 0.5104792555632567
0.36779900981846625 0.2038129419663196 0.507240952664393 0.026101071751570837 0.6094038597841182 0.0 0.3299654678308207 0.3110706304205474 0.2866071987740356 0.6178824941981768 0.8154101283432632 0.7818041831956943 0.18564400940866743 0.005593349036183581 0.6519150775025473 0.7548445884099363 0.19127197115556482 0.26064443951092486 0.1785898351746743 0.8770968476204928 0.38514518420107124 0.5861424145371603
0.037007136020750675 0.9391454290224942 0.8879245519569293 0.8095457176344618 0.609720593378056 0.3299654678308207 0.0 0.10897371529047173 0.04756742630234723 0.32998806891345844 0.47790592752652206 0.45858684774049197 0.5278060113454336 0.08490006931258498 0.6987118434613426 0.5988016113853112 0.6973834557757035 0.24091710965559843 0.23743634310986994 0.05522987305610372 0.9429609460597689 0.9783255858266187
0.656491263128147 0.5659963152724251 0.8503142346949076 0.3102997730855295 0.056830167307289736 0.3110706304205474 0.10897371529047173 0.0 0.23822865971855467 0.4432341176893121 0.9829835122887393 0.06226315813826788 0.4639569490017571 0.2388352403667935 0.5247567046153093 0.6394296395682527 0.7185175834139388 0.9202041274378584 0.5266419482015393 0.6762709178707322 0.7942000973656524 0.3830873913205727
0.48536231153491083 0.6378871420505824 0.25879080493453266 0.10221800050066221 0.7322835945640951 0.2866071987740356 0.04756742630234723 0.23822865971855467 0.0 0.49533279504761984 0.8877871295655216 0.9331524903193862 0.4329324242255952 0.18665089520494238 0.046156005035385195 0.49609204329586376 0.5871407518181018 0.7980267736114263 0.6296511022716613 0.5167595872759803 0.3827924226039927 0.24180750990804667
0.6295523550714557 0.7118356878566956 0.9423215517823168 0.17036856682870194 0.5567984239498011 0.6178824941981768 0.32998806891345844 0.4432341176893121 0.49533279504761984 0.0 0.8748735703813201 0.08721551092658186 0.8783489354792082 0.37075937406236414 0.42910550533334 0.06692843367787848 0.06225545321817827 0.09061085893149534 0.9646316278814454 0.43770824101243255 0.4370276794256355 0.13920710868907848
0.6162881520344663 0.10376563345543477 0.6714132753216229 0.4640675760513032 0.6386405646339299 0.8154101283432632 0.47790592752652206 0.9829835122887393 0.8877871295655216 0.8748735703813201 0.0 0.3131655066768665 0.7368871515296072 0.1343228534842863 0.9378243734226183 0.9060551248430068 0.3927539313903776 0.5346576783863685 0.3274187422609709 0.5647320487642316 0.45909803618357914 0.5148512030396677
0.23086766197510722 0.34797953538721005 0.7453592775108194 0.9358727735959699 0.016584185898157466 0.7818041831956943 0.45858684774049197 0.06226315813826788 0.9331524903193862 0.08721551092658186 0.3131655066768665 0.0 0.19106047718604224 0.9759073581307924 0.19982164273139258 0.12693360606646165 0.9335319543752101 0.5073065218345897 0.2099298580957475 0.7241767339992112 0.5400431916859763 0.3722745700272099
0.9115715623439647 0.990127112720225 0.6630462545825947 0.022571845190320627 0.2785318898341088 0.18564400940866743 0.5278060113454336 0.4639569490017571 0.4329324242255952 0.8783489354792082 0.7368871515296072 0.19106047718604224 0.0 0.27580998413421676 0.29306566114906607 0.4682462262898546 0.5353719205092333 0.9755630751567841 0.024445396811149656 0.9412054636748174 0.16612023153096223 0.09925232233295633
0.02934513173633857 0.45958084264662546 0.4710549849188721 0.6804854111766264 0.2621394058342442 0.005593349036183581 0.08490006931258498 0.2388352403667935 0.18665089520494238 0.37075937406236414 0.1343228534842863 0.9759073581307924 0.27580998413421676 0.0 0.9627397257059079 0.3037083794854136 0.8943468518634047 0.32928407457334175 0.9090548129112778 0.9802769665502161 0.5981152862027671 0.26273938122490037
0.5619415991553 0.27851294488036926 0.772581569714719 0.42798600369339024 0.9585792612710515 0.6519150775025473 0.6987118434613426 0.5247567046153093 0.046156005035385195 0.42910550533334 0.9378243734226183 0.19982164273139258 0.29306566114906607 0.9627397257059079 0.0 0.622142495737656 0.23046698830620693 0.964018453869194 0.7803250736387252 0.7606140957800572 0.33551911374466936 0.5996503631709474
0.3615111351951672 0.5423794564476594 0.27389624973630156 0.09330757263209011 0.0023512278155222166 0.7548445884099363 0.5988016113853112 0.6394296395682527 0.49609204329586376 0.06692843367787848 0.9060551248430068 0.12693360606646165 0.4682462262898546 0.3037083794854136 0.622142495737656 0.0 0.970715259423492 0.9404577684769775 0.07015183315353202 0.04936067426925417 0.3044054630913975 0.7438282111857896
0.7721014488294847 0.5027397685392082 0.9402665279974014 0.6939055199603635 0.8479023292970936 0.19127197115556482 0.6973834557757035 0.7185175834139388 0.5871407518181018 0.06225545321817827 0.3927539313903776 0.9335319543752101 0.5353719205092333 0.8943468518634047 0.23046698830620693 0.970715259423492 0.0 0.3142631619096482 0.66693653787914 0.5178032697957194 0.5082402387251412 0.4415346836372225
0.3884558443784616 0.8600182119851993 0.6610225041447271 0.5834554538791878 0.6627106492856671 0.26064443951092486 0.24091710965559843 0.9202041274378584 0.7980267736114263 0.09061085893149534 0.5346576783863685 0.5073065218345897 0.9755630751567841 0.32928407457334175 0.964018453869194 0.9404577684769775 0.3142631619096482 0.0 0.9326439166315182 0.7161311106419421 0.2497127315584614 0.6854077026140738
0.9011169578902694 0.31470106134764875 0.6237548341137352 0.5367681772328766 0.05464097680319768 0.1785898351746743 0.23743634310986994 0.5266419482015393 0.6296511022716613 0.9646316278814454 0.3274187422609709 0.2099298580957475 0.024445396811149656 0.9090548129112778 0.7803250736387252 0.07015183315353202 0.66693653787914 0.9326439166315182 0.0 0.4671006715406941 0.5328178298545443 0.1290729068985782
0.22125369983351428 0.23335651694553472 0.024288531300671212 0.65287755912128 0.026104740175803 0.8770968476204928 0.05522987305610372 0.6762709178707322 0.5167595872759803 0.43770824101243255 0.5647320487642316 0.7241767339992112 0.9412054636748174 0.9802769665502161 0.7606140957800572 0.04936067426925417 0.5178032697957194 0.7161311106419421 0.4671006715406941 0.0 0.027627913433734053 0.690742511095229
0.6824910487943231 0.41714232761910375 0.6131841929865408 0.8929461873197436 0.7808238471765472 0.38514518420107124 0.9429609460597689 0.7942000973656524 0.3827924226039927 0.4370276794256355 0.45909803618357914 0.5400431916859763 0.16612023153096223 0.5981152862027671 0.33551911374466936 0.3044054630913975 0.5082402387251412 0.2497127315584614 0.5328178298545443 0.027627913433734053 0.0 0.7934079373581293
0.7534852089808923 0.15736722689880178 0.6713307150905571 0.6400276171922521 0.5104792555632567 0.5861424145371603 0.9783255858266187 0.3830873913205727 0.24180750990804667 0.13920710868907848 0.5148512030396677 0.3722745700272099 0.09925232233295633 0.26273938122490037 0.5996503631709474 0.7438282111857896 0.4415346836372225 0.6854077026140738 0.1290729068985782 0.690742511095229 0.7934079373581293 0.0

# Optimal Walk
0 13 5 10 1 21 18 12 3 11 7 4 20 19 2 15 17 9 16 14 8 6 0
