# MCW Instance
# Type: UNIFORM
# N: 22
# Optimal cost: 1.198298874495228
# Optimal tour (permutation): [0, 19, 9, 4, 12, 5, 10, 18, 21, 11, 15, 7, 20, 2, 17, 6, 16, 13, 1, 14, 8, 3, 0]
# Optimal walk (full path): [0, 19, 9, 4, 12, 5, 10, 18, 21, 11, 15, 7, 20, 2, 17, 6, 16, 1, 13, 1, 14, 8, 3, 0]
# Walk size: 24
# Is walk (has repeats): true

# Distance Matrix
0.0000000000 0.5933266951 0.3992592915 0.0714115377 0.7379130699 0.5178145520 0.7532581128 0.2487076231 0.4710278480 0.4913870223 0.9934532146 0.9323827408 0.9978390559 0.0695620663 0.9734163466 0.9138933816 0.8963057908 0.6013102108 0.4159971215 0.0378033303 0.1873909971 0.8124435233
0.5933266951 0.0000000000 0.3327041279 0.0401056197 0.1505689159 0.3204478995 0.7392525277 0.6700536875 0.6914957531 0.6640411238 0.1150624925 0.4409913916 0.9913659400 0.0254654917 0.0007819794 0.2160228028 0.0043912537 0.1995008577 0.1054463530 0.9759643622 0.7380030929 0.5204100260
0.3992592915 0.3327041279 0.0000000000 0.3036765296 0.5398738437 0.1497933648 0.3965055221 0.9433563105 0.7125515939 0.9258723579 0.8217527399 0.9555185142 0.3187614362 0.3672371929 0.7348012862 0.3607089668 0.8505202771 0.1039073467 0.3780633459 0.8998858275 0.0016566402 0.3809989408
0.0714115377 0.0401056197 0.3036765296 0.0000000000 0.8729334314 0.6829516662 0.1929403048 0.2165726885 0.0719716121 0.9443038126 0.3014363792 0.8180046612 0.3748479703 0.2223283104 0.1993392522 0.2617936044 0.6020730223 0.5385514366 0.3803929101 0.5911318484 0.2090153624 0.4422021367
0.7379130699 0.1505689159 0.5398738437 0.8729334314 0.0000000000 0.9061058490 0.1662313462 0.0924343526 0.1072274100 0.1393204431 0.3143105359 0.9927321143 0.0213420090 0.2492982580 0.0693113282 0.0273557239 0.1904829884 0.2703341182 0.0658300254 0.2042571895 0.1970781914 0.5750133602
0.5178145520 0.3204478995 0.1497933648 0.6829516662 0.9061058490 0.0000000000 0.4574099065 0.8590451390 0.8968275107 0.9835786193 0.0662571641 0.8354389035 0.0162341922 0.3724733675 0.8396060148 0.8858619947 0.4219129721 0.5679818781 0.0873729422 0.2074889688 0.3727406255 0.5149858804
0.7532581128 0.7392525277 0.3965055221 0.1929403048 0.1662313462 0.4574099065 0.0000000000 0.9064040075 0.2487856034 0.6372037080 0.1962106052 0.6585332318 0.9225596270 0.9608373132 0.5439338541 0.3628340901 0.1437650700 0.0024376742 0.6339836898 0.3868602974 0.1737803603 0.5227703868
0.2487076231 0.6700536875 0.9433563105 0.2165726885 0.0924343526 0.8590451390 0.9064040075 0.0000000000 0.7809515689 0.8773362325 0.5976067900 0.3057855856 0.7638997340 0.9576708763 0.8864101866 0.0198898290 0.3034427608 0.8378341471 0.4050557752 0.9856138538 0.0839349962 0.6315474524
0.4710278480 0.6914957531 0.7125515939 0.0719716121 0.1072274100 0.8968275107 0.2487856034 0.7809515689 0.0000000000 0.4127620982 0.6060545209 0.0685974188 0.8564054281 0.0747271227 0.0377579381 0.5907680764 0.3044589458 0.7535556110 0.5322503899 0.7210633840 0.2139542190 0.8815437972
0.4913870223 0.6640411238 0.9258723579 0.9443038126 0.1393204431 0.9835786193 0.6372037080 0.8773362325 0.4127620982 0.0000000000 0.7622120854 0.7080873703 0.4473367042 0.5283537975 0.3613284055 0.8694289042 0.6862923011 0.3733369152 0.8531419778 0.1700378277 0.4915126520 0.1677410907
0.9934532146 0.1150624925 0.8217527399 0.3014363792 0.3143105359 0.0662571641 0.1962106052 0.5976067900 0.6060545209 0.7622120854 0.0000000000 0.1217682473 0.8666724675 0.4430355161 0.9292651274 0.5861261067 0.0199630201 0.4764251181 0.0498979872 0.2793742519 0.3797362238 0.9607210496
0.9323827408 0.4409913916 0.9555185142 0.8180046612 0.9927321143 0.8354389035 0.6585332318 0.3057855856 0.0685974188 0.7080873703 0.1217682473 0.0000000000 0.2177088014 0.1065328470 0.1345989253 0.0259993543 0.5542290775 0.6558097387 0.2833791915 0.1415523174 0.6512958031 0.0729385056
0.9978390559 0.9913659400 0.3187614362 0.3748479703 0.0213420090 0.0162341922 0.9225596270 0.7638997340 0.8564054281 0.4473367042 0.8666724675 0.2177088014 0.0000000000 0.9338755900 0.9701083923 0.2547003755 0.6728758213 0.6634664466 0.0791774956 0.1867146769 0.1594935637 0.1864829229
0.0695620663 0.0254654917 0.3672371929 0.2223283104 0.2492982580 0.3724733675 0.9608373132 0.9576708763 0.0747271227 0.5283537975 0.4430355161 0.1065328470 0.9338755900 0.0000000000 0.1775207073 0.7255426360 0.5514412747 0.9648506928 0.1629080115 0.0669718497 0.1711426496 0.0713570998
0.9734163466 0.0007819794 0.7348012862 0.1993392522 0.0693113282 0.8396060148 0.5439338541 0.8864101866 0.0377579381 0.3613284055 0.9292651274 0.1345989253 0.9701083923 0.1775207073 0.0000000000 0.4167411334 0.6819763862 0.3439294233 0.5690022082 0.4617832522 0.3537487567 0.7756049001
0.9138933816 0.2160228028 0.3607089668 0.2617936044 0.0273557239 0.8858619947 0.3628340901 0.0198898290 0.5907680764 0.8694289042 0.5861261067 0.0259993543 0.2547003755 0.7255426360 0.4167411334 0.0000000000 0.9052431988 0.3111508655 0.4286152634 0.9292684030 0.3365437529 0.5798876071
0.8963057908 0.0043912537 0.8505202771 0.6020730223 0.1904829884 0.4219129721 0.1437650700 0.3034427608 0.3044589458 0.6862923011 0.0199630201 0.5542290775 0.6728758213 0.5514412747 0.6819763862 0.9052431988 0.0000000000 0.3475155220 0.1060208222 0.1964912548 0.7048532532 0.8382039429
0.6013102108 0.1995008577 0.1039073467 0.5385514366 0.2703341182 0.5679818781 0.0024376742 0.8378341471 0.7535556110 0.3733369152 0.4764251181 0.6558097387 0.6634664466 0.9648506928 0.3439294233 0.3111508655 0.3475155220 0.0000000000 0.3492111290 0.8998463986 0.4243263326 0.2430569642
0.4159971215 0.1054463530 0.3780633459 0.3803929101 0.0658300254 0.0873729422 0.6339836898 0.4050557752 0.5322503899 0.8531419778 0.0498979872 0.2833791915 0.0791774956 0.1629080115 0.5690022082 0.4286152634 0.1060208222 0.3492111290 0.0000000000 0.7381718145 0.9352411374 0.0056312003
0.0378033303 0.9759643622 0.8998858275 0.5911318484 0.2042571895 0.2074889688 0.3868602974 0.9856138538 0.7210633840 0.1700378277 0.2793742519 0.1415523174 0.1867146769 0.0669718497 0.4617832522 0.9292684030 0.1964912548 0.8998463986 0.7381718145 0.0000000000 0.3333466320 0.1149311203
0.1873909971 0.7380030929 0.0016566402 0.2090153624 0.1970781914 0.3727406255 0.1737803603 0.0839349962 0.2139542190 0.4915126520 0.3797362238 0.6512958031 0.1594935637 0.1711426496 0.3537487567 0.3365437529 0.7048532532 0.4243263326 0.9352411374 0.3333466320 0.0000000000 0.7408427043
0.8124435233 0.5204100260 0.3809989408 0.4422021367 0.5750133602 0.5149858804 0.5227703868 0.6315474524 0.8815437972 0.1677410907 0.9607210496 0.0729385056 0.1864829229 0.0713570998 0.7756049001 0.5798876071 0.8382039429 0.2430569642 0.0056312003 0.1149311203 0.7408427043 0.0000000000
