# Graph size: 22
# Optimal cost: 1.289617357527626

# Distance Matrix
0.0 0.3587119167503551 0.6272976305017176 0.18652147050496237 0.3333479671002708 0.44391995931329065 0.034096818285026864 0.8377026588831831 0.009028258950994128 0.5717415050549526 0.9351948230104529 0.5331406638119555 0.903294681926448 0.9096547509268885 0.8433536091341023 0.24733873603115264 0.7613085290501667 0.9045453731505637 0.3355287852670058 0.5839148987868783 0.9563424145014754 0.8163881526570614
0.3587119167503551 0.0 0.001996082022794776 0.38462067665811717 0.2118333436111427 0.17720727925824142 0.26311607334189746 0.595196422025292 0.7937507200958562 0.6394572437811438 0.9917564883478708 0.2081626646851238 0.7367865452385448 0.9601924957886608 0.013179749668012941 0.6504975668613296 0.6922886964889549 0.9308711496940808 0.7192425333478799 0.8132525436869074 0.5415225940908457 0.9073640716075373
0.6272976305017176 0.001996082022794776 0.0 0.2300436832694306 0.03050979881562954 0.00476077546087228 0.2207174016634006 0.7636951945256546 0.7066865536288819 0.09486312328931779 0.1564433062181062 0.13368058969647545 0.9640430536900734 0.4134257894423434 0.3785901535499818 0.5833037632489138 0.6363523801570063 0.9682397970744824 0.6445698721757759 0.4880205587499522 0.17004176295536821 0.4027150900361649
0.18652147050496237 0.38462067665811717 0.2300436832694306 0.0 0.40769669950075027 0.8089843453845096 0.5107171886206897 0.27108951105653534 0.4366186201995971 0.5649260320412581 0.8508337561865437 0.2676563780174631 0.8942984125191836 0.004527866832049865 0.1933766034784522 0.1239083501605448 0.41392885347294717 0.6077394643812702 0.04676841284065725 0.22440934190127748 0.5851424063587245 0.5220239166699826
0.3333479671002708 0.2118333436111427 0.03050979881562954 0.40769669950075027 0.0 0.20782096999038024 0.8603704553716033 0.9211024722987234 0.5483100557278011 0.5124001711753963 0.4393193996063198 0.8155402269094966 0.3314669878699371 0.6375751345185768 0.8999180733196998 0.21852709597640674 0.9814056461234867 0.5243736548441585 0.04289554344583579 0.760749689258911 0.9534507255860896 0.7568680728890611
0.44391995931329065 0.17720727925824142 0.00476077546087228 0.8089843453845096 0.20782096999038024 0.0 0.48222909627168764 0.8382808089354523 0.6504163466184145 0.2811667857366211 0.4451190970644917 0.7333162634541025 0.8738571229549579 0.17698855098225563 0.7049682101079202 0.1910742282104353 0.9482556037285845 0.8048480318416716 0.5184889449679569 0.999030087893881 0.0694463563687816 0.5434829309386799
0.034096818285026864 0.26311607334189746 0.2207174016634006 0.5107171886206897 0.8603704553716033 0.48222909627168764 0.0 0.5562280994119617 0.021886531841825985 0.18736550139251074 0.5050040469430006 0.46521015502281415 0.8341550804333647 0.523253984091053 0.06935177653356328 0.8830667005910751 0.5619516742790459 0.6427321544392456 0.8149939179794571 0.4349315620240486 0.7965861143702686 0.8587012523314186
0.8377026588831831 0.595196422025292 0.7636951945256546 0.27108951105653534 0.9211024722987234 0.8382808089354523 0.5562280994119617 0.0 0.4394009017204191 0.4875470490134416 0.47475069076220056 0.6218178708702674 0.560686537650784 0.20943926996065088 0.43359087095704774 0.4713253146049071 0.8709038213710993 0.7916857036292348 0.9436669351573292 0.06531570600051384 0.9718368338130997 0.5207116336260043
0.009028258950994128 0.7937507200958562 0.7066865536288819 0.4366186201995971 0.5483100557278011 0.6504163466184145 0.021886531841825985 0.4394009017204191 0.0 0.8987921940468387 0.7870350712397962 0.3657311811571442 0.7627161385993096 0.4989598924512474 0.43263327202551627 0.4962576042127379 0.8187426846541723 0.20104759577029907 0.525799323100367 0.43910392443427004 0.04007336107011161 0.43171422411630545
0.5717415050549526 0.6394572437811438 0.09486312328931779 0.5649260320412581 0.5124001711753963 0.2811667857366211 0.18736550139251074 0.4875470490134416 0.8987921940468387 0.0 0.8760118060395287 0.8269430829835864 0.5555394806723701 0.0578818208076759 0.09967328166498624 0.8601260636474551 0.4555059434528913 0.8924201271353965 0.9571865330571588 0.8023000561339612 0.3017003053978323 0.576129125603785
0.9351948230104529 0.9917564883478708 0.1564433062181062 0.8508337561865437 0.4393193996063198 0.4451190970644917 0.5050040469430006 0.47475069076220056 0.7870350712397962 0.8760118060395287 0.0 0.5240695111275736 0.1892537619643998 0.3877217814998932 0.0218412700167655 0.41049500506623204 0.08964364337537434 0.26197957834897145 0.23244096402339354 0.47118006736921403 0.14785630208217948 0.642973699480378
0.5331406638119555 0.2081626646851238 0.13368058969647545 0.2676563780174631 0.8155402269094966 0.7333162634541025 0.46521015502281415 0.6218178708702674 0.3657311811571442 0.8269430829835864 0.5240695111275736 0.0 0.7118266473592703 0.706339385609167 0.8121130941326583 0.006245798502013011 0.8763159369603625 0.34445554438952153 0.10502607259796037 0.8029913851125015 0.8437224300331354 0.4189088468305341
0.903294681926448 0.7367865452385448 0.9640430536900734 0.8942984125191836 0.3314669878699371 0.8738571229549579 0.8341550804333647 0.560686537650784 0.7627161385993096 0.5555394806723701 0.1892537619643998 0.7118266473592703 0.0 0.5291643649105129 0.48223892445538175 0.7283077346509471 0.5030474726695495 0.21679284341479088 0.23166561909171823 0.10204023449323485 0.6520687115897503 0.23079568267270822
0.9096547509268885 0.9601924957886608 0.4134257894423434 0.004527866832049865 0.6375751345185768 0.17698855098225563 0.523253984091053 0.20943926996065088 0.4989598924512474 0.0578818208076759 0.3877217814998932 0.706339385609167 0.5291643649105129 0.0 0.6265331354534169 0.5960677280389353 0.015120547465655942 0.0028994978262428805 0.1818913340257936 0.7110380298509744 0.02732214249812881 0.2556621834061765
0.8433536091341023 0.013179749668012941 0.3785901535499818 0.1933766034784522 0.8999180733196998 0.7049682101079202 0.06935177653356328 0.43359087095704774 0.43263327202551627 0.09967328166498624 0.0218412700167655 0.8121130941326583 0.48223892445538175 0.6265331354534169 0.0 0.14011157699736732 0.780878243416824 0.5689405876137339 0.39629476842239775 0.6939755197711606 0.6918697113410394 0.9877509285228532
0.24733873603115264 0.6504975668613296 0.5833037632489138 0.1239083501605448 0.21852709597640674 0.1910742282104353 0.8830667005910751 0.4713253146049071 0.4962576042127379 0.8601260636474551 0.41049500506623204 0.006245798502013011 0.7283077346509471 0.5960677280389353 0.14011157699736732 0.0 0.29323597208725527 0.24495914715395062 0.3973326178971712 0.42064462088682986 0.5504996303708896 0.22701635351851002
0.7613085290501667 0.6922886964889549 0.6363523801570063 0.41392885347294717 0.9814056461234867 0.9482556037285845 0.5619516742790459 0.8709038213710993 0.8187426846541723 0.4555059434528913 0.08964364337537434 0.8763159369603625 0.5030474726695495 0.015120547465655942 0.780878243416824 0.29323597208725527 0.0 0.4879599983933346 0.42184156589786503 0.8801678645856695 0.48807951750749834 0.0788188075458035
0.9045453731505637 0.9308711496940808 0.9682397970744824 0.6077394643812702 0.5243736548441585 0.8048480318416716 0.6427321544392456 0.7916857036292348 0.20104759577029907 0.8924201271353965 0.26197957834897145 0.34445554438952153 0.21679284341479088 0.0028994978262428805 0.5689405876137339 0.24495914715395062 0.4879599983933346 0.0 0.507599376465171 0.9400034431078839 0.21465978768918836 0.056260544385348554
0.3355287852670058 0.7192425333478799 0.6445698721757759 0.04676841284065725 0.04289554344583579 0.5184889449679569 0.8149939179794571 0.9436669351573292 0.525799323100367 0.9571865330571588 0.23244096402339354 0.10502607259796037 0.23166561909171823 0.1818913340257936 0.39629476842239775 0.3973326178971712 0.42184156589786503 0.507599376465171 0.0 0.8611026996964961 0.0510070608659684 0.90934272053745
0.5839148987868783 0.8132525436869074 0.4880205587499522 0.22440934190127748 0.760749689258911 0.999030087893881 0.4349315620240486 0.06531570600051384 0.43910392443427004 0.8023000561339612 0.47118006736921403 0.8029913851125015 0.10204023449323485 0.7110380298509744 0.6939755197711606 0.42064462088682986 0.8801678645856695 0.9400034431078839 0.8611026996964961 0.0 0.2914622359490806 0.10625449860523628
0.9563424145014754 0.5415225940908457 0.17004176295536821 0.5851424063587245 0.9534507255860896 0.0694463563687816 0.7965861143702686 0.9718368338130997 0.04007336107011161 0.3017003053978323 0.14785630208217948 0.8437224300331354 0.6520687115897503 0.02732214249812881 0.6918697113410394 0.5504996303708896 0.48807951750749834 0.21465978768918836 0.0510070608659684 0.2914622359490806 0.0 0.5388462332223846
0.8163881526570614 0.9073640716075373 0.4027150900361649 0.5220239166699826 0.7568680728890611 0.5434829309386799 0.8587012523314186 0.5207116336260043 0.43171422411630545 0.576129125603785 0.642973699480378 0.4189088468305341 0.23079568267270822 0.2556621834061765 0.9877509285228532 0.22701635351851002 0.0788188075458035 0.056260544385348554 0.90934272053745 0.10625449860523628 0.5388462332223846 0.0

# Optimal Walk
0 20 16 13 17 21 19 7 12 10 14 1 5 2 4 18 11 15 3 9 8 6 0
