# Graph size: 22
# Optimal cost: 1.8053699255324598

# Distance Matrix
0.0 0.7896444117110226 0.8472277200527768 0.5073652562080422 0.21154989303666782 0.0822287750797438 0.1340136366546718 0.2737998006059492 0.27880389522064697 0.023329511338802122 0.31327579472638933 0.5987351507640618 0.1283092490673916 0.04885854202745987 0.38089513740436554 0.2482273631585623 0.3196750107885802 0.35700304265421956 0.1773112356924318 0.7274080206406409 0.02340048899510283 0.5024054172150952
0.7896444117110226 0.0 0.5644519166466996 0.9851115475188671 0.5401437718471069 0.4343290930732183 0.8251900889353193 0.15430057424820176 0.22185429571952242 0.5025225217424714 0.9782300412929398 0.9110836074359181 0.9412843742915201 0.8929698537102324 0.7413631789601496 0.7392206035389175 0.6870587654673371 0.6754438387328062 0.9473236602405374 0.37236406762228236 0.823394854986816 0.14575260518727995
0.8472277200527768 0.5644519166466996 0.0 0.3190119777763665 0.9528841392302583 0.04673107045752678 0.42779882160006943 0.6446450084910819 0.9939785127006957 0.09593444448219313 0.3640461930059037 0.5584290679549379 0.06086882498729973 0.8284223388615389 0.5677147860597516 0.32864198310548876 0.19723744458351877 0.36144801490738954 0.13600333963054512 0.2825494877686464 0.5146594153341584 0.5959628568378115
0.5073652562080422 0.9851115475188671 0.3190119777763665 0.0 0.9308631294204739 0.7563697373308612 0.03563659920574025 0.5898833066321078 0.5223247567270367 0.7485392352492288 0.8349419316389758 0.9282531961281533 0.8591054989249607 0.7758226088483066 0.759333893740146 0.44970770877983934 0.48220163567279684 0.7843470776099318 0.5223025076026852 0.4318079771147123 0.6293965412736691 0.3514325230023422
0.21154989303666782 0.5401437718471069 0.9528841392302583 0.9308631294204739 0.0 0.768359402665983 0.6122304336395309 0.892092412727188 0.8291260844282498 0.780487331936115 0.2284581762988448 0.18059900492231074 0.5266401348071071 0.8647142134447697 0.5955365843949202 0.6299906179466208 0.5064309639821883 0.0873799357224988 0.6096184869349397 0.73586795394643 0.07744491764524097 0.9635150295611615
0.0822287750797438 0.4343290930732183 0.04673107045752678 0.7563697373308612 0.768359402665983 0.0 0.9644393212934349 0.44783919014280305 0.6090975540795939 0.8988517925656896 0.7985257833415429 0.1682597831078858 0.8608406189168368 0.6733402450226507 0.9528562754971932 0.6047485214541325 0.6247107181372452 0.02064296330888926 0.011855085864126536 0.20722284507046718 0.112042208597945 0.4059338886894328
0.1340136366546718 0.8251900889353193 0.42779882160006943 0.03563659920574025 0.6122304336395309 0.9644393212934349 0.0 0.8250165274967086 0.4836735765757303 0.1805668264858945 0.43342859696199754 0.2621191887705573 0.8336255209605204 0.19441039078874545 0.9254239299380215 0.541904485594353 0.6642070149419864 0.037037140713181205 0.6062278631601977 0.5922582064925765 0.46097820994369065 0.5559804524113766
0.2737998006059492 0.15430057424820176 0.6446450084910819 0.5898833066321078 0.892092412727188 0.44783919014280305 0.8250165274967086 0.0 0.49721072563175117 0.5493467652713426 0.174144085590208 0.5082383480758268 0.5833112544517549 0.6838254463635072 0.7505052999816548 0.896501019948641 0.04668234577091224 0.7541483676923988 0.8924758728219544 0.43891640733084614 0.37976276668241915 0.03017546838472762
0.27880389522064697 0.22185429571952242 0.9939785127006957 0.5223247567270367 0.8291260844282498 0.6090975540795939 0.4836735765757303 0.49721072563175117 0.0 0.15772375190214127 0.7988895952411205 0.987912758961333 0.004684474228684232 0.326466952963293 0.11645009457821232 0.470853171445889 0.11606112015073844 0.5581839193618578 0.32901068710308345 0.6324990860829312 0.6423540136921359 0.23547386897720468
0.023329511338802122 0.5025225217424714 0.09593444448219313 0.7485392352492288 0.780487331936115 0.8988517925656896 0.1805668264858945 0.5493467652713426 0.15772375190214127 0.0 0.7468803881129689 0.41038047908579744 0.2950452659043312 0.5500294827047825 0.35768297019046014 0.3386943577824644 0.9403014011181833 0.8241603118660211 0.3738719840216794 0.8631338881750613 0.3061339307964587 0.28103242476924384
0.31327579472638933 0.9782300412929398 0.3640461930059037 0.8349419316389758 0.2284581762988448 0.7985257833415429 0.43342859696199754 0.174144085590208 0.7988895952411205 0.7468803881129689 0.0 0.6088217423666842 0.8109919022156177 0.4958123738219715 0.4777659595095054 0.36951323798340063 0.5866377297399887 0.6210367208833476 0.8977592635445731 0.6876228512293578 0.2103176571016242 0.8927906737423691
0.5987351507640618 0.9110836074359181 0.5584290679549379 0.9282531961281533 0.18059900492231074 0.1682597831078858 0.2621191887705573 0.5082383480758268 0.987912758961333 0.41038047908579744 0.6088217423666842 0.0 0.2620843179840744 0.8758606536467153 0.14733121786724745 0.06346090465932763 0.9645250434254585 0.5926944280987638 0.9849866144719455 0.20072128573204073 0.6608066724709671 0.8261343248017188
0.1283092490673916 0.9412843742915201 0.06086882498729973 0.8591054989249607 0.5266401348071071 0.8608406189168368 0.8336255209605204 0.5833112544517549 0.004684474228684232 0.2950452659043312 0.8109919022156177 0.2620843179840744 0.0 0.40634062671979676 0.39184572446307264 0.4497909348863359 0.46604250327363106 0.5825796400221427 0.12652692865380166 0.2728877833715013 0.4244704740702405 0.05999992166672441
0.04885854202745987 0.8929698537102324 0.8284223388615389 0.7758226088483066 0.8647142134447697 0.6733402450226507 0.19441039078874545 0.6838254463635072 0.326466952963293 0.5500294827047825 0.4958123738219715 0.8758606536467153 0.40634062671979676 0.0 0.7869425114424433 0.12766223489659112 0.5848169973173728 0.4528971213176233 0.8857237995141767 0.4425898461413549 0.21313730906867545 0.7702762633874141
0.38089513740436554 0.7413631789601496 0.5677147860597516 0.759333893740146 0.5955365843949202 0.9528562754971932 0.9254239299380215 0.7505052999816548 0.11645009457821232 0.35768297019046014 0.4777659595095054 0.14733121786724745 0.39184572446307264 0.7869425114424433 0.0 0.43564746298827095 0.4921424167332291 0.8487242441365895 0.0021453067827874595 0.10928282791012522 0.04486095395904133 0.10612070384515848
0.2482273631585623 0.7392206035389175 0.32864198310548876 0.44970770877983934 0.6299906179466208 0.6047485214541325 0.541904485594353 0.896501019948641 0.470853171445889 0.3386943577824644 0.36951323798340063 0.06346090465932763 0.4497909348863359 0.12766223489659112 0.43564746298827095 0.0 0.6702564946113713 0.6524932002146551 0.5318000438635286 0.267012026524994 0.40851194618644804 0.35260282099946694
0.3196750107885802 0.6870587654673371 0.19723744458351877 0.48220163567279684 0.5064309639821883 0.6247107181372452 0.6642070149419864 0.04668234577091224 0.11606112015073844 0.9403014011181833 0.5866377297399887 0.9645250434254585 0.46604250327363106 0.5848169973173728 0.4921424167332291 0.6702564946113713 0.0 0.8987043358713601 0.017985472060039864 0.27985081228729713 0.230204973468895 0.9625042636095629
0.35700304265421956 0.6754438387328062 0.36144801490738954 0.7843470776099318 0.0873799357224988 0.02064296330888926 0.037037140713181205 0.7541483676923988 0.5581839193618578 0.8241603118660211 0.6210367208833476 0.5926944280987638 0.5825796400221427 0.4528971213176233 0.8487242441365895 0.6524932002146551 0.8987043358713601 0.0 0.1989339430362247 0.4592872808175643 0.02300165941341925 0.5311944679699548
0.1773112356924318 0.9473236602405374 0.13600333963054512 0.5223025076026852 0.6096184869349397 0.011855085864126536 0.6062278631601977 0.8924758728219544 0.32901068710308345 0.3738719840216794 0.8977592635445731 0.9849866144719455 0.12652692865380166 0.8857237995141767 0.0021453067827874595 0.5318000438635286 0.017985472060039864 0.1989339430362247 0.0 0.9669190600863605 0.11687021913047557 0.9607283114514624
0.7274080206406409 0.37236406762228236 0.2825494877686464 0.4318079771147123 0.73586795394643 0.20722284507046718 0.5922582064925765 0.43891640733084614 0.6324990860829312 0.8631338881750613 0.6876228512293578 0.20072128573204073 0.2728877833715013 0.4425898461413549 0.10928282791012522 0.267012026524994 0.27985081228729713 0.4592872808175643 0.9669190600863605 0.0 0.7658856878165246 0.3515988409895435
0.02340048899510283 0.823394854986816 0.5146594153341584 0.6293965412736691 0.07744491764524097 0.112042208597945 0.46097820994369065 0.37976276668241915 0.6423540136921359 0.3061339307964587 0.2103176571016242 0.6608066724709671 0.4244704740702405 0.21313730906867545 0.04486095395904133 0.40851194618644804 0.230204973468895 0.02300165941341925 0.11687021913047557 0.7658856878165246 0.0 0.8196867332938437
0.5024054172150952 0.14575260518727995 0.5959628568378115 0.3514325230023422 0.9635150295611615 0.4059338886894328 0.5559804524113766 0.03017546838472762 0.23547386897720468 0.28103242476924384 0.8927906737423691 0.8261343248017188 0.05999992166672441 0.7702762633874141 0.10612070384515848 0.35260282099946694 0.9625042636095629 0.5311944679699548 0.9607283114514624 0.3515988409895435 0.8196867332938437 0.0

# Optimal Walk
0 20 17 6 3 4 10 7 1 21 12 8 2 5 18 16 14 19 11 15 13 9 0
