# MCW Instance
# Type: UNIFORM
# N: 22
# Optimal cost: 1.5019823546317128
# Optimal tour (permutation): [0, 17, 14, 2, 15, 8, 20, 12, 10, 16, 19, 6, 11, 1, 18, 7, 13, 21, 5, 9, 3, 4, 0]
# Optimal walk (full path): [0, 14, 17, 14, 2, 15, 8, 20, 12, 10, 12, 16, 19, 6, 19, 3, 11, 7, 1, 18, 1, 7, 13, 21, 5, 9, 3, 4, 0]
# Walk size: 29
# Is walk (has repeats): true

# Distance Matrix
0.0000000000 0.4932356225 0.4144188668 0.8257195193 0.0037493953 0.0985326360 0.1871656292 0.1169633507 0.2101710766 0.2290847070 0.9218283569 0.8570399266 0.8752536587 0.8991007957 0.1315159593 0.5486302440 0.7070482936 0.4166605057 0.2503429963 0.5399314594 0.0637053032 0.3131466524
0.4932356225 0.0000000000 0.2589696203 0.2757490341 0.8017546927 0.1981702913 0.7470853580 0.0043700518 0.7807061376 0.7062781950 0.5764415981 0.9468396333 0.6724368140 0.7027097888 0.9105767809 0.7018646613 0.7169986627 0.6976968863 0.0111669347 0.7074200680 0.5908918402 0.9822763110
0.4144188668 0.2589696203 0.0000000000 0.8659733899 0.9092347149 0.6095140303 0.3433116769 0.4096490439 0.3966855291 0.0724100200 0.3413977810 0.8262028058 0.6582298841 0.6781101837 0.0425469415 0.1807116307 0.2813579688 0.5847598191 0.7830336494 0.4179081494 0.3761484570 0.8734060371
0.8257195193 0.2757490341 0.8659733899 0.0000000000 0.0165004580 0.5865611829 0.7368622069 0.8827227086 0.5434040006 0.0011054277 0.7726104120 0.1271180314 0.4551077348 0.9357657174 0.5359851225 0.2845832965 0.9384031632 0.3614603011 0.7576416163 0.0463055853 0.6809690538 0.1820564587
0.0037493953 0.8017546927 0.9092347149 0.0165004580 0.0000000000 0.6551738428 0.4569813463 0.9942540960 0.4040911930 0.4262252027 0.7429313262 0.9274950935 0.6828584967 0.7586294081 0.5245320075 0.5850596024 0.7278039734 0.3944765252 0.7401425519 0.5790279542 0.1214564839 0.7703521302
0.0985326360 0.1981702913 0.6095140303 0.5865611829 0.6551738428 0.0000000000 0.5706200192 0.0499069821 0.2086654962 0.0225979633 0.1466801576 0.9705933244 0.8467022600 0.1942948178 0.8457748302 0.5121818964 0.9718214850 0.3097696394 0.5408212497 0.0949403627 0.1341697422 0.0927801669
0.1871656292 0.7470853580 0.3433116769 0.7368622069 0.4569813463 0.5706200192 0.0000000000 0.2500323744 0.3737482717 0.3804653678 0.4961325808 0.2552616865 0.8145252965 0.1226642136 0.8833385445 0.9056898708 0.7066497713 0.9208643380 0.6570202186 0.0043447755 0.4260953041 0.4299917006
0.1169633507 0.0043700518 0.4096490439 0.8827227086 0.9942540960 0.0499069821 0.2500323744 0.0000000000 0.3641225434 0.8868600657 0.5149899374 0.1123486081 0.8245948827 0.0450424943 0.6755285835 0.7018947277 0.6280542307 0.4222309511 0.0896464203 0.8211704706 0.4220451171 0.3130953979
0.2101710766 0.7807061376 0.3966855291 0.5434040006 0.4040911930 0.2086654962 0.3737482717 0.3641225434 0.0000000000 0.5705870495 0.5980611015 0.7758617758 0.1374373087 0.9284761949 0.6071391532 0.0455005273 0.2257173328 0.5892379864 0.9691115757 0.5881613854 0.1534503303 0.9446676088
0.2290847070 0.7062781950 0.0724100200 0.0011054277 0.4262252027 0.0225979633 0.3804653678 0.8868600657 0.5705870495 0.0000000000 0.9819377474 0.8788198575 0.0922715010 0.1312006276 0.2284725605 0.5667408815 0.1073916276 0.9358957047 0.7080286834 0.2764091802 0.3243238827 0.3103742512
0.9218283569 0.5764415981 0.3413977810 0.7726104120 0.7429313262 0.1466801576 0.4961325808 0.5149899374 0.5980611015 0.9819377474 0.0000000000 0.1730407667 0.0052012464 0.4121776800 0.5369369831 0.5170536343 0.2992259044 0.8864804341 0.4358037263 0.7565452099 0.9991122830 0.3214010998
0.8570399266 0.9468396333 0.8262028058 0.1271180314 0.9274950935 0.9705933244 0.2552616865 0.1123486081 0.7758617758 0.8788198575 0.1730407667 0.0000000000 0.1283999220 0.8766344793 0.2391250440 0.6794140172 0.7788390157 0.5695134412 0.5558387068 0.6158551894 0.4242274700 0.6844812753
0.8752536587 0.6724368140 0.6582298841 0.4551077348 0.6828584967 0.8467022600 0.8145252965 0.8245948827 0.1374373087 0.0922715010 0.0052012464 0.1283999220 0.0000000000 0.4167042809 0.7964878569 0.4741447411 0.0297479463 0.2141929304 0.9781075074 0.7106277646 0.0187136079 0.7878034214
0.8991007957 0.7027097888 0.6781101837 0.9357657174 0.7586294081 0.1942948178 0.1226642136 0.0450424943 0.9284761949 0.1312006276 0.4121776800 0.8766344793 0.4167042809 0.0000000000 0.8453811036 0.6522160419 0.5372190179 0.8340706410 0.3715291916 0.9590892526 0.3233016488 0.1438153104
0.1315159593 0.9105767809 0.0425469415 0.5359851225 0.5245320075 0.8457748302 0.8833385445 0.6755285835 0.6071391532 0.2284725605 0.5369369831 0.2391250440 0.7964878569 0.8453811036 0.0000000000 0.7761233039 0.1510571243 0.0972805599 0.4662256768 0.9901860177 0.2861366075 0.6575330899
0.5486302440 0.7018646613 0.1807116307 0.2845832965 0.5850596024 0.5121818964 0.9056898708 0.7018947277 0.0455005273 0.5667408815 0.5170536343 0.6794140172 0.4741447411 0.6522160419 0.7761233039 0.0000000000 0.9409637196 0.9069437213 0.4046786630 0.1661146127 0.4623402805 0.5959976519
0.7070482936 0.7169986627 0.2813579688 0.9384031632 0.7278039734 0.9718214850 0.7066497713 0.6280542307 0.2257173328 0.1073916276 0.2992259044 0.7788390157 0.0297479463 0.5372190179 0.1510571243 0.9409637196 0.0000000000 0.4824836285 0.8884120968 0.0437048344 0.0893418571 0.3560700891
0.4166605057 0.6976968863 0.5847598191 0.3614603011 0.3944765252 0.3097696394 0.9208643380 0.4222309511 0.5892379864 0.9358957047 0.8864804341 0.5695134412 0.2141929304 0.8340706410 0.0972805599 0.9069437213 0.4824836285 0.0000000000 0.7223113932 0.2355469315 0.3095710234 0.5842393128
0.2503429963 0.0111669347 0.7830336494 0.7576416163 0.7401425519 0.5408212497 0.6570202186 0.0896464203 0.9691115757 0.7080286834 0.4358037263 0.5558387068 0.9781075074 0.3715291916 0.4662256768 0.4046786630 0.8884120968 0.7223113932 0.0000000000 0.9548967545 0.9174086379 0.2037854768
0.5399314594 0.7074200680 0.4179081494 0.0463055853 0.5790279542 0.0949403627 0.0043447755 0.8211704706 0.5881613854 0.2764091802 0.7565452099 0.6158551894 0.7106277646 0.9590892526 0.9901860177 0.1661146127 0.0437048344 0.2355469315 0.9548967545 0.0000000000 0.4923035741 0.8184907079
0.0637053032 0.5908918402 0.3761484570 0.6809690538 0.1214564839 0.1341697422 0.4260953041 0.4220451171 0.1534503303 0.3243238827 0.9991122830 0.4242274700 0.0187136079 0.3233016488 0.2861366075 0.4623402805 0.0893418571 0.3095710234 0.9174086379 0.4923035741 0.0000000000 0.3315581089
0.3131466524 0.9822763110 0.8734060371 0.1820564587 0.7703521302 0.0927801669 0.4299917006 0.3130953979 0.9446676088 0.3103742512 0.3214010998 0.6844812753 0.7878034214 0.1438153104 0.6575330899 0.5959976519 0.3560700891 0.5842393128 0.2037854768 0.8184907079 0.3315581089 0.0000000000
