# Graph size: 22
# Optimal cost: 1.7115619123765895

# Distance Matrix
0.0 0.16094340951370645 0.9334969231385604 0.11493086677653075 0.47998399303114603 0.01680522503947235 0.37184291782792767 0.5138295389403883 0.8775508793242394 0.9712663834046907 0.2913892679101532 0.9456470886002646 0.5142878180166348 0.5624635266431325 0.5144787282633592 0.9305992618069859 0.7923064151146707 0.47563751330247894 0.24572910808024473 0.46078417473116906 0.12336615716963728 0.6603755147239716
0.16094340951370645 0.0 0.20980336130805544 0.3452804258333436 0.3033089454059805 0.38605596032854683 0.09979641925720195 0.34820001560985725 0.11008915118005835 0.1796187630566659 0.42220627881145956 0.22446216102134486 0.32904318149870215 0.3563845512758105 0.8176219019967911 0.5402822152963526 0.04283137609575438 0.9024982662408151 0.4606736907501322 0.7288449153741385 0.6885238516837755 0.796674394963195
0.9334969231385604 0.20980336130805544 0.0 0.19845699753291113 0.17635908397567013 0.08059193106596219 0.4692722540351195 0.6735527400557554 0.25966637655472014 0.3261043642231536 0.9883313424568951 0.7959337184775338 0.1638043045416755 0.31721832772390324 0.7350487216244734 0.5774586445544962 0.9963991448051963 0.276092606429853 0.7852813321422314 0.5233207771458693 0.18549194637070732 0.648640765378745
0.11493086677653075 0.3452804258333436 0.19845699753291113 0.0 0.9490084744195638 0.48673124328349826 0.39837683955144676 0.49608020510995365 0.4362903381519525 0.13628206575439616 0.25125757924974723 0.4170228434705885 0.4161110261556584 0.9598470852511639 0.893004595686285 0.9478913687380859 0.3135952702308894 0.034543904092548705 0.14102209351539807 0.3357350644906636 0.5514398119918449 0.6291933216424785
0.47998399303114603 0.3033089454059805 0.17635908397567013 0.9490084744195638 0.0 0.2232101476680961 0.5550574503643981 0.5830024897665473 0.07387720577324719 0.337234463656195 0.4490572905791116 0.48734270520011613 0.23060972580055916 0.17679218013437092 0.9157239700227306 0.10060949285342002 0.3298007625962287 0.2942893536293516 0.13051655915659943 0.6435241575845339 0.8991048412153532 0.6703215843735676
0.01680522503947235 0.38605596032854683 0.08059193106596219 0.48673124328349826 0.2232101476680961 0.0 0.8998957513502497 0.07130656668164026 0.00441208870200549 0.14257640464149401 0.3737662494387918 0.9202454216064416 0.047153021434926834 0.4102524558169153 0.5099267249237543 0.2542144991089764 0.9177518526870561 0.1748167981706823 0.8799131467509586 0.4247887049693826 0.3919779374471758 0.603898628355782
0.37184291782792767 0.09979641925720195 0.4692722540351195 0.39837683955144676 0.5550574503643981 0.8998957513502497 0.0 0.633160716124582 0.7502144846051139 0.27510839151213873 0.7123438828252064 0.6951984039423212 0.8913419615088524 0.9482294580084276 0.4429322155677722 0.5656292857495869 0.6567265820987144 0.651668163010981 0.1989837930925833 0.40293887976219245 0.20446016168996195 0.052459530620833084
0.5138295389403883 0.34820001560985725 0.6735527400557554 0.49608020510995365 0.5830024897665473 0.07130656668164026 0.633160716124582 0.0 0.33206052835188204 0.4357129337295359 0.12489300947722315 0.38591899590968237 0.6201925132981156 0.12363480134344884 0.686259560293627 0.735803961184435 0.08553722065768976 0.9066719949427179 0.6043224887088843 0.8232116588879574 0.5951053818816643 0.8271503573152585
0.8775508793242394 0.11008915118005835 0.25966637655472014 0.4362903381519525 0.07387720577324719 0.00441208870200549 0.7502144846051139 0.33206052835188204 0.0 0.057501110068161165 0.0112757125752323 0.5641643382827114 0.7869533363194351 0.3105517549735838 0.10088662994429864 0.7391556457741868 0.7108731612400262 0.23271929305773054 0.8920765382187401 0.47544124908276986 0.4271792810827192 0.2003806896411361
0.9712663834046907 0.1796187630566659 0.3261043642231536 0.13628206575439616 0.337234463656195 0.14257640464149401 0.27510839151213873 0.4357129337295359 0.057501110068161165 0.0 0.41637199737811825 0.1449178886193424 0.6477591248412496 0.3595526152420968 0.2073327273725566 0.30951691350267296 0.032724817166876696 0.9902373022423456 0.9696587105492764 0.07883300967693774 0.9581686434643482 0.7624319393415554
0.2913892679101532 0.42220627881145956 0.9883313424568951 0.25125757924974723 0.4490572905791116 0.3737662494387918 0.7123438828252064 0.12489300947722315 0.0112757125752323 0.41637199737811825 0.0 0.5316614131089878 0.6336014365191417 0.2707894784063052 0.002728551884881303 0.02155964071927685 0.24147068891222534 0.009400685391221297 0.7007831174883344 0.7949739573187213 0.21749348656315592 0.8008700970972136
0.9456470886002646 0.22446216102134486 0.7959337184775338 0.4170228434705885 0.48734270520011613 0.9202454216064416 0.6951984039423212 0.38591899590968237 0.5641643382827114 0.1449178886193424 0.5316614131089878 0.0 0.8765336877447094 0.7591584987711826 0.18898569473286408 0.39683075450582317 0.10189986765036452 0.38892202181099167 0.7128796789758532 0.6075407345683032 0.42479594262293385 0.909855032859631
0.5142878180166348 0.32904318149870215 0.1638043045416755 0.4161110261556584 0.23060972580055916 0.047153021434926834 0.8913419615088524 0.6201925132981156 0.7869533363194351 0.6477591248412496 0.6336014365191417 0.8765336877447094 0.0 0.763424409461805 0.7105593253820918 0.6786435119708738 0.8363933241189657 0.859062159387857 0.2644458617031725 0.17716910273659447 0.29541254533742156 0.6295374298190161
0.5624635266431325 0.3563845512758105 0.31721832772390324 0.9598470852511639 0.17679218013437092 0.4102524558169153 0.9482294580084276 0.12363480134344884 0.3105517549735838 0.3595526152420968 0.2707894784063052 0.7591584987711826 0.763424409461805 0.0 0.1414764893235202 0.09212539424985167 0.3404626051294083 0.4377705665325574 0.5084133270184998 0.390675063404754 0.7674142041641157 0.2657551762938517
0.5144787282633592 0.8176219019967911 0.7350487216244734 0.893004595686285 0.9157239700227306 0.5099267249237543 0.4429322155677722 0.686259560293627 0.10088662994429864 0.2073327273725566 0.002728551884881303 0.18898569473286408 0.7105593253820918 0.1414764893235202 0.0 0.430649566887901 0.0695286319837366 0.7792047847936108 0.4497149302581879 0.7525930575808982 0.5645287522373952 0.21553425519835123
0.9305992618069859 0.5402822152963526 0.5774586445544962 0.9478913687380859 0.10060949285342002 0.2542144991089764 0.5656292857495869 0.735803961184435 0.7391556457741868 0.30951691350267296 0.02155964071927685 0.39683075450582317 0.6786435119708738 0.09212539424985167 0.430649566887901 0.0 0.006981943997887097 0.9159397458014965 0.6372252213550477 0.9627758553903859 0.23553531917076975 0.4175280527182368
0.7923064151146707 0.04283137609575438 0.9963991448051963 0.3135952702308894 0.3298007625962287 0.9177518526870561 0.6567265820987144 0.08553722065768976 0.7108731612400262 0.032724817166876696 0.24147068891222534 0.10189986765036452 0.8363933241189657 0.3404626051294083 0.0695286319837366 0.006981943997887097 0.0 0.7440864624332312 0.5900304690182793 0.9868653065282813 0.6797536876828828 0.8793447706087065
0.47563751330247894 0.9024982662408151 0.276092606429853 0.034543904092548705 0.2942893536293516 0.1748167981706823 0.651668163010981 0.9066719949427179 0.23271929305773054 0.9902373022423456 0.009400685391221297 0.38892202181099167 0.859062159387857 0.4377705665325574 0.7792047847936108 0.9159397458014965 0.7440864624332312 0.0 0.21916827253127535 0.5138048309256723 0.2090635636542605 0.14907413425614435
0.24572910808024473 0.4606736907501322 0.7852813321422314 0.14102209351539807 0.13051655915659943 0.8799131467509586 0.1989837930925833 0.6043224887088843 0.8920765382187401 0.9696587105492764 0.7007831174883344 0.7128796789758532 0.2644458617031725 0.5084133270184998 0.4497149302581879 0.6372252213550477 0.5900304690182793 0.21916827253127535 0.0 0.129863876517758 0.07719678971922805 0.051837034198646714
0.46078417473116906 0.7288449153741385 0.5233207771458693 0.3357350644906636 0.6435241575845339 0.4247887049693826 0.40293887976219245 0.8232116588879574 0.47544124908276986 0.07883300967693774 0.7949739573187213 0.6075407345683032 0.17716910273659447 0.390675063404754 0.7525930575808982 0.9627758553903859 0.9868653065282813 0.5138048309256723 0.129863876517758 0.0 0.8819512154828935 0.6250468925676709
0.12336615716963728 0.6885238516837755 0.18549194637070732 0.5514398119918449 0.8991048412153532 0.3919779374471758 0.20446016168996195 0.5951053818816643 0.4271792810827192 0.9581686434643482 0.21749348656315592 0.42479594262293385 0.29541254533742156 0.7674142041641157 0.5645287522373952 0.23553531917076975 0.6797536876828828 0.2090635636542605 0.07719678971922805 0.8819512154828935 0.0 0.5587420897771478
0.6603755147239716 0.796674394963195 0.648640765378745 0.6291933216424785 0.6703215843735676 0.603898628355782 0.052459530620833084 0.8271503573152585 0.2003806896411361 0.7624319393415554 0.8008700970972136 0.909855032859631 0.6295374298190161 0.2657551762938517 0.21553425519835123 0.4175280527182368 0.8793447706087065 0.14907413425614435 0.051837034198646714 0.6250468925676709 0.5587420897771478 0.0

# Optimal Walk
0 2 20 18 21 6 1 16 19 9 11 15 13 7 5 12 4 10 14 3 17 8 0
