# Graph size: 22
# Optimal cost: 2.390809628950511

# Distance Matrix
0.0 0.013130370967933458 0.15094616033628472 0.6084125940709014 0.906283427663142 0.9043769432871667 0.16114069047265445 0.4564668228690675 0.36686731579151255 0.0531068742395292 0.6984387898734195 0.8751769158940662 0.2142233560258393 0.29598274108195 0.034596997543602015 0.7551011157417135 0.987913839259244 0.4787119865135596 0.2395128272095698 0.8350882081902419 0.20884313726438186 0.8702638469709386
0.013130370967933458 0.0 0.7564609734930106 0.8946509852859407 0.7422524745962303 0.7312465498814185 0.8150611728075522 0.5004180081771774 0.778856714282925 0.23105573148329794 0.3192147612526206 0.5447309147517402 0.88434920153466 0.5656310400306993 0.3560368085137757 0.7373066323287242 0.9669143406054235 0.5661348137087777 0.011849491584570049 0.41498556339885995 0.9430520588162838 0.3085928745609219
0.15094616033628472 0.7564609734930106 0.0 0.7525912970948202 0.5199372931323478 0.34393208887133675 0.2355145132023181 0.2285361681000796 0.36329859969098843 0.09766010414837278 0.08273501493607027 0.9970049032060789 0.8390683781120916 0.2472520077130702 0.46820054977329595 0.32179140013705176 0.08218723609901002 0.41977629972534203 0.34414222971162634 0.9043142270586519 0.17507965246368018 0.4490391284117562
0.6084125940709014 0.8946509852859407 0.7525912970948202 0.0 0.6400621363312181 0.1290437946690287 0.3985392941556908 0.672350086991033 0.3311811966839753 0.16454415474679995 0.6956889997399278 0.07132136254049337 0.8554750282315506 0.0515076715094307 0.4718486784551249 0.6073164015185769 0.27215062533535195 0.7304497855341434 0.5884958568139083 0.814078946477066 0.805392962534782 0.8142700694457129
0.906283427663142 0.7422524745962303 0.5199372931323478 0.6400621363312181 0.0 0.42610564865504363 0.9532368842322495 0.44943788269600826 0.7946750581045319 0.18850741366566992 0.8127893026319081 0.12450329416021466 0.2864973126865913 0.2004982673642175 0.5343500174965019 0.4678380283252891 0.8602339819449296 0.8108040843972412 0.6918337125030116 0.7201236827225513 0.9906676491493578 0.6540808392783491
0.9043769432871667 0.7312465498814185 0.34393208887133675 0.1290437946690287 0.42610564865504363 0.0 0.21243603915412257 0.3246918830943294 0.658220979799402 0.44850037217577143 0.6301721705924466 0.795495480570576 0.17973582018850354 0.2095662633390697 0.5929030873672337 0.12949903002147733 0.9166564634283874 0.746157388640395 0.5056924045142559 0.5401304746503198 0.61113606584209 0.5713977631021473
0.16114069047265445 0.8150611728075522 0.2355145132023181 0.3985392941556908 0.9532368842322495 0.21243603915412257 0.0 0.6865008391250104 0.5706622600844479 0.23437382823737385 0.9088032175278891 0.4346396314940716 0.7098671020985914 0.39652990948482414 0.3032570139470707 0.9680677897980204 0.47701962203063264 0.5638543391864542 0.456717614020709 0.27253293973266624 0.5692923079015206 0.5562045479614448
0.4564668228690675 0.5004180081771774 0.2285361681000796 0.672350086991033 0.44943788269600826 0.3246918830943294 0.6865008391250104 0.0 0.30016434838095174 0.5237184589548171 0.07182022403112265 0.05691595198384425 0.9861369091975096 0.8929749169878501 0.9191855594047686 0.15702860087130877 0.44032757378117204 0.2278768411840325 0.7668002963771551 0.2771622961056811 0.34603563344147625 0.3107604968033165
0.36686731579151255 0.778856714282925 0.36329859969098843 0.3311811966839753 0.7946750581045319 0.658220979799402 0.5706622600844479 0.30016434838095174 0.0 0.18164074642579697 0.1628711419353306 0.9518954787104891 0.1415622753789001 0.5940154022942213 0.03309834793292432 0.8911412124743104 0.9656913243638773 0.7655229809437486 0.3763903414330716 0.2797725248961235 0.5733339990733856 0.6230854327324182
0.0531068742395292 0.23105573148329794 0.09766010414837278 0.16454415474679995 0.18850741366566992 0.44850037217577143 0.23437382823737385 0.5237184589548171 0.18164074642579697 0.0 0.3358187597773553 0.7213375569672035 0.7335020966934316 0.18491574944585343 0.10109806732422588 0.487650719050157 0.49430061344091913 0.9615083094611814 0.2351751123171777 0.06761429427741072 0.48030482899782145 0.6532152158390705
0.6984387898734195 0.3192147612526206 0.08273501493607027 0.6956889997399278 0.8127893026319081 0.6301721705924466 0.9088032175278891 0.07182022403112265 0.1628711419353306 0.3358187597773553 0.0 0.40260652817313924 0.4804150051605699 0.24860083730362148 0.18569889076595147 0.538328585205435 0.23471748561350214 0.22695746461601418 0.12552783581103932 0.09796335764467223 0.5820785961133413 0.7507615745973354
0.8751769158940662 0.5447309147517402 0.9970049032060789 0.07132136254049337 0.12450329416021466 0.795495480570576 0.4346396314940716 0.05691595198384425 0.9518954787104891 0.7213375569672035 0.40260652817313924 0.0 0.3004091009324613 0.6645940227991077 0.7606583760122277 0.2397631007567309 0.012027134325314548 0.8519812609429472 0.25440408608604137 0.6113397704979049 0.574185815069096 0.14048174821107162
0.2142233560258393 0.88434920153466 0.8390683781120916 0.8554750282315506 0.2864973126865913 0.17973582018850354 0.7098671020985914 0.9861369091975096 0.1415622753789001 0.7335020966934316 0.4804150051605699 0.3004091009324613 0.0 0.7032362961015527 0.6139060016148016 0.03492657454475945 0.009468660214193236 0.9913670680471429 0.8822541775115633 0.8485224533977893 0.48884352731587555 0.21373183834970888
0.29598274108195 0.5656310400306993 0.2472520077130702 0.0515076715094307 0.2004982673642175 0.2095662633390697 0.39652990948482414 0.8929749169878501 0.5940154022942213 0.18491574944585343 0.24860083730362148 0.6645940227991077 0.7032362961015527 0.0 0.16603069339610665 0.9517241090977505 0.04226733262535809 0.6746182244613524 0.3632133055691933 0.1683607495086834 0.516028492019137 0.8079268514579117
0.034596997543602015 0.3560368085137757 0.46820054977329595 0.4718486784551249 0.5343500174965019 0.5929030873672337 0.3032570139470707 0.9191855594047686 0.03309834793292432 0.10109806732422588 0.18569889076595147 0.7606583760122277 0.6139060016148016 0.16603069339610665 0.0 0.7023702904936462 0.11737514081539258 0.7400034706891213 0.9251001461486102 0.6606458189883531 0.8315988478746905 0.25095592361041164
0.7551011157417135 0.7373066323287242 0.32179140013705176 0.6073164015185769 0.4678380283252891 0.12949903002147733 0.9680677897980204 0.15702860087130877 0.8911412124743104 0.487650719050157 0.538328585205435 0.2397631007567309 0.03492657454475945 0.9517241090977505 0.7023702904936462 0.0 0.9946073383436835 0.9788305187069478 0.10804986383400816 0.5234584342184598 0.235975212475507 0.4405395872876069
0.987913839259244 0.9669143406054235 0.08218723609901002 0.27215062533535195 0.8602339819449296 0.9166564634283874 0.47701962203063264 0.44032757378117204 0.9656913243638773 0.49430061344091913 0.23471748561350214 0.012027134325314548 0.009468660214193236 0.04226733262535809 0.11737514081539258 0.9946073383436835 0.0 0.20526197905434806 0.040010519244822906 0.17170534688701977 0.9194354878898077 0.879131302409166
0.4787119865135596 0.5661348137087777 0.41977629972534203 0.7304497855341434 0.8108040843972412 0.746157388640395 0.5638543391864542 0.2278768411840325 0.7655229809437486 0.9615083094611814 0.22695746461601418 0.8519812609429472 0.9913670680471429 0.6746182244613524 0.7400034706891213 0.9788305187069478 0.20526197905434806 0.0 0.5094653180075941 0.9220208399808341 0.5665958091792448 0.9059920541436179
0.2395128272095698 0.011849491584570049 0.34414222971162634 0.5884958568139083 0.6918337125030116 0.5056924045142559 0.456717614020709 0.7668002963771551 0.3763903414330716 0.2351751123171777 0.12552783581103932 0.25440408608604137 0.8822541775115633 0.3632133055691933 0.9251001461486102 0.10804986383400816 0.040010519244822906 0.5094653180075941 0.0 0.5516667518006626 0.9502364827787196 0.9095415085552229
0.8350882081902419 0.41498556339885995 0.9043142270586519 0.814078946477066 0.7201236827225513 0.5401304746503198 0.27253293973266624 0.2771622961056811 0.2797725248961235 0.06761429427741072 0.09796335764467223 0.6113397704979049 0.8485224533977893 0.1683607495086834 0.6606458189883531 0.5234584342184598 0.17170534688701977 0.9220208399808341 0.5516667518006626 0.0 0.18011048772209237 0.20623767167769347
0.20884313726438186 0.9430520588162838 0.17507965246368018 0.805392962534782 0.9906676491493578 0.61113606584209 0.5692923079015206 0.34603563344147625 0.5733339990733856 0.48030482899782145 0.5820785961133413 0.574185815069096 0.48884352731587555 0.516028492019137 0.8315988478746905 0.235975212475507 0.9194354878898077 0.5665958091792448 0.9502364827787196 0.18011048772209237 0.0 0.17064814204136847
0.8702638469709386 0.3085928745609219 0.4490391284117562 0.8142700694457129 0.6540808392783491 0.5713977631021473 0.5562045479614448 0.3107604968033165 0.6230854327324182 0.6532152158390705 0.7507615745973354 0.14048174821107162 0.21373183834970888 0.8079268514579117 0.25095592361041164 0.4405395872876069 0.879131302409166 0.9059920541436179 0.9095415085552229 0.20623767167769347 0.17064814204136847 0.0

# Optimal Walk
0 14 8 1 18 11 4 21 20 19 9 2 10 7 17 16 12 15 13 3 5 6 0
