# Graph size: 22
# Optimal cost: 1.8463904251776406

# Distance Matrix
0.0 0.006814636117927875 0.8849486647391553 0.22417510760557413 0.5160736728405102 0.6653941099766845 0.5120427650952251 0.19981557149025764 0.30190596331462316 0.11264612728083212 0.5888870987736408 0.3384310855866528 0.4765071110776641 0.35082272427081906 0.7065746505025678 0.02315092561785015 0.6797506801055163 0.39137637478378695 0.4189283941882206 0.8652063358293324 0.48024980608437207 0.23296244390035425
0.006814636117927875 0.0 0.30623627697146283 0.7453068425537795 0.33091539981371776 0.6118881041689467 0.6092616250240315 0.6387090167885667 0.06465372804191472 0.2235248255036295 0.9809225793683665 0.028451504766518587 0.8530852117700183 0.8954276915827646 0.5368234647099402 0.759081584556596 0.07558063753318855 0.7563815803854244 0.05086014601787847 0.5123005367114607 0.6015749736178995 0.7903207505183503
0.8849486647391553 0.30623627697146283 0.0 0.8384102426634455 0.6963063371741646 0.5760332613470944 0.2900449260338811 0.5971581145707723 0.4322133808280745 0.9161063746680658 0.6328814960129092 0.23439416667788315 0.49378165904217 0.3764298044425747 0.4889201350016237 0.49966610618259877 0.5107880359156908 0.2211811841881729 0.04217245510362422 0.06294974392315011 0.48172464482404664 0.252927604588133
0.22417510760557413 0.7453068425537795 0.8384102426634455 0.0 0.05598627812237145 0.5310456424746581 0.6581109045738914 0.1914570219974493 0.646270246704438 0.7786966308275515 0.16055684393691538 0.1702024551736936 0.4395613415735695 0.8859611805500405 0.2658174272351568 0.42353175404262267 0.3876941859716132 0.919665414054565 0.16442899128631616 0.07508961877747156 0.8868081096371059 0.7742970391731767
0.5160736728405102 0.33091539981371776 0.6963063371741646 0.05598627812237145 0.0 0.13012006321122505 0.305542753467302 0.005653548079237458 0.2964921877636759 0.4650413237815274 0.07749303463296853 0.5666371044273474 0.9573063141326968 0.2889598252720431 0.025987539633158696 0.5427700900103567 0.407748541127787 0.22591540044035097 0.0849687649305062 0.7346626391624366 0.35559842097448646 0.30843759290263606
0.6653941099766845 0.6118881041689467 0.5760332613470944 0.5310456424746581 0.13012006321122505 0.0 0.9131716854277693 0.9739317919447752 0.335313007560872 0.9672739585651404 0.20738913094435119 0.16286835820446754 0.10787102784861102 0.8036814927131598 0.546690512768044 0.3049343050904959 0.6236902394510874 0.9516848355576623 0.498093352951841 0.30663858121480514 0.709292979404098 0.22930647428991813
0.5120427650952251 0.6092616250240315 0.2900449260338811 0.6581109045738914 0.305542753467302 0.9131716854277693 0.0 0.33235066779978073 0.7385661494962267 0.8971841461175272 0.9506253472935356 0.8479317633337564 0.9318114893740382 0.10844439915833759 0.2246225115236391 0.48193798394355747 0.7557940965378622 0.2188314450503508 0.8021232941848714 0.09860877352300068 0.17441071688199072 0.8917200124815491
0.19981557149025764 0.6387090167885667 0.5971581145707723 0.1914570219974493 0.005653548079237458 0.9739317919447752 0.33235066779978073 0.0 0.04874759495569425 0.5892376572322799 0.2097048317704302 0.4450015437775018 0.4196309933024367 0.6917318504553416 0.25571119942276654 0.9341023172073295 0.8907816099024302 0.24371319424466076 0.7798592210797027 0.07956928437413402 0.16228821711332275 0.41997206316889135
0.30190596331462316 0.06465372804191472 0.4322133808280745 0.646270246704438 0.2964921877636759 0.335313007560872 0.7385661494962267 0.04874759495569425 0.0 0.3252959098654771 0.14521039814056858 0.09019772038371177 0.3732503135421378 0.38471549189180054 0.38156662442015743 0.7267308469873749 0.09674283680788942 0.1547594893478209 0.18953101992433152 0.5526071077466863 0.25737201504435125 0.3997774363081521
0.11264612728083212 0.2235248255036295 0.9161063746680658 0.7786966308275515 0.4650413237815274 0.9672739585651404 0.8971841461175272 0.5892376572322799 0.3252959098654771 0.0 0.7302196150586648 0.9706009953684926 0.21080283975591074 0.6547151581440036 0.3097380851096343 0.8960536318568051 0.402331005701265 0.7791240000781994 0.50127686171936 0.32791508438909256 0.882189708209293 0.437760996420554
0.5888870987736408 0.9809225793683665 0.6328814960129092 0.16055684393691538 0.07749303463296853 0.20738913094435119 0.9506253472935356 0.2097048317704302 0.14521039814056858 0.7302196150586648 0.0 0.6320066970089413 0.11299439040698 0.7194860013708582 0.427976446233599 0.9585357611045258 0.7264460446057747 0.6858902880467433 0.9000620761390734 0.5822280855406654 0.7831226473593649 0.6983678175889895
0.3384310855866528 0.028451504766518587 0.23439416667788315 0.1702024551736936 0.5666371044273474 0.16286835820446754 0.8479317633337564 0.4450015437775018 0.09019772038371177 0.9706009953684926 0.6320066970089413 0.0 0.42395937533992534 0.9144727223533915 0.16727602477693782 0.15965419516346668 0.544204467154248 0.29203165799723996 0.12218933703863843 0.5158416871839736 0.9347119327506539 0.16388364363069785
0.4765071110776641 0.8530852117700183 0.49378165904217 0.4395613415735695 0.9573063141326968 0.10787102784861102 0.9318114893740382 0.4196309933024367 0.3732503135421378 0.21080283975591074 0.11299439040698 0.42395937533992534 0.0 0.37667570930515937 0.06235651568680711 0.5159775019086131 0.12352048509810887 0.4019792200105059 0.27277203779743886 0.9295050750374994 0.9444408744070614 0.19046649270405314
0.35082272427081906 0.8954276915827646 0.3764298044425747 0.8859611805500405 0.2889598252720431 0.8036814927131598 0.10844439915833759 0.6917318504553416 0.38471549189180054 0.6547151581440036 0.7194860013708582 0.9144727223533915 0.37667570930515937 0.0 0.6993161864714244 0.5777405527403986 0.6916263874026558 0.5265982027381001 0.7995960108018108 0.03252188908355991 0.9280730166333206 0.5810218535815798
0.7065746505025678 0.5368234647099402 0.4889201350016237 0.2658174272351568 0.025987539633158696 0.546690512768044 0.2246225115236391 0.25571119942276654 0.38156662442015743 0.3097380851096343 0.427976446233599 0.16727602477693782 0.06235651568680711 0.6993161864714244 0.0 0.8809761231601562 0.9910304603367837 0.012990850488030947 0.8002279195017421 0.7222117684114785 0.11545633682444201 0.49707356410847003
0.02315092561785015 0.759081584556596 0.49966610618259877 0.42353175404262267 0.5427700900103567 0.3049343050904959 0.48193798394355747 0.9341023172073295 0.7267308469873749 0.8960536318568051 0.9585357611045258 0.15965419516346668 0.5159775019086131 0.5777405527403986 0.8809761231601562 0.0 0.4870641998512667 0.3313514648452339 0.031065934404116424 0.6602781798360584 0.1715036936939709 0.7295881759517915
0.6797506801055163 0.07558063753318855 0.5107880359156908 0.3876941859716132 0.407748541127787 0.6236902394510874 0.7557940965378622 0.8907816099024302 0.09674283680788942 0.402331005701265 0.7264460446057747 0.544204467154248 0.12352048509810887 0.6916263874026558 0.9910304603367837 0.4870641998512667 0.0 0.4770873222662694 0.3088450387171673 0.8564133264976354 0.6126520696712294 0.10580525135194185
0.39137637478378695 0.7563815803854244 0.2211811841881729 0.919665414054565 0.22591540044035097 0.9516848355576623 0.2188314450503508 0.24371319424466076 0.1547594893478209 0.7791240000781994 0.6858902880467433 0.29203165799723996 0.4019792200105059 0.5265982027381001 0.012990850488030947 0.3313514648452339 0.4770873222662694 0.0 0.05082684816269878 0.4896726251758119 0.2345017943242349 0.7074840423616184
0.4189283941882206 0.05086014601787847 0.04217245510362422 0.16442899128631616 0.0849687649305062 0.498093352951841 0.8021232941848714 0.7798592210797027 0.18953101992433152 0.50127686171936 0.9000620761390734 0.12218933703863843 0.27277203779743886 0.7995960108018108 0.8002279195017421 0.031065934404116424 0.3088450387171673 0.05082684816269878 0.0 0.4031843322637767 0.5618426607497444 0.8824856676673015
0.8652063358293324 0.5123005367114607 0.06294974392315011 0.07508961877747156 0.7346626391624366 0.30663858121480514 0.09860877352300068 0.07956928437413402 0.5526071077466863 0.32791508438909256 0.5822280855406654 0.5158416871839736 0.9295050750374994 0.03252188908355991 0.7222117684114785 0.6602781798360584 0.8564133264976354 0.4896726251758119 0.4031843322637767 0.0 0.7022134285013597 0.24854575160805426
0.48024980608437207 0.6015749736178995 0.48172464482404664 0.8868081096371059 0.35559842097448646 0.709292979404098 0.17441071688199072 0.16228821711332275 0.25737201504435125 0.882189708209293 0.7831226473593649 0.9347119327506539 0.9444408744070614 0.9280730166333206 0.11545633682444201 0.1715036936939709 0.6126520696712294 0.2345017943242349 0.5618426607497444 0.7022134285013597 0.0 0.5576872428033617
0.23296244390035425 0.7903207505183503 0.252927604588133 0.7742970391731767 0.30843759290263606 0.22930647428991813 0.8917200124815491 0.41997206316889135 0.3997774363081521 0.437760996420554 0.6983678175889895 0.16388364363069785 0.19046649270405314 0.5810218535815798 0.49707356410847003 0.7295881759517915 0.10580525135194185 0.7074840423616184 0.8824856676673015 0.24854575160805426 0.5576872428033617 0.0

# Optimal Walk
0 9 15 18 2 19 13 6 20 17 14 7 4 3 10 12 5 21 16 8 11 1 0
