# MCW Instance
# Type: UNIFORM
# N: 22
# Optimal cost: 1.7344975804496214
# Optimal tour (permutation): [0, 12, 16, 11, 15, 18, 4, 21, 7, 6, 9, 20, 10, 1, 8, 19, 2, 13, 17, 14, 3, 5, 0]
# Optimal walk (full path): [0, 12, 16, 11, 15, 18, 4, 7, 21, 7, 6, 9, 20, 10, 1, 9, 8, 19, 8, 2, 13, 17, 14, 5, 3, 5, 0]
# Walk size: 27
# Is walk (has repeats): true

# Distance Matrix
0.0000000000 0.5003136123 0.6472955998 0.4161233085 0.3016390827 0.0626503364 0.6945502671 0.5556751442 0.8864634088 0.8274059773 0.9856105758 0.2629689555 0.0876764587 0.6830407158 0.2790864131 0.2530760190 0.1090508792 0.4719125684 0.1962046323 0.1993024768 0.6684284797 0.9584737390
0.5003136123 0.0000000000 0.1511379744 0.2471431182 0.3725076160 0.8250860649 0.8869332786 0.4506454820 0.3143106270 0.1102813999 0.1268353867 0.7379037856 0.8020533621 0.8333938097 0.9064666449 0.3571293170 0.8244275024 0.1598419593 0.7392365315 0.8807205812 0.5848462726 0.3529422842
0.6472955998 0.1511379744 0.0000000000 0.8855196013 0.7519826112 0.1959919845 0.9309840765 0.6455541883 0.0476217877 0.4160440864 0.9024001344 0.7766782477 0.5988690171 0.1292548464 0.6872177029 0.8474329666 0.8650603285 0.1260786099 0.3495759267 0.5842286541 0.9857312213 0.6218507522
0.4161233085 0.2471431182 0.8855196013 0.0000000000 0.0639479410 0.0406815869 0.2507569049 0.8680498285 0.3168070137 0.7253944576 0.8227975674 0.1564671334 0.2058278701 0.6608672203 0.9222842515 0.4941459488 0.3403156516 0.7143892749 0.8424075843 0.2357419169 0.2694069662 0.4411776582
0.3016390827 0.3725076160 0.7519826112 0.0639479410 0.0000000000 0.1000479363 0.9999956021 0.0686886056 0.1106903979 0.7483124847 0.2682966116 0.7012311397 0.5489579537 0.3773206851 0.1658583134 0.0356366632 0.9229398561 0.6121070866 0.0598108674 0.9515505943 0.6173276434 0.9799859802
0.0626503364 0.8250860649 0.1959919845 0.0406815869 0.1000479363 0.0000000000 0.7735596519 0.7921900593 0.9098792916 0.8644494793 0.4130448125 0.5337919404 0.2382846159 0.8886475747 0.0280773228 0.4334861959 0.4697245740 0.4787241963 0.5907153491 0.5899506997 0.7337022646 0.5457608601
0.6945502671 0.8869332786 0.9309840765 0.2507569049 0.9999956021 0.7735596519 0.0000000000 0.0626842976 0.8053060863 0.0593868164 0.1948057754 0.6451327077 0.3720604610 0.2706257922 0.1204423792 0.6565553387 0.9255152112 0.3349456992 0.8805785939 0.8685035939 0.2998949236 0.6372741600
0.5556751442 0.4506454820 0.6455541883 0.8680498285 0.0686886056 0.7921900593 0.0626842976 0.0000000000 0.5536140225 0.5437431863 0.4055658372 0.4547815445 0.3788692414 0.8678069405 0.5050591086 0.2461538114 0.8561377792 0.9424306828 0.9072162539 0.2367723099 0.4374477878 0.0181487822
0.8864634088 0.3143106270 0.0476217877 0.3168070137 0.1106903979 0.9098792916 0.8053060863 0.5536140225 0.0000000000 0.0216260721 0.1806905224 0.3825974961 0.1833648264 0.9196238665 0.1109617587 0.5697541568 0.2985023640 0.0334751100 0.3517855140 0.0533839417 0.5663794379 0.3919677290
0.8274059773 0.1102813999 0.4160440864 0.7253944576 0.7483124847 0.8644494793 0.0593868164 0.5437431863 0.0216260721 0.0000000000 0.0591051156 0.9440057600 0.7637396957 0.8384880040 0.0807021423 0.7477392035 0.8239122777 0.0067574915 0.9824984137 0.6483429245 0.1568609223 0.4397593817
0.9856105758 0.1268353867 0.9024001344 0.8227975674 0.2682966116 0.4130448125 0.1948057754 0.4055658372 0.1806905224 0.0591051156 0.0000000000 0.6746894145 0.3404169322 0.8204231543 0.1289842932 0.1894976994 0.9296679322 0.4153276730 0.9239775078 0.8117485631 0.1046144535 0.3666191374
0.2629689555 0.7379037856 0.7766782477 0.1564671334 0.7012311397 0.5337919404 0.6451327077 0.4547815445 0.3825974961 0.9440057600 0.6746894145 0.0000000000 0.7162704048 0.9441345181 0.2538342707 0.0754066447 0.0371316625 0.8009489346 0.4538332823 0.2773930661 0.7251735917 0.2672337805
0.0876764587 0.8020533621 0.5988690171 0.2058278701 0.5489579537 0.2382846159 0.3720604610 0.3788692414 0.1833648264 0.7637396957 0.3404169322 0.7162704048 0.0000000000 0.2848423406 0.8284297555 0.6177025797 0.0346995071 0.2453238310 0.0523818164 0.7988024263 0.4314404674 0.1306975084
0.6830407158 0.8333938097 0.1292548464 0.6608672203 0.3773206851 0.8886475747 0.2706257922 0.8678069405 0.9196238665 0.8384880040 0.8204231543 0.9441345181 0.2848423406 0.0000000000 0.7328769229 0.7974919005 0.1993820755 0.1177710466 0.8080503765 0.2708991256 0.8415609700 0.4535872512
0.2790864131 0.9064666449 0.6872177029 0.9222842515 0.1658583134 0.0280773228 0.1204423792 0.5050591086 0.1109617587 0.0807021423 0.1289842932 0.2538342707 0.8284297555 0.7328769229 0.0000000000 0.8361880763 0.1302470330 0.0607526678 0.5858770586 0.3402080223 0.7715455686 0.2416259917
0.2530760190 0.3571293170 0.8474329666 0.4941459488 0.0356366632 0.4334861959 0.6565553387 0.2461538114 0.5697541568 0.7477392035 0.1894976994 0.0754066447 0.6177025797 0.7974919005 0.8361880763 0.0000000000 0.2920332148 0.2102100953 0.0582378568 0.8905171610 0.8644968063 0.4458629331
0.1090508792 0.8244275024 0.8650603285 0.3403156516 0.9229398561 0.4697245740 0.9255152112 0.8561377792 0.2985023640 0.8239122777 0.9296679322 0.0371316625 0.0346995071 0.1993820755 0.1302470330 0.2920332148 0.0000000000 0.9696494792 0.4400805922 0.6926747445 0.6541856182 0.3769411059
0.4719125684 0.1598419593 0.1260786099 0.7143892749 0.6121070866 0.4787241963 0.3349456992 0.9424306828 0.0334751100 0.0067574915 0.4153276730 0.8009489346 0.2453238310 0.1177710466 0.0607526678 0.2102100953 0.9696494792 0.0000000000 0.8504875639 0.6449834341 0.8833214128 0.2373663767
0.1962046323 0.7392365315 0.3495759267 0.8424075843 0.0598108674 0.5907153491 0.8805785939 0.9072162539 0.3517855140 0.9824984137 0.9239775078 0.4538332823 0.0523818164 0.8080503765 0.5858770586 0.0582378568 0.4400805922 0.8504875639 0.0000000000 0.9945080994 0.4993399720 0.5691892398
0.1993024768 0.8807205812 0.5842286541 0.2357419169 0.9515505943 0.5899506997 0.8685035939 0.2367723099 0.0533839417 0.6483429245 0.8117485631 0.2773930661 0.7988024263 0.2708991256 0.3402080223 0.8905171610 0.6926747445 0.6449834341 0.9945080994 0.0000000000 0.6079890240 0.9007250193
0.6684284797 0.5848462726 0.9857312213 0.2694069662 0.6173276434 0.7337022646 0.2998949236 0.4374477878 0.5663794379 0.1568609223 0.1046144535 0.7251735917 0.4314404674 0.8415609700 0.7715455686 0.8644968063 0.6541856182 0.8833214128 0.4993399720 0.6079890240 0.0000000000 0.2963991629
0.9584737390 0.3529422842 0.6218507522 0.4411776582 0.9799859802 0.5457608601 0.6372741600 0.0181487822 0.3919677290 0.4397593817 0.3666191374 0.2672337805 0.1306975084 0.4535872512 0.2416259917 0.4458629331 0.3769411059 0.2373663767 0.5691892398 0.9007250193 0.2963991629 0.0000000000
