# MCW Instance
# Type: UNIFORM
# N: 22
# Optimal cost: 2.6206313550417986
# Optimal tour (permutation): [0, 4, 12, 11, 2, 21, 14, 9, 7, 15, 20, 13, 1, 3, 8, 18, 17, 6, 5, 16, 10, 19, 0]
# Optimal walk (full path): [0, 4, 12, 11, 2, 21, 14, 9, 14, 21, 7, 15, 20, 13, 1, 3, 8, 18, 17, 6, 15, 5, 16, 10, 19, 0]
# Walk size: 26
# Is walk (has repeats): true

# Distance Matrix
0.0000000000 0.4192144442 0.6678575565 0.1669108219 0.0515624548 0.9485863490 0.8281765372 0.3810982688 0.2847812865 0.7903101081 0.7556382509 0.4295997688 0.0768051464 0.7721010105 0.1345008921 0.9876254913 0.6806914309 0.4063170741 0.3838965488 0.1907717374 0.5345472908 0.2282160983
0.4192144442 0.0000000000 0.8005137446 0.0716024331 0.4384687082 0.5259984113 0.8099617596 0.6329043781 0.4674958104 0.5542184181 0.3961829469 0.4192194077 0.7920016400 0.0574999754 0.4901939162 0.6992323506 0.4294709044 0.9480916909 0.3425996161 0.4038211972 0.8354136353 0.2786502714
0.6678575565 0.8005137446 0.0000000000 0.6787396976 0.7780515184 0.1561987050 0.2307414067 0.7409890719 0.3001244876 0.9128802243 0.6998991799 0.1596500610 0.7962639075 0.8626296656 0.1996867566 0.9620366889 0.8377544226 0.7931752260 0.2300523268 0.9287659098 0.4448197185 0.0456890914
0.1669108219 0.0716024331 0.6787396976 0.0000000000 0.9593763372 0.9369350726 0.8417559657 0.6328523614 0.0549570723 0.8917782120 0.5087123453 0.9213663325 0.7632835278 0.3415585676 0.0577369109 0.9819682132 0.8892962655 0.8948684722 0.5241831164 0.8750480731 0.1529377820 0.1151714538
0.0515624548 0.4384687082 0.7780515184 0.9593763372 0.0000000000 0.5092982103 0.3362529014 0.5116463895 0.6543363067 0.2357916287 0.5540030489 0.4290484263 0.0050761324 0.9854083759 0.9896349643 0.7429558618 0.4016198221 0.5760080396 0.4809235453 0.7398768855 0.0786075292 0.5053778401
0.9485863490 0.5259984113 0.1561987050 0.9369350726 0.5092982103 0.0000000000 0.1910262563 0.2786002437 0.3101154678 0.1399835834 0.3174303741 0.3220136540 0.3938798292 0.8590897134 0.8592735824 0.0341701885 0.0202033362 0.3781556839 0.1564475234 0.6787163719 0.2706920497 0.5701430972
0.8281765372 0.8099617596 0.2307414067 0.8417559657 0.3362529014 0.1910262563 0.0000000000 0.3601827977 0.9151486080 0.8288844549 0.9793436241 0.4723526356 0.7309651662 0.8529983909 0.8795653838 0.0995222958 0.1706332214 0.3604359337 0.1669912572 0.6078095888 0.2263914934 0.9043499539
0.3810982688 0.6329043781 0.7409890719 0.6328523614 0.5116463895 0.2786002437 0.3601827977 0.0000000000 0.5977494266 0.9359113509 0.7412608403 0.7844906213 0.8812129948 0.9261895828 0.9412368264 0.0277137302 0.9222722416 0.6675002461 0.2614894713 0.8979471278 0.0692991768 0.0084866401
0.2847812865 0.4674958104 0.3001244876 0.0549570723 0.6543363067 0.3101154678 0.9151486080 0.5977494266 0.0000000000 0.4604973571 0.7510753822 0.5692512821 0.0963480333 0.6263946265 0.6371169053 0.5573372008 0.5236341990 0.5714109149 0.1702319965 0.8158944169 0.4244043111 0.2831360528
0.7903101081 0.5542184181 0.9128802243 0.8917782120 0.2357916287 0.1399835834 0.8288844549 0.9359113509 0.4604973571 0.0000000000 0.8365141154 0.2256046564 0.6511287909 0.5554425642 0.0901808895 0.3019002722 0.9850012942 0.6572510803 0.3006951625 0.4603906263 0.1848669192 0.9139247742
0.7556382509 0.3961829469 0.6998991799 0.5087123453 0.5540030489 0.3174303741 0.9793436241 0.7412608403 0.7510753822 0.8365141154 0.0000000000 0.8565110418 0.6873645853 0.5637622965 0.3739309299 0.5055533460 0.1049014669 0.6971017669 0.3125089159 0.3182030550 0.5148494883 0.8128331493
0.4295997688 0.4192194077 0.1596500610 0.9213663325 0.4290484263 0.3220136540 0.4723526356 0.7844906213 0.5692512821 0.2256046564 0.8565110418 0.0000000000 0.1844361130 0.4954758014 0.3819074171 0.3914257973 0.7795837481 0.6132441098 0.8732714090 0.5123424009 0.7578073742 0.7927681296
0.0768051464 0.7920016400 0.7962639075 0.7632835278 0.0050761324 0.3938798292 0.7309651662 0.8812129948 0.0963480333 0.6511287909 0.6873645853 0.1844361130 0.0000000000 0.5107859816 0.5236852710 0.4438175948 0.7184641704 0.7112641272 0.6829968702 0.7480281097 0.3857535811 0.9916187135
0.7721010105 0.0574999754 0.8626296656 0.3415585676 0.9854083759 0.8590897134 0.8529983909 0.9261895828 0.6263946265 0.5554425642 0.5637622965 0.4954758014 0.5107859816 0.0000000000 0.5197333474 0.3459803321 0.9549995774 0.8976732759 0.8037188265 0.7967948086 0.1119526625 0.7789974108
0.1345008921 0.4901939162 0.1996867566 0.0577369109 0.9896349643 0.8592735824 0.8795653838 0.9412368264 0.6371169053 0.0901808895 0.3739309299 0.3819074171 0.5236852710 0.5197333474 0.0000000000 0.1689277426 0.1102013392 0.8907903272 0.3768382526 0.6382306596 0.3820516961 0.0027496818
0.9876254913 0.6992323506 0.9620366889 0.9819682132 0.7429558618 0.0341701885 0.0995222958 0.0277137302 0.5573372008 0.3019002722 0.5055533460 0.3914257973 0.4438175948 0.3459803321 0.1689277426 0.0000000000 0.8181959996 0.5222792304 0.5098197225 0.3315172620 0.0163182556 0.4244937818
0.6806914309 0.4294709044 0.8377544226 0.8892962655 0.4016198221 0.0202033362 0.1706332214 0.9222722416 0.5236341990 0.9850012942 0.1049014669 0.7795837481 0.7184641704 0.9549995774 0.1102013392 0.8181959996 0.0000000000 0.6724456856 0.4059522272 0.6663644402 0.3741573541 0.2129831515
0.4063170741 0.9480916909 0.7931752260 0.8948684722 0.5760080396 0.3781556839 0.3604359337 0.6675002461 0.5714109149 0.6572510803 0.6971017669 0.6132441098 0.7112641272 0.8976732759 0.8907903272 0.5222792304 0.6724456856 0.0000000000 0.3413855805 0.9947180290 0.4309077225 0.7978580356
0.3838965488 0.3425996161 0.2300523268 0.5241831164 0.4809235453 0.1564475234 0.1669912572 0.2614894713 0.1702319965 0.3006951625 0.3125089159 0.8732714090 0.6829968702 0.8037188265 0.3768382526 0.5098197225 0.4059522272 0.3413855805 0.0000000000 0.9526500574 0.1714007867 0.4564594202
0.1907717374 0.4038211972 0.9287659098 0.8750480731 0.7398768855 0.6787163719 0.6078095888 0.8979471278 0.8158944169 0.4603906263 0.3182030550 0.5123424009 0.7480281097 0.7967948086 0.6382306596 0.3315172620 0.6663644402 0.9947180290 0.9526500574 0.0000000000 0.2431513977 0.4851606762
0.5345472908 0.8354136353 0.4448197185 0.1529377820 0.0786075292 0.2706920497 0.2263914934 0.0692991768 0.4244043111 0.1848669192 0.5148494883 0.7578073742 0.3857535811 0.1119526625 0.3820516961 0.0163182556 0.3741573541 0.4309077225 0.1714007867 0.2431513977 0.0000000000 0.8272703383
0.2282160983 0.2786502714 0.0456890914 0.1151714538 0.5053778401 0.5701430972 0.9043499539 0.0084866401 0.2831360528 0.9139247742 0.8128331493 0.7927681296 0.9916187135 0.7789974108 0.0027496818 0.4244937818 0.2129831515 0.7978580356 0.4564594202 0.4851606762 0.8272703383 0.0000000000
