# Graph size: 22
# Optimal cost: 2.012227220013297

# Distance Matrix
0.0 0.68001383417502 0.7217375639820226 0.7268836728214831 0.42141717751758523 0.4245773111339455 0.18584294630387577 0.09101178319209013 0.5432526734263191 0.1923801315477609 0.6741555308888162 0.5639717201879595 0.7465478399342939 0.9690263414091532 0.20593618812568426 0.0631011633636912 0.3501527815602642 0.6737176088973467 0.219055842500552 0.09174143559407921 0.3472466816016997 0.646759040262878
0.68001383417502 0.0 0.46019706449113784 0.313997268064652 0.8275757531093456 0.10107023455363962 0.9496339633018799 0.8806265972607987 0.16141848245386825 0.5770390998621326 0.8541169306920364 0.8544798203306105 0.48241806320544733 0.8785321034214875 0.6414279881875027 0.28800892768349695 0.937086098897905 0.1876008990630167 0.46146154904733294 0.9907190068360573 0.6306953558655447 0.056402770956799686
0.7217375639820226 0.46019706449113784 0.0 0.30122405425733634 0.7910361749043551 0.1924439426301474 0.7570775802184976 0.09493577296983258 0.1449168848548822 0.40718685802773547 0.033801982176229095 0.6354563452882004 0.272626176653224 0.4166951298356373 0.6459666661887512 0.8295454140429506 0.6154630685982848 0.5803168203169007 0.2174002769594957 0.567007947089316 0.29581321445869946 0.20307845187605733
0.7268836728214831 0.313997268064652 0.30122405425733634 0.0 0.813789499510069 0.23256367721512594 0.4367608474322153 0.9886787724293727 0.3589213605822328 0.6793188752788282 0.6515928493471178 0.25549178423260244 0.47010083410711045 0.3040073773752401 0.7488799667076115 0.6656093235244377 0.5440728324971003 0.7167074815345685 0.7154216281875747 0.4601177197305225 0.9570047050423153 0.38152992753586645
0.42141717751758523 0.8275757531093456 0.7910361749043551 0.813789499510069 0.0 0.3371921566503717 0.9682173923695988 0.05556143797252777 0.5198114182952412 0.39752784485010373 0.46345793105309707 0.2108329588413178 0.5136370792975029 0.2521461392332326 0.27727536665942976 0.5828488470109643 0.025054598933247907 0.7221894397613111 0.44818263716764517 0.4006426369434034 0.05513147449803568 0.6693376843864268
0.4245773111339455 0.10107023455363962 0.1924439426301474 0.23256367721512594 0.3371921566503717 0.0 0.08437812840900627 0.5013046392460592 0.20704616201198112 0.3211355573007293 0.048201000668498084 0.5911883340455294 0.48869271142690696 0.4000315870303235 0.5327766609085851 0.19341231297613626 0.0928179139017038 0.3762279265785726 0.5943591957379866 0.5280260889673991 0.7264986492321082 0.7122914566618912
0.18584294630387577 0.9496339633018799 0.7570775802184976 0.4367608474322153 0.9682173923695988 0.08437812840900627 0.0 0.7282920325794864 0.6346848703735153 0.22680638502671535 0.7965780858492599 0.13217202588443444 0.8924046988381118 0.3957947507570163 0.37287369178928553 0.3867162124475261 0.7169461323031695 0.21548562384063374 0.6652571152902843 0.9029945554867276 0.6236010514847822 0.8623171352811334
0.09101178319209013 0.8806265972607987 0.09493577296983258 0.9886787724293727 0.05556143797252777 0.5013046392460592 0.7282920325794864 0.0 0.07004174701324073 0.6341060713675023 0.03163399951414636 0.23055743749719948 0.2407537866420868 0.2300399099759337 0.15635543387887618 0.9954760892476817 0.6274573556222074 0.026376599031985304 0.08578188069246673 0.599604584915242 0.04833748896471213 6.495075178649667E-4
0.5432526734263191 0.16141848245386825 0.1449168848548822 0.3589213605822328 0.5198114182952412 0.20704616201198112 0.6346848703735153 0.07004174701324073 0.0 0.671063150750336 0.9292060566294033 0.6693042567063737 0.10459965364501356 0.17333470530460393 0.8631140111848253 0.8464821891841873 0.18622197388460593 0.7043788955129805 0.32238823861732524 0.6468014398347994 0.05241462447123324 0.3744556299615507
0.1923801315477609 0.5770390998621326 0.40718685802773547 0.6793188752788282 0.39752784485010373 0.3211355573007293 0.22680638502671535 0.6341060713675023 0.671063150750336 0.0 0.9267756364637917 0.5035078090361462 0.09120707043412546 0.7178898723351264 0.8727524426820302 0.3862615829606695 0.27195713787656906 0.4054795209564479 0.1879635573437246 0.0695949567046742 0.2725706708191572 0.47251398483904705
0.6741555308888162 0.8541169306920364 0.033801982176229095 0.6515928493471178 0.46345793105309707 0.048201000668498084 0.7965780858492599 0.03163399951414636 0.9292060566294033 0.9267756364637917 0.0 0.08816390091026205 0.5688512868169645 0.9447120306087708 0.2921701189179057 0.7653053153955802 0.5793294618191207 0.32113739201594915 0.3062794404405008 0.5692019137332394 0.8022090720401984 0.8936969817042436
0.5639717201879595 0.8544798203306105 0.6354563452882004 0.25549178423260244 0.2108329588413178 0.5911883340455294 0.13217202588443444 0.23055743749719948 0.6693042567063737 0.5035078090361462 0.08816390091026205 0.0 0.08893605181058006 0.21024609832458696 0.3699332109003991 0.9462166545237468 0.6631419740532385 0.30693585268499635 0.19407770503161592 0.3133827659991877 0.11666319082100107 0.32951359549989145
0.7465478399342939 0.48241806320544733 0.272626176653224 0.47010083410711045 0.5136370792975029 0.48869271142690696 0.8924046988381118 0.2407537866420868 0.10459965364501356 0.09120707043412546 0.5688512868169645 0.08893605181058006 0.0 0.9503367856957865 0.05491891888664069 0.47049577939940035 0.7498055943739582 0.5881067517382772 0.1837568708087417 0.4418185079096345 0.9973901572217106 0.7062511540023826
0.9690263414091532 0.8785321034214875 0.4166951298356373 0.3040073773752401 0.2521461392332326 0.4000315870303235 0.3957947507570163 0.2300399099759337 0.17333470530460393 0.7178898723351264 0.9447120306087708 0.21024609832458696 0.9503367856957865 0.0 0.7675680000485131 0.21303468692683847 0.6435118671520077 0.8719820222209687 0.4349361332783511 0.5694824601805969 0.08669813595366138 0.9763937738572084
0.20593618812568426 0.6414279881875027 0.6459666661887512 0.7488799667076115 0.27727536665942976 0.5327766609085851 0.37287369178928553 0.15635543387887618 0.8631140111848253 0.8727524426820302 0.2921701189179057 0.3699332109003991 0.05491891888664069 0.7675680000485131 0.0 0.5606157820096229 0.8006196393213725 0.8978232920916059 0.01803760402569099 0.17873514742163754 0.5729655888412281 0.8974050365312854
0.0631011633636912 0.28800892768349695 0.8295454140429506 0.6656093235244377 0.5828488470109643 0.19341231297613626 0.3867162124475261 0.9954760892476817 0.8464821891841873 0.3862615829606695 0.7653053153955802 0.9462166545237468 0.47049577939940035 0.21303468692683847 0.5606157820096229 0.0 0.2850258615052045 0.9784657781879428 0.5778087577458556 0.984206113845285 0.7665074526994677 0.5735964187239546
0.3501527815602642 0.937086098897905 0.6154630685982848 0.5440728324971003 0.025054598933247907 0.0928179139017038 0.7169461323031695 0.6274573556222074 0.18622197388460593 0.27195713787656906 0.5793294618191207 0.6631419740532385 0.7498055943739582 0.6435118671520077 0.8006196393213725 0.2850258615052045 0.0 0.13266612693494162 0.7117544802343128 0.7659570557410397 0.6056114054683749 0.07270620625624924
0.6737176088973467 0.1876008990630167 0.5803168203169007 0.7167074815345685 0.7221894397613111 0.3762279265785726 0.21548562384063374 0.026376599031985304 0.7043788955129805 0.4054795209564479 0.32113739201594915 0.30693585268499635 0.5881067517382772 0.8719820222209687 0.8978232920916059 0.9784657781879428 0.13266612693494162 0.0 0.6181829187103393 0.1115720512027123 0.13928856084049113 0.2068243855759445
0.219055842500552 0.46146154904733294 0.2174002769594957 0.7154216281875747 0.44818263716764517 0.5943591957379866 0.6652571152902843 0.08578188069246673 0.32238823861732524 0.1879635573437246 0.3062794404405008 0.19407770503161592 0.1837568708087417 0.4349361332783511 0.01803760402569099 0.5778087577458556 0.7117544802343128 0.6181829187103393 0.0 0.35482925955639044 0.06317332751573723 0.24049573771792454
0.09174143559407921 0.9907190068360573 0.567007947089316 0.4601177197305225 0.4006426369434034 0.5280260889673991 0.9029945554867276 0.599604584915242 0.6468014398347994 0.0695949567046742 0.5692019137332394 0.3133827659991877 0.4418185079096345 0.5694824601805969 0.17873514742163754 0.984206113845285 0.7659570557410397 0.1115720512027123 0.35482925955639044 0.0 0.3327862592852946 0.7303266409468335
0.3472466816016997 0.6306953558655447 0.29581321445869946 0.9570047050423153 0.05513147449803568 0.7264986492321082 0.6236010514847822 0.04833748896471213 0.05241462447123324 0.2725706708191572 0.8022090720401984 0.11666319082100107 0.9973901572217106 0.08669813595366138 0.5729655888412281 0.7665074526994677 0.6056114054683749 0.13928856084049113 0.06317332751573723 0.3327862592852946 0.0 3.5684578857420046E-4
0.646759040262878 0.056402770956799686 0.20307845187605733 0.38152992753586645 0.6693376843864268 0.7122914566618912 0.8623171352811334 6.495075178649667E-4 0.3744556299615507 0.47251398483904705 0.8936969817042436 0.32951359549989145 0.7062511540023826 0.9763937738572084 0.8974050365312854 0.5735964187239546 0.07270620625624924 0.2068243855759445 0.24049573771792454 0.7303266409468335 3.5684578857420046E-4 0.0

# Optimal Walk
0 15 13 3 11 6 5 10 2 17 7 1 21 16 4 8 20 18 14 12 9 19 0
