# MCW Instance
# Type: UNIFORM
# N: 22
# Optimal cost: 2.0794998601136276
# Optimal tour (permutation): [0, 9, 17, 10, 2, 11, 15, 16, 21, 6, 4, 7, 20, 13, 1, 8, 12, 3, 18, 14, 19, 5, 0]
# Optimal walk (full path): [0, 9, 17, 10, 2, 11, 15, 16, 21, 6, 4, 7, 20, 13, 1, 13, 8, 3, 12, 3, 8, 18, 14, 19, 5, 0]
# Walk size: 26
# Is walk (has repeats): true

# Distance Matrix
0.0000000000 0.6100424506 0.6937901249 0.4834300563 0.5649643206 0.0869283630 0.1058648433 0.8957407218 0.8977879656 0.0025829507 0.3160593469 0.4844884053 0.4466633936 0.2100288611 0.3042916108 0.2723302370 0.8875560457 0.3105977096 0.7058417621 0.0934647479 0.1599874409 0.3979449815
0.6100424506 0.0000000000 0.2988489258 0.9603241503 0.3896064852 0.8978302386 0.7058364453 0.8158419479 0.3689204452 0.9038392762 0.7809757822 0.7789924252 0.6074468312 0.0195771830 0.7417130382 0.1172749922 0.6900861041 0.6094618457 0.2215467806 0.0870432308 0.4413043817 0.5331004103
0.6937901249 0.2988489258 0.0000000000 0.0701594564 0.4710545364 0.1827542734 0.8923310568 0.9077686887 0.1123435522 0.1932511055 0.0553656753 0.1524791668 0.9944984374 0.3325608140 0.2390692386 0.4825796537 0.4506459631 0.6742449417 0.2282642438 0.4701437854 0.8969279466 0.9078470214
0.4834300563 0.9603241503 0.0701594564 0.0000000000 0.3900493320 0.4279571087 0.0809780467 0.2169939512 0.0014735811 0.3487077045 0.2118844779 0.3175249279 0.0505086949 0.1835404216 0.4953507773 0.3485494087 0.0931135825 0.6064905812 0.5362434796 0.3493748720 0.4532867765 0.8419749766
0.5649643206 0.3896064852 0.4710545364 0.3900493320 0.0000000000 0.7904418187 0.1265341817 0.0383543720 0.0944343571 0.7488814085 0.4176811988 0.3083421267 0.6123835040 0.8189103151 0.3929126247 0.4861320484 0.4435406669 0.9315522822 0.6991128524 0.9242058771 0.4933712541 0.7479991659
0.0869283630 0.8978302386 0.1827542734 0.4279571087 0.7904418187 0.0000000000 0.4492081515 0.6541285762 0.5862951620 0.9646298602 0.7857546572 0.5365272420 0.8469710152 0.6230813077 0.9070749433 0.1021720742 0.8684848217 0.5203718929 0.7341958016 0.1288675724 0.8149343115 0.7838058705
0.1058648433 0.7058364453 0.8923310568 0.0809780467 0.1265341817 0.4492081515 0.0000000000 0.7181298128 0.2342138411 0.8178146698 0.4263624508 0.6395817478 0.2808993389 0.7687751463 0.2305009005 0.6369505133 0.1890381401 0.8857300636 0.6217889462 0.1135356260 0.8291659724 0.2349723347
0.8957407218 0.8158419479 0.9077686887 0.2169939512 0.0383543720 0.6541285762 0.7181298128 0.0000000000 0.2884885241 0.6211470104 0.0298613404 0.7288506524 0.1792096269 0.2948556554 0.3755591400 0.9867368299 0.1679690611 0.9224115510 0.3929762551 0.8464225688 0.1144682666 0.2718947049
0.8977879656 0.3689204452 0.1123435522 0.0014735811 0.0944343571 0.5862951620 0.2342138411 0.2884885241 0.0000000000 0.9286694813 0.2437502124 0.2671301460 0.8724540695 0.0055983972 0.6401948531 0.9574119143 0.0455279909 0.2131670775 0.1712806208 0.3161372993 0.6177291168 0.7330697926
0.0025829507 0.9038392762 0.1932511055 0.3487077045 0.7488814085 0.9646298602 0.8178146698 0.6211470104 0.9286694813 0.0000000000 0.2131264716 0.3060681803 0.4116157474 0.4323680893 0.1200824493 0.7096620150 0.3068605165 0.0655773780 0.4733301159 0.8369382865 0.3918665317 0.5191436025
0.3160593469 0.7809757822 0.0553656753 0.2118844779 0.4176811988 0.7857546572 0.4263624508 0.0298613404 0.2437502124 0.2131264716 0.0000000000 0.2984858448 0.6256036789 0.4846700148 0.2045413910 0.3596591072 0.4940619790 0.0920077237 0.1603269780 0.8180825151 0.7776617357 0.6967161969
0.4844884053 0.7789924252 0.1524791668 0.3175249279 0.3083421267 0.5365272420 0.6395817478 0.7288506524 0.2671301460 0.3060681803 0.2984858448 0.0000000000 0.1588307879 0.2553436749 0.8295108214 0.1161694273 0.1297760199 0.3044139483 0.8994139778 0.5582499432 0.5109612385 0.9060825377
0.4466633936 0.6074468312 0.9944984374 0.0505086949 0.6123835040 0.8469710152 0.2808993389 0.1792096269 0.8724540695 0.4116157474 0.6256036789 0.1588307879 0.0000000000 0.7179657499 0.9163880410 0.7152462509 0.5140683086 0.3075576515 0.7914925269 0.7634326356 0.4089967341 0.9180355954
0.2100288611 0.0195771830 0.3325608140 0.1835404216 0.8189103151 0.6230813077 0.7687751463 0.2948556554 0.0055983972 0.4323680893 0.4846700148 0.2553436749 0.7179657499 0.0000000000 0.7061355487 0.2742313332 0.6495922503 0.1419692292 0.9851429170 0.4253616320 0.0888511333 0.2029723571
0.3042916108 0.7417130382 0.2390692386 0.4953507773 0.3929126247 0.9070749433 0.2305009005 0.3755591400 0.6401948531 0.1200824493 0.2045413910 0.8295108214 0.9163880410 0.7061355487 0.0000000000 0.8167811351 0.2039271106 0.3136239528 0.1302393885 0.0800200968 0.2495661201 0.3279504157
0.2723302370 0.1172749922 0.4825796537 0.3485494087 0.4861320484 0.1021720742 0.6369505133 0.9867368299 0.9574119143 0.7096620150 0.3596591072 0.1161694273 0.7152462509 0.2742313332 0.8167811351 0.0000000000 0.0334398656 0.6258910483 0.8604754357 0.2936536708 0.9743393665 0.8347470455
0.8875560457 0.6900861041 0.4506459631 0.0931135825 0.4435406669 0.8684848217 0.1890381401 0.1679690611 0.0455279909 0.3068605165 0.4940619790 0.1297760199 0.5140683086 0.6495922503 0.2039271106 0.0334398656 0.0000000000 0.2802575918 0.6661156310 0.9949918203 0.4362731431 0.2126440280
0.3105977096 0.6094618457 0.6742449417 0.6064905812 0.9315522822 0.5203718929 0.8857300636 0.9224115510 0.2131670775 0.0655773780 0.0920077237 0.3044139483 0.3075576515 0.1419692292 0.3136239528 0.6258910483 0.2802575918 0.0000000000 0.6188177953 0.7070747456 0.7753823932 0.6214974669
0.7058417621 0.2215467806 0.2282642438 0.5362434796 0.6991128524 0.7341958016 0.6217889462 0.3929762551 0.1712806208 0.4733301159 0.1603269780 0.8994139778 0.7914925269 0.9851429170 0.1302393885 0.8604754357 0.6661156310 0.6188177953 0.0000000000 0.7371476110 0.4729155199 0.9346722887
0.0934647479 0.0870432308 0.4701437854 0.3493748720 0.9242058771 0.1288675724 0.1135356260 0.8464225688 0.3161372993 0.8369382865 0.8180825151 0.5582499432 0.7634326356 0.4253616320 0.0800200968 0.2936536708 0.9949918203 0.7070747456 0.7371476110 0.0000000000 0.2650986091 0.5801330419
0.1599874409 0.4413043817 0.8969279466 0.4532867765 0.4933712541 0.8149343115 0.8291659724 0.1144682666 0.6177291168 0.3918665317 0.7776617357 0.5109612385 0.4089967341 0.0888511333 0.2495661201 0.9743393665 0.4362731431 0.7753823932 0.4729155199 0.2650986091 0.0000000000 0.6159832642
0.3979449815 0.5331004103 0.9078470214 0.8419749766 0.7479991659 0.7838058705 0.2349723347 0.2718947049 0.7330697926 0.5191436025 0.6967161969 0.9060825377 0.9180355954 0.2029723571 0.3279504157 0.8347470455 0.2126440280 0.6214974669 0.9346722887 0.5801330419 0.6159832642 0.0000000000
