# Graph size: 22
# Optimal cost: 1.7530091306848878

# Distance Matrix
0.0 0.43270290761277974 0.6263210953603706 0.33758952656465424 0.15207769567446905 0.860722879348722 0.8416842992801253 0.28921369187001633 0.41792156754765053 0.9582834327126865 0.9439401184390357 0.39021506575231235 0.03936016385957719 0.9709893200654767 0.12173632058651496 0.06969320085367547 0.22959233264670853 0.3845751588524974 0.9532341913582676 0.36304158735805636 0.012097708344266822 0.9794153806679832
0.43270290761277974 0.0 0.36251325107668697 0.9180151162521657 0.07814196577333532 0.26978539359574216 0.9382435484128662 0.4436696694220843 0.8982886437026125 0.8701410982590301 0.7557690008927996 0.7503976625510265 0.10454926207080584 0.11290971191799248 0.47753523238868545 0.5771349250491399 0.6842182147607078 0.805762384820784 0.17183312367513692 0.7309159437963051 0.5821023500207305 0.3610647476641342
0.6263210953603706 0.36251325107668697 0.0 0.9861197910351176 0.6743059858951033 0.8947696523210281 0.6561786761132249 0.5387163518360588 0.587840411849426 0.9586054181850634 0.8905149030904321 0.6514721830960396 0.10745265583147079 0.2828781617837687 0.39371263544442225 0.8360233778294593 0.39097409097014213 0.45968176006243555 0.8090490684575855 0.767562941627603 0.9031409721604652 0.8945344409425329
0.33758952656465424 0.9180151162521657 0.9861197910351176 0.0 0.3271579986909202 0.8325788937538526 0.325144277233414 0.44457908699831794 0.677363655982524 0.7208056460565324 0.29261096180449897 0.8257435520966527 0.3974119486950094 0.9466732182768818 0.24500555259844725 0.955883658860263 0.4971084200947534 0.1318274287101494 0.5297936882817003 0.2378457075046152 0.007348276780503982 0.8578340224082736
0.15207769567446905 0.07814196577333532 0.6743059858951033 0.3271579986909202 0.0 0.04630986938863835 0.15454927927527862 0.0632508840172612 0.9069681872921749 0.13712366746386673 0.4476051882016472 0.1085872799295503 0.7490299094143258 0.13880034383498085 0.5816475933818729 0.5284160159811456 0.20341537059655923 0.9893029275535931 0.15847338151122647 0.5178192250567892 0.3082126360724319 0.5558847454096811
0.860722879348722 0.26978539359574216 0.8947696523210281 0.8325788937538526 0.04630986938863835 0.0 0.43824565293743767 0.2768572358643 0.5618800163839748 0.8951729775414499 0.14943264156131064 0.6853369340426266 0.8681036784046682 0.4862449406229269 0.3248173133933798 0.45571497088022006 0.7107206032394127 0.5878509968328647 0.9878266973647299 0.3884344178194834 0.31313196634184914 0.26253885170426117
0.8416842992801253 0.9382435484128662 0.6561786761132249 0.325144277233414 0.15454927927527862 0.43824565293743767 0.0 0.13159453953737577 0.7612190869764264 0.795421013733711 0.28328638364571157 0.5825844245332465 0.0723271802280041 0.632428557512301 0.09235073435609076 0.02126493844599986 0.3274914518214742 0.03732858211158796 0.21739395251651927 0.6442425636236926 0.8112509783760646 0.24778473933063372
0.28921369187001633 0.4436696694220843 0.5387163518360588 0.44457908699831794 0.0632508840172612 0.2768572358643 0.13159453953737577 0.0 0.06654628284671626 0.6954215292918773 0.8156047399732039 0.07555879950048894 0.821920074978496 0.3681744619560119 0.11239496569136065 0.4954797691650171 0.23018891052279633 0.38617155303634754 0.05055398197636363 0.4959727020168848 0.44919794199057095 0.9074301164278133
0.41792156754765053 0.8982886437026125 0.587840411849426 0.677363655982524 0.9069681872921749 0.5618800163839748 0.7612190869764264 0.06654628284671626 0.0 0.03532549031035925 0.8908844809879187 0.7511730956104448 0.26430992176986123 0.8037968711247107 0.30113322419168886 0.805948309235879 0.4515947953309353 0.3495569890844542 0.05474705024519577 0.47173149056216 0.20546396917006138 0.5690191135688866
0.9582834327126865 0.8701410982590301 0.9586054181850634 0.7208056460565324 0.13712366746386673 0.8951729775414499 0.795421013733711 0.6954215292918773 0.03532549031035925 0.0 0.3251468932687165 0.5062818070113386 0.9780715390463732 0.7029260933839151 0.430067122996759 0.37797161776356114 0.10561572023796129 0.4287812899905865 0.8472969754345009 0.4040592130796521 0.9921945419515859 0.023425021902023002
0.9439401184390357 0.7557690008927996 0.8905149030904321 0.29261096180449897 0.4476051882016472 0.14943264156131064 0.28328638364571157 0.8156047399732039 0.8908844809879187 0.3251468932687165 0.0 0.16846453400847416 0.7725986933949358 0.18740769358166198 0.35970316434703153 0.9083743973793259 0.614765941568733 0.8225791699019492 0.6271509801370094 0.8149489465083877 0.18598076734002655 0.9886387747829828
0.39021506575231235 0.7503976625510265 0.6514721830960396 0.8257435520966527 0.1085872799295503 0.6853369340426266 0.5825844245332465 0.07555879950048894 0.7511730956104448 0.5062818070113386 0.16846453400847416 0.0 0.5738418855545231 0.08361257659953025 0.3870567961126027 0.28811510153031317 0.7550273213792259 0.6699966457375254 0.31071238566093073 0.9743562411716744 0.7439203975946966 0.7161327595124265
0.03936016385957719 0.10454926207080584 0.10745265583147079 0.3974119486950094 0.7490299094143258 0.8681036784046682 0.0723271802280041 0.821920074978496 0.26430992176986123 0.9780715390463732 0.7725986933949358 0.5738418855545231 0.0 0.23412751599024062 0.8030088320141671 0.5109530026166476 0.9578406178426735 0.4948328964763167 0.9639501561676251 0.2100619004152272 0.8648055165061508 0.9850691858081728
0.9709893200654767 0.11290971191799248 0.2828781617837687 0.9466732182768818 0.13880034383498085 0.4862449406229269 0.632428557512301 0.3681744619560119 0.8037968711247107 0.7029260933839151 0.18740769358166198 0.08361257659953025 0.23412751599024062 0.0 0.23628161777243806 0.42403652977039197 0.17988036230822735 0.5788560304449258 0.8146566083964973 0.5156873402102771 0.4704352537661065 0.6663617767129645
0.12173632058651496 0.47753523238868545 0.39371263544442225 0.24500555259844725 0.5816475933818729 0.3248173133933798 0.09235073435609076 0.11239496569136065 0.30113322419168886 0.430067122996759 0.35970316434703153 0.3870567961126027 0.8030088320141671 0.23628161777243806 0.0 0.09212937641291075 0.10757057549606741 0.28211753222161584 0.11176658611891932 0.0528757529688868 0.8702313020658585 0.4941736517706393
0.06969320085367547 0.5771349250491399 0.8360233778294593 0.955883658860263 0.5284160159811456 0.45571497088022006 0.02126493844599986 0.4954797691650171 0.805948309235879 0.37797161776356114 0.9083743973793259 0.28811510153031317 0.5109530026166476 0.42403652977039197 0.09212937641291075 0.0 0.3736631355485577 0.8275505980405471 0.7374036502271497 0.5155237090083544 0.23114068000568477 0.3947110779743762
0.22959233264670853 0.6842182147607078 0.39097409097014213 0.4971084200947534 0.20341537059655923 0.7107206032394127 0.3274914518214742 0.23018891052279633 0.4515947953309353 0.10561572023796129 0.614765941568733 0.7550273213792259 0.9578406178426735 0.17988036230822735 0.10757057549606741 0.3736631355485577 0.0 0.3863333804129525 0.032068301701740465 0.5440496377905575 0.37364855127970065 0.3223648681351684
0.3845751588524974 0.805762384820784 0.45968176006243555 0.1318274287101494 0.9893029275535931 0.5878509968328647 0.03732858211158796 0.38617155303634754 0.3495569890844542 0.4287812899905865 0.8225791699019492 0.6699966457375254 0.4948328964763167 0.5788560304449258 0.28211753222161584 0.8275505980405471 0.3863333804129525 0.0 0.11824653259110396 0.7425458907915631 0.3471362335601862 0.1891606014392304
0.9532341913582676 0.17183312367513692 0.8090490684575855 0.5297936882817003 0.15847338151122647 0.9878266973647299 0.21739395251651927 0.05055398197636363 0.05474705024519577 0.8472969754345009 0.6271509801370094 0.31071238566093073 0.9639501561676251 0.8146566083964973 0.11176658611891932 0.7374036502271497 0.032068301701740465 0.11824653259110396 0.0 0.6596529339511531 0.28886476851834386 0.17701402638501695
0.36304158735805636 0.7309159437963051 0.767562941627603 0.2378457075046152 0.5178192250567892 0.3884344178194834 0.6442425636236926 0.4959727020168848 0.47173149056216 0.4040592130796521 0.8149489465083877 0.9743562411716744 0.2100619004152272 0.5156873402102771 0.0528757529688868 0.5155237090083544 0.5440496377905575 0.7425458907915631 0.6596529339511531 0.0 0.9893983600462548 0.19856050105937184
0.012097708344266822 0.5821023500207305 0.9031409721604652 0.007348276780503982 0.3082126360724319 0.31313196634184914 0.8112509783760646 0.44919794199057095 0.20546396917006138 0.9921945419515859 0.18598076734002655 0.7439203975946966 0.8648055165061508 0.4704352537661065 0.8702313020658585 0.23114068000568477 0.37364855127970065 0.3471362335601862 0.28886476851834386 0.9893983600462548 0.0 0.18337727327837106
0.9794153806679832 0.3610647476641342 0.8945344409425329 0.8578340224082736 0.5558847454096811 0.26253885170426117 0.24778473933063372 0.9074301164278133 0.5690191135688866 0.023425021902023002 0.9886387747829828 0.7161327595124265 0.9850691858081728 0.6663617767129645 0.4941736517706393 0.3947110779743762 0.3223648681351684 0.1891606014392304 0.17701402638501695 0.19856050105937184 0.18337727327837106 0.0

# Optimal Walk
0 20 3 10 5 4 1 13 11 7 18 16 8 9 21 19 14 15 17 6 12 2 0
