# Graph size: 22
# Optimal cost: 1.8209274470724215

# Distance Matrix
0.0 0.7785717017770057 0.5120968346668598 0.44426006228665105 0.9928126241705549 0.6463628101844294 0.534421433662097 0.8753147279538457 0.32116612049750226 0.6804496438211066 0.9604435226956837 0.2806324716760523 0.04213939573999337 0.7759041886417812 0.4906165545493555 0.6237023700696691 0.6047861849661659 0.20020692004019514 0.05001240932228557 0.8413992455158684 0.8807594579067992 0.1567432675107303
0.7785717017770057 0.0 0.19367688481073797 0.3038465950816328 0.3866458280242483 0.49351881024691124 0.5202182782806603 0.21541220226678526 0.6245336160296527 0.5046336277519835 0.2884837406190409 0.24470845247662698 0.7205326805874316 0.7730326669630696 0.03471720858840066 0.43807145804810377 0.534127964276125 0.7852754569473233 0.6213818367997641 0.518844373800753 0.9356630285460319 0.6125451529276601
0.5120968346668598 0.19367688481073797 0.0 0.813868883557062 0.003891896831444641 0.004913579642048416 0.2968436189289131 0.17760386450318677 0.17912437308348772 0.4906256083607524 0.7072952729411034 0.8156001604682678 0.8674120572645271 0.9890560598110949 0.5387097318316827 0.2252992123110028 0.09512056738266927 0.9489686419605403 0.8130293125010606 0.34357540288890664 0.21760152343461248 0.7912013279059336
0.44426006228665105 0.3038465950816328 0.813868883557062 0.0 0.7140141230175784 0.6700728487035746 0.79932250150331 0.14283582805140904 0.8364941272359291 0.21158049693437397 0.5609231490250678 0.4291638030820917 0.9637442632026471 0.8739407898705005 0.0033352282267272715 0.8410583219725675 0.3000147242279695 0.8430263291246897 0.8982061202182503 0.0010233525653123854 0.679975794104899 0.4426082080434566
0.9928126241705549 0.3866458280242483 0.003891896831444641 0.7140141230175784 0.0 0.6942167100593841 0.488108160438399 0.6528126760897446 0.9344781777558675 0.030486596580104997 0.7500371017317868 0.4959323868654698 0.7349766862903981 0.9711104565850285 0.830320051543921 0.15172159945845687 0.5621172052133013 0.2789716447070306 0.7687723911721875 0.8005206573197341 0.09878660789485283 0.03233001558358495
0.6463628101844294 0.49351881024691124 0.004913579642048416 0.6700728487035746 0.6942167100593841 0.0 0.4957872471425886 0.28395554586787186 0.8600404509954788 0.1542831368151807 0.5338674416266181 0.8749964275249561 0.08630107450068347 0.9730511798463262 0.8443381423025931 0.9545872742698915 0.649305267005628 0.7601374855149478 0.712825367530894 0.9994187607868062 0.15393764661985654 0.3037684905978745
0.534421433662097 0.5202182782806603 0.2968436189289131 0.79932250150331 0.488108160438399 0.4957872471425886 0.0 0.6539996393254828 0.9113919029881771 0.6466247811441236 0.9666179093025407 0.934248271424624 0.12654756040242843 0.599754010110951 0.3496721304225564 0.46035346654784026 0.1297127390125331 0.13162042761680426 0.6381949435492085 0.4629177081620184 0.9708415095396756 0.7426939292811693
0.8753147279538457 0.21541220226678526 0.17760386450318677 0.14283582805140904 0.6528126760897446 0.28395554586787186 0.6539996393254828 0.0 0.9411013619225707 0.6151920929068734 0.1300051921983829 0.201537884122869 0.4516520479822145 0.9711272006440296 0.6102121648219394 0.5974996721759717 0.05523110419439048 0.3808798696971084 0.4507153264108892 0.9923325660962131 0.08907200308637209 0.8476738783237132
0.32116612049750226 0.6245336160296527 0.17912437308348772 0.8364941272359291 0.9344781777558675 0.8600404509954788 0.9113919029881771 0.9411013619225707 0.0 0.9481908245759991 0.549197305961998 0.31914737866776566 0.6268262267635569 0.7491489775297909 0.4950311448237422 0.8410407005510852 0.7359147190377405 0.6341641407745089 0.7810607722959164 0.5344684771640684 0.9444768749335122 0.25298787859580185
0.6804496438211066 0.5046336277519835 0.4906256083607524 0.21158049693437397 0.030486596580104997 0.1542831368151807 0.6466247811441236 0.6151920929068734 0.9481908245759991 0.0 0.8462749937453632 0.9052244597759627 0.24229414504098368 0.28933484976138846 0.45996150566331295 0.6336674719596379 0.24722926823763947 0.5351091317965739 0.22195220112254666 0.9154771700861419 0.0067490572941329985 0.13606379195741225
0.9604435226956837 0.2884837406190409 0.7072952729411034 0.5609231490250678 0.7500371017317868 0.5338674416266181 0.9666179093025407 0.1300051921983829 0.549197305961998 0.8462749937453632 0.0 0.9330092438099392 0.7282529430626093 0.1716786875044488 0.8343639385818492 0.7128241502377072 0.4866332789116845 0.5763975298900458 0.3782497073929706 0.4393908752058209 0.15896359464294785 0.8466011467247512
0.2806324716760523 0.24470845247662698 0.8156001604682678 0.4291638030820917 0.4959323868654698 0.8749964275249561 0.934248271424624 0.201537884122869 0.31914737866776566 0.9052244597759627 0.9330092438099392 0.0 0.3949722777830911 0.811052850825877 0.8101433800675942 0.7739174051309783 0.9304026568903333 0.09131309932441167 0.7081335240654629 0.8460793422091545 0.5471893312685097 0.38653564129911233
0.04213939573999337 0.7205326805874316 0.8674120572645271 0.9637442632026471 0.7349766862903981 0.08630107450068347 0.12654756040242843 0.4516520479822145 0.6268262267635569 0.24229414504098368 0.7282529430626093 0.3949722777830911 0.0 0.5857080126068873 0.5020211527034316 0.3430676824022587 0.12795542430233187 0.38438389742191026 0.3931778831881044 0.501900369360515 0.2819530654854957 0.8240665361419759
0.7759041886417812 0.7730326669630696 0.9890560598110949 0.8739407898705005 0.9711104565850285 0.9730511798463262 0.599754010110951 0.9711272006440296 0.7491489775297909 0.28933484976138846 0.1716786875044488 0.811052850825877 0.5857080126068873 0.0 0.17543319620985953 0.022254787297277923 0.6963396875438084 0.4397978024625384 0.13057419524087888 0.08179990299709083 0.9054364763879486 0.30609677506317945
0.4906165545493555 0.03471720858840066 0.5387097318316827 0.0033352282267272715 0.830320051543921 0.8443381423025931 0.3496721304225564 0.6102121648219394 0.4950311448237422 0.45996150566331295 0.8343639385818492 0.8101433800675942 0.5020211527034316 0.17543319620985953 0.0 0.22177573522784355 0.09053149992120768 0.6630221991522606 0.5297340402737666 0.024551104235043475 0.861811658401933 0.44976146125736005
0.6237023700696691 0.43807145804810377 0.2252992123110028 0.8410583219725675 0.15172159945845687 0.9545872742698915 0.46035346654784026 0.5974996721759717 0.8410407005510852 0.6336674719596379 0.7128241502377072 0.7739174051309783 0.3430676824022587 0.022254787297277923 0.22177573522784355 0.0 0.733382126186271 0.34276982494952735 0.4874342725885764 0.21051508863392177 0.17543644033783623 0.2187576039214857
0.6047861849661659 0.534127964276125 0.09512056738266927 0.3000147242279695 0.5621172052133013 0.649305267005628 0.1297127390125331 0.05523110419439048 0.7359147190377405 0.24722926823763947 0.4866332789116845 0.9304026568903333 0.12795542430233187 0.6963396875438084 0.09053149992120768 0.733382126186271 0.0 0.4414055761256156 0.6169734989242165 0.8554021724351633 0.47715731688882057 0.15685498678409782
0.20020692004019514 0.7852754569473233 0.9489686419605403 0.8430263291246897 0.2789716447070306 0.7601374855149478 0.13162042761680426 0.3808798696971084 0.6341641407745089 0.5351091317965739 0.5763975298900458 0.09131309932441167 0.38438389742191026 0.4397978024625384 0.6630221991522606 0.34276982494952735 0.4414055761256156 0.0 0.22234272378794118 0.9395948552018952 0.9041438968229215 0.8214678612314056
0.05001240932228557 0.6213818367997641 0.8130293125010606 0.8982061202182503 0.7687723911721875 0.712825367530894 0.6381949435492085 0.4507153264108892 0.7810607722959164 0.22195220112254666 0.3782497073929706 0.7081335240654629 0.3931778831881044 0.13057419524087888 0.5297340402737666 0.4874342725885764 0.6169734989242165 0.22234272378794118 0.0 0.9773518319245269 0.10850304260622323 0.6567505195667146
0.8413992455158684 0.518844373800753 0.34357540288890664 0.0010233525653123854 0.8005206573197341 0.9994187607868062 0.4629177081620184 0.9923325660962131 0.5344684771640684 0.9154771700861419 0.4393908752058209 0.8460793422091545 0.501900369360515 0.08179990299709083 0.024551104235043475 0.21051508863392177 0.8554021724351633 0.9395948552018952 0.9773518319245269 0.0 0.4190588539807787 0.7106397598761148
0.8807594579067992 0.9356630285460319 0.21760152343461248 0.679975794104899 0.09878660789485283 0.15393764661985654 0.9708415095396756 0.08907200308637209 0.9444768749335122 0.0067490572941329985 0.15896359464294785 0.5471893312685097 0.2819530654854957 0.9054364763879486 0.861811658401933 0.17543644033783623 0.47715731688882057 0.9041438968229215 0.10850304260622323 0.4190588539807787 0.0 0.9750139500057787
0.1567432675107303 0.6125451529276601 0.7912013279059336 0.4426082080434566 0.03233001558358495 0.3037684905978745 0.7426939292811693 0.8476738783237132 0.25298787859580185 0.13606379195741225 0.8466011467247512 0.38653564129911233 0.8240665361419759 0.30609677506317945 0.44976146125736005 0.2187576039214857 0.15685498678409782 0.8214678612314056 0.6567505195667146 0.7106397598761148 0.9750139500057787 0.0

# Optimal Walk
0 12 6 17 11 8 5 2 21 4 9 20 10 7 16 14 1 3 19 15 13 18 0
