# Graph size: 22
# Optimal cost: 1.3758835046664668

# Distance Matrix
0.0 0.28307995247690443 0.7682223563300262 0.3563548099114193 0.8036401195902655 0.21321302829691113 0.03726299587152293 0.10827176098656044 0.47520845212130836 0.4292064288165448 0.9410900888992192 0.9305719733584832 0.09049224212198148 0.7987906882540133 0.07797225378377437 0.04722322919284838 0.9900341306930405 0.06855208011935088 0.10878421449239162 0.2989068123167963 0.061859185291549434 0.6408531729987285
0.28307995247690443 0.0 0.9378706960910868 0.3327766169380648 0.13683198228487214 0.3881689333102093 0.6062295715094703 0.1233501302656056 0.8506209090197612 0.9753278427893471 0.7515373884329568 0.12754038481760832 0.49134297244482505 0.020499005505677292 0.3264534204878349 0.7528144415688083 0.32950180732261714 0.5673681085617167 0.6348035763577116 0.9746906264983237 0.9356203185668848 0.7637961056858728
0.7682223563300262 0.9378706960910868 0.0 0.6446587960984607 0.8782632280230023 0.031008855049161066 0.3463565955541005 0.9679870949468209 0.6181699245591178 0.488398446616082 0.5154992638217315 0.8584719759733409 0.7923937010356019 0.20170802156767564 0.05268794125495657 0.07225461017603096 0.5075178776196912 0.6780034663744948 0.07871414112547737 0.4607706365645321 0.47652893601915725 0.36974538469616525
0.3563548099114193 0.3327766169380648 0.6446587960984607 0.0 0.6814877247651572 0.7205171390386343 0.3349889660404931 0.961711503509192 0.7519585254976984 0.811498659012846 0.9873756069411709 0.05451908387511384 0.7584237452693978 0.17426587870457255 0.2026143212719671 0.9454608579594009 0.8623282583882919 0.024874266985240534 0.8663039401241932 0.49740844902089754 0.7327655879147701 0.687754022708686
0.8036401195902655 0.13683198228487214 0.8782632280230023 0.6814877247651572 0.0 0.2668637441390296 0.4078246175165643 0.6522398089033835 0.1383971837874507 0.5438057352558796 0.5424664962119036 0.022849328090599363 0.6709309909447788 0.9585638591360144 0.38214955453353594 0.17990584882606198 0.8800616024696204 0.9617867970323075 0.045982014887025024 0.4991029026255881 0.9525355337697763 0.12572899588718411
0.21321302829691113 0.3881689333102093 0.031008855049161066 0.7205171390386343 0.2668637441390296 0.0 0.8007680314941299 0.1436997985138745 0.6001808275948315 0.8863502586935877 0.44381750476381165 0.4397890808527516 0.83475360800342 0.6969609307172036 0.4551886465217243 0.7905660326170532 0.18423001730984057 0.6337267906977808 0.35542941812394147 0.2446217801250269 0.8808475223806813 0.7130735802977732
0.03726299587152293 0.6062295715094703 0.3463565955541005 0.3349889660404931 0.4078246175165643 0.8007680314941299 0.0 0.2761723520087128 0.3186314995135783 0.013113309071013046 0.18200801932995925 0.35347655589136173 0.4414122191477833 0.627162481210336 0.8245991900967521 0.18759994880886288 0.43417537634982517 0.28726136278399583 0.8913394241639085 0.2779232594152794 0.7709011230976943 0.6609168822358507
0.10827176098656044 0.1233501302656056 0.9679870949468209 0.961711503509192 0.6522398089033835 0.1436997985138745 0.2761723520087128 0.0 0.6028321468488722 0.038037353898244364 0.9731130127717983 0.2809658356781145 0.30522898701924484 0.7235433283397357 0.3849332131238794 0.7551824900014424 0.2620664436843104 0.36390490902523587 0.7471499284189325 0.34335699403739006 0.7556278091773759 0.5797312394167193
0.47520845212130836 0.8506209090197612 0.6181699245591178 0.7519585254976984 0.1383971837874507 0.6001808275948315 0.3186314995135783 0.6028321468488722 0.0 0.4431301718490315 0.002460877972366382 0.6406834710266051 0.9881569717930826 0.024762839971782857 0.7124304173156186 0.7444388577403771 0.7515266338974572 0.6432184739286331 0.1382621489535809 0.5387459309281837 0.7083778406286741 0.30716341577035633
0.4292064288165448 0.9753278427893471 0.488398446616082 0.811498659012846 0.5438057352558796 0.8863502586935877 0.013113309071013046 0.038037353898244364 0.4431301718490315 0.0 0.4585294542428222 0.32411045277697714 0.44075846209432035 0.4701682360330731 0.4960925878261693 0.7597546150102165 0.578200694665271 0.30940114519854045 0.12368943860458148 0.9499700526427004 0.6162149837159832 0.19929928904625227
0.9410900888992192 0.7515373884329568 0.5154992638217315 0.9873756069411709 0.5424664962119036 0.44381750476381165 0.18200801932995925 0.9731130127717983 0.002460877972366382 0.4585294542428222 0.0 0.28525709968347335 0.4542237617186722 0.5359552647167223 0.3067618180635068 0.8732499890254296 0.5269554185049364 0.5517459604142113 0.9385108578134879 0.1328827670113526 0.6127316511069069 0.38445099832728924
0.9305719733584832 0.12754038481760832 0.8584719759733409 0.05451908387511384 0.022849328090599363 0.4397890808527516 0.35347655589136173 0.2809658356781145 0.6406834710266051 0.32411045277697714 0.28525709968347335 0.0 0.2566173976685142 0.22614154199884884 0.6233987676140466 0.5612030975838819 0.24479102888056337 0.08157011660200353 0.8061026073420792 0.37580157663564906 0.355884073380635 0.6802525989572452
0.09049224212198148 0.49134297244482505 0.7923937010356019 0.7584237452693978 0.6709309909447788 0.83475360800342 0.4414122191477833 0.30522898701924484 0.9881569717930826 0.44075846209432035 0.4542237617186722 0.2566173976685142 0.0 0.07452048226122043 0.30912533262493447 0.10016210098409217 0.4840777369417556 0.5203764338463681 0.9051972256622273 0.9442442391389245 0.7992836801622456 0.4482884682519276
0.7987906882540133 0.020499005505677292 0.20170802156767564 0.17426587870457255 0.9585638591360144 0.6969609307172036 0.627162481210336 0.7235433283397357 0.024762839971782857 0.4701682360330731 0.5359552647167223 0.22614154199884884 0.07452048226122043 0.0 0.3260747510363735 0.28221852772626144 0.48644718693957023 0.6842217865464183 0.06753107463920538 0.9132890719458482 0.577494279944181 0.09629966278045321
0.07797225378377437 0.3264534204878349 0.05268794125495657 0.2026143212719671 0.38214955453353594 0.4551886465217243 0.8245991900967521 0.3849332131238794 0.7124304173156186 0.4960925878261693 0.3067618180635068 0.6233987676140466 0.30912533262493447 0.3260747510363735 0.0 0.6075298244085684 0.41441306290638713 0.0409737845825916 0.2364496815053403 0.08078565381506342 0.03173764305200388 0.14874941956812748
0.04722322919284838 0.7528144415688083 0.07225461017603096 0.9454608579594009 0.17990584882606198 0.7905660326170532 0.18759994880886288 0.7551824900014424 0.7444388577403771 0.7597546150102165 0.8732499890254296 0.5612030975838819 0.10016210098409217 0.28221852772626144 0.6075298244085684 0.0 0.7623394949617203 0.42524193794848775 0.2312478998987324 0.6404300152198003 0.8312832922334019 0.8300860451233255
0.9900341306930405 0.32950180732261714 0.5075178776196912 0.8623282583882919 0.8800616024696204 0.18423001730984057 0.43417537634982517 0.2620664436843104 0.7515266338974572 0.578200694665271 0.5269554185049364 0.24479102888056337 0.4840777369417556 0.48644718693957023 0.41441306290638713 0.7623394949617203 0.0 0.8468889602054681 0.15627135464788888 0.971276119280852 0.7299615365256633 0.8435267508251489
0.06855208011935088 0.5673681085617167 0.6780034663744948 0.024874266985240534 0.9617867970323075 0.6337267906977808 0.28726136278399583 0.36390490902523587 0.6432184739286331 0.30940114519854045 0.5517459604142113 0.08157011660200353 0.5203764338463681 0.6842217865464183 0.0409737845825916 0.42524193794848775 0.8468889602054681 0.0 0.2149475727432142 0.02904037451277186 0.03632569619098125 0.07246328345773889
0.10878421449239162 0.6348035763577116 0.07871414112547737 0.8663039401241932 0.045982014887025024 0.35542941812394147 0.8913394241639085 0.7471499284189325 0.1382621489535809 0.12368943860458148 0.9385108578134879 0.8061026073420792 0.9051972256622273 0.06753107463920538 0.2364496815053403 0.2312478998987324 0.15627135464788888 0.2149475727432142 0.0 0.3495035325741951 0.6709450240510008 0.7744402070508092
0.2989068123167963 0.9746906264983237 0.4607706365645321 0.49740844902089754 0.4991029026255881 0.2446217801250269 0.2779232594152794 0.34335699403739006 0.5387459309281837 0.9499700526427004 0.1328827670113526 0.37580157663564906 0.9442442391389245 0.9132890719458482 0.08078565381506342 0.6404300152198003 0.971276119280852 0.02904037451277186 0.3495035325741951 0.0 0.03882432163586447 0.8829644529927207
0.061859185291549434 0.9356203185668848 0.47652893601915725 0.7327655879147701 0.9525355337697763 0.8808475223806813 0.7709011230976943 0.7556278091773759 0.7083778406286741 0.6162149837159832 0.6127316511069069 0.355884073380635 0.7992836801622456 0.577494279944181 0.03173764305200388 0.8312832922334019 0.7299615365256633 0.03632569619098125 0.6709450240510008 0.03882432163586447 0.0 0.5698844814830304
0.6408531729987285 0.7637961056858728 0.36974538469616525 0.687754022708686 0.12572899588718411 0.7130735802977732 0.6609168822358507 0.5797312394167193 0.30716341577035633 0.19929928904625227 0.38445099832728924 0.6802525989572452 0.4482884682519276 0.09629966278045321 0.14874941956812748 0.8300860451233255 0.8435267508251489 0.07246328345773889 0.7744402070508092 0.8829644529927207 0.5698844814830304 0.0

# Optimal Walk
0 6 9 7 1 13 10 8 12 15 2 5 16 18 4 11 3 17 21 19 20 14 0
