# MCW Instance
# Type: UNIFORM
# N: 22
# Optimal cost: 1.832651363555176
# Optimal tour (permutation): [0, 1, 7, 8, 14, 2, 21, 11, 20, 18, 15, 13, 9, 6, 19, 16, 4, 12, 3, 10, 17, 5, 0]
# Optimal walk (full path): [0, 1, 7, 8, 2, 14, 2, 21, 11, 18, 20, 18, 15, 13, 9, 6, 19, 16, 4, 3, 12, 3, 17, 10, 17, 5, 0]
# Walk size: 27
# Is walk (has repeats): true

# Distance Matrix
0.0000000000 0.1673819426 0.9176519897 0.5172239455 0.7869955612 0.1140297465 0.1149778315 0.7592186825 0.1319265251 0.6013195042 0.2107221051 0.7167838602 0.6783683270 0.9979544223 0.7878736336 0.6139117065 0.5060247777 0.6669226862 0.1734849227 0.9383358860 0.6337232995 0.9133650941
0.1673819426 0.0000000000 0.1934906877 0.2202520393 0.9974394372 0.6074009934 0.6912066808 0.0194592878 0.8696293770 0.8928315536 0.9091490957 0.6612359719 0.6559362145 0.5967412856 0.7644780203 0.4809904134 0.5766245808 0.4403699248 0.5102834547 0.3387031240 0.3426375504 0.9182288520
0.9176519897 0.1934906877 0.0000000000 0.2680955446 0.9464039335 0.5699585771 0.7602871888 0.4414154688 0.1154043865 0.3410005894 0.2211547023 0.0757270742 0.3747314083 0.0180329277 0.0505401309 0.8173634031 0.5381856446 0.1411963855 0.8908649474 0.2417668371 0.7046741022 0.0024454858
0.5172239455 0.2202520393 0.2680955446 0.0000000000 0.0207644160 0.9710946303 0.8649432604 0.2767959186 0.8173089253 0.1817869270 0.7575654545 0.9135447765 0.0451306341 0.8146274033 0.8680079386 0.3426695566 0.0972418635 0.0429910851 0.4968402838 0.9354012325 0.6101828796 0.3293883055
0.7869955612 0.9974394372 0.9464039335 0.0207644160 0.0000000000 0.6366130790 0.5730063400 0.4552388294 0.7060771460 0.9916663051 0.1241008489 0.9678168330 0.7524314160 0.8511036959 0.6083589278 0.4186757689 0.1099147008 0.6823946133 0.8332680009 0.1535530944 0.2749256931 0.2515425526
0.1140297465 0.6074009934 0.5699585771 0.9710946303 0.6366130790 0.0000000000 0.3306207059 0.5318342416 0.8404435664 0.7954853600 0.4907235922 0.7802621644 0.3193164272 0.2733692100 0.8948413982 0.1442857356 0.1751999948 0.0055645395 0.9801845544 0.2674973813 0.7115675260 0.0727688993
0.1149778315 0.6912066808 0.7602871888 0.8649432604 0.5730063400 0.3306207059 0.0000000000 0.3367871519 0.5587122526 0.0248764258 0.6922686099 0.1319111267 0.4165920220 0.3148904487 0.4144067758 0.3851516820 0.5733189930 0.4633212489 0.3895328140 0.0762082718 0.4916767351 0.9413662440
0.7592186825 0.0194592878 0.4414154688 0.2767959186 0.4552388294 0.5318342416 0.3367871519 0.0000000000 0.1441843822 0.3573242616 0.7039957361 0.7873846525 0.2749796795 0.4636871713 0.2167738344 0.6078669037 0.2196742873 0.2676214336 0.6213828112 0.2980171237 0.7970637638 0.8061933447
0.1319265251 0.8696293770 0.1154043865 0.8173089253 0.7060771460 0.8404435664 0.5587122526 0.1441843822 0.0000000000 0.3491241509 0.4526823625 0.5208890661 0.5268881173 0.5879982773 0.2440263421 0.7876291601 0.4423074315 0.7389034860 0.8792591663 0.9140412211 0.8623746662 0.9305822902
0.6013195042 0.8928315536 0.3410005894 0.1817869270 0.9916663051 0.7954853600 0.0248764258 0.3573242616 0.3491241509 0.0000000000 0.6198993044 0.6575356908 0.8813250828 0.0354840741 0.7434573127 0.2909498587 0.3367959907 0.8328150859 0.7590954775 0.5230102792 0.5296220407 0.4503979548
0.2107221051 0.9091490957 0.2211547023 0.7575654545 0.1241008489 0.4907235922 0.6922686099 0.7039957361 0.4526823625 0.6198993044 0.0000000000 0.6507314127 0.5567507747 0.5954792326 0.9835646442 0.9142174218 0.3603796589 0.0533106790 0.2371581917 0.6796422971 0.7885658441 0.7205058766
0.7167838602 0.6612359719 0.0757270742 0.9135447765 0.9678168330 0.7802621644 0.1319111267 0.7873846525 0.5208890661 0.6575356908 0.6507314127 0.0000000000 0.8658204519 0.2654650907 0.5368406501 0.8810944642 0.7980941462 0.0981056707 0.0377882712 0.3207548222 0.7214695559 0.0487801377
0.6783683270 0.6559362145 0.3747314083 0.0451306341 0.7524314160 0.3193164272 0.4165920220 0.2749796795 0.5268881173 0.8813250828 0.5567507747 0.8658204519 0.0000000000 0.3149243931 0.6012261418 0.5783573764 0.8887835578 0.4986397238 0.7367526054 0.4770711713 0.7450863693 0.1783104791
0.9979544223 0.5967412856 0.0180329277 0.8146274033 0.8511036959 0.2733692100 0.3148904487 0.4636871713 0.5879982773 0.0354840741 0.5954792326 0.2654650907 0.3149243931 0.0000000000 0.2564765148 0.1572540178 0.1500252253 0.0156557790 0.4892369907 0.1657859804 0.5220325792 0.0766475813
0.7878736336 0.7644780203 0.0505401309 0.8680079386 0.6083589278 0.8948413982 0.4144067758 0.2167738344 0.2440263421 0.7434573127 0.9835646442 0.5368406501 0.6012261418 0.2564765148 0.0000000000 0.7910194046 0.1970600761 0.6887637498 0.1527556836 0.3503400823 0.6306165299 0.3696442504
0.6139117065 0.4809904134 0.8173634031 0.3426695566 0.4186757689 0.1442857356 0.3851516820 0.6078669037 0.7876291601 0.2909498587 0.9142174218 0.8810944642 0.5783573764 0.1572540178 0.7910194046 0.0000000000 0.9370367472 0.1531396088 0.1594760179 0.3717741187 0.2965530866 0.6662975280
0.5060247777 0.5766245808 0.5381856446 0.0972418635 0.1099147008 0.1751999948 0.5733189930 0.2196742873 0.4423074315 0.3367959907 0.3603796589 0.7980941462 0.8887835578 0.1500252253 0.1970600761 0.9370367472 0.0000000000 0.5441149601 0.6212899674 0.0398332877 0.8076697663 0.9498766330
0.6669226862 0.4403699248 0.1411963855 0.0429910851 0.6823946133 0.0055645395 0.4633212489 0.2676214336 0.7389034860 0.8328150859 0.0533106790 0.0981056707 0.4986397238 0.0156557790 0.6887637498 0.1531396088 0.5441149601 0.0000000000 0.0516997404 0.5165634117 0.8105896880 0.0297141965
0.1734849227 0.5102834547 0.8908649474 0.4968402838 0.8332680009 0.9801845544 0.3895328140 0.6213828112 0.8792591663 0.7590954775 0.2371581917 0.0377882712 0.7367526054 0.4892369907 0.1527556836 0.1594760179 0.6212899674 0.0516997404 0.0000000000 0.8013692116 0.1064239994 0.6620624013
0.9383358860 0.3387031240 0.2417668371 0.9354012325 0.1535530944 0.2674973813 0.0762082718 0.2980171237 0.9140412211 0.5230102792 0.6796422971 0.3207548222 0.4770711713 0.1657859804 0.3503400823 0.3717741187 0.0398332877 0.5165634117 0.8013692116 0.0000000000 0.8995126382 0.1342530057
0.6337232995 0.3426375504 0.7046741022 0.6101828796 0.2749256931 0.7115675260 0.4916767351 0.7970637638 0.8623746662 0.5296220407 0.7885658441 0.7214695559 0.7450863693 0.5220325792 0.6306165299 0.2965530866 0.8076697663 0.8105896880 0.1064239994 0.8995126382 0.0000000000 0.1549648032
0.9133650941 0.9182288520 0.0024454858 0.3293883055 0.2515425526 0.0727688993 0.9413662440 0.8061933447 0.9305822902 0.4503979548 0.7205058766 0.0487801377 0.1783104791 0.0766475813 0.3696442504 0.6662975280 0.9498766330 0.0297141965 0.6620624013 0.1342530057 0.1549648032 0.0000000000
