# MCW Instance
# Type: UNIFORM
# N: 22
# Optimal cost: 1.7819406680304226
# Optimal tour (permutation): [0, 16, 17, 3, 10, 7, 1, 19, 5, 14, 12, 15, 9, 20, 6, 21, 8, 13, 18, 4, 11, 2, 0]
# Optimal walk (full path): [0, 16, 17, 3, 10, 1, 7, 1, 19, 5, 14, 12, 15, 9, 20, 6, 20, 21, 8, 13, 18, 4, 11, 4, 2, 4, 0]
# Walk size: 27
# Is walk (has repeats): true

# Distance Matrix
0.0000000000 0.3630990848 0.4442212418 0.9486939649 0.1644503054 0.7812566259 0.8696897138 0.9085340311 0.4740353795 0.8952172576 0.6750686328 0.6005618438 0.7552001514 0.3127649125 0.7340102903 0.6324716410 0.0439512217 0.9592742435 0.7743082719 0.7325550956 0.3369457338 0.5718660174
0.3630990848 0.0000000000 0.9890010251 0.5282007651 0.9798783507 0.9376122005 0.5407945981 0.0198748043 0.5135332560 0.8101479557 0.0203818588 0.1893341386 0.2495051341 0.3931484826 0.5998996204 0.1505499824 0.1688807626 0.5144808317 0.8346793801 0.0027960778 0.0897128400 0.1314416273
0.4442212418 0.9890010251 0.0000000000 0.8096110911 0.0775823469 0.4329063049 0.6053441102 0.6008536478 0.5845916707 0.3311766707 0.2628185525 0.8292897295 0.7565037089 0.2720286654 0.1215426544 0.4190369958 0.4685664169 0.9432429271 0.2997188800 0.5424911100 0.9660022421 0.4581472509
0.9486939649 0.5282007651 0.8096110911 0.0000000000 0.5514685328 0.1327908456 0.7708131146 0.6779881028 0.5744129216 0.2752589215 0.0592739026 0.9200071591 0.2210641548 0.2512868396 0.8023818734 0.9423665464 0.5122493441 0.0012955920 0.7437550192 0.7308558405 0.3986436109 0.2978185245
0.1644503054 0.9798783507 0.0775823469 0.5514685328 0.0000000000 0.8529495059 0.2773525592 0.5455890089 0.9754165311 0.2368926925 0.2362973227 0.0267279333 0.1510498278 0.6181047799 0.0729834844 0.7035809377 0.4866945426 0.3956088652 0.0762506517 0.2410509517 0.1954067295 0.9929055242
0.7812566259 0.9376122005 0.4329063049 0.1327908456 0.8529495059 0.0000000000 0.3982099305 0.1629369073 0.6727001012 0.6671146486 0.1049184937 0.0868916764 0.3470180225 0.2043641065 0.0744593498 0.2948607806 0.5862443961 0.9587308819 0.4626721874 0.0928896523 0.2716119563 0.5055172701
0.8696897138 0.5407945981 0.6053441102 0.7708131146 0.2773525592 0.3982099305 0.0000000000 0.3718191970 0.9932890100 0.9560308872 0.7743712910 0.3037596882 0.6124995064 0.3607743104 0.9037366447 0.9567460302 0.3195981592 0.3326217481 0.2153445891 0.9337423616 0.0932407976 0.2829749210
0.9085340311 0.0198748043 0.6008536478 0.6779881028 0.5455890089 0.1629369073 0.3718191970 0.0000000000 0.6459363887 0.9702068007 0.7489362614 0.5611256934 0.6931315663 0.3605671319 0.6838996521 0.1757681844 0.4333339437 0.3651583158 0.5533336711 0.7720130958 0.4517936213 0.5131801156
0.4740353795 0.5135332560 0.5845916707 0.5744129216 0.9754165311 0.6727001012 0.9932890100 0.6459363887 0.0000000000 0.8398381950 0.7955744366 0.5884202453 0.8822715292 0.1067502959 0.3314648237 0.2476687600 0.6315880011 0.8365682708 0.1914478274 0.6467958114 0.2928066515 0.1472147244
0.8952172576 0.8101479557 0.3311766707 0.2752589215 0.2368926925 0.6671146486 0.9560308872 0.9702068007 0.8398381950 0.0000000000 0.4426611135 0.7840116564 0.5822733976 0.3517454108 0.7192376107 0.0965285524 0.7875453399 0.2812121572 0.3394164238 0.7482335540 0.1028705301 0.5257396055
0.6750686328 0.0203818588 0.2628185525 0.0592739026 0.2362973227 0.1049184937 0.7743712910 0.7489362614 0.7955744366 0.4426611135 0.0000000000 0.4625484634 0.2376900154 0.6406863695 0.2654771139 0.2635670107 0.5493987158 0.2300073014 0.1609389391 0.3769064326 0.3847260342 0.5276107559
0.6005618438 0.1893341386 0.8292897295 0.9200071591 0.0267279333 0.0868916764 0.3037596882 0.5611256934 0.5884202453 0.7840116564 0.4625484634 0.0000000000 0.8513469941 0.6675169090 0.1036333863 0.4142202521 0.9699423524 0.7235368921 0.8843181006 0.1254229754 0.2268331295 0.3333491280
0.7552001514 0.2495051341 0.7565037089 0.2210641548 0.1510498278 0.3470180225 0.6124995064 0.6931315663 0.8822715292 0.5822733976 0.2376900154 0.8513469941 0.0000000000 0.2651035786 0.0758484648 0.0327978520 0.6091602802 0.6713916310 0.8751741868 0.3415652033 0.3499077970 0.7502180462
0.3127649125 0.3931484826 0.2720286654 0.2512868396 0.6181047799 0.2043641065 0.3607743104 0.3605671319 0.1067502959 0.3517454108 0.6406863695 0.6675169090 0.2651035786 0.0000000000 0.6058126368 0.8734423356 0.6982123795 0.3359276157 0.0346737954 0.6497656077 0.1392578981 0.6527125212
0.7340102903 0.5998996204 0.1215426544 0.8023818734 0.0729834844 0.0744593498 0.9037366447 0.6838996521 0.3314648237 0.7192376107 0.2654771139 0.1036333863 0.0758484648 0.6058126368 0.0000000000 0.0651858213 0.8154993880 0.4138950390 0.9232336076 0.4007957918 0.0564096974 0.9739287018
0.6324716410 0.1505499824 0.4190369958 0.9423665464 0.7035809377 0.2948607806 0.9567460302 0.1757681844 0.2476687600 0.0965285524 0.2635670107 0.4142202521 0.0327978520 0.8734423356 0.0651858213 0.0000000000 0.8972715403 0.0874617725 0.5275912711 0.1944637171 0.9403304868 0.3301858267
0.0439512217 0.1688807626 0.4685664169 0.5122493441 0.4866945426 0.5862443961 0.3195981592 0.4333339437 0.6315880011 0.7875453399 0.5493987158 0.9699423524 0.6091602802 0.6982123795 0.8154993880 0.8972715403 0.0000000000 0.1017284115 0.6763469550 0.2293442610 0.7374274456 0.9183210958
0.9592742435 0.5144808317 0.9432429271 0.0012955920 0.3956088652 0.9587308819 0.3326217481 0.3651583158 0.8365682708 0.2812121572 0.2300073014 0.7235368921 0.6713916310 0.3359276157 0.4138950390 0.0874617725 0.1017284115 0.0000000000 0.6211582161 0.2911111719 0.9372754611 0.6692094708
0.7743082719 0.8346793801 0.2997188800 0.7437550192 0.0762506517 0.4626721874 0.2153445891 0.5533336711 0.1914478274 0.3394164238 0.1609389391 0.8843181006 0.8751741868 0.0346737954 0.9232336076 0.5275912711 0.6763469550 0.6211582161 0.0000000000 0.4418665834 0.5888101655 0.3305455491
0.7325550956 0.0027960778 0.5424911100 0.7308558405 0.2410509517 0.0928896523 0.9337423616 0.7720130958 0.6467958114 0.7482335540 0.3769064326 0.1254229754 0.3415652033 0.6497656077 0.4007957918 0.1944637171 0.2293442610 0.2911111719 0.4418665834 0.0000000000 0.7910820028 0.4841825330
0.3369457338 0.0897128400 0.9660022421 0.3986436109 0.1954067295 0.2716119563 0.0932407976 0.4517936213 0.2928066515 0.1028705301 0.3847260342 0.2268331295 0.3499077970 0.1392578981 0.0564096974 0.9403304868 0.7374274456 0.9372754611 0.5888101655 0.7910820028 0.0000000000 0.1129276652
0.5718660174 0.1314416273 0.4581472509 0.2978185245 0.9929055242 0.5055172701 0.2829749210 0.5131801156 0.1472147244 0.5257396055 0.5276107559 0.3333491280 0.7502180462 0.6527125212 0.9739287018 0.3301858267 0.9183210958 0.6692094708 0.3305455491 0.4841825330 0.1129276652 0.0000000000
