# Graph size: 22
# Optimal cost: 1.9226532640593939

# Distance Matrix
0.0 0.4828194829983169 0.9866544211394132 0.9270134777056382 0.05807346884457176 0.47938599714038 0.20156032145922387 0.9318896638226304 0.13151512035668733 0.33949810272052516 0.5157135772435942 0.6841988838803186 0.9595399508388857 0.4085146977564381 0.8775475504731437 0.020740278828070946 0.5802298265582918 0.08010310514435326 0.45219813615167215 0.12457743386901399 0.3948717886588453 0.36745119492069167
0.4828194829983169 0.0 0.5892052507064106 0.6369423718683969 0.07944664593154693 0.20778738737356117 0.055603715264934794 0.03200356784198899 0.02897822922741955 0.8408149589516626 0.2512310147665613 0.5994993583669911 0.7629966933322465 0.5557693878831272 0.8037433525728993 0.34996440211901736 0.04165790514580592 0.3371581471317888 0.15274538735443088 0.9082536986722193 0.7946003164401507 0.4558444484225761
0.9866544211394132 0.5892052507064106 0.0 0.47560363059397015 0.9932948703103472 0.34840968262555827 0.8499880403112945 0.5819265532964124 0.39547635659363745 0.8536010624685745 0.21945723585473864 0.20935962040948142 0.457805463100718 0.25831638975855264 0.11767853048256005 0.4902568816414822 0.9429468871975296 0.6534755895885345 0.9664913820200495 0.22695466278585608 0.8254788188301123 0.32290736481974835
0.9270134777056382 0.6369423718683969 0.47560363059397015 0.0 0.8424270800480649 0.012787679956497322 0.987180474933328 0.37202566579073504 0.08693289087196521 0.16665132002929095 0.012891286639766464 0.37990642367409 0.2784133537128415 0.9108279802367573 0.2854583809982125 0.12215846123860863 0.8705629866858687 0.21495989554731154 0.360516124119055 0.04577125303773155 0.8493156531518696 0.25346415014959145
0.05807346884457176 0.07944664593154693 0.9932948703103472 0.8424270800480649 0.0 0.16531753241557612 0.8421616568153033 0.08983736236897732 0.4793505641889627 0.9105639073293894 0.16093055299344727 0.7053417204618001 0.9043161733797056 0.7301561960223878 0.234379254542867 0.5711073601125871 0.29315533897462376 0.9710171802191964 0.9416251962807309 0.3799297350736308 0.6299370277155995 0.7436113878847569
0.47938599714038 0.20778738737356117 0.34840968262555827 0.012787679956497322 0.16531753241557612 0.0 0.6311946051259391 0.03933994655662476 0.39406650588308134 0.8135148542508897 0.8422597054087063 0.9562760477839832 0.896261444230045 0.16536456645595732 0.9172267692661984 0.7714924244897711 0.16763723821679022 0.6027432287917079 0.3821700841443525 0.40384597577050285 0.66951014091781 0.5610318634932437
0.20156032145922387 0.055603715264934794 0.8499880403112945 0.987180474933328 0.8421616568153033 0.6311946051259391 0.0 0.88664661624117 0.8436980354499711 0.39719095515772684 0.9049894634642992 0.4407145800956479 0.995023419938068 0.7879559110011642 0.8587949167599798 0.6645186348326074 0.007419028547947071 0.21154576933411706 0.3735138887211864 0.7745932733811065 0.9620562766618423 0.7209578157285449
0.9318896638226304 0.03200356784198899 0.5819265532964124 0.37202566579073504 0.08983736236897732 0.03933994655662476 0.88664661624117 0.0 0.17542875969508565 0.07107498675792201 0.47972314871285027 0.17195995471109427 0.45839749992905265 0.7613030904570506 0.8044531743058592 0.781669645810082 0.684382914032714 0.0578279192509098 0.18283999302280007 0.6897049658900815 0.23852077535782434 0.6226342051493211
0.13151512035668733 0.02897822922741955 0.39547635659363745 0.08693289087196521 0.4793505641889627 0.39406650588308134 0.8436980354499711 0.17542875969508565 0.0 0.906988409725621 0.10982889386478045 0.7485719840919652 0.5944267912737649 0.218153314979316 0.21567199228401956 0.7233300068982966 0.6321142545974133 0.3784707864967606 0.991032707496862 0.7905319359724577 0.6351660013699808 0.6097856881354874
0.33949810272052516 0.8408149589516626 0.8536010624685745 0.16665132002929095 0.9105639073293894 0.8135148542508897 0.39719095515772684 0.07107498675792201 0.906988409725621 0.0 0.8934187496165885 0.2220476191794063 0.06030647371877196 0.27143310341837457 0.32890678970458365 0.6225983082214984 0.04404997478258432 0.6029316163874683 0.6170621271340941 0.6279824200397373 0.8618681833518146 0.5928980769894615
0.5157135772435942 0.2512310147665613 0.21945723585473864 0.012891286639766464 0.16093055299344727 0.8422597054087063 0.9049894634642992 0.47972314871285027 0.10982889386478045 0.8934187496165885 0.0 0.33657358957916406 0.2097627532755053 0.6073216394083336 0.05209558429552641 0.6854234898357158 0.7155963548819108 0.3582757729383187 0.766377319747208 0.7638261299767457 0.08786398487807623 0.5123605109594207
0.6841988838803186 0.5994993583669911 0.20935962040948142 0.37990642367409 0.7053417204618001 0.9562760477839832 0.4407145800956479 0.17195995471109427 0.7485719840919652 0.2220476191794063 0.33657358957916406 0.0 0.6843909484797221 0.4938325893869133 0.7979838047219945 0.4201223819357446 0.45525946363935665 0.22641364375767192 0.909769404117483 0.9218564518248635 0.2730562901163144 0.9549964583385958
0.9595399508388857 0.7629966933322465 0.457805463100718 0.2784133537128415 0.9043161733797056 0.896261444230045 0.995023419938068 0.45839749992905265 0.5944267912737649 0.06030647371877196 0.2097627532755053 0.6843909484797221 0.0 0.3424196651864547 0.9028945772823199 0.9077436554386291 0.45384525351729443 0.8422038443644358 0.5221659467094429 0.006345166832871785 0.5903394871860091 0.39163261134723504
0.4085146977564381 0.5557693878831272 0.25831638975855264 0.9108279802367573 0.7301561960223878 0.16536456645595732 0.7879559110011642 0.7613030904570506 0.218153314979316 0.27143310341837457 0.6073216394083336 0.4938325893869133 0.3424196651864547 0.0 0.3401343577653304 0.23347471453711477 0.5221180079636243 0.7858813575756091 0.17475635604534268 0.5869457126648342 0.4832208875265922 0.8884596738887777
0.8775475504731437 0.8037433525728993 0.11767853048256005 0.2854583809982125 0.234379254542867 0.9172267692661984 0.8587949167599798 0.8044531743058592 0.21567199228401956 0.32890678970458365 0.05209558429552641 0.7979838047219945 0.9028945772823199 0.3401343577653304 0.0 0.14789262615324938 0.27203618757917725 0.3877753534038494 0.6415965940024806 0.04964510201305761 0.8470863447464677 0.5354358973129497
0.020740278828070946 0.34996440211901736 0.4902568816414822 0.12215846123860863 0.5711073601125871 0.7714924244897711 0.6645186348326074 0.781669645810082 0.7233300068982966 0.6225983082214984 0.6854234898357158 0.4201223819357446 0.9077436554386291 0.23347471453711477 0.14789262615324938 0.0 0.25153840483769996 0.8443803779857616 0.9634577020294984 0.28970267386999593 0.09493189893665432 0.8697395536405307
0.5802298265582918 0.04165790514580592 0.9429468871975296 0.8705629866858687 0.29315533897462376 0.16763723821679022 0.007419028547947071 0.684382914032714 0.6321142545974133 0.04404997478258432 0.7155963548819108 0.45525946363935665 0.45384525351729443 0.5221180079636243 0.27203618757917725 0.25153840483769996 0.0 0.9144835262100578 0.7184069687130968 0.7996928999099734 0.03872391924567242 0.38089242845172067
0.08010310514435326 0.3371581471317888 0.6534755895885345 0.21495989554731154 0.9710171802191964 0.6027432287917079 0.21154576933411706 0.0578279192509098 0.3784707864967606 0.6029316163874683 0.3582757729383187 0.22641364375767192 0.8422038443644358 0.7858813575756091 0.3877753534038494 0.8443803779857616 0.9144835262100578 0.0 0.8350655834649853 0.6422362985516059 0.1449840815293465 0.21428835805634505
0.45219813615167215 0.15274538735443088 0.9664913820200495 0.360516124119055 0.9416251962807309 0.3821700841443525 0.3735138887211864 0.18283999302280007 0.991032707496862 0.6170621271340941 0.766377319747208 0.909769404117483 0.5221659467094429 0.17475635604534268 0.6415965940024806 0.9634577020294984 0.7184069687130968 0.8350655834649853 0.0 0.2604710338038002 0.8726700078603826 0.19273042886197922
0.12457743386901399 0.9082536986722193 0.22695466278585608 0.04577125303773155 0.3799297350736308 0.40384597577050285 0.7745932733811065 0.6897049658900815 0.7905319359724577 0.6279824200397373 0.7638261299767457 0.9218564518248635 0.006345166832871785 0.5869457126648342 0.04964510201305761 0.28970267386999593 0.7996928999099734 0.6422362985516059 0.2604710338038002 0.0 0.8356216123878483 0.8357978205262023
0.3948717886588453 0.7946003164401507 0.8254788188301123 0.8493156531518696 0.6299370277155995 0.66951014091781 0.9620562766618423 0.23852077535782434 0.6351660013699808 0.8618681833518146 0.08786398487807623 0.2730562901163144 0.5903394871860091 0.4832208875265922 0.8470863447464677 0.09493189893665432 0.03872391924567242 0.1449840815293465 0.8726700078603826 0.8356216123878483 0.0 0.8305328188469879
0.36745119492069167 0.4558444484225761 0.32290736481974835 0.25346415014959145 0.7436113878847569 0.5610318634932437 0.7209578157285449 0.6226342051493211 0.6097856881354874 0.5928980769894615 0.5123605109594207 0.9549964583385958 0.39163261134723504 0.8884596738887777 0.5354358973129497 0.8697395536405307 0.38089242845172067 0.21428835805634505 0.19273042886197922 0.8357978205262023 0.8305328188469879 0.0

# Optimal Walk
0 4 8 1 7 11 2 14 19 12 9 16 6 20 10 3 5 13 18 21 17 15 0
