# MCW Instance
# Type: UNIFORM
# N: 22
# Optimal cost: 1.8582389659622485
# Optimal tour (permutation): [0, 9, 14, 17, 6, 5, 19, 20, 10, 4, 8, 13, 18, 16, 7, 12, 21, 11, 2, 3, 15, 1, 0]
# Optimal walk (full path): [0, 9, 14, 17, 6, 5, 19, 20, 10, 4, 8, 13, 18, 7, 16, 7, 18, 12, 11, 21, 11, 12, 2, 12, 15, 3, 15, 1, 0]
# Walk size: 29
# Is walk (has repeats): true

# Distance Matrix
0.0000000000 0.2522688648 0.2198520792 0.6456836626 0.7225054904 0.8275039441 0.3291906507 0.5496564512 0.9352897229 0.0438498118 0.0923013997 0.9648657591 0.8847963555 0.0919300398 0.6837419955 0.8982099391 0.5504525647 0.8806539202 0.5467172223 0.1976672075 0.5205355714 0.6446024387
0.2522688648 0.0000000000 0.7640120949 0.2764690750 0.6016163647 0.2989736709 0.6751187938 0.9439793122 0.7986021882 0.4403116594 0.5061896157 0.4177720111 0.1903106695 0.9390942283 0.3038620751 0.1548787617 0.8905475814 0.3993564752 0.5196661394 0.4849012567 0.9809490644 0.3708788828
0.2198520792 0.7640120949 0.0000000000 0.1786383073 0.1536627421 0.0293885627 0.0910699127 0.6839303654 0.7932977301 0.5665374431 0.7065247760 0.9586155637 0.0231561587 0.6832075214 0.3783438796 0.8065585812 0.3556250957 0.7323926761 0.4106453314 0.0861296582 0.3319469602 0.9724659795
0.6456836626 0.2764690750 0.1786383073 0.0000000000 0.5583084392 0.5337076609 0.3453403787 0.8717776247 0.9678355973 0.8483306105 0.4222061051 0.7099379068 0.7843223768 0.9545164717 0.8269270747 0.0573591380 0.3178768121 0.1971908674 0.7317480539 0.6921686647 0.8044306057 0.5908225847
0.7225054904 0.6016163647 0.1536627421 0.5583084392 0.0000000000 0.3504472467 0.5223947925 0.2187361977 0.1442817697 0.8729883474 0.1213663030 0.3014456626 0.7135998633 0.2580686101 0.5555551083 0.9475186877 0.7967240702 0.4414544317 0.2866311490 0.3698085179 0.1775236993 0.8002231495
0.8275039441 0.2989736709 0.0293885627 0.5337076609 0.3504472467 0.0000000000 0.0632870996 0.9995262877 0.3507192678 0.7765058642 0.8834300157 0.9143857067 0.2150698200 0.4090529943 0.3036257210 0.6955817994 0.6090675706 0.1469202941 0.6002212736 0.0063586382 0.8815531601 0.7268005197
0.3291906507 0.6751187938 0.0910699127 0.3453403787 0.5223947925 0.0632870996 0.0000000000 0.5453592085 0.8577728500 0.8390791116 0.0840014469 0.8511371233 0.4813613373 0.0925127451 0.2367983488 0.6564546778 0.9637725797 0.0372842367 0.8348652305 0.7836291685 0.3150233027 0.4448491916
0.5496564512 0.9439793122 0.6839303654 0.8717776247 0.2187361977 0.9995262877 0.5453592085 0.0000000000 0.5947156338 0.8756503558 0.4398933228 0.9173496161 0.1585604698 0.9399836800 0.5610729825 0.2631208080 0.0077171186 0.2711204301 0.0030293752 0.1876060207 0.9376801705 0.2016126589
0.9352897229 0.7986021882 0.7932977301 0.9678355973 0.1442817697 0.3507192678 0.8577728500 0.5947156338 0.0000000000 0.8871588441 0.5624046544 0.2591909659 0.6401189437 0.2116451609 0.9345941197 0.3281199445 0.8950271995 0.9935438420 0.8691288079 0.2267016067 0.8535089204 0.6359651657
0.0438498118 0.4403116594 0.5665374431 0.8483306105 0.8729883474 0.7765058642 0.8390791116 0.8756503558 0.8871588441 0.0000000000 0.1790348045 0.4196394918 0.1883989264 0.4498296587 0.0912820051 0.9908240325 0.8990830682 0.3075215725 0.9206298503 0.6298837336 0.1576164146 0.7348670961
0.0923013997 0.5061896157 0.7065247760 0.4222061051 0.1213663030 0.8834300157 0.0840014469 0.4398933228 0.5624046544 0.1790348045 0.0000000000 0.8794070924 0.8825157520 0.1275822056 0.3582163435 0.2380995188 0.3045194682 0.1507422411 0.5150086558 0.1697843321 0.0666823200 0.4553175446
0.9648657591 0.4177720111 0.9586155637 0.7099379068 0.3014456626 0.9143857067 0.8511371233 0.9173496161 0.2591909659 0.4196394918 0.8794070924 0.0000000000 0.0090534553 0.2608632174 0.2461441831 0.3297772580 0.4458595906 0.8512109118 0.5095933351 0.5273035492 0.3186979340 0.0787694391
0.8847963555 0.1903106695 0.0231561587 0.7843223768 0.7135998633 0.2150698200 0.4813613373 0.1585604698 0.6401189437 0.1883989264 0.8825157520 0.0090534553 0.0000000000 0.1446229465 0.5186382463 0.0326839638 0.7467829045 0.4278044515 0.0948069727 0.3520177616 0.9062812551 0.1315098542
0.0919300398 0.9390942283 0.6832075214 0.9545164717 0.2580686101 0.4090529943 0.0925127451 0.9399836800 0.2116451609 0.4498296587 0.1275822056 0.2608632174 0.1446229465 0.0000000000 0.7362551186 0.3346215138 0.3520858889 0.5662422482 0.1112188291 0.6787649362 0.0675237403 0.9312101873
0.6837419955 0.3038620751 0.3783438796 0.8269270747 0.5555551083 0.3036257210 0.2367983488 0.5610729825 0.9345941197 0.0912820051 0.3582163435 0.2461441831 0.5186382463 0.7362551186 0.0000000000 0.0436941496 0.5478718999 0.0212006607 0.9031077622 0.3001552854 0.3625519132 0.6185992681
0.8982099391 0.1548787617 0.8065585812 0.0573591380 0.9475186877 0.6955817994 0.6564546778 0.2631208080 0.3281199445 0.9908240325 0.2380995188 0.3297772580 0.0326839638 0.3346215138 0.0436941496 0.0000000000 0.3315395253 0.5842132152 0.7530025490 0.5419298350 0.6292551633 0.1996939216
0.5504525647 0.8905475814 0.3556250957 0.3178768121 0.7967240702 0.6090675706 0.9637725797 0.0077171186 0.8950271995 0.8990830682 0.3045194682 0.4458595906 0.7467829045 0.3520858889 0.5478718999 0.3315395253 0.0000000000 0.8502798812 0.6735773620 0.9463360673 0.9451554682 0.3615361219
0.8806539202 0.3993564752 0.7323926761 0.1971908674 0.4414544317 0.1469202941 0.0372842367 0.2711204301 0.9935438420 0.3075215725 0.1507422411 0.8512109118 0.4278044515 0.5662422482 0.0212006607 0.5842132152 0.8502798812 0.0000000000 0.2916521970 0.4997019061 0.9366513377 0.4221746163
0.5467172223 0.5196661394 0.4106453314 0.7317480539 0.2866311490 0.6002212736 0.8348652305 0.0030293752 0.8691288079 0.9206298503 0.5150086558 0.5095933351 0.0948069727 0.1112188291 0.9031077622 0.7530025490 0.6735773620 0.2916521970 0.0000000000 0.7505648662 0.4927825163 0.2205875279
0.1976672075 0.4849012567 0.0861296582 0.6921686647 0.3698085179 0.0063586382 0.7836291685 0.1876060207 0.2267016067 0.6298837336 0.1697843321 0.5273035492 0.3520177616 0.6787649362 0.3001552854 0.5419298350 0.9463360673 0.4997019061 0.7505648662 0.0000000000 0.0469741985 0.4152106360
0.5205355714 0.9809490644 0.3319469602 0.8044306057 0.1775236993 0.8815531601 0.3150233027 0.9376801705 0.8535089204 0.1576164146 0.0666823200 0.3186979340 0.9062812551 0.0675237403 0.3625519132 0.6292551633 0.9451554682 0.9366513377 0.4927825163 0.0469741985 0.0000000000 0.9049262942
0.6446024387 0.3708788828 0.9724659795 0.5908225847 0.8002231495 0.7268005197 0.4448491916 0.2016126589 0.6359651657 0.7348670961 0.4553175446 0.0787694391 0.1315098542 0.9312101873 0.6185992681 0.1996939216 0.3615361219 0.4221746163 0.2205875279 0.4152106360 0.9049262942 0.0000000000
