# MCW Instance
# Type: UNIFORM
# N: 22
# Optimal cost: 1.466721128244021
# Optimal tour (permutation): [0, 14, 18, 5, 19, 9, 7, 6, 16, 1, 12, 10, 3, 21, 20, 15, 11, 2, 17, 4, 13, 8, 0]
# Optimal walk (full path): [0, 14, 18, 5, 7, 19, 9, 19, 7, 6, 7, 1, 16, 1, 12, 10, 3, 21, 20, 2, 15, 2, 11, 2, 4, 17, 4, 13, 0, 8, 0]
# Walk size: 31
# Is walk (has repeats): true

# Distance Matrix
0.0000000000 0.6740564643 0.9772350812 0.2496113516 0.4041188371 0.7718492523 0.4881903631 0.4220077942 0.0483729185 0.4750464731 0.2956757652 0.5109609036 0.3666408743 0.0405727599 0.0282650268 0.4567607531 0.7766664027 0.1588079427 0.8848682878 0.4175155478 0.6871624329 0.5685738051
0.6740564643 0.0000000000 0.2617552053 0.9736123569 0.0735807586 0.6702296178 0.3397004378 0.0575971503 0.2956348853 0.4120535623 0.9779612120 0.5921703069 0.0428377581 0.3354385405 0.8487116498 0.9449707394 0.0218539039 0.5560326340 0.8637219168 0.2160484745 0.7582553771 0.6308057153
0.9772350812 0.2617552053 0.0000000000 0.5944846340 0.0624016898 0.6753096135 0.7151256193 0.5676552050 0.2336810982 0.4337164156 0.1492786010 0.0295862004 0.2441411302 0.3687502630 0.6304705085 0.0169008457 0.6381434348 0.7450536724 0.4241964824 0.3444637873 0.1199957828 0.4643654029
0.2496113516 0.9736123569 0.5944846340 0.0000000000 0.6479690110 0.4277721715 0.4136348185 0.8077577455 0.5207449335 0.6937037017 0.0936385977 0.7714948552 0.6129943500 0.7017224798 0.7862808844 0.5644139617 0.5552056994 0.9970574859 0.0778162051 0.8747701271 0.3667223251 0.1480328346
0.4041188371 0.0735807586 0.0624016898 0.6479690110 0.0000000000 0.1869105571 0.5857743812 0.5521583808 0.3816425596 0.9591098672 0.7215938170 0.3792424373 0.7246272316 0.0234646309 0.5393715982 0.2997897950 0.5817234380 0.0149055288 0.8478639542 0.3046048850 0.2384214102 0.6106917575
0.7718492523 0.6702296178 0.6753096135 0.4277721715 0.1869105571 0.0000000000 0.8295799302 0.1134677593 0.8624798640 0.7552299389 0.8708490377 0.4929598157 0.1966116844 0.8547885105 0.1630309353 0.6677350029 0.2841677292 0.9121085693 0.1281202750 0.7449453198 0.2503099201 0.5406392608
0.4881903631 0.3397004378 0.7151256193 0.4136348185 0.5857743812 0.8295799302 0.0000000000 0.0432889914 0.3068799873 0.3730797094 0.5491017136 0.5914472422 0.8434799628 0.4219309500 0.3193126898 0.4486934659 0.4942405003 0.5157111564 0.5136752445 0.4345629949 0.6481164990 0.5577387083
0.4220077942 0.0575971503 0.5676552050 0.8077577455 0.5521583808 0.1134677593 0.0432889914 0.0000000000 0.7434706655 0.1972735607 0.3103964372 0.6425378639 0.7050618854 0.8837053375 0.7871128076 0.6969572949 0.9483461082 0.7526422496 0.1604079838 0.0178120627 0.8802696292 0.2298399440
0.0483729185 0.2956348853 0.2336810982 0.5207449335 0.3816425596 0.8624798640 0.3068799873 0.7434706655 0.0000000000 0.2323764363 0.2988532003 0.8259459066 0.4747754445 0.1002555204 0.2017824956 0.9708931830 0.1314720746 0.2924388417 0.5191950261 0.7901352039 0.5695826207 0.4426373767
0.4750464731 0.4120535623 0.4337164156 0.6937037017 0.9591098672 0.7552299389 0.3730797094 0.1972735607 0.2323764363 0.0000000000 0.5017452325 0.1333851391 0.5869527103 0.8086157222 0.9774968960 0.4802591532 0.2411752107 0.5522816909 0.4783312619 0.0054426389 0.2051858241 0.5895095986
0.2956757652 0.9779612120 0.1492786010 0.0936385977 0.7215938170 0.8708490377 0.5491017136 0.3103964372 0.2988532003 0.5017452325 0.0000000000 0.7064516905 0.0009588567 0.8007390629 0.9909288392 0.3234370801 0.8911661781 0.6536425467 0.3690110000 0.2249606947 0.5458368798 0.7359170878
0.5109609036 0.5921703069 0.0295862004 0.7714948552 0.3792424373 0.4929598157 0.5914472422 0.6425378639 0.8259459066 0.1333851391 0.7064516905 0.0000000000 0.4221403967 0.1762047097 0.8476464161 0.4125888024 0.8229543301 0.9261654147 0.5026296430 0.9946084258 0.9360910593 0.6934571519
0.3666408743 0.0428377581 0.2441411302 0.6129943500 0.7246272316 0.1966116844 0.8434799628 0.7050618854 0.4747754445 0.5869527103 0.0009588567 0.4221403967 0.0000000000 0.8956358253 0.2144326122 0.4295848813 0.2218883346 0.3875421062 0.9870903717 0.7044996447 0.4409957858 0.8269605880
0.0405727599 0.3354385405 0.3687502630 0.7017224798 0.0234646309 0.8547885105 0.4219309500 0.8837053375 0.1002555204 0.8086157222 0.8007390629 0.1762047097 0.8956358253 0.0000000000 0.7970972921 0.2089929763 0.1348885289 0.2064013233 0.0603693225 0.1258556827 0.9221657724 0.3313299415
0.0282650268 0.8487116498 0.6304705085 0.7862808844 0.5393715982 0.1630309353 0.3193126898 0.7871128076 0.2017824956 0.9774968960 0.9909288392 0.8476464161 0.2144326122 0.7970972921 0.0000000000 0.8503265688 0.6266718902 0.2803382983 0.0902851856 0.4486669448 0.8710974688 0.3100957312
0.4567607531 0.9449707394 0.0169008457 0.5644139617 0.2997897950 0.6677350029 0.4486934659 0.6969572949 0.9708931830 0.4802591532 0.3234370801 0.4125888024 0.4295848813 0.2089929763 0.8503265688 0.0000000000 0.4151983273 0.2838284021 0.1963552870 0.4279275248 0.3032824922 0.9539478238
0.7766664027 0.0218539039 0.6381434348 0.5552056994 0.5817234380 0.2841677292 0.4942405003 0.9483461082 0.1314720746 0.2411752107 0.8911661781 0.8229543301 0.2218883346 0.1348885289 0.6266718902 0.4151983273 0.0000000000 0.4898981420 0.2000180640 0.3353373889 0.1961631557 0.5672908909
0.1588079427 0.5560326340 0.7450536724 0.9970574859 0.0149055288 0.9121085693 0.5157111564 0.7526422496 0.2924388417 0.5522816909 0.6536425467 0.9261654147 0.3875421062 0.2064013233 0.2803382983 0.2838284021 0.4898981420 0.0000000000 0.0860016098 0.9700405364 0.8603950043 0.4877158918
0.8848682878 0.8637219168 0.4241964824 0.0778162051 0.8478639542 0.1281202750 0.5136752445 0.1604079838 0.5191950261 0.4783312619 0.3690110000 0.5026296430 0.9870903717 0.0603693225 0.0902851856 0.1963552870 0.2000180640 0.0860016098 0.0000000000 0.9480760868 0.5197733601 0.1732828076
0.4175155478 0.2160484745 0.3444637873 0.8747701271 0.3046048850 0.7449453198 0.4345629949 0.0178120627 0.7901352039 0.0054426389 0.2249606947 0.9946084258 0.7044996447 0.1258556827 0.4486669448 0.4279275248 0.3353373889 0.9700405364 0.9480760868 0.0000000000 0.1311063417 0.7991391922
0.6871624329 0.7582553771 0.1199957828 0.3667223251 0.2384214102 0.2503099201 0.6481164990 0.8802696292 0.5695826207 0.2051858241 0.5458368798 0.9360910593 0.4409957858 0.9221657724 0.8710974688 0.3032824922 0.1961631557 0.8603950043 0.5197733601 0.1311063417 0.0000000000 0.1207566402
0.5685738051 0.6308057153 0.4643654029 0.1480328346 0.6106917575 0.5406392608 0.5577387083 0.2298399440 0.4426373767 0.5895095986 0.7359170878 0.6934571519 0.8269605880 0.3313299415 0.3100957312 0.9539478238 0.5672908909 0.4877158918 0.1732828076 0.7991391922 0.1207566402 0.0000000000
