# MCW Instance
# Type: UNIFORM
# N: 22
# Optimal cost: 1.3637276903398765
# Optimal tour (permutation): [0, 7, 21, 13, 20, 9, 8, 15, 11, 5, 19, 3, 4, 6, 18, 2, 12, 14, 10, 1, 16, 17, 0]
# Optimal walk (full path): [0, 7, 0, 13, 21, 13, 20, 9, 8, 15, 11, 5, 19, 3, 4, 6, 2, 18, 2, 12, 14, 10, 1, 10, 16, 17, 0]
# Walk size: 27
# Is walk (has repeats): true

# Distance Matrix
0.0000000000 0.4855815282 0.1585396758 0.7432805901 0.8648515389 0.2008106017 0.7624824412 0.0055000807 0.2274020052 0.8907023228 0.0327038033 0.1665905133 0.9794753143 0.0101337126 0.9387812213 0.2160239316 0.9220911391 0.0951087252 0.3470768119 0.8772358876 0.1562791743 0.3548163427
0.4855815282 0.0000000000 0.5427358579 0.9209555066 0.7949355584 0.9564231724 0.8897095072 0.3133752097 0.5228018122 0.5565864999 0.0004145098 0.5466029801 0.9391672758 0.7908997132 0.7954312415 0.9216912118 0.5173098737 0.3709590354 0.8736811229 0.2586379974 0.4453540595 0.1584666459
0.1585396758 0.5427358579 0.0000000000 0.6848126599 0.4931080236 0.5751392484 0.0867621192 0.0980655201 0.8862222406 0.1988553239 0.0824007053 0.0956698711 0.1216162820 0.3976169386 0.2028730838 0.4838783655 0.3930701378 0.2618114730 0.0512886876 0.7110165767 0.6963623516 0.3699697695
0.7432805901 0.9209555066 0.6848126599 0.0000000000 0.1548199992 0.1094768310 0.9306038128 0.5310734903 0.4009330961 0.1373699331 0.0871581229 0.9446259953 0.8139052841 0.4855874191 0.7583565127 0.6134784221 0.9238577622 0.2373169990 0.4335672597 0.0563164711 0.7315075443 0.6195922832
0.8648515389 0.7949355584 0.4931080236 0.1548199992 0.0000000000 0.5667809463 0.1098774796 0.8040698085 0.2702472986 0.1977244879 0.8853812482 0.3512177443 0.3586849871 0.9876184943 0.7493227582 0.2247343050 0.3451584639 0.8910439868 0.5356879556 0.6614662365 0.6408023333 0.3269859264
0.2008106017 0.9564231724 0.5751392484 0.1094768310 0.5667809463 0.0000000000 0.0648189785 0.2464176478 0.9394407485 0.6349732416 0.4435683674 0.0112967613 0.5322381359 0.8063353847 0.5520463432 0.8035561986 0.4875467707 0.9659484705 0.5841791720 0.0619435947 0.1808455903 0.8464443352
0.7624824412 0.8897095072 0.0867621192 0.9306038128 0.1098774796 0.0648189785 0.0000000000 0.5024607599 0.9168060735 0.2934527790 0.5447081280 0.7916933627 0.0968682587 0.0637340474 0.1795915670 0.9521780066 0.4689307298 0.2708177611 0.6801203061 0.7597284829 0.1629117728 0.1583668085
0.0055000807 0.3133752097 0.0980655201 0.5310734903 0.8040698085 0.2464176478 0.5024607599 0.0000000000 0.8250753982 0.4380475917 0.1418821875 0.2647464262 0.8276808410 0.5384178099 0.7652192115 0.9159660235 0.2132303242 0.5023228930 0.3627326027 0.9590624808 0.4728378196 0.5945309997
0.2274020052 0.5228018122 0.8862222406 0.4009330961 0.2702472986 0.9394407485 0.9168060735 0.8250753982 0.0000000000 0.0885920743 0.1661309132 0.9930987206 0.1373338096 0.3561119157 0.6229984892 0.0592991975 0.7510502577 0.9679254832 0.3315756908 0.3089133538 0.6115679257 0.6508083441
0.8907023228 0.5565864999 0.1988553239 0.1373699331 0.1977244879 0.6349732416 0.2934527790 0.4380475917 0.0885920743 0.0000000000 0.2012083704 0.8724794386 0.5726082043 0.0803858968 0.5818933488 0.5805472437 0.3685668286 0.6381875261 0.5010089825 0.0382416418 0.0131940157 0.0819858585
0.0327038033 0.0004145098 0.0824007053 0.0871581229 0.8853812482 0.4435683674 0.5447081280 0.1418821875 0.1661309132 0.2012083704 0.0000000000 0.8052515020 0.0730871003 0.9400435265 0.0300868529 0.4807568677 0.0470913408 0.3925337040 0.6612119668 0.5269267427 0.7906864563 0.0646272150
0.1665905133 0.5466029801 0.0956698711 0.9446259953 0.3512177443 0.0112967613 0.7916933627 0.2647464262 0.9930987206 0.8724794386 0.8052515020 0.0000000000 0.3138412501 0.8932667038 0.4639781068 0.0175510635 0.7323622943 0.1535834672 0.4798549006 0.4536418082 0.5520962827 0.7881772039
0.9794753143 0.9391672758 0.1216162820 0.8139052841 0.3586849871 0.5322381359 0.0968682587 0.8276808410 0.1373338096 0.5726082043 0.0730871003 0.3138412501 0.0000000000 0.7338614017 0.0153153641 0.2412496011 0.1722037581 0.7773396927 0.8953245625 0.1250653896 0.6271712975 0.2431968337
0.0101337126 0.7908997132 0.3976169386 0.4855874191 0.9876184943 0.8063353847 0.0637340474 0.5384178099 0.3561119157 0.0803858968 0.9400435265 0.8932667038 0.7338614017 0.0000000000 0.1938822222 0.3059264553 0.1825741823 0.7877556357 0.6388906373 0.2628870837 0.0159564173 0.0474991205
0.9387812213 0.7954312415 0.2028730838 0.7583565127 0.7493227582 0.5520463432 0.1795915670 0.7652192115 0.6229984892 0.5818933488 0.0300868529 0.4639781068 0.0153153641 0.1938822222 0.0000000000 0.9974336319 0.6650885265 0.8922361730 0.6261200134 0.2498501816 0.4657384684 0.3069113313
0.2160239316 0.9216912118 0.4838783655 0.6134784221 0.2247343050 0.8035561986 0.9521780066 0.9159660235 0.0592991975 0.5805472437 0.4807568677 0.0175510635 0.2412496011 0.3059264553 0.9974336319 0.0000000000 0.9251378014 0.8721236851 0.6568125283 0.4528059224 0.7104484342 0.3779842435
0.9220911391 0.5173098737 0.3930701378 0.9238577622 0.3451584639 0.4875467707 0.4689307298 0.2132303242 0.7510502577 0.3685668286 0.0470913408 0.7323622943 0.1722037581 0.1825741823 0.6650885265 0.9251378014 0.0000000000 0.1593614222 0.5763056942 0.6675222633 0.6090360597 0.2002846825
0.0951087252 0.3709590354 0.2618114730 0.2373169990 0.8910439868 0.9659484705 0.2708177611 0.5023228930 0.9679254832 0.6381875261 0.3925337040 0.1535834672 0.7773396927 0.7877556357 0.8922361730 0.8721236851 0.1593614222 0.0000000000 0.7665702366 0.8395679928 0.1293854753 0.1836576744
0.3470768119 0.8736811229 0.0512886876 0.4335672597 0.5356879556 0.5841791720 0.6801203061 0.3627326027 0.3315756908 0.5010089825 0.6612119668 0.4798549006 0.8953245625 0.6388906373 0.6261200134 0.6568125283 0.5763056942 0.7665702366 0.0000000000 0.7299987041 0.7658321005 0.4806596619
0.8772358876 0.2586379974 0.7110165767 0.0563164711 0.6614662365 0.0619435947 0.7597284829 0.9590624808 0.3089133538 0.0382416418 0.5269267427 0.4536418082 0.1250653896 0.2628870837 0.2498501816 0.4528059224 0.6675222633 0.8395679928 0.7299987041 0.0000000000 0.5031762615 0.6422643612
0.1562791743 0.4453540595 0.6963623516 0.7315075443 0.6408023333 0.1808455903 0.1629117728 0.4728378196 0.6115679257 0.0131940157 0.7906864563 0.5520962827 0.6271712975 0.0159564173 0.4657384684 0.7104484342 0.6090360597 0.1293854753 0.7658321005 0.5031762615 0.0000000000 0.3413039256
0.3548163427 0.1584666459 0.3699697695 0.6195922832 0.3269859264 0.8464443352 0.1583668085 0.5945309997 0.6508083441 0.0819858585 0.0646272150 0.7881772039 0.2431968337 0.0474991205 0.3069113313 0.3779842435 0.2002846825 0.1836576744 0.4806596619 0.6422643612 0.3413039256 0.0000000000
