# MCW Instance
# Type: UNIFORM
# N: 22
# Optimal cost: 1.833409445286744
# Optimal tour (permutation): [0, 18, 12, 5, 6, 16, 14, 9, 21, 13, 17, 3, 7, 10, 11, 2, 4, 20, 1, 19, 15, 8, 0]
# Optimal walk (full path): [0, 5, 18, 5, 12, 5, 6, 16, 14, 9, 20, 21, 13, 21, 17, 3, 17, 7, 11, 10, 11, 2, 4, 20, 1, 20, 19, 15, 8, 0]
# Walk size: 30
# Is walk (has repeats): true

# Distance Matrix
0.0000000000 0.7212447264 0.7987885010 0.9680789640 0.6370212968 0.0566647298 0.8732498124 0.6366145219 0.0254308603 0.3806109108 0.4920690651 0.4330030472 0.3491397316 0.3560201220 0.3894880117 0.1185959004 0.3152935999 0.3487067508 0.2867051588 0.6220687791 0.9624615086 0.2390003666
0.7212447264 0.0000000000 0.5937656693 0.7638291558 0.8940280075 0.5996410938 0.1881354453 0.3432786765 0.5200473592 0.4247775145 0.8818061264 0.1609826672 0.8261450781 0.4396389244 0.3850667959 0.6581498255 0.2749655299 0.6464296207 0.8026179440 0.2474280225 0.0638296464 0.1692203580
0.7987885010 0.5937656693 0.0000000000 0.9564912194 0.0818719688 0.1116795442 0.6490877472 0.1202786384 0.9630418746 0.8290518339 0.4104797408 0.0704630976 0.3245422767 0.9367350865 0.3707612479 0.7131818127 0.7439126743 0.3419309985 0.1971210861 0.9285428357 0.2336330514 0.3551526986
0.9680789640 0.7638291558 0.9564912194 0.0000000000 0.5284974555 0.6896540127 0.6411083756 0.3367584968 0.1749061253 0.9598133280 0.8478486023 0.1989320277 0.0825320435 0.3488474021 0.0996614630 0.0570853079 0.5101711353 0.0183755050 0.7225274444 0.7240743078 0.3010865185 0.8658144588
0.6370212968 0.8940280075 0.0818719688 0.5284974555 0.0000000000 0.6829275693 0.6712808201 0.3540689943 0.5882289352 0.9367463050 0.5425291341 0.3984688244 0.8296713605 0.2774737284 0.2999690462 0.9601924241 0.2494440705 0.4422818445 0.6054717735 0.9691333870 0.0137556141 0.5636528059
0.0566647298 0.5996410938 0.1116795442 0.6896540127 0.6829275693 0.0000000000 0.0967486354 0.8032350282 0.9095322777 0.6645867468 0.8043172421 0.6903569917 0.0066848414 0.7870201906 0.0736027903 0.2963459888 0.5539197331 0.5159360337 0.0058776520 0.0161865613 0.5832225831 0.1157489244
0.8732498124 0.1881354453 0.6490877472 0.6411083756 0.6712808201 0.0967486354 0.0000000000 0.6124051982 0.9548349465 0.5194317307 0.2309002225 0.5880685612 0.8353151286 0.9438575333 0.1191997328 0.8539287617 0.1038832342 0.5446933399 0.6843012017 0.7925711779 0.3155424080 0.2020022369
0.6366145219 0.3432786765 0.1202786384 0.3367584968 0.3540689943 0.8032350282 0.6124051982 0.0000000000 0.1528020221 0.4057626340 0.4779176828 0.1013529721 0.1018074225 0.4608562197 0.4074758946 0.7477179845 0.6844022544 0.0605444715 0.3093033107 0.7600347814 0.3233244234 0.9699758859
0.0254308603 0.5200473592 0.9630418746 0.1749061253 0.5882289352 0.9095322777 0.9548349465 0.1528020221 0.0000000000 0.7301291710 0.3668715110 0.8472356534 0.4659137151 0.7540110636 0.5949265002 0.0293370079 0.4345301361 0.8110732234 0.2446303157 0.7546779437 0.9375925053 0.7519169241
0.3806109108 0.4247775145 0.8290518339 0.9598133280 0.9367463050 0.6645867468 0.5194317307 0.4057626340 0.7301291710 0.0000000000 0.8809086241 0.5903594008 0.4912135478 0.9037973209 0.2322023799 0.3619329630 0.8569999772 0.6693886240 0.5871314656 0.4496494845 0.2323490597 0.8549356689
0.4920690651 0.8818061264 0.4104797408 0.8478486023 0.5425291341 0.8043172421 0.2309002225 0.4779176828 0.3668715110 0.8809086241 0.0000000000 0.0057270041 0.9098126218 0.3448068005 0.3218162571 0.4209461199 0.1993435089 0.1048145200 0.7440159511 0.9962226227 0.2357653681 0.1518357935
0.4330030472 0.1609826672 0.0704630976 0.1989320277 0.3984688244 0.6903569917 0.5880685612 0.1013529721 0.8472356534 0.5903594008 0.0057270041 0.0000000000 0.2237427787 0.4260957331 0.7601673843 0.8407689374 0.2683861433 0.2194980267 0.4873094907 0.9587149305 0.1642511896 0.3890732876
0.3491397316 0.8261450781 0.3245422767 0.0825320435 0.8296713605 0.0066848414 0.8353151286 0.1018074225 0.4659137151 0.4912135478 0.9098126218 0.2237427787 0.0000000000 0.3248810020 0.7365840186 0.0959757342 0.3849332344 0.0230273823 0.5256891019 0.4552640258 0.5575521104 0.9756115813
0.3560201220 0.4396389244 0.9367350865 0.3488474021 0.2774737284 0.7870201906 0.9438575333 0.4608562197 0.7540110636 0.9037973209 0.3448068005 0.4260957331 0.3248810020 0.0000000000 0.8463875087 0.6585477741 0.9120362369 0.5362771013 0.3839968206 0.4504118090 0.4247954003 0.1352325087
0.3894880117 0.3850667959 0.3707612479 0.0996614630 0.2999690462 0.0736027903 0.1191997328 0.4074758946 0.5949265002 0.2322023799 0.3218162571 0.7601673843 0.7365840186 0.8463875087 0.0000000000 0.9066249255 0.1080978214 0.7336818078 0.6867775875 0.0102180599 0.1821266544 0.5839509857
0.1185959004 0.6581498255 0.7131818127 0.0570853079 0.9601924241 0.2963459888 0.8539287617 0.7477179845 0.0293370079 0.3619329630 0.4209461199 0.8407689374 0.0959757342 0.6585477741 0.9066249255 0.0000000000 0.2629439002 0.0580450781 0.4090560638 0.0149388790 0.7752234580 0.6749996056
0.3152935999 0.2749655299 0.7439126743 0.5101711353 0.2494440705 0.5539197331 0.1038832342 0.6844022544 0.4345301361 0.8569999772 0.1993435089 0.2683861433 0.3849332344 0.9120362369 0.1080978214 0.2629439002 0.0000000000 0.2146170855 0.9061376340 0.4542108671 0.6815167293 0.7889491242
0.3487067508 0.6464296207 0.3419309985 0.0183755050 0.4422818445 0.5159360337 0.5446933399 0.0605444715 0.8110732234 0.6693886240 0.1048145200 0.2194980267 0.0230273823 0.5362771013 0.7336818078 0.0580450781 0.2146170855 0.0000000000 0.1663922928 0.2460860452 0.4075640538 0.0603805602
0.2867051588 0.8026179440 0.1971210861 0.7225274444 0.6054717735 0.0058776520 0.6843012017 0.3093033107 0.2446303157 0.5871314656 0.7440159511 0.4873094907 0.5256891019 0.3839968206 0.6867775875 0.4090560638 0.9061376340 0.1663922928 0.0000000000 0.5462290705 0.8552161273 0.9140816049
0.6220687791 0.2474280225 0.9285428357 0.7240743078 0.9691333870 0.0161865613 0.7925711779 0.7600347814 0.7546779437 0.4496494845 0.9962226227 0.9587149305 0.4552640258 0.4504118090 0.0102180599 0.0149388790 0.4542108671 0.2460860452 0.5462290705 0.0000000000 0.0201773165 0.7808656178
0.9624615086 0.0638296464 0.2336330514 0.3010865185 0.0137556141 0.5832225831 0.3155424080 0.3233244234 0.9375925053 0.2323490597 0.2357653681 0.1642511896 0.5575521104 0.4247954003 0.1821266544 0.7752234580 0.6815167293 0.4075640538 0.8552161273 0.0201773165 0.0000000000 0.0537565217
0.2390003666 0.1692203580 0.3551526986 0.8658144588 0.5636528059 0.1157489244 0.2020022369 0.9699758859 0.7519169241 0.8549356689 0.1518357935 0.3890732876 0.9756115813 0.1352325087 0.5839509857 0.6749996056 0.7889491242 0.0603805602 0.9140816049 0.7808656178 0.0537565217 0.0000000000
