# Graph size: 7
# Optimal cost: 2.302881545980679

# Distance Matrix
0.0 0.05530409640641043 0.3978993694986057 0.727421690670524 0.08136134170925824 0.7931887714647827 0.9373203928716731
0.05530409640641043 0.0 0.9748249313150998 0.4095797065612793 0.8883311686403832 0.5535056258182083 0.7187554831221071
0.3978993694986057 0.9748249313150998 0.0 0.4681333289308166 0.9908242509414786 0.9724551614587 0.9302747054199219
0.727421690670524 0.4095797065612793 0.4681333289308166 0.0 0.09330355735073992 0.06796508116510824 0.6499253851842682
0.08136134170925824 0.8883311686403832 0.9908242509414786 0.09330355735073992 0.0 0.371228718962167 0.5372136164899146
0.7931887714647827 0.5535056258182083 0.9724551614587 0.06796508116510824 0.371228718962167 0.0 0.6397006153741549
0.9373203928716731 0.7187554831221071 0.9302747054199219 0.6499253851842682 0.5372136164899146 0.6397006153741549 0.0

# Optimal Walk
0 4 6 5 3 2 1 0
