# Graph size: 7
# Optimal cost: 2.010786135997778

# Distance Matrix
0.0 0.603079884251848 0.6305025372702817 0.7192646640373053 0.03674102669042201 0.056306918775488546 0.4770956134264145
0.603079884251848 0.0 0.8136100106243768 0.5817855129813134 0.4588639279334231 0.6703173929454442 0.42010651531282805
0.6305025372702817 0.8136100106243768 0.0 0.7880664174875069 0.37671205127280305 0.47779328195974147 0.4989241667861344
0.7192646640373053 0.5817855129813134 0.7880664174875069 0.0 0.5160495704676454 0.9582718811240045 0.14615448870820924
0.03674102669042201 0.4588639279334231 0.37671205127280305 0.5160495704676454 0.0 0.14461375397865295 0.569441054035995
0.056306918775488546 0.6703173929454442 0.47779328195974147 0.9582718811240045 0.14461375397865295 0.0 0.015000635905440984
0.4770956134264145 0.42010651531282805 0.4989241667861344 0.14615448870820924 0.569441054035995 0.015000635905440984 0.0

# Optimal Walk
0 5 6 3 1 2 4 0
