# Graph size: 7
# Optimal cost: 0.8220613693687797

# Distance Matrix
0.0 0.30558230181038715 0.11615534369973135 0.7066991909975432 0.3721158769357221 0.22602069924514823 0.14784411645612994
0.30558230181038715 0.0 0.20250929832859577 0.44041099212909285 0.41270336438100286 0.03747750631939828 0.8225854212491058
0.11615534369973135 0.20250929832859577 0.0 0.06453742239750115 0.9172166815030987 0.8728195667951849 0.2317263065531857
0.7066991909975432 0.44041099212909285 0.06453742239750115 0.0 0.6320027008771484 0.05179211467011302 0.2103754161362349
0.3721158769357221 0.41270336438100286 0.9172166815030987 0.6320027008771484 0.0 0.4987001137596896 0.05230491435007989
0.22602069924514823 0.03747750631939828 0.8728195667951849 0.05179211467011302 0.4987001137596896 0.0 0.28628009316901826
0.14784411645612994 0.8225854212491058 0.2317263065531857 0.2103754161362349 0.05230491435007989 0.28628009316901826 0.0

# Optimal Walk
0 6 4 3 5 1 2 0
