# Graph size: 7
# Optimal cost: 1.904697500633405

# Distance Matrix
0.0 0.8066073513749348 0.7983466774910895 0.33005925785690027 0.7031597791518225 0.41898041398412644 0.47293365331186143
0.8066073513749348 0.0 0.752296398237386 0.8473428073974596 0.8215791438750404 0.087501091612322 0.6578625873204019
0.7983466774910895 0.752296398237386 0.0 0.4451094333157327 0.2257899176666619 0.6649974871576999 0.15586972027648227
0.33005925785690027 0.8473428073974596 0.4451094333157327 0.0 0.6407128350093665 0.1925911402974324 0.4286006715873498
0.7031597791518225 0.8215791438750404 0.2257899176666619 0.6407128350093665 0.0 0.3631057956509133 0.6660606858852431
0.41898041398412644 0.087501091612322 0.6649974871576999 0.1925911402974324 0.3631057956509133 0.0 0.12222550215946193
0.47293365331186143 0.6578625873204019 0.15586972027648227 0.4286006715873498 0.6660606858852431 0.12222550215946193 0.0

# Optimal Walk
0 4 2 6 5 1 3 0
