# Graph size: 7
# Optimal cost: 1.7397970283645885

# Distance Matrix
0.0 0.3086084290710679 0.5098746854704934 0.5529835264524524 0.2632190510664495 0.5017586439199503 0.052519469682582365
0.3086084290710679 0.0 0.6563563369186357 0.015592103144212999 0.7592842092122302 0.13574294406276988 0.8784386031166704
0.5098746854704934 0.6563563369186357 0.0 0.9795878828529503 0.875477589463471 0.5730921376523513 0.5722511311433918
0.5529835264524524 0.015592103144212999 0.9795878828529503 0.0 0.6937698218298035 0.8280228614006556 0.016381931630207847
0.2632190510664495 0.7592842092122302 0.875477589463471 0.6937698218298035 0.0 0.5335567571771096 0.7973078894822183
0.5017586439199503 0.13574294406276988 0.5730921376523513 0.8280228614006556 0.5335567571771096 0.0 0.013924563877420915
0.052519469682582365 0.8784386031166704 0.5722511311433918 0.016381931630207847 0.7973078894822183 0.013924563877420915 0.0

# Optimal Walk
0 4 2 5 3 1 6 0
