# Graph size: 7
# Optimal cost: 1.2416787135325453

# Distance Matrix
0.0 0.933437363587007 0.17468548753864832 0.37098919219929427 0.866632963367087 0.4516545531885545 0.2186059329384894
0.933437363587007 0.0 0.5584184077128186 0.17110949822378907 0.11583323372803567 0.47370914474025316 0.9513093027931596
0.17468548753864832 0.5584184077128186 0.0 0.9356089343514359 0.3580268873560293 0.5926744890270437 0.32601966026565765
0.37098919219929427 0.17110949822378907 0.9356089343514359 0.0 0.6444065360106259 0.03579005417855807 0.13183756539043767
0.866632963367087 0.11583323372803567 0.3580268873560293 0.6444065360106259 0.0 0.7556343790459411 0.09670633138592621
0.4516545531885545 0.47370914474025316 0.5926744890270437 0.03579005417855807 0.7556343790459411 0.0 0.6881576055479675
0.2186059329384894 0.9513093027931596 0.32601966026565765 0.13183756539043767 0.09670633138592621 0.6881576055479675 0.0

# Optimal Walk
0 2 4 1 5 3 6 0
