# Graph size: 7
# Optimal cost: 3.5674905109100554

# Distance Matrix
0.0 0.9731112981109036 0.8457887165527535 0.4915725275177554 0.3436261376431382 0.28168631510176145 0.309101642718546
0.9731112981109036 0.0 0.8803699915978975 0.9777346908834826 0.9700549376512796 0.7376707928829694 0.4869644269063609
0.8457887165527535 0.8803699915978975 0.0 0.821430235735478 0.8715992904091077 0.5741251622616876 0.9511616029970986
0.4915725275177554 0.9777346908834826 0.821430235735478 0.0 0.9314555253222511 0.7265498999118586 0.17399534851876297
0.3436261376431382 0.9700549376512796 0.8715992904091077 0.9314555253222511 0.0 0.816787024373364 0.8330308682042705
0.28168631510176145 0.7376707928829694 0.5741251622616876 0.7265498999118586 0.816787024373364 0.0 0.632898289978584
0.309101642718546 0.4869644269063609 0.9511616029970986 0.17399534851876297 0.8330308682042705 0.632898289978584 0.0

# Optimal Walk
0 4 5 2 1 6 3 0
