# Graph size: 7
# Optimal cost: 2.4213083789360725

# Distance Matrix
0.0 0.8100060804107612 0.7200742221268115 0.7534343637792172 0.3610316563325554 0.5783989863365616 0.6726558660017663
0.8100060804107612 0.0 0.7690124555663136 0.395079384124418 0.07288537815302532 0.799695981772527 0.42732168440781404
0.7200742221268115 0.7690124555663136 0.0 0.8492699716693136 0.8592827016025298 0.5454501501977865 0.6628044111296304
0.7534343637792172 0.395079384124418 0.8492699716693136 0.0 0.2828090128703573 0.3103881841033356 0.33605786202056587
0.3610316563325554 0.07288537815302532 0.8592827016025298 0.2828090128703573 0.0 0.12086811995328861 0.9512986731257037
0.5783989863365616 0.799695981772527 0.5454501501977865 0.3103881841033356 0.12086811995328861 0.0 0.030114719081945407
0.6726558660017663 0.42732168440781404 0.6628044111296304 0.33605786202056587 0.9512986731257037 0.030114719081945407 0.0

# Optimal Walk
0 2 5 6 3 4 1 0
