# Graph size: 7
# Optimal cost: 1.1389398733128662

# Distance Matrix
0.0 0.021584503102548336 0.6903900232697647 0.7953993489473867 0.8429051289660112 0.12218846122313598 0.12763130114639976
0.021584503102548336 0.0 0.48973973924732106 0.8933036052374128 0.1371873605278794 0.842337885253478 0.4795081892659604
0.6903900232697647 0.48973973924732106 0.0 0.47623873006814976 0.14127332833619055 0.29893789364655377 0.7186997901184877
0.7953993489473867 0.8933036052374128 0.47623873006814976 0.0 0.5343098616326859 0.1677384217032385 0.3238626541958871
0.8429051289660112 0.1371873605278794 0.14127332833619055 0.5343098616326859 0.0 0.7026930323239651 0.08383181588779576
0.12218846122313598 0.842337885253478 0.29893789364655377 0.1677384217032385 0.7026930323239651 0.0 0.8481703954130688
0.12763130114639976 0.4795081892659604 0.7186997901184877 0.3238626541958871 0.08383181588779576 0.8481703954130688 0.0

# Optimal Walk
0 5 3 6 4 2 1 0
