# Graph size: 7
# Optimal cost: 1.185527787946743

# Distance Matrix
0.0 0.07407257151995816 0.9382297891558709 0.16835193435963014 0.3456140463966376 0.7799523355582302 0.5302780240759056
0.07407257151995816 0.0 0.9711727726964962 0.7850963355666262 0.1805524836024449 0.802300733927542 0.57789414771859
0.9382297891558709 0.9711727726964962 0.0 0.22231476485745372 0.9804747218655175 0.8417165192064637 0.18871695971409597
0.16835193435963014 0.7850963355666262 0.22231476485745372 0.0 0.2773167906135755 0.21373381105839007 0.5652599019198716
0.3456140463966376 0.1805524836024449 0.9804747218655175 0.2773167906135755 0.0 0.183553874538247 0.03913935852303452
0.7799523355582302 0.802300733927542 0.8417165192064637 0.21373381105839007 0.183553874538247 0.0 0.16796519935491305
0.5302780240759056 0.57789414771859 0.18871695971409597 0.5652599019198716 0.03913935852303452 0.16796519935491305 0.0

# Optimal Walk
0 3 2 6 5 4 1 0
