# Graph size: 7
# Optimal cost: 0.9671119852023469

# Distance Matrix
0.0 0.15295519817823267 0.17689643235499697 0.9045282984815229 0.3589963608646577 0.7784122188457896 0.5558503083258758
0.15295519817823267 0.0 0.3738529596641398 0.3110681307312899 0.1598891462822951 0.007747054813797893 0.2039690481188997
0.17689643235499697 0.3738529596641398 0.0 0.5137512477770962 0.3323048704302538 3.77864424600749E-4 0.7089181153961491
0.9045282984815229 0.3110681307312899 0.5137512477770962 0.0 0.666749716760688 0.019735848040280946 0.5183855541310434
0.3589963608646577 0.1598891462822951 0.3323048704302538 0.666749716760688 0.0 0.3838921841523706 0.24162185988732754
0.7784122188457896 0.007747054813797893 3.77864424600749E-4 0.019735848040280946 0.3838921841523706 0.0 0.5531751910453085
0.5558503083258758 0.2039690481188997 0.7089181153961491 0.5183855541310434 0.24162185988732754 0.5531751910453085 0.0

# Optimal Walk
0 6 4 5 3 2 1 0
