# Graph size: 7
# Optimal cost: 1.4745342505077081

# Distance Matrix
0.0 0.9631006904135894 0.8794367194530883 0.527122497979039 0.7138564039300629 0.8022992048399986 0.19428350583870857
0.9631006904135894 0.0 0.18779723116172065 0.5166106303013341 0.05845732475405352 0.4397994343005365 0.3598242739640908
0.8794367194530883 0.18779723116172065 0.0 0.20221398611986297 0.6579057640253342 0.3847424999059421 0.2238874196883185
0.527122497979039 0.5166106303013341 0.20221398611986297 0.0 0.5260266376747013 0.8291277642244348 0.7275247457741861
0.7138564039300629 0.05845732475405352 0.6579057640253342 0.5260266376747013 0.0 0.2914223983484726 0.9845218252608074
0.8022992048399986 0.4397994343005365 0.3847424999059421 0.8291277642244348 0.2914223983484726 0.0 0.013237306305850849
0.19428350583870857 0.3598242739640908 0.2238874196883185 0.7275247457741861 0.9845218252608074 0.013237306305850849 0.0

# Optimal Walk
0 6 5 4 1 2 3 0
