# Graph size: 7
# Optimal cost: 1.8272158273638792

# Distance Matrix
0.0 0.8897606899188951 0.3191818062344062 0.7899989111173366 0.5920200481587349 0.2951342239166166 0.45271812322722826
0.8897606899188951 0.0 0.7250251202768332 0.46367499160600956 0.7716723291740115 0.017034192843723872 0.7551513348142167
0.3191818062344062 0.7250251202768332 0.0 0.43197431911493434 0.799145385990848 0.8810863279789001 0.36685618938174946
0.7899989111173366 0.46367499160600956 0.43197431911493434 0.0 0.3167117518696365 0.036183137959605705 0.14236858044478062
0.5920200481587349 0.7716723291740115 0.799145385990848 0.3167117518696365 0.0 0.7775271158980063 0.9716552554353127
0.2951342239166166 0.017034192843723872 0.8810863279789001 0.036183137959605705 0.7775271158980063 0.0 0.7043648305070597
0.45271812322722826 0.7551513348142167 0.36685618938174946 0.14236858044478062 0.9716552554353127 0.7043648305070597 0.0

# Optimal Walk
0 2 6 4 3 5 1 0
