# Graph size: 7
# Optimal cost: 1.7283330568881783

# Distance Matrix
0.0 0.9945218410227167 0.445778028280983 0.35520952733937294 0.6609306139945342 0.5987261481065799 0.6668591398742929
0.9945218410227167 0.0 0.8528984904638425 0.7034521905951848 0.2937347914736086 0.40097367739812984 0.9880338112191869
0.445778028280983 0.8528984904638425 0.0 0.526378562361098 0.1272908740438038 0.13019491139583428 0.11500611937037919
0.35520952733937294 0.7034521905951848 0.526378562361098 0.0 0.10389287870220576 0.44515085923284925 0.7670091179155519
0.6609306139945342 0.2937347914736086 0.1272908740438038 0.10389287870220576 0.0 0.22275926225843123 0.8128023139296037
0.5987261481065799 0.40097367739812984 0.13019491139583428 0.44515085923284925 0.22275926225843123 0.0 0.01373803432349896
0.6668591398742929 0.9880338112191869 0.11500611937037919 0.7670091179155519 0.8128023139296037 0.01373803432349896 0.0

# Optimal Walk
0 3 4 1 5 6 2 0
