# Graph size: 7
# Optimal cost: 1.682714782834104

# Distance Matrix
0.0 0.760846270451163 0.09340164666786177 0.36792612168124095 0.09336437654338714 0.9200690096684924 0.7423710053300282
0.760846270451163 0.0 0.6613345324584701 0.6572052600980833 0.7208630446581634 0.26153565691273195 0.5243000846023119
0.09340164666786177 0.6613345324584701 0.0 0.20682708070484934 0.8572838493212407 0.6346518131955747 0.10188882413525047
0.36792612168124095 0.6572052600980833 0.20682708070484934 0.0 0.9611384323701931 0.31462789732682805 0.5084969248604337
0.09336437654338714 0.7208630446581634 0.8572838493212407 0.9611384323701931 0.0 0.6059397783818952 0.18865804007613396
0.9200690096684924 0.26153565691273195 0.6346518131955747 0.31462789732682805 0.6059397783818952 0.0 0.7482556282945252
0.7423710053300282 0.5243000846023119 0.10188882413525047 0.5084969248604337 0.18865804007613396 0.7482556282945252 0.0

# Optimal Walk
0 4 6 1 5 3 2 0
