# Graph size: 7
# Optimal cost: 1.1667365476123455

# Distance Matrix
0.0 0.2284906229872692 0.2436782908290307 0.6476039752330227 0.4884951025788905 0.7646446469684983 0.29256936679310075
0.2284906229872692 0.0 0.8393990218644357 0.5534749256433628 0.7411631754512474 0.014584672025179657 0.0745850158401915
0.2436782908290307 0.8393990218644357 0.0 0.07745509263501293 0.7374737965121262 0.4013798810901973 0.6274123522040048
0.6476039752330227 0.5534749256433628 0.07745509263501293 0.0 0.15608115886119356 0.8044044825739205 0.20119586354809482
0.4884951025788905 0.7411631754512474 0.7374737965121262 0.15608115886119356 0.0 0.9056845266535705 0.3724981354425253
0.7646446469684983 0.014584672025179657 0.4013798810901973 0.8044044825739205 0.9056845266535705 0.0 0.8565626872669201
0.29256936679310075 0.0745850158401915 0.6274123522040048 0.20119586354809482 0.3724981354425253 0.8565626872669201 0.0

# Optimal Walk
0 2 4 3 6 5 1 0
