# Graph size: 7
# Optimal cost: 1.6953346493662866

# Distance Matrix
0.0 0.011641175343322763 0.5937797262488436 0.7157556035832029 0.5914165824075215 0.5730027772345252 0.374111474978168
0.011641175343322763 0.0 0.6294314826177025 0.8573845959509642 0.6403930886660303 0.9007376243718926 0.5440640435938613
0.5937797262488436 0.6294314826177025 0.0 0.5949642766218884 0.8529244392681709 0.9956584607417615 0.00570740865283248
0.7157556035832029 0.8573845959509642 0.5949642766218884 0.0 0.10550019151797008 0.055834325574096066 0.6851553538687575
0.5914165824075215 0.6403930886660303 0.8529244392681709 0.10550019151797008 0.0 0.45962293701790025 0.5521887120692168
0.5730027772345252 0.9007376243718926 0.9956584607417615 0.055834325574096066 0.45962293701790025 0.0 0.7633251855781062
0.374111474978168 0.5440640435938613 0.00570740865283248 0.6851553538687575 0.5521887120692168 0.7633251855781062 0.0

# Optimal Walk
0 5 3 4 6 2 1 0
