# Graph size: 7
# Optimal cost: 2.631854351872097

# Distance Matrix
0.0 0.6971529361195402 0.013359285901296314 0.9531135446832315 0.8205709643119516 0.1015004617933255 0.8136683790631609
0.6971529361195402 0.0 0.5661892881428316 0.41198374392804693 0.6599101690301482 0.5749482596728107 0.9646474884519621
0.013359285901296314 0.5661892881428316 0.0 0.3539780709699577 0.7546732966323481 0.15778782367104416 0.5468213946720222
0.9531135446832315 0.41198374392804693 0.3539780709699577 0.0 0.7072111847895223 0.5316793308728952 0.7303505995728893
0.8205709643119516 0.6599101690301482 0.7546732966323481 0.7072111847895223 0.0 0.8251098837375823 0.4294414778826785
0.1015004617933255 0.5749482596728107 0.15778782367104416 0.5316793308728952 0.8251098837375823 0.0 0.6828863945849457
0.8136683790631609 0.9646474884519621 0.5468213946720222 0.7303505995728893 0.4294414778826785 0.6828863945849457 0.0

# Optimal Walk
0 5 6 4 1 3 2 0
