# Graph size: 7
# Optimal cost: 0.9966425362865151

# Distance Matrix
0.0 0.28877012358656284 0.637282365075665 0.995218807961891 0.09912189887224498 0.604992787332149 0.9126942627567306
0.28877012358656284 0.0 0.5038952894418077 0.09240115417746442 0.06517084012697127 0.03951764772841104 0.4798964812235902
0.637282365075665 0.5038952894418077 0.0 0.13438757040773952 0.9164292336572983 0.3573492821362887 0.0904568881505492
0.995218807961891 0.09240115417746442 0.13438757040773952 0.0 0.7612052997075127 0.543023336896935 0.7893479409925722
0.09912189887224498 0.06517084012697127 0.9164292336572983 0.7612052997075127 0.0 0.43568285115556904 0.33694699022247865
0.604992787332149 0.03951764772841104 0.3573492821362887 0.543023336896935 0.43568285115556904 0.0 0.9494082485774741
0.9126942627567306 0.4798964812235902 0.0904568881505492 0.7893479409925722 0.33694699022247865 0.9494082485774741 0.0

# Optimal Walk
0 4 6 2 3 5 1 0
