# Graph size: 7
# Optimal cost: 1.9630595500330124

# Distance Matrix
0.0 0.11037041165690231 0.22499367668004444 0.18623194303087143 0.41251852820322743 0.4586453044863962 0.8136293427902493
0.11037041165690231 0.0 0.03779294538497291 0.5578485129346892 0.44412672725427715 0.340209755892082 0.9745379588220281
0.22499367668004444 0.03779294538497291 0.0 0.8327997750325881 0.13866609343580227 0.6097060388776411 0.6664069883434663
0.18623194303087143 0.5578485129346892 0.8327997750325881 0.0 0.4122010659961446 0.08896670641956683 0.506991661906061
0.41251852820322743 0.44412672725427715 0.13866609343580227 0.4122010659961446 0.0 0.6823103498472353 0.9204259495462997
0.4586453044863962 0.340209755892082 0.6097060388776411 0.08896670641956683 0.6823103498472353 0.0 0.6814263919721147
0.8136293427902493 0.9745379588220281 0.6664069883434663 0.506991661906061 0.9204259495462997 0.6814263919721147 0.0

# Optimal Walk
0 5 3 6 4 2 1 0
