# Graph size: 7
# Optimal cost: 1.0910392668344424

# Distance Matrix
0.0 0.4140438970939905 0.07099376253641498 0.9022450411925158 0.3582307996032049 0.06597702424268914 0.9953751838378568
0.4140438970939905 0.0 0.11802624073584744 0.7745068822366317 0.3003441744368526 0.8265543788398764 0.25640013943762163
0.07099376253641498 0.11802624073584744 0.0 0.6655458969423917 0.04516157637186924 0.2647071281760328 0.8688956799074127
0.9022450411925158 0.7745068822366317 0.6655458969423917 0.0 0.05977368835419228 0.17268269214665277 0.6578565468869849
0.3582307996032049 0.3003441744368526 0.04516157637186924 0.05977368835419228 0.0 0.8856568937766848 0.8443799268889229
0.06597702424268914 0.8265543788398764 0.2647071281760328 0.17268269214665277 0.8856568937766848 0.0 0.3697715704297462
0.9953751838378568 0.25640013943762163 0.8688956799074127 0.6578565468869849 0.8443799268889229 0.3697715704297462 0.0

# Optimal Walk
0 5 6 1 4 3 2 0
