# Graph size: 7
# Optimal cost: 2.45699676188524

# Distance Matrix
0.0 0.769083694047051 0.6339546566729771 0.3321996405675497 0.5395522808875853 0.6288970286574975 0.9399110552866021
0.769083694047051 0.0 0.455895293056354 0.7081413237921993 0.939330772624848 0.3677263480147237 0.5855211418029526
0.6339546566729771 0.455895293056354 0.0 0.3543311947138431 0.3351798090273992 0.5654293983523878 0.49658777102871243
0.3321996405675497 0.7081413237921993 0.3543311947138431 0.0 0.9254837465391872 0.47351764568116783 0.05931890348412061
0.5395522808875853 0.939330772624848 0.3351798090273992 0.9254837465391872 0.0 0.6688571363768291 0.7983780078428855
0.6288970286574975 0.3677263480147237 0.5654293983523878 0.47351764568116783 0.6688571363768291 0.0 0.36712448684750754
0.9399110552866021 0.5855211418029526 0.49658777102871243 0.05931890348412061 0.7983780078428855 0.36712448684750754 0.0

# Optimal Walk
0 4 2 1 5 6 3 0
