# Graph size: 7
# Optimal cost: 0.8772422820861868

# Distance Matrix
0.0 0.6230977157209764 0.46385456973051464 0.7394899224776643 0.6080261758593765 0.11630058273089039 0.9891824372097566
0.6230977157209764 0.0 0.18310578076430262 0.5406838983754535 0.650594672462521 0.7902401741322411 0.05777715504526404
0.46385456973051464 0.18310578076430262 0.0 0.4244066344137789 0.021094365211259958 0.01737451075568197 0.6686165860565257
0.7394899224776643 0.5406838983754535 0.4244066344137789 0.0 0.11221980435719703 0.22146094034133823 0.23569498973501846
0.6080261758593765 0.650594672462521 0.021094365211259958 0.11221980435719703 0.0 0.8100521165652589 0.8640825801493756
0.11630058273089039 0.7902401741322411 0.01737451075568197 0.22146094034133823 0.8100521165652589 0.0 0.7139892787567409
0.9891824372097566 0.05777715504526404 0.6686165860565257 0.23569498973501846 0.8640825801493756 0.7139892787567409 0.0

# Optimal Walk
0 5 2 4 3 6 1 0
