# Graph size: 7
# Optimal cost: 2.5870300552995733

# Distance Matrix
0.0 0.7350162905834726 0.34551879826048404 0.474676559056061 0.34475752094859247 0.380022715645561 0.8044667119034142
0.7350162905834726 0.0 0.13716270250140838 0.16858727634073567 0.7964930979651883 0.38228180365051834 0.687351365305908
0.34551879826048404 0.13716270250140838 0.0 0.10291027411118037 0.1892646454286735 0.8331166601488604 0.7732120425476198
0.474676559056061 0.16858727634073567 0.10291027411118037 0.0 0.23514229913258855 0.35559571924724065 0.9067557804766975
0.34475752094859247 0.7964930979651883 0.1892646454286735 0.23514229913258855 0.0 0.7043346584919462 0.6583182450292193
0.380022715645561 0.38228180365051834 0.8331166601488604 0.35559571924724065 0.7043346584919462 0.0 0.7141362575189227
0.8044667119034142 0.687351365305908 0.7732120425476198 0.9067557804766975 0.6583182450292193 0.7141362575189227 0.0

# Optimal Walk
0 5 6 1 3 2 4 0
