# Graph size: 7
# Optimal cost: 1.5613591635169137

# Distance Matrix
0.0 0.8071740794433514 0.3740957232446541 0.7431117088224137 0.10436173595581977 0.036111912278561475 0.4151146687277104
0.8071740794433514 0.0 0.46879646442135847 0.44440360996645434 0.05070842587939439 0.38054499217919424 0.7219399588330313
0.3740957232446541 0.46879646442135847 0.0 0.41758599206956326 0.3097444391863017 0.007042837077227082 0.9012300480840558
0.7431117088224137 0.44440360996645434 0.41758599206956326 0.0 0.5610711785706242 0.6264132016480661 0.8584516876228091
0.10436173595581977 0.05070842587939439 0.3097444391863017 0.5610711785706242 0.0 0.28750342455654343 0.25057232514494676
0.036111912278561475 0.38054499217919424 0.007042837077227082 0.6264132016480661 0.28750342455654343 0.0 0.3232729831482416
0.4151146687277104 0.7219399588330313 0.9012300480840558 0.8584516876228091 0.25057232514494676 0.3232729831482416 0.0

# Optimal Walk
0 6 4 1 3 2 5 0
