# MCW Instance
# Type: UNIFORM
# N: 9
# Optimal cost: 1.8546622950536225
# Optimal tour (permutation): [0, 8, 2, 1, 5, 4, 3, 7, 6, 0]
# Optimal walk (full path): [0, 7, 8, 2, 1, 5, 4, 3, 7, 0, 6, 0]
# Walk size: 12
# Is walk (has repeats): true

# Distance Matrix
0.0000000000 0.7825798519 0.1713929013 0.5733300147 0.8747380315 0.3944471100 0.0442396919 0.0541723120 0.4892506179
0.7825798519 0.0000000000 0.6146208040 0.9763986927 0.4473848795 0.4492828930 0.6198019249 0.5632104622 0.7097684612
0.1713929013 0.6146208040 0.0000000000 0.8893208974 0.8800179850 0.6834921119 0.9409164479 0.6482347061 0.0700416856
0.5733300147 0.9763986927 0.8893208974 0.0000000000 0.1178893348 0.4787045431 0.4370157971 0.2773650939 0.4876866860
0.8747380315 0.4473848795 0.8800179850 0.1178893348 0.0000000000 0.0164490853 0.7528916610 0.3048557814 0.5204546358
0.3944471100 0.4492828930 0.6834921119 0.4787045431 0.0164490853 0.0000000000 0.7395668357 0.7654337782 0.3359471471
0.0442396919 0.6198019249 0.9409164479 0.4370157971 0.7528916610 0.7395668357 0.0000000000 0.4702002929 0.2149214293
0.0541723120 0.5632104622 0.6482347061 0.2773650939 0.3048557814 0.7654337782 0.4702002929 0.0000000000 0.1121893907
0.4892506179 0.7097684612 0.0700416856 0.4876866860 0.5204546358 0.3359471471 0.2149214293 0.1121893907 0.0000000000
