# MCW Instance
# Type: UNIFORM
# N: 9
# Optimal cost: 2.4453286651626236
# Optimal tour (permutation): [0, 6, 4, 1, 7, 8, 2, 5, 3, 0]
# Optimal walk (full path): [0, 6, 4, 1, 7, 8, 2, 5, 3, 0]
# Walk size: 10
# Is walk (has repeats): false

# Distance Matrix
0.0000000000 0.4555660905 0.2911642119 0.1595330363 0.3822458467 0.5182304622 0.0109753802 0.4140786571 0.3120029435
0.4555660905 0.0000000000 0.9353772268 0.3659361624 0.2441671508 0.4015819476 0.2596166517 0.4624370781 0.4081858343
0.2911642119 0.9353772268 0.0000000000 0.6327323073 0.9276692570 0.4416845563 0.9393309647 0.8277683039 0.3154604300
0.1595330363 0.3659361624 0.6327323073 0.0000000000 0.9940710434 0.1291429273 0.4580602661 0.5548277463 0.5719025471
0.3822458467 0.2441671508 0.9276692570 0.9940710434 0.0000000000 0.6339975322 0.1310012733 0.4871159242 0.4074478564
0.5182304622 0.4015819476 0.4416845563 0.1291429273 0.6339975322 0.0000000000 0.7639103101 0.9410264725 0.3174106217
0.0109753802 0.2596166517 0.9393309647 0.4580602661 0.1310012733 0.7639103101 0.0000000000 0.7333127140 0.9671120856
0.4140786571 0.4624370781 0.8277683039 0.5548277463 0.4871159242 0.9410264725 0.7333127140 0.0000000000 0.5509268328
0.3120029435 0.4081858343 0.3154604300 0.5719025471 0.4074478564 0.3174106217 0.9671120856 0.5509268328 0.0000000000
