# Graph size: 9
# Optimal cost: 1.1116833347355093

# Distance Matrix
0.0 0.9743000223761339 0.6750186813503187 0.9026263119327009 0.09146747748408879 0.8562313716408423 0.8285072691958288 0.2501816008029141 0.16461925610452177
0.9743000223761339 0.0 0.0013333912725420616 0.8830487232802633 0.8081449401996164 0.632878837460162 0.9339577592932634 0.13002426700725367 0.22003203391581605
0.6750186813503187 0.0013333912725420616 0.0 0.24571201034730894 0.5960053200233146 0.8227761028479944 0.058024615225072296 0.434455643255245 0.7620507695990665
0.9026263119327009 0.8830487232802633 0.24571201034730894 0.0 0.1713917831066637 0.1108563176929126 0.21583198759994016 0.09275878863805942 0.3839601177835755
0.09146747748408879 0.8081449401996164 0.5960053200233146 0.1713917831066637 0.0 0.5185012097190491 0.8246891986619094 0.5758894099765525 0.6337239575093779
0.8562313716408423 0.632878837460162 0.8227761028479944 0.1108563176929126 0.5185012097190491 0.0 0.4214204953798273 0.6433813766636193 0.511417774893861
0.8285072691958288 0.9339577592932634 0.058024615225072296 0.21583198759994016 0.8246891986619094 0.4214204953798273 0.0 0.09034335360292012 0.46497329687896916
0.2501816008029141 0.13002426700725367 0.434455643255245 0.09275878863805942 0.5758894099765525 0.6433813766636193 0.09034335360292012 0.0 0.14461529601987766
0.16461925610452177 0.22003203391581605 0.7620507695990665 0.3839601177835755 0.6337239575093779 0.511417774893861 0.46497329687896916 0.14461529601987766 0.0

# Optimal Walk
0 8 1 2 6 7 5 3 4 0
