# MCW Instance
# Type: UNIFORM
# N: 9
# Optimal cost: 2.23589448924763
# Optimal tour (permutation): [0, 4, 3, 2, 5, 6, 1, 7, 8, 0]
# Optimal walk (full path): [0, 4, 3, 2, 5, 6, 1, 7, 8, 0]
# Walk size: 10
# Is walk (has repeats): false

# Distance Matrix
0.0000000000 0.8643306751 0.6134624487 0.9496441786 0.3826867088 0.6321785610 0.6874469306 0.8538336568 0.4670049364
0.8643306751 0.0000000000 0.1762117499 0.4551175696 0.6126932312 0.6674410175 0.1759588904 0.1482083369 0.7329392708
0.6134624487 0.1762117499 0.0000000000 0.1034640920 0.8772778930 0.3028726521 0.8956104564 0.5944330591 0.4723857761
0.9496441786 0.4551175696 0.1034640920 0.0000000000 0.2269909368 0.5183148843 0.7355319536 0.6551825555 0.6257815776
0.3826867088 0.6126932312 0.8772778930 0.2269909368 0.0000000000 0.1956671704 0.3501634396 0.4375930073 0.8398470156
0.6321785610 0.6674410175 0.3028726521 0.5183148843 0.1956671704 0.0000000000 0.2799089882 0.5312335103 0.3605014073
0.6874469306 0.1759588904 0.8956104564 0.7355319536 0.3501634396 0.2799089882 0.0000000000 0.6742015317 0.4271830524
0.8538336568 0.1482083369 0.5944330591 0.6551825555 0.4375930073 0.5312335103 0.6742015317 0.0000000000 0.1487989477
0.4670049364 0.7329392708 0.4723857761 0.6257815776 0.8398470156 0.3605014073 0.4271830524 0.1487989477 0.0000000000
