# MCW Instance
# Type: UNIFORM
# N: 9
# Optimal cost: 1.980547419279859
# Optimal tour (permutation): [0, 5, 6, 4, 8, 3, 2, 1, 7, 0]
# Optimal walk (full path): [0, 5, 6, 4, 8, 3, 5, 2, 1, 7, 0]
# Walk size: 11
# Is walk (has repeats): true

# Distance Matrix
0.0000000000 0.6336479639 0.7305988958 0.3845281100 0.2615273573 0.1021093221 0.5708505527 0.1381766805 0.8922997671
0.6336479639 0.0000000000 0.4112998942 0.1517791918 0.6054063240 0.4520212846 0.9223599826 0.0760164076 0.2127152911
0.7305988958 0.4112998942 0.0000000000 0.9206614280 0.9827694393 0.3595072808 0.7947780826 0.4798708840 0.6917054647
0.3845281100 0.1517791918 0.9206614280 0.0000000000 0.7974476637 0.0047507198 0.6640830205 0.7733572188 0.0353233572
0.2615273573 0.6054063240 0.9827694393 0.7974476637 0.0000000000 0.8213176401 0.3281830640 0.6024173723 0.1912733102
0.1021093221 0.4520212846 0.3595072808 0.0047507198 0.8213176401 0.0000000000 0.3339073828 0.9347046238 0.7706969880
0.5708505527 0.9223599826 0.7947780826 0.6640830205 0.3281830640 0.3339073828 0.0000000000 0.5722875166 0.5978555175
0.1381766805 0.0760164076 0.4798708840 0.7733572188 0.6024173723 0.9347046238 0.5722875166 0.0000000000 0.2504284083
0.8922997671 0.2127152911 0.6917054647 0.0353233572 0.1912733102 0.7706969880 0.5978555175 0.2504284083 0.0000000000
