# MCW Instance
# Type: UNIFORM
# N: 9
# Optimal cost: 0.9943588484215803
# Optimal tour (permutation): [0, 7, 5, 6, 8, 4, 3, 2, 1, 0]
# Optimal walk (full path): [0, 1, 7, 1, 2, 5, 6, 3, 4, 8, 4, 3, 2, 1, 0]
# Walk size: 15
# Is walk (has repeats): true

# Distance Matrix
0.0000000000 0.0982023847 0.4783221519 0.3452295881 0.4740643546 0.4944072943 0.5492961892 0.4431050905 0.7405357329
0.0982023847 0.0000000000 0.0188743050 0.4134211842 0.5562003396 0.5324936553 0.4515032303 0.0560076881 0.7609503673
0.4783221519 0.0188743050 0.0000000000 0.0188019579 0.8223970878 0.0099736912 0.8728262508 0.2488995665 0.6032425229
0.3452295881 0.4134211842 0.0188019579 0.0000000000 0.0718232578 0.7169433112 0.0111975095 0.5229127657 0.5712683967
0.4740643546 0.5562003396 0.8223970878 0.0718232578 0.0000000000 0.8578682110 0.4566823181 0.6579587763 0.2174739565
0.4944072943 0.5324936553 0.0099736912 0.7169433112 0.8578682110 0.0000000000 0.0296225057 0.7455687284 0.9496302207
0.5492961892 0.4515032303 0.8728262508 0.0111975095 0.4566823181 0.0296225057 0.0000000000 0.6474441843 0.7734811061
0.4431050905 0.0560076881 0.2488995665 0.5229127657 0.6579587763 0.7455687284 0.6474441843 0.0000000000 0.4680089013
0.7405357329 0.7609503673 0.6032425229 0.5712683967 0.2174739565 0.9496302207 0.7734811061 0.4680089013 0.0000000000
