# MCW Instance
# Type: UNIFORM
# N: 9
# Optimal cost: 2.6477875809405815
# Optimal tour (permutation): [0, 5, 7, 4, 2, 6, 8, 3, 1, 0]
# Optimal walk (full path): [0, 5, 7, 4, 2, 6, 1, 8, 3, 8, 1, 6, 0]
# Walk size: 13
# Is walk (has repeats): true

# Distance Matrix
0.0000000000 0.7478893828 0.7584865830 0.9115329349 0.7060618870 0.7180599533 0.3878134038 0.7397831462 0.7326756542
0.7478893828 0.0000000000 0.3335909480 0.4117094330 0.6024214138 0.6410463838 0.0769869854 0.5464899054 0.0548418771
0.7584865830 0.3335909480 0.0000000000 0.9401275945 0.2938976290 0.7955020112 0.2079972369 0.3018545500 0.6353788020
0.9115329349 0.4117094330 0.9401275945 0.0000000000 0.7634885244 0.6946512043 0.3118104661 0.7707393248 0.0801364331
0.7060618870 0.6024214138 0.2938976290 0.7634885244 0.0000000000 0.6142393770 0.2105629277 0.2364816781 0.5143844076
0.7180599533 0.6410463838 0.7955020112 0.6946512043 0.6142393770 0.0000000000 0.3496790007 0.3796070886 0.6628221979
0.3878134038 0.0769869854 0.2079972369 0.3118104661 0.2105629277 0.3496790007 0.0000000000 0.3386015285 0.2910708570
0.7397831462 0.5464899054 0.3018545500 0.7707393248 0.2364816781 0.3796070886 0.3386015285 0.0000000000 0.6940169871
0.7326756542 0.0548418771 0.6353788020 0.0801364331 0.5143844076 0.6628221979 0.2910708570 0.6940169871 0.0000000000
