# Graph size: 9
# Optimal cost: 1.7596184949412448

# Distance Matrix
0.0 0.25606530145482986 0.3533955679676397 0.9112142031385119 0.30950839260801266 0.6160433210670031 0.6926793390047309 0.5514009104301053 0.9634540935163327
0.25606530145482986 0.0 0.30723077921112263 0.4082731985734942 0.98266616811854 0.17687021489410282 0.9985918711496331 0.14107209286117017 0.7908379930020714
0.3533955679676397 0.30723077921112263 0.0 0.2308303909545768 0.6675291632691278 0.3384052284577689 0.6367610858054616 0.7381638910663368 0.6916877281800153
0.9112142031385119 0.4082731985734942 0.2308303909545768 0.0 0.5999843416071154 0.39588080715834406 0.3219314795146987 0.17469304526050677 0.45649288970150104
0.30950839260801266 0.98266616811854 0.6675291632691278 0.5999843416071154 0.0 0.28617021551716704 0.2286327829440944 0.3312920658602293 0.45828838972210273
0.6160433210670031 0.17687021489410282 0.3384052284577689 0.39588080715834406 0.28617021551716704 0.0 0.4470774052219111 0.910355475251951 0.10209440437707495
0.6926793390047309 0.9985918711496331 0.6367610858054616 0.3219314795146987 0.2286327829440944 0.4470774052219111 0.0 0.14797854106976172 0.04252160307406638
0.5514009104301053 0.14107209286117017 0.7381638910663368 0.17469304526050677 0.3312920658602293 0.910355475251951 0.14797854106976172 0.0 0.19699006321580792
0.9634540935163327 0.7908379930020714 0.6916877281800153 0.45649288970150104 0.45828838972210273 0.10209440437707495 0.04252160307406638 0.19699006321580792 0.0

# Optimal Walk
0 4 6 8 5 1 7 3 2 0
