# Graph size: 9
# Optimal cost: 1.333486108949591

# Distance Matrix
0.0 0.7768431438796519 0.04767999132259759 0.6680803334285395 0.6973008364273058 0.5338702003283181 0.10100190669974374 0.3906910777173507 0.1100260192641841
0.7768431438796519 0.0 0.37119370494456594 0.995624961077788 0.0408349999894102 0.3155016943341692 0.3626587518306379 0.1848093482153217 0.6499255173772109
0.04767999132259759 0.37119370494456594 0.0 0.7597880885209899 0.5422217618890607 0.38668617061032307 0.807954045700049 0.6611876489125508 0.9907383817942828
0.6680803334285395 0.995624961077788 0.7597880885209899 0.0 0.5616943581914022 0.7207258430332922 0.23164767164483435 0.061592145081795 0.9004177217049464
0.6973008364273058 0.0408349999894102 0.5422217618890607 0.5616943581914022 0.0 0.9826121273820082 0.7485438859168521 0.8714149436999717 0.2813246236999898
0.5338702003283181 0.3155016943341692 0.38668617061032307 0.7207258430332922 0.9826121273820082 0.0 0.6407765594992729 0.40558632203736655 0.15187734108552753
0.10100190669974374 0.3626587518306379 0.807954045700049 0.23164767164483435 0.7485438859168521 0.6407765594992729 0.0 0.9792031762744738 0.36218573177296776
0.3906910777173507 0.1848093482153217 0.6611876489125508 0.061592145081795 0.8714149436999717 0.40558632203736655 0.9792031762744738 0.0 0.08350325121462399
0.1100260192641841 0.6499255173772109 0.9907383817942828 0.9004177217049464 0.2813246236999898 0.15187734108552753 0.36218573177296776 0.08350325121462399 0.0

# Optimal Walk
0 8 5 4 1 7 3 6 2 0
