# MCW Instance
# Type: UNIFORM
# N: 9
# Optimal cost: 1.2495529680531403
# Optimal tour (permutation): [0, 6, 7, 3, 1, 5, 2, 8, 4, 0]
# Optimal walk (full path): [0, 6, 7, 3, 7, 1, 7, 5, 2, 4, 8, 4, 0]
# Walk size: 13
# Is walk (has repeats): true

# Distance Matrix
0.0000000000 0.7788158399 0.9454015952 0.8522185681 0.2877872747 0.6923545133 0.1566389608 0.7956779095 0.8495164605
0.7788158399 0.0000000000 0.3371838603 0.2647043682 0.7509097678 0.4748526210 0.8784024299 0.0224840810 0.7370726409
0.9454015952 0.3371838603 0.0000000000 0.8097206622 0.2236690353 0.1743389373 0.2308871245 0.5651641842 0.3433662107
0.8522185681 0.2647043682 0.8097206622 0.0000000000 0.3793803912 0.8846155966 0.6207442652 0.0159815047 0.3397262923
0.2877872747 0.7509097678 0.2236690353 0.3793803912 0.0000000000 0.5154662534 0.4736804979 0.9765198411 0.0073024600
0.6923545133 0.4748526210 0.1743389373 0.8846155966 0.5154662534 0.0000000000 0.4189421145 0.0015383339 0.6654877347
0.1566389608 0.8784024299 0.2308871245 0.6207442652 0.4736804979 0.4189421145 0.0000000000 0.3140443347 0.5440074702
0.7956779095 0.0224840810 0.5651641842 0.0159815047 0.9765198411 0.0015383339 0.3140443347 0.0000000000 0.9681803449
0.8495164605 0.7370726409 0.3433662107 0.3397262923 0.0073024600 0.6654877347 0.5440074702 0.9681803449 0.0000000000
