# MCW Instance
# Type: UNIFORM
# N: 9
# Optimal cost: 1.0063362189577147
# Optimal tour (permutation): [0, 7, 6, 4, 1, 2, 5, 8, 3, 0]
# Optimal walk (full path): [0, 7, 6, 4, 1, 4, 2, 5, 8, 3, 0]
# Walk size: 11
# Is walk (has repeats): true

# Distance Matrix
0.0000000000 0.9356159802 0.5436218223 0.0929989997 0.6471233037 0.5946783948 0.7801387662 0.2928904509 0.5469594052
0.9356159802 0.0000000000 0.7851441800 0.6021917956 0.0713175756 0.0999368756 0.7621429567 0.6877521905 0.9788021033
0.5436218223 0.7851441800 0.0000000000 0.9022758931 0.0248844707 0.0065308350 0.9795318273 0.3822645921 0.8051759800
0.0929989997 0.6021917956 0.9022758931 0.0000000000 0.4067558094 0.4014760404 0.5454921403 0.3011039215 0.0637905563
0.6471233037 0.0713175756 0.0248844707 0.4067558094 0.0000000000 0.6907621521 0.0762000576 0.9657241476 0.5274387817
0.5946783948 0.0999368756 0.0065308350 0.4014760404 0.6907621521 0.0000000000 0.6673657196 0.4383369179 0.0053327433
0.7801387662 0.7621429567 0.9795318273 0.5454921403 0.0762000576 0.6673657196 0.0000000000 0.3010729543 0.0895169950
0.2928904509 0.6877521905 0.3822645921 0.3011039215 0.9657241476 0.4383369179 0.3010729543 0.0000000000 0.7068156907
0.5469594052 0.9788021033 0.8051759800 0.0637905563 0.5274387817 0.0053327433 0.0895169950 0.7068156907 0.0000000000
