# Graph size: 9
# Optimal cost: 2.055453695047433

# Distance Matrix
0.0 0.4112940462129272 0.561916241333853 0.9710450565234304 0.1124281338721288 0.14895051942812354 0.0523684770006706 0.9168200210331351 0.9820492457061667
0.4112940462129272 0.0 0.7092516326349733 0.7221902093594463 0.6341998706905715 0.10829136835170272 0.7156244574457097 0.8743635459973695 0.619560137071102
0.561916241333853 0.7092516326349733 0.0 0.947010891202487 0.8117160070780403 0.36011447115313555 0.9606843712626544 0.8120459462773905 0.5276120793875985
0.9710450565234304 0.7221902093594463 0.947010891202487 0.0 0.739608470927666 0.7779916857964818 0.4345481887700795 0.08691398740556933 0.8289155998256955
0.1124281338721288 0.6341998706905715 0.8117160070780403 0.739608470927666 0.0 0.07416702265753727 0.9148253425971685 0.25406881394020076 0.5229241861762747
0.14895051942812354 0.10829136835170272 0.36011447115313555 0.7779916857964818 0.07416702265753727 0.0 0.9866089323295606 0.18342348389268848 0.30670092430207485
0.0523684770006706 0.7156244574457097 0.9606843712626544 0.4345481887700795 0.9148253425971685 0.9866089323295606 0.0 0.7457961138497237 0.9380870622823212
0.9168200210331351 0.8743635459973695 0.8120459462773905 0.08691398740556933 0.25406881394020076 0.18342348389268848 0.7457961138497237 0.0 0.19071859809730818
0.9820492457061667 0.619560137071102 0.5276120793875985 0.8289155998256955 0.5229241861762747 0.30670092430207485 0.9380870622823212 0.19071859809730818 0.0

# Optimal Walk
0 4 5 1 2 8 7 3 6 0
