# MCW Instance
# Type: UNIFORM
# N: 9
# Optimal cost: 1.6789539232197006
# Optimal tour (permutation): [0, 6, 8, 1, 3, 4, 7, 5, 2, 0]
# Optimal walk (full path): [0, 6, 1, 8, 1, 3, 4, 7, 5, 2, 0]
# Walk size: 11
# Is walk (has repeats): true

# Distance Matrix
0.0000000000 0.9422718651 0.2049889732 0.7002954207 0.2289376751 0.9578543250 0.0313027949 0.9301193377 0.6737770690
0.9422718651 0.0000000000 0.9560616283 0.1502049474 0.9450510333 0.5459189928 0.3423769034 0.2188726353 0.0258198078
0.2049889732 0.9560616283 0.0000000000 0.8255199597 0.7966275263 0.5277329252 0.1793388646 0.8725378022 0.6280807793
0.7002954207 0.1502049474 0.8255199597 0.0000000000 0.0178826577 0.7500919369 0.4594336164 0.1137710029 0.6105742775
0.2289376751 0.9450510333 0.7966275263 0.0178826577 0.0000000000 0.6876182104 0.3060186820 0.0527549180 0.9850289236
0.9578543250 0.5459189928 0.5277329252 0.7500919369 0.6876182104 0.0000000000 0.6056241177 0.3000701879 0.8949680739
0.0313027949 0.3423769034 0.1793388646 0.4594336164 0.3060186820 0.6056241177 0.0000000000 0.6683764360 0.6598523743
0.9301193377 0.2188726353 0.8725378022 0.1137710029 0.0527549180 0.3000701879 0.6683764360 0.0000000000 0.7055046788
0.6737770690 0.0258198078 0.6280807793 0.6105742775 0.9850289236 0.8949680739 0.6598523743 0.7055046788 0.0000000000
