# MCW Instance
# Type: UNIFORM
# N: 9
# Optimal cost: 1.054816888359991
# Optimal tour (permutation): [0, 7, 4, 8, 2, 5, 6, 3, 1, 0]
# Optimal walk (full path): [0, 1, 7, 4, 8, 2, 5, 6, 1, 3, 1, 0]
# Walk size: 12
# Is walk (has repeats): true

# Distance Matrix
0.0000000000 0.0395695345 0.6957029492 0.4740593167 0.6334360559 0.9221584667 0.5443578896 0.7593170800 0.8918529312
0.0395695345 0.0000000000 0.6021298370 0.0359892271 0.5444396635 0.2994868439 0.1727902798 0.0921623402 0.2631787274
0.6957029492 0.6021298370 0.0000000000 0.2934623506 0.6299103849 0.0818707094 0.7356073463 0.8320749267 0.2237934518
0.4740593167 0.0359892271 0.2934623506 0.0000000000 0.7721014394 0.6123255561 0.8900880537 0.6132402777 0.3314944191
0.6334360559 0.5444396635 0.6299103849 0.7721014394 0.0000000000 0.3139366337 0.8505230269 0.1732471592 0.0331221399
0.9221584667 0.2994868439 0.0818707094 0.6123255561 0.3139366337 0.0000000000 0.1267132849 0.1425818044 0.2467509882
0.5443578896 0.1727902798 0.7356073463 0.8900880537 0.8505230269 0.1267132849 0.0000000000 0.8424557387 0.3194745905
0.7593170800 0.0921623402 0.8320749267 0.6132402777 0.1732471592 0.1425818044 0.8424557387 0.0000000000 0.4060065849
0.8918529312 0.2631787274 0.2237934518 0.3314944191 0.0331221399 0.2467509882 0.3194745905 0.4060065849 0.0000000000
