# Graph size: 9
# Optimal cost: 1.452832069879638

# Distance Matrix
0.0 0.7360270398112634 0.8181532192827158 0.30940382887420825 0.1308150683220527 0.3770602739168579 0.05164495151932569 0.6886057367581084 0.5665051001475016
0.7360270398112634 0.0 0.44757964927159377 0.49650842631654546 0.4663038868553224 0.3731595916728411 0.7189141807241942 0.05382955603794293 0.22806373317463813
0.8181532192827158 0.44757964927159377 0.0 0.6682952537893478 0.08316306824575914 0.7018920176789348 0.8754490395064045 0.023302257937735438 0.43302066893126123
0.30940382887420825 0.49650842631654546 0.6682952537893478 0.0 0.9170532625337403 0.4482109405811434 0.2849555843097856 0.1768866915184949 0.13015172917334494
0.1308150683220527 0.4663038868553224 0.08316306824575914 0.9170532625337403 0.0 0.6367095165036523 0.8659442430357099 0.68689979672632 0.4235534873706467
0.3770602739168579 0.3731595916728411 0.7018920176789348 0.4482109405811434 0.6367095165036523 0.0 0.5990997648931584 0.23345306057952675 0.5566341796696793
0.05164495151932569 0.7189141807241942 0.8754490395064045 0.2849555843097856 0.8659442430357099 0.5990997648931584 0.0 0.9796115093585854 0.29254161459876926
0.6886057367581084 0.05382955603794293 0.023302257937735438 0.1768866915184949 0.68689979672632 0.23345306057952675 0.9796115093585854 0.0 0.2711201549336256
0.5665051001475016 0.22806373317463813 0.43302066893126123 0.13015172917334494 0.4235534873706467 0.5566341796696793 0.29254161459876926 0.2711201549336256 0.0

# Optimal Walk
0 6 3 8 1 7 5 2 4 0
