# MCW Instance
# Type: UNIFORM
# N: 9
# Optimal cost: 1.6965430181481684
# Optimal tour (permutation): [0, 7, 2, 3, 6, 8, 5, 4, 1, 0]
# Optimal walk (full path): [0, 7, 2, 7, 3, 6, 8, 5, 4, 1, 4, 0]
# Walk size: 12
# Is walk (has repeats): true

# Distance Matrix
0.0000000000 0.7448843708 0.8915103779 0.7853773203 0.3794003602 0.8247046959 0.5640217462 0.4930610242 0.4303804775
0.7448843708 0.0000000000 0.6355376899 0.2362230365 0.0144755476 0.8501918674 0.1715711580 0.4270107027 0.8182289787
0.8915103779 0.6355376899 0.0000000000 0.9518521681 0.4403436179 0.8346948092 0.4691054347 0.0506972656 0.4304007635
0.7853773203 0.2362230365 0.9518521681 0.0000000000 0.8288150158 0.5054012429 0.2531034456 0.2431069497 0.4150488361
0.3794003602 0.0144755476 0.4403436179 0.8288150158 0.0000000000 0.1066523452 0.6371400118 0.7194525277 0.3646485499
0.8247046959 0.8501918674 0.8346948092 0.5054012429 0.1066523452 0.0000000000 0.2307379511 0.3217650480 0.0343000844
0.5640217462 0.1715711580 0.4691054347 0.2531034456 0.6371400118 0.2307379511 0.0000000000 0.5680079417 0.0565731825
0.4930610242 0.4270107027 0.0506972656 0.2431069497 0.7194525277 0.3217650480 0.5680079417 0.0000000000 0.9299659678
0.4303804775 0.8182289787 0.4304007635 0.4150488361 0.3646485499 0.0343000844 0.0565731825 0.9299659678 0.0000000000
