# Graph size: 9
# Optimal cost: 1.6149886817293928

# Distance Matrix
0.0 0.8293291441526741 0.8331734361230679 0.6185384438157631 0.6701274153326018 0.031607126804808594 0.9553366264039638 0.10358314298431393 0.6796188907215887
0.8293291441526741 0.0 0.15349733889409756 0.11128885777900344 0.6087790642327779 0.682316920294253 0.5468346968353061 0.7072667660457821 0.9346777259139086
0.8331734361230679 0.15349733889409756 0.0 0.5031436653976671 0.14009291982825223 0.7416874559173361 0.25156650719965123 0.2565475243528178 0.5019691658630617
0.6185384438157631 0.11128885777900344 0.5031436653976671 0.0 0.9455964488562459 0.5812170670108984 0.8934153930475738 0.5499587105189323 0.8213789271669756
0.6701274153326018 0.6087790642327779 0.14009291982825223 0.9455964488562459 0.0 0.14946907396909725 0.5240707981562043 0.527729094344701 0.032889317930948736
0.031607126804808594 0.682316920294253 0.7416874559173361 0.5812170670108984 0.14946907396909725 0.0 0.26910339268795536 0.9631889208147296 0.39170581205665544
0.9553366264039638 0.5468346968353061 0.25156650719965123 0.8934153930475738 0.5240707981562043 0.26910339268795536 0.0 0.34331888173517 0.9446860528108605
0.10358314298431393 0.7072667660457821 0.2565475243528178 0.5499587105189323 0.527729094344701 0.9631889208147296 0.34331888173517 0.0 0.326249609322543
0.6796188907215887 0.9346777259139086 0.5019691658630617 0.8213789271669756 0.032889317930948736 0.39170581205665544 0.9446860528108605 0.326249609322543 0.0

# Optimal Walk
0 7 6 2 3 1 8 4 5 0
