# Graph size: 9
# Optimal cost: 2.712908907244143

# Distance Matrix
0.0 0.34248868305350866 0.16263173609361803 0.18637908856737584 0.4199525241706611 0.8110987898128931 0.15240765744961282 0.4245403731985752 0.6385969750298749
0.34248868305350866 0.0 0.14287810675227408 0.5152514059749763 0.12417625516201747 0.8494036612878234 0.5183353434183896 0.3446490922842732 0.11148929162422039
0.16263173609361803 0.14287810675227408 0.0 0.3527257395096157 0.9891981076472307 0.5695006878886896 0.48712118233462887 0.9598908296126268 0.09440468263098956
0.18637908856737584 0.5152514059749763 0.3527257395096157 0.0 0.25992862043476195 0.793502284130736 0.6674030839467987 0.7959211837902159 0.26717079125142873
0.4199525241706611 0.12417625516201747 0.9891981076472307 0.25992862043476195 0.0 0.5174224923063144 0.6958844861066511 0.4451075386430926 0.27669037724734924
0.8110987898128931 0.8494036612878234 0.5695006878886896 0.793502284130736 0.5174224923063144 0.0 0.814816924674966 0.7311885884033641 0.5382081255941593
0.15240765744961282 0.5183353434183896 0.48712118233462887 0.6674030839467987 0.6958844861066511 0.814816924674966 0.0 0.8780481213951868 0.9082361074301679
0.4245403731985752 0.3446490922842732 0.9598908296126268 0.7959211837902159 0.4451075386430926 0.7311885884033641 0.8780481213951868 0.0 0.8701584675269012
0.6385969750298749 0.11148929162422039 0.09440468263098956 0.26717079125142873 0.27669037724734924 0.5382081255941593 0.9082361074301679 0.8701584675269012 0.0

# Optimal Walk
0 6 2 8 1 7 5 4 3 0
