# Graph size: 9
# Optimal cost: 2.9006937563553628

# Distance Matrix
0.0 0.7516189931460063 0.8647777413069604 0.23643081689815015 0.8720741990760639 0.9858903715146496 0.5282603812309838 0.6296046891189689 0.5975766747722102
0.7516189931460063 0.0 0.6938773829648718 0.3495263649146596 0.10909206945746153 0.5855430045821255 0.4869462573641371 0.4103743487993222 0.9116494808652347
0.8647777413069604 0.6938773829648718 0.0 0.3124211044312979 0.43891101419418843 0.5966724440014874 0.10939965172909216 0.47996723062098734 0.4040902229673462
0.23643081689815015 0.3495263649146596 0.3124211044312979 0.0 0.9073678223636802 0.3078668575964163 0.9673756869393078 0.6309123495474913 0.40008627517893536
0.8720741990760639 0.10909206945746153 0.43891101419418843 0.9073678223636802 0.0 0.8563731395178292 0.22433540495504212 0.4447816157077189 0.7162234673922887
0.9858903715146496 0.5855430045821255 0.5966724440014874 0.3078668575964163 0.8563731395178292 0.0 0.4035890176927608 0.5015277091803222 0.7123931865117422
0.5282603812309838 0.4869462573641371 0.10939965172909216 0.9673756869393078 0.22433540495504212 0.4035890176927608 0.0 0.16846837763546907 0.33513497306995355
0.6296046891189689 0.4103743487993222 0.47996723062098734 0.6309123495474913 0.4447816157077189 0.5015277091803222 0.16846837763546907 0.0 0.7457445866534796
0.5975766747722102 0.9116494808652347 0.4040902229673462 0.40008627517893536 0.7162234673922887 0.7123931865117422 0.33513497306995355 0.7457445866534796 0.0

# Optimal Walk
0 8 2 6 4 1 7 5 3 0
