# MCW Instance
# Type: UNIFORM
# N: 9
# Optimal cost: 1.8957458726415122
# Optimal tour (permutation): [0, 5, 1, 7, 6, 8, 3, 4, 2, 0]
# Optimal walk (full path): [0, 5, 1, 6, 7, 6, 8, 3, 4, 3, 0, 2, 0]
# Walk size: 13
# Is walk (has repeats): true

# Distance Matrix
0.0000000000 0.4396250914 0.1696683068 0.0484244757 0.2606036514 0.0580828088 0.5518919564 0.4658111092 0.6981306465
0.4396250914 0.0000000000 0.4366292220 0.1743760701 0.6189836745 0.0594137532 0.0814036964 0.9802527010 0.7549273683
0.1696683068 0.4366292220 0.0000000000 0.5273740950 0.7800712402 0.3719303307 0.3948523875 0.8818590452 0.7752785661
0.0484244757 0.1743760701 0.5273740950 0.0000000000 0.1587894731 0.1308995841 0.4073375218 0.9601904298 0.3492017410
0.2606036514 0.6189836745 0.7800712402 0.1587894731 0.0000000000 0.5440626159 0.8432981326 0.8766545444 0.9475469207
0.0580828088 0.0594137532 0.3719303307 0.1308995841 0.5440626159 0.0000000000 0.4423322698 0.7260129684 0.7037697552
0.5518919564 0.0814036964 0.3948523875 0.4073375218 0.8432981326 0.4423322698 0.0000000000 0.1756923555 0.2909191269
0.4658111092 0.9802527010 0.8818590452 0.9601904298 0.8766545444 0.7260129684 0.1756923555 0.0000000000 0.6197451828
0.6981306465 0.7549273683 0.7752785661 0.3492017410 0.9475469207 0.7037697552 0.2909191269 0.6197451828 0.0000000000
