# MCW Instance
# Type: UNIFORM
# N: 9
# Optimal cost: 1.7930393550961732
# Optimal tour (permutation): [0, 8, 2, 3, 7, 1, 5, 4, 6, 0]
# Optimal walk (full path): [0, 8, 4, 2, 3, 7, 1, 7, 4, 5, 4, 6, 0]
# Walk size: 13
# Is walk (has repeats): true

# Distance Matrix
0.0000000000 0.6647897607 0.5450936432 0.9940697245 0.3994240582 0.8373122893 0.2235784806 0.6461653859 0.3058493501
0.6647897607 0.0000000000 0.9871165582 0.3535888283 0.1615792663 0.8729619742 0.4573027776 0.1191844365 0.5841791095
0.5450936432 0.9871165582 0.0000000000 0.0597779443 0.1468422850 0.4817664386 0.5626704278 0.6925563998 0.4916439835
0.9940697245 0.3535888283 0.0597779443 0.0000000000 0.4097868237 0.7143271941 0.4946120231 0.1020091878 0.3832319011
0.3994240582 0.1615792663 0.1468422850 0.4097868237 0.0000000000 0.2603604551 0.0311749308 0.0020617730 0.1626556202
0.8373122893 0.8729619742 0.4817664386 0.7143271941 0.2603604551 0.0000000000 0.6875940752 0.7626884064 0.8552176069
0.2235784806 0.4573027776 0.5626704278 0.4946120231 0.0311749308 0.6875940752 0.0000000000 0.3525789457 0.3952182566
0.6461653859 0.1191844365 0.6925563998 0.1020091878 0.0020617730 0.7626884064 0.3525789457 0.0000000000 0.3305977566
0.3058493501 0.5841791095 0.4916439835 0.3832319011 0.1626556202 0.8552176069 0.3952182566 0.3305977566 0.0000000000
