# MCW Instance
# Type: UNIFORM
# N: 9
# Optimal cost: 2.201422177696764
# Optimal tour (permutation): [0, 7, 1, 6, 4, 8, 5, 3, 2, 0]
# Optimal walk (full path): [0, 7, 1, 6, 4, 8, 5, 8, 3, 8, 4, 0, 2, 0]
# Walk size: 14
# Is walk (has repeats): true

# Distance Matrix
0.0000000000 0.6330428024 0.0038138353 0.6583444904 0.1277164838 0.3924677900 0.6770915554 0.3097774824 0.6224354135
0.6330428024 0.0000000000 0.7436900581 0.6648224062 0.5232491146 0.8402893567 0.3980264394 0.6055957177 0.6727201485
0.0038138353 0.7436900581 0.0000000000 0.8609353066 0.6619737577 0.4546270225 0.9624176990 0.6798114646 0.2643421241
0.6583444904 0.6648224062 0.8609353066 0.0000000000 0.4818941094 0.6469707313 0.5566919835 0.4418734104 0.1323726963
0.1277164838 0.5232491146 0.6619737577 0.4818941094 0.0000000000 0.7471062536 0.0333632973 0.2343024496 0.0521133924
0.3924677900 0.8402893567 0.4546270225 0.6469707313 0.7471062536 0.0000000000 0.7318837883 0.7762144537 0.1751714546
0.6770915554 0.3980264394 0.9624176990 0.5566919835 0.0333632973 0.7318837883 0.0000000000 0.7958149466 0.3894227192
0.3097774824 0.6055957177 0.6798114646 0.4418734104 0.2343024496 0.7762144537 0.7958149466 0.0000000000 0.7520728962
0.6224354135 0.6727201485 0.2643421241 0.1323726963 0.0521133924 0.1751714546 0.3894227192 0.7520728962 0.0000000000
