# MCW Instance
# Type: UNIFORM
# N: 9
# Optimal cost: 1.905924367231298
# Optimal tour (permutation): [0, 5, 3, 8, 2, 6, 7, 4, 1, 0]
# Optimal walk (full path): [0, 5, 0, 3, 0, 8, 2, 8, 6, 7, 1, 4, 1, 0]
# Walk size: 14
# Is walk (has repeats): true

# Distance Matrix
0.0000000000 0.1720582758 0.7225836965 0.0886562079 0.5276889121 0.1202448092 0.5770939026 0.7294398046 0.2961087794
0.1720582758 0.0000000000 0.6949159625 0.9271982202 0.0390305404 0.8712087676 0.9824467855 0.0772535682 0.4148818143
0.7225836965 0.6949159625 0.0000000000 0.4981446100 0.3933243530 0.8461918380 0.9620909054 0.6427073057 0.0401431833
0.0886562079 0.9271982202 0.4981446100 0.0000000000 0.6124475983 0.4130245188 0.4809153570 0.6880653289 0.9779585529
0.5276889121 0.0390305404 0.3933243530 0.6124475983 0.0000000000 0.8762606088 0.5161177709 0.5221609121 0.4179688467
0.1202448092 0.8712087676 0.8461918380 0.4130245188 0.8762606088 0.0000000000 0.7495933540 0.4252012712 0.4770206230
0.5770939026 0.9824467855 0.9620909054 0.4809153570 0.5161177709 0.7495933540 0.0000000000 0.3859035676 0.3984506947
0.7294398046 0.0772535682 0.6427073057 0.6880653289 0.5221609121 0.4252012712 0.3859035676 0.0000000000 0.7286586265
0.2961087794 0.4148818143 0.0401431833 0.9779585529 0.4179688467 0.4770206230 0.3984506947 0.7286586265 0.0000000000
