# Graph size: 9
# Optimal cost: 1.8604418413160482

# Distance Matrix
0.0 0.29171790789018226 0.4486029823686597 0.5317012023022823 0.4579669078187326 0.6326583777328486 0.034341261850986626 0.5986127683555428 0.19133347585361327
0.29171790789018226 0.0 0.6121696372050525 0.4596767022743695 0.5208818031253201 0.9946415173921797 0.14206103369405565 0.4356166290730409 0.44179886776715604
0.4486029823686597 0.6121696372050525 0.0 0.6275409146046622 0.3915838640153153 0.7303462362159734 0.21764899789888426 0.048269373506628854 0.9444053494754041
0.5317012023022823 0.4596767022743695 0.6275409146046622 0.0 0.1927238102638511 0.21999182387180938 0.1779319279033419 0.7906973033547812 0.3558626250158191
0.4579669078187326 0.5208818031253201 0.3915838640153153 0.1927238102638511 0.0 0.06901897840825122 0.9849945341234362 0.6902582978560312 0.8454395972506492
0.6326583777328486 0.9946415173921797 0.7303462362159734 0.21999182387180938 0.06901897840825122 0.0 0.963301859504657 0.9510577165175399 0.6466904711546271
0.034341261850986626 0.14206103369405565 0.21764899789888426 0.1779319279033419 0.9849945341234362 0.963301859504657 0.0 0.7480342000572986 0.49097071191126906
0.5986127683555428 0.4356166290730409 0.048269373506628854 0.7906973033547812 0.6902582978560312 0.9510577165175399 0.7480342000572986 0.0 0.5502647761382791
0.19133347585361327 0.44179886776715604 0.9444053494754041 0.3558626250158191 0.8454395972506492 0.6466904711546271 0.49097071191126906 0.5502647761382791 0.0

# Optimal Walk
0 8 3 5 4 7 2 6 1 0
