# Graph size: 9
# Optimal cost: 2.253572305241037

# Distance Matrix
0.0 0.2474376453898115 0.2358680396613212 0.7108758901420316 0.6477388193102037 0.8874446173384173 0.8510426103917029 0.18674934742097993 0.9864170734001216
0.2474376453898115 0.0 0.8783715012344201 0.5093478138928547 0.5217409110864514 0.8684592444811713 0.7889122492466905 0.8668701061060854 0.9988720929192964
0.2358680396613212 0.8783715012344201 0.0 0.34661567930084114 0.4674688058754053 0.1010034018723982 0.6446141431319857 0.9605758431004566 0.757907772667784
0.7108758901420316 0.5093478138928547 0.34661567930084114 0.0 0.08951341075770591 0.6227572003987691 0.0858633729445425 0.4925091594474329 0.3065905243214819
0.6477388193102037 0.5217409110864514 0.4674688058754053 0.08951341075770591 0.0 0.40280144866714374 0.3834021127654691 0.7726359216563332 0.4945154655876547
0.8874446173384173 0.8684592444811713 0.1010034018723982 0.6227572003987691 0.40280144866714374 0.0 0.9365429017361778 0.08855273305035471 0.4392541835803704
0.8510426103917029 0.7889122492466905 0.6446141431319857 0.0858633729445425 0.3834021127654691 0.9365429017361778 0.0 0.287726218055827 0.983754033044467
0.18674934742097993 0.8668701061060854 0.9605758431004566 0.4925091594474329 0.7726359216563332 0.08855273305035471 0.287726218055827 0.0 0.6372096318768796
0.9864170734001216 0.9988720929192964 0.757907772667784 0.3065905243214819 0.4945154655876547 0.4392541835803704 0.983754033044467 0.6372096318768796 0.0

# Optimal Walk
0 7 5 2 8 6 3 4 1 0
