# Graph size: 9
# Optimal cost: 1.5058313485886443

# Distance Matrix
0.0 0.3067683034806824 0.6034957278554614 0.636789898003605 0.7626696227618711 0.9739071088829641 0.8700389284610054 0.5272651811305653 0.3723126075722242
0.3067683034806824 0.0 0.6061768060973872 0.31896484289892535 0.7714427340320961 0.04404112196948595 0.12004207177662596 0.3713270229003155 0.17535621390895262
0.6034957278554614 0.6061768060973872 0.0 0.16098586768393042 0.13524634329370655 0.6293305995538331 0.36696537834824716 0.07637196505654043 0.9695300680894244
0.636789898003605 0.31896484289892535 0.16098586768393042 0.0 0.48821658140498725 0.6549075841495665 0.37394017069441277 0.8489109915748809 0.22052085515692765
0.7626696227618711 0.7714427340320961 0.13524634329370655 0.48821658140498725 0.0 0.7664007497885754 0.0667008621544476 0.7742305567298908 0.009789434396248686
0.9739071088829641 0.04404112196948595 0.6293305995538331 0.6549075841495665 0.7664007497885754 0.0 0.8859590002650791 0.4615899167673425 0.016897461009119596
0.8700389284610054 0.12004207177662596 0.36696537834824716 0.37394017069441277 0.0667008621544476 0.8859590002650791 0.0 0.7946203308109486 0.21443391663423805
0.5272651811305653 0.3713270229003155 0.07637196505654043 0.8489109915748809 0.7742305567298908 0.4615899167673425 0.7946203308109486 0.0 0.6920104850029727
0.3723126075722242 0.17535621390895262 0.9695300680894244 0.22052085515692765 0.009789434396248686 0.016897461009119596 0.21443391663423805 0.6920104850029727 0.0

# Optimal Walk
0 7 2 3 8 6 4 5 1 0
