# Graph size: 9
# Optimal cost: 1.5767289930459834

# Distance Matrix
0.0 0.8320797992334655 0.5255296417235541 0.424544933281518 0.05672609864509681 0.551096824027961 0.8142249356487642 0.6535667693655053 0.006685125439737871
0.8320797992334655 0.0 0.3874763450209552 0.12835317512883893 0.5567682915839497 0.7417676770809334 0.10606658177803241 0.6689660724440725 0.6138745290309635
0.5255296417235541 0.3874763450209552 0.0 0.776722746337752 0.2240207037233516 0.7856460591568404 0.004240447009102533 0.989721353976526 0.9872646539292256
0.424544933281518 0.12835317512883893 0.776722746337752 0.0 0.9509001825899377 0.5540262981404314 0.532015550097386 0.7990687648896292 0.5906874067793374
0.05672609864509681 0.5567682915839497 0.2240207037233516 0.9509001825899377 0.0 0.27904636973259866 0.20763763189460605 0.3060755256221266 0.0362466726952716
0.551096824027961 0.7417676770809334 0.7856460591568404 0.5540262981404314 0.27904636973259866 0.0 0.1939763147772503 0.6981702544917835 0.5981132393674384
0.8142249356487642 0.10606658177803241 0.004240447009102533 0.532015550097386 0.20763763189460605 0.1939763147772503 0.0 0.7149319625707897 0.0752051058153328
0.6535667693655053 0.6689660724440725 0.989721353976526 0.7990687648896292 0.3060755256221266 0.6981702544917835 0.7149319625707897 0.0 0.2507819356570534
0.006685125439737871 0.6138745290309635 0.9872646539292256 0.5906874067793374 0.0362466726952716 0.5981132393674384 0.0752051058153328 0.2507819356570534 0.0

# Optimal Walk
0 8 7 4 5 6 2 3 1 0
