# MCW Instance
# Type: UNIFORM
# N: 9
# Optimal cost: 1.6708156345599958
# Optimal tour (permutation): [0, 5, 4, 6, 1, 8, 3, 7, 2, 0]
# Optimal walk (full path): [0, 5, 4, 5, 6, 1, 6, 8, 3, 7, 2, 7, 0]
# Walk size: 13
# Is walk (has repeats): true

# Distance Matrix
0.0000000000 0.7085307594 0.9873470644 0.9599525961 0.9853603233 0.4232396026 0.6588336612 0.1606161945 0.7698145641
0.7085307594 0.0000000000 0.7676138658 0.7794387852 0.6183662136 0.9403327640 0.1082579500 0.9306618974 0.7266457798
0.9873470644 0.7676138658 0.0000000000 0.7236516707 0.5083765172 0.5456836141 0.8808494790 0.0530797543 0.1600065432
0.9599525961 0.7794387852 0.7236516707 0.0000000000 0.4956023784 0.9861137226 0.5172982455 0.1263701989 0.1470233579
0.9853603233 0.6183662136 0.5083765172 0.4956023784 0.0000000000 0.1197254428 0.3668337900 0.7789000900 0.7220854703
0.4232396026 0.9403327640 0.5456836141 0.9861137226 0.1197254428 0.0000000000 0.1902204139 0.6988385467 0.4238408331
0.6588336612 0.1082579500 0.8808494790 0.5172982455 0.3668337900 0.1902204139 0.0000000000 0.8789252070 0.0612195725
0.1606161945 0.9306618974 0.0530797543 0.1263701989 0.7789000900 0.6988385467 0.8789252070 0.0000000000 0.1683529785
0.7698145641 0.7266457798 0.1600065432 0.1470233579 0.7220854703 0.4238408331 0.0612195725 0.1683529785 0.0000000000
