# Graph size: 9
# Optimal cost: 1.2802615180765176

# Distance Matrix
0.0 0.7280085893967168 0.11122393523592511 0.47853276303468795 0.34725553577251045 0.578962705547428 0.12054286785800272 0.7413504608039677 0.12441505561074317
0.7280085893967168 0.0 0.5177836843137421 0.4036236928603525 0.8833468815127022 0.3584144949757757 0.35870232047628026 0.9282118089432935 0.6444546046222432
0.11122393523592511 0.5177836843137421 0.0 0.27302179762012124 0.019618789210015142 0.8842199453880202 0.8931729263946688 0.2593648987820423 0.8293208814618487
0.47853276303468795 0.4036236928603525 0.27302179762012124 0.0 0.10811221521805425 0.7978194192548693 0.9488530406298249 0.05026438219143903 0.9796632285900656
0.34725553577251045 0.8833468815127022 0.019618789210015142 0.10811221521805425 0.0 0.8769327908773441 0.22443063121692064 0.05761932188931884 0.26817345420970706
0.578962705547428 0.3584144949757757 0.8842199453880202 0.7978194192548693 0.8769327908773441 0.0 0.35048855976791027 0.8977332508971344 0.14751362382132172
0.12054286785800272 0.35870232047628026 0.8931729263946688 0.9488530406298249 0.22443063121692064 0.35048855976791027 0.0 0.789010920117543 0.011440410034367132
0.7413504608039677 0.9282118089432935 0.2593648987820423 0.05026438219143903 0.05761932188931884 0.8977332508971344 0.789010920117543 0.0 0.054129463874228456
0.12441505561074317 0.6444546046222432 0.8293208814618487 0.9796632285900656 0.26817345420970706 0.14751362382132172 0.011440410034367132 0.054129463874228456 0.0

# Optimal Walk
0 6 8 5 1 3 7 4 2 0
