# Graph size: 9
# Optimal cost: 2.0036210227717404

# Distance Matrix
0.0 0.960912257590973 0.45782444339307493 0.9070063627363857 0.6399133556749809 0.9397284907268932 0.7126518824178597 0.28997422831654307 0.2126284638573217
0.960912257590973 0.0 0.5714744257785948 0.5303069557079237 0.7058711792119726 0.7124774595396335 0.28792383308735836 0.3042988278425379 0.30694059172886223
0.45782444339307493 0.5714744257785948 0.0 0.12669897537628783 0.9396079258034185 0.42265194409702045 0.24395661655615664 0.12638175022117026 0.7964874942230733
0.9070063627363857 0.5303069557079237 0.12669897537628783 0.0 0.7466372280803705 0.6723325407820011 0.03325620541103391 0.23522579435424662 0.8803291794462615
0.6399133556749809 0.7058711792119726 0.9396079258034185 0.7466372280803705 0.0 0.30910328245423735 0.865047028649154 0.7910709717093793 0.1250621270507053
0.9397284907268932 0.7124774595396335 0.42265194409702045 0.6723325407820011 0.30910328245423735 0.0 0.24662233497226238 0.5258231611118127 0.628334056452041
0.7126518824178597 0.28792383308735836 0.24395661655615664 0.03325620541103391 0.865047028649154 0.24662233497226238 0.0 0.9903985373462412 0.8704164706340601
0.28997422831654307 0.3042988278425379 0.12638175022117026 0.23522579435424662 0.7910709717093793 0.5258231611118127 0.9903985373462412 0.0 0.5759464450476769
0.2126284638573217 0.30694059172886223 0.7964874942230733 0.8803291794462615 0.1250621270507053 0.628334056452041 0.8704164706340601 0.5759464450476769 0.0

# Optimal Walk
0 8 4 5 6 3 2 7 1 0
