# MCW Instance
# Type: UNIFORM
# N: 9
# Optimal cost: 1.4609427672995419
# Optimal tour (permutation): [0, 5, 2, 6, 3, 8, 7, 4, 1, 0]
# Optimal walk (full path): [0, 5, 2, 6, 3, 8, 4, 7, 4, 0, 1, 0]
# Walk size: 12
# Is walk (has repeats): true

# Distance Matrix
0.0000000000 0.1359375478 0.6331186754 0.2477458833 0.0766817855 0.0691510644 0.3225198554 0.5105852431 0.8707688627
0.1359375478 0.0000000000 0.4613848573 0.9219077708 0.7928379135 0.6284032725 0.7314888089 0.6766909467 0.9228760935
0.6331186754 0.4613848573 0.0000000000 0.9669586298 0.9821401036 0.3941333248 0.0952741915 0.6887067411 0.9348105361
0.2477458833 0.9219077708 0.9669586298 0.0000000000 0.8187334511 0.4436513028 0.0932851222 0.8434335522 0.2422616951
0.0766817855 0.7928379135 0.9821401036 0.8187334511 0.0000000000 0.9777265472 0.9177824897 0.0096040263 0.1990724355
0.0691510644 0.6284032725 0.3941333248 0.4436513028 0.9777265472 0.0000000000 0.7774402221 0.3571092905 0.2574961099
0.3225198554 0.7314888089 0.0952741915 0.0932851222 0.9177824897 0.7774402221 0.0000000000 0.8092212517 0.5879701060
0.5105852431 0.6766909467 0.6887067411 0.8434335522 0.0096040263 0.3571092905 0.8092212517 0.0000000000 0.4698595355
0.8707688627 0.9228760935 0.9348105361 0.2422616951 0.1990724355 0.2574961099 0.5879701060 0.4698595355 0.0000000000
