# Graph size: 9
# Optimal cost: 1.592672397723831

# Distance Matrix
0.0 0.34485765949686364 0.6006797045987597 0.3424178750285082 0.6614152953340224 0.5027716230158581 0.6138103147663362 0.8612031926987154 0.4002215950660113
0.34485765949686364 0.0 0.4501192450226218 0.5017372781723874 0.7350690950140298 0.15641104958296081 0.7930432962775487 0.8436908925900998 0.7428054176837641
0.6006797045987597 0.4501192450226218 0.0 0.03056984439528465 0.008059954834519711 0.5198691455026934 0.1073614535296803 0.1577856813337154 0.2270518208732858
0.3424178750285082 0.5017372781723874 0.03056984439528465 0.0 0.4051843163245967 0.5180257686559518 0.5045060179107304 0.052245219511267704 0.9716333120412992
0.6614152953340224 0.7350690950140298 0.008059954834519711 0.4051843163245967 0.0 0.634754281305079 0.5902707638091373 0.16121250717395275 0.3066463138769041
0.5027716230158581 0.15641104958296081 0.5198691455026934 0.5180257686559518 0.634754281305079 0.0 0.1750187816928852 0.6265372650460911 0.4629158341747812
0.6138103147663362 0.7930432962775487 0.1073614535296803 0.5045060179107304 0.5902707638091373 0.1750187816928852 0.0 0.6573077800636535 0.45014985802080776
0.8612031926987154 0.8436908925900998 0.1577856813337154 0.052245219511267704 0.16121250717395275 0.6265372650460911 0.6573077800636535 0.0 0.5579796291210517
0.4002215950660113 0.7428054176837641 0.2270518208732858 0.9716333120412992 0.3066463138769041 0.4629158341747812 0.45014985802080776 0.5579796291210517 0.0

# Optimal Walk
0 8 4 7 3 2 6 5 1 0
