# MCW Instance
# Type: UNIFORM
# N: 9
# Optimal cost: 1.3759990067424726
# Optimal tour (permutation): [0, 6, 8, 7, 5, 1, 4, 3, 2, 0]
# Optimal walk (full path): [0, 6, 8, 7, 8, 5, 1, 4, 3, 2, 6, 0]
# Walk size: 12
# Is walk (has repeats): true

# Distance Matrix
0.0000000000 0.6162932448 0.9450111453 0.6505260069 0.7411230657 0.7128633631 0.0442064235 0.7720497130 0.4318700385
0.6162932448 0.0000000000 0.8384823064 0.3366129201 0.3897560928 0.1284943384 0.3017170357 0.9721758839 0.8246364380
0.9450111453 0.8384823064 0.0000000000 0.0244617299 0.8305840093 0.9709314189 0.0864024944 0.8840588330 0.1309696812
0.6505260069 0.3366129201 0.0244617299 0.0000000000 0.1010044235 0.9254033221 0.0883450282 0.5358721658 0.7952809008
0.7411230657 0.3897560928 0.8305840093 0.1010044235 0.0000000000 0.9516969833 0.6488710832 0.7530631697 0.3577615519
0.7128633631 0.1284943384 0.9709314189 0.9254033221 0.9516969833 0.0000000000 0.7551456886 0.9484724195 0.2666203430
0.0442064235 0.3017170357 0.0864024944 0.0883450282 0.6488710832 0.7551456886 0.0000000000 0.7350181623 0.0238790488
0.7720497130 0.9721758839 0.8840588330 0.5358721658 0.7530631697 0.9484724195 0.7350181623 0.0000000000 0.1334838445
0.4318700385 0.8246364380 0.1309696812 0.7952809008 0.3577615519 0.2666203430 0.0238790488 0.1334838445 0.0000000000
