# Graph size: 9
# Optimal cost: 1.2619811006735766

# Distance Matrix
0.0 0.29781705188834506 0.3841988724679425 0.2977637234559579 0.1781064392883409 0.15405516330910907 0.0826061304625868 0.11981047125234734 0.27802239390045647
0.29781705188834506 0.0 0.9026123874950968 0.3174977089925324 0.5349817589594399 0.4780973484342098 0.4654433488715831 0.08217189115621748 0.22935624202739935
0.3841988724679425 0.9026123874950968 0.0 0.4851802939968003 0.5817571821723793 0.4213290713170156 0.05326493745961203 0.4009189315283058 0.6505960872958967
0.2977637234559579 0.3174977089925324 0.4851802939968003 0.0 0.5907521007254761 0.7570474969370348 0.1995022715001692 0.1026356125920792 0.5923767400851768
0.1781064392883409 0.5349817589594399 0.5817571821723793 0.5907521007254761 0.0 0.14129907751678472 0.8231182218031456 0.9821450578811745 0.7864428486511283
0.15405516330910907 0.4780973484342098 0.4213290713170156 0.7570474969370348 0.14129907751678472 0.0 0.6272536220179891 0.941055019111716 0.139773561210775
0.0826061304625868 0.4654433488715831 0.05326493745961203 0.1995022715001692 0.8231182218031456 0.6272536220179891 0.0 0.3537060059805477 0.2383010563777218
0.11981047125234734 0.08217189115621748 0.4009189315283058 0.1026356125920792 0.9821450578811745 0.941055019111716 0.3537060059805477 0.0 0.3802895459162883
0.27802239390045647 0.22935624202739935 0.6505960872958967 0.5923767400851768 0.7864428486511283 0.139773561210775 0.2383010563777218 0.3802895459162883 0.0

# Optimal Walk
0 4 5 8 1 7 3 6 2 0
