# Graph size: 13
# Optimal cost: 1.7169787715054763

# Distance Matrix
0.0 0.9367613047653397 0.4386351888496831 0.19541898440526873 0.26447633751306066 0.3937267003605899 0.6518235272567996 0.6219026800608087 0.07794318933113975 0.19942423937732723 0.6246271949941855 0.5171100466101941 0.10231101291528133
0.9367613047653397 0.0 0.14603435075625304 0.37492803238113137 0.7521109374708511 0.3878941012467291 0.19625227437630877 0.8485498082943241 0.27844441160135114 0.5349730404238874 0.4321032753840782 0.19909866676134902 0.09054898261943489
0.4386351888496831 0.14603435075625304 0.0 0.25796049410792654 0.7438251407036096 0.3476432561807796 0.9605021340028502 0.15385986356505166 0.9602650516537287 0.17724513623826998 0.049347847935153455 0.5773918680636093 0.2482130173337611
0.19541898440526873 0.37492803238113137 0.25796049410792654 0.0 0.44488992179673237 0.3908919912223544 0.6433267131322645 0.5153226780759389 0.25215795848134137 0.4166974014185819 0.0259745197223461 0.23974459389167568 0.7060129476762228
0.26447633751306066 0.7521109374708511 0.7438251407036096 0.44488992179673237 0.0 0.14511204895296825 0.4064506036725759 0.6193256429235819 0.22237550971696085 0.39251471664569726 0.13024579690814142 0.18420340397376722 0.7776882495617194
0.3937267003605899 0.3878941012467291 0.3476432561807796 0.3908919912223544 0.14511204895296825 0.0 0.3815650097768293 0.8807966753264422 0.04885152611228094 0.2974674723982418 0.4190953268041334 0.9491641277592944 0.7931086980905079
0.6518235272567996 0.19625227437630877 0.9605021340028502 0.6433267131322645 0.4064506036725759 0.3815650097768293 0.0 0.2858761501394008 0.8953844545317288 0.9855931774126847 0.5564500698045736 0.7466413052393083 0.7169037201554042
0.6219026800608087 0.8485498082943241 0.15385986356505166 0.5153226780759389 0.6193256429235819 0.8807966753264422 0.2858761501394008 0.0 0.9556406083344605 0.3057368606522979 0.42317892070175345 0.42622853686222084 0.39172142367767604
0.07794318933113975 0.27844441160135114 0.9602650516537287 0.25215795848134137 0.22237550971696085 0.04885152611228094 0.8953844545317288 0.9556406083344605 0.0 0.39390619340873 0.3945773772858554 0.6856591847217782 0.9303388604872925
0.19942423937732723 0.5349730404238874 0.17724513623826998 0.4166974014185819 0.39251471664569726 0.2974674723982418 0.9855931774126847 0.3057368606522979 0.39390619340873 0.0 0.4655399751922661 0.10413044796657367 0.5051970692531931
0.6246271949941855 0.4321032753840782 0.049347847935153455 0.0259745197223461 0.13024579690814142 0.4190953268041334 0.5564500698045736 0.42317892070175345 0.3945773772858554 0.4655399751922661 0.0 0.5559270230508433 0.4849780449384258
0.5171100466101941 0.19909866676134902 0.5773918680636093 0.23974459389167568 0.18420340397376722 0.9491641277592944 0.7466413052393083 0.42622853686222084 0.6856591847217782 0.10413044796657367 0.5559270230508433 0.0 0.9683996184130583
0.10231101291528133 0.09054898261943489 0.2482130173337611 0.7060129476762228 0.7776882495617194 0.7931086980905079 0.7169037201554042 0.39172142367767604 0.9303388604872925 0.5051970692531931 0.4849780449384258 0.9683996184130583 0.0

# Optimal Walk
0 12 1 6 7 10 3 2 9 11 4 5 8 0
