# MCW Instance
# Type: UNIFORM
# N: 13
# Optimal cost: 1.721528310020231
# Optimal tour (permutation): [0, 1, 8, 7, 6, 9, 5, 10, 3, 12, 11, 2, 4, 0]
# Optimal walk (full path): [0, 1, 8, 7, 6, 9, 5, 10, 3, 2, 11, 12, 11, 2, 4, 0]
# Walk size: 16
# Is walk (has repeats): true

# Distance Matrix
0.0000000000 0.3046802514 0.2929770709 0.9134593840 0.2650085343 0.9754329587 0.4973703903 0.7987274701 0.6095467496 0.3464848109 0.4466940751 0.9588672694 0.8851433792
0.3046802514 0.0000000000 0.5381419614 0.8384332531 0.9917326325 0.3398101880 0.8046683698 0.5612982727 0.4130945271 0.2577094549 0.3879177777 0.3113774809 0.8913347585
0.2929770709 0.5381419614 0.0000000000 0.1056187952 0.0336707789 0.3182381658 0.4939816628 0.2377237626 0.4512255311 0.8416507371 0.6450924161 0.0074012878 0.4040166353
0.9134593840 0.8384332531 0.1056187952 0.0000000000 0.3584001554 0.1653392220 0.2840716982 0.3075134802 0.6486880274 0.7207571683 0.0538604360 0.1803755733 0.3129171411
0.2650085343 0.9917326325 0.0336707789 0.3584001554 0.0000000000 0.2414637901 0.9947252425 0.5458196013 0.6021902579 0.3882616569 0.6598683060 0.4123788657 0.8296433171
0.9754329587 0.3398101880 0.3182381658 0.1653392220 0.2414637901 0.0000000000 0.9428869441 0.1776668632 0.7767125311 0.0447722075 0.0767684965 0.1820202595 0.1858488963
0.4973703903 0.8046683698 0.4939816628 0.2840716982 0.9947252425 0.9428869441 0.0000000000 0.0992020539 0.8135133797 0.0239250013 0.7722232039 0.7098863986 0.6419366158
0.7987274701 0.5612982727 0.2377237626 0.3075134802 0.5458196013 0.1776668632 0.0992020539 0.0000000000 0.1832536985 0.8320970859 0.6345125089 0.1593043647 0.1991278550
0.6095467496 0.4130945271 0.4512255311 0.6486880274 0.6021902579 0.7767125311 0.8135133797 0.1832536985 0.0000000000 0.4564235174 0.6139292450 0.8285610276 0.3679382765
0.3464848109 0.2577094549 0.8416507371 0.7207571683 0.3882616569 0.0447722075 0.0239250013 0.8320970859 0.4564235174 0.0000000000 0.9429472867 0.3077015178 0.4186629750
0.4466940751 0.3879177777 0.6450924161 0.0538604360 0.6598683060 0.0767684965 0.7722232039 0.6345125089 0.6139292450 0.9429472867 0.0000000000 0.9199813856 0.7193082492
0.9588672694 0.3113774809 0.0074012878 0.1803755733 0.4123788657 0.1820202595 0.7098863986 0.1593043647 0.8285610276 0.3077015178 0.9199813856 0.0000000000 0.0514354769
0.8851433792 0.8913347585 0.4040166353 0.3129171411 0.8296433171 0.1858488963 0.6419366158 0.1991278550 0.3679382765 0.4186629750 0.7193082492 0.0514354769 0.0000000000
