# Graph size: 13
# Optimal cost: 1.7771672237550167

# Distance Matrix
0.0 0.29373694569061737 0.9839810556969446 0.5798221476351011 0.16727597771128977 0.7157164612702845 0.7650457592632592 0.3936334681906283 0.6286410413404954 0.8146985553548534 0.894950647137399 0.806566641377207 0.9122143110894911
0.29373694569061737 0.0 0.9485296386776835 0.2196257813507586 0.8913275978064882 0.006398785096350834 0.789594651207761 0.8359885991120828 0.21732798890888128 0.22020687371576564 0.3931924248836043 0.9998286471882162 0.5507178400823606
0.9839810556969446 0.9485296386776835 0.0 0.4573792452426926 0.9119843276700963 0.819146841938146 0.7913268895530231 0.8527559911971666 0.712650499161176 0.8301481681202203 0.18048104432934275 0.29046187024144476 0.5268638498202625
0.5798221476351011 0.2196257813507586 0.4573792452426926 0.0 0.030625040355035105 0.4552612532530861 0.19163124561979472 0.9259192310543517 0.4542580898379105 0.5476244656658907 0.358812811282179 0.8468314670757974 0.909400072712289
0.16727597771128977 0.8913275978064882 0.9119843276700963 0.030625040355035105 0.0 0.6309068151567927 0.5948580548782606 0.1174426130223436 0.07719750658407587 0.8015818986565038 0.2760112574363578 0.9290550624183332 0.7664439601105828
0.7157164612702845 0.006398785096350834 0.819146841938146 0.4552612532530861 0.6309068151567927 0.0 0.45074769046223484 0.052083514238212336 0.9873340138494469 0.7563477980701262 0.4276676509782511 0.37100643968240943 0.6356995319282899
0.7650457592632592 0.789594651207761 0.7913268895530231 0.19163124561979472 0.5948580548782606 0.45074769046223484 0.0 0.32343630626291464 0.4267929940888513 0.580726124348981 0.5901541518824578 0.24510724859202215 0.6400447443105973
0.3936334681906283 0.8359885991120828 0.8527559911971666 0.9259192310543517 0.1174426130223436 0.052083514238212336 0.32343630626291464 0.0 0.9483115051982398 0.0504697649407273 0.7998777447017923 0.6077356087575789 0.05431533329410887
0.6286410413404954 0.21732798890888128 0.712650499161176 0.4542580898379105 0.07719750658407587 0.9873340138494469 0.4267929940888513 0.9483115051982398 0.0 0.859883017086529 0.0431697648772823 0.37436349495069476 0.6698404074384285
0.8146985553548534 0.22020687371576564 0.8301481681202203 0.5476244656658907 0.8015818986565038 0.7563477980701262 0.580726124348981 0.0504697649407273 0.859883017086529 0.0 0.07392559059739745 0.42751032743944606 0.5096096656269244
0.894950647137399 0.3931924248836043 0.18048104432934275 0.358812811282179 0.2760112574363578 0.4276676509782511 0.5901541518824578 0.7998777447017923 0.0431697648772823 0.07392559059739745 0.0 0.4044272859288158 0.7687421021065618
0.806566641377207 0.9998286471882162 0.29046187024144476 0.8468314670757974 0.9290550624183332 0.37100643968240943 0.24510724859202215 0.6077356087575789 0.37436349495069476 0.42751032743944606 0.4044272859288158 0.0 0.6573136807868011
0.9122143110894911 0.5507178400823606 0.5268638498202625 0.909400072712289 0.7664439601105828 0.6356995319282899 0.6400447443105973 0.05431533329410887 0.6698404074384285 0.5096096656269244 0.7687421021065618 0.6573136807868011 0.0

# Optimal Walk
0 4 3 6 11 2 10 8 9 12 7 5 1 0
