# Graph size: 13
# Optimal cost: 1.4457362300652665

# Distance Matrix
0.0 0.5652018452067925 0.6472369194483476 0.049166411379241826 0.9393294005656517 0.1805396685518803 0.6691238477698307 0.04557792110863068 0.9850242257454618 0.11784180630600039 0.664868096412689 0.8909082620949876 0.11146825838626662
0.5652018452067925 0.0 0.9246563763213634 0.11660183697099769 0.14734399956585698 0.4010320918816439 0.1295359448645883 0.7328005626509775 0.7909436447995449 0.8481788178747509 0.04024122052295598 0.34874096886248207 0.11941143207267291
0.6472369194483476 0.9246563763213634 0.0 0.2640422035414579 0.6322472393321862 0.48303432610831587 0.10101883456849525 0.8399033938876901 0.4013618729706727 0.2533907352078828 0.0741283706208754 0.06539705630741854 0.5708679621205242
0.049166411379241826 0.11660183697099769 0.2640422035414579 0.0 0.09793421665332347 0.23900028536676532 0.08106769716800122 0.8414520657463108 0.022801790255309595 0.6970398911968652 0.9599353278566074 0.9512843068556006 0.9024245433254134
0.9393294005656517 0.14734399956585698 0.6322472393321862 0.09793421665332347 0.0 0.8873694781556729 0.8590191098198835 0.6739653843044049 0.6958024087476579 0.14658525276448697 0.45930638082762687 0.5236583295816126 0.3102484834307345
0.1805396685518803 0.4010320918816439 0.48303432610831587 0.23900028536676532 0.8873694781556729 0.0 0.774786760426417 0.6214439736003384 0.35957435997607723 0.2434927061649964 0.4294422174061403 0.7244669863045219 0.2860833061273964
0.6691238477698307 0.1295359448645883 0.10101883456849525 0.08106769716800122 0.8590191098198835 0.774786760426417 0.0 0.06569886495673516 0.8883801946204066 0.7261703112846675 0.7300712565178197 0.2648632323776049 0.224174503099263
0.04557792110863068 0.7328005626509775 0.8399033938876901 0.8414520657463108 0.6739653843044049 0.6214439736003384 0.06569886495673516 0.0 0.5862663100581115 0.3437689841004473 0.9722262475413732 0.21441567504069192 0.3272617792398762
0.9850242257454618 0.7909436447995449 0.4013618729706727 0.022801790255309595 0.6958024087476579 0.35957435997607723 0.8883801946204066 0.5862663100581115 0.0 0.42912681496608507 0.6087442704914247 0.3758388168596136 0.6730257289511052
0.11784180630600039 0.8481788178747509 0.2533907352078828 0.6970398911968652 0.14658525276448697 0.2434927061649964 0.7261703112846675 0.3437689841004473 0.42912681496608507 0.0 0.9089128689721726 0.5493307474000884 0.3550048448049543
0.664868096412689 0.04024122052295598 0.0741283706208754 0.9599353278566074 0.45930638082762687 0.4294422174061403 0.7300712565178197 0.9722262475413732 0.6087442704914247 0.9089128689721726 0.0 0.9013096216406805 0.48006313537688694
0.8909082620949876 0.34874096886248207 0.06539705630741854 0.9512843068556006 0.5236583295816126 0.7244669863045219 0.2648632323776049 0.21441567504069192 0.3758388168596136 0.5493307474000884 0.9013096216406805 0.0 0.48849177406162336
0.11146825838626662 0.11941143207267291 0.5708679621205242 0.9024245433254134 0.3102484834307345 0.2860833061273964 0.224174503099263 0.3272617792398762 0.6730257289511052 0.3550048448049543 0.48006313537688694 0.48849177406162336 0.0

# Optimal Walk
0 8 3 4 9 5 12 1 10 2 11 6 7 0
