# Graph size: 13
# Optimal cost: 2.0965743918676916

# Distance Matrix
0.0 0.5761913745873126 0.16321970880012815 0.9474326146654133 0.10160895242013057 0.2893544422035842 0.03279491913980781 0.3394479828668733 0.9350260584125746 0.13317296068607698 0.9903094040954725 0.003163046354066945 0.25398105710502683
0.5761913745873126 0.0 0.6310903860611795 0.7543939121457787 0.2057896300514387 0.36818761535929434 0.8517197037451095 0.23900338028003543 0.1814809862222263 0.3982263693796473 0.5958855783798906 0.707920953596431 0.07159760637391732
0.16321970880012815 0.6310903860611795 0.0 0.7717318538627885 0.9218478315226496 0.18294766452604772 0.9380332996651076 0.424574343730728 0.4826138419850887 0.06918768067027803 0.3357155839158611 0.2021845708375628 0.24397417252681053
0.9474326146654133 0.7543939121457787 0.7717318538627885 0.0 0.40712732004711183 0.29074682898541715 0.2930832693677484 0.027871573573942987 0.6387454906937836 0.17225360991372785 0.39484095713124034 0.9829408540467219 0.2836822138428945
0.10160895242013057 0.2057896300514387 0.9218478315226496 0.40712732004711183 0.0 0.8688634251870858 0.7121081531562068 0.522533169620327 0.46153073429956915 0.8848295985272868 0.8170199061912563 0.4902651012714456 0.7676080936518931
0.2893544422035842 0.36818761535929434 0.18294766452604772 0.29074682898541715 0.8688634251870858 0.0 0.4561767064102278 0.8641926434793871 0.31410934929048695 0.6120980921796102 0.5538403475005418 0.6456954080133291 0.6922703672986064
0.03279491913980781 0.8517197037451095 0.9380332996651076 0.2930832693677484 0.7121081531562068 0.4561767064102278 0.0 0.7662490404671081 0.6886266880589071 0.4957917142405702 0.9175650754206371 0.5243488071479288 0.7619188301264329
0.3394479828668733 0.23900338028003543 0.424574343730728 0.027871573573942987 0.522533169620327 0.8641926434793871 0.7662490404671081 0.0 0.11091196551314408 0.29175502755997007 0.5864877541249315 0.8164085973113663 0.9372311613906816
0.9350260584125746 0.1814809862222263 0.4826138419850887 0.6387454906937836 0.46153073429956915 0.31410934929048695 0.6886266880589071 0.11091196551314408 0.0 0.2072532120888121 0.4946596422898689 0.4327336672856805 0.8963897075892769
0.13317296068607698 0.3982263693796473 0.06918768067027803 0.17225360991372785 0.8848295985272868 0.6120980921796102 0.4957917142405702 0.29175502755997007 0.2072532120888121 0.0 0.3808550696315869 0.21353990968543557 0.6907520692183649
0.9903094040954725 0.5958855783798906 0.3357155839158611 0.39484095713124034 0.8170199061912563 0.5538403475005418 0.9175650754206371 0.5864877541249315 0.4946596422898689 0.3808550696315869 0.0 0.8693100723997849 0.4126201206432386
0.003163046354066945 0.707920953596431 0.2021845708375628 0.9829408540467219 0.4902651012714456 0.6456954080133291 0.5243488071479288 0.8164085973113663 0.4327336672856805 0.21353990968543557 0.8693100723997849 0.0 0.2373190357467837
0.25398105710502683 0.07159760637391732 0.24397417252681053 0.2836822138428945 0.7676080936518931 0.6922703672986064 0.7619188301264329 0.9372311613906816 0.8963897075892769 0.6907520692183649 0.4126201206432386 0.2373190357467837 0.0

# Optimal Walk
0 11 4 1 12 10 3 7 8 5 2 9 6 0
