# Graph size: 13
# Optimal cost: 2.368190765237946

# Distance Matrix
0.0 0.7422286127187248 0.25684453779488114 0.4245027683738113 0.5984399662164438 0.1756780247739319 0.9035544601905204 0.3296587040428589 0.8398686804008585 0.9541585628727272 0.20484517664135504 0.3327119813458288 0.835304688089194
0.7422286127187248 0.0 0.6945514095266097 0.17409190971644795 0.9313992161089623 0.5573969462650948 0.2057532346614529 0.42683626727195223 0.8870488593197867 0.9257415539167655 0.744881520756642 0.6555444200161383 0.6426256661424247
0.25684453779488114 0.6945514095266097 0.0 0.5825972895633083 0.48626475513126044 0.17576965909074038 0.03365305270709895 0.1888730325376795 0.5159919131004405 0.08818368927838172 0.2888705901014823 0.863465156672067 0.8532727106181446
0.4245027683738113 0.17409190971644795 0.5825972895633083 0.0 0.8909795561077741 0.2715843373113769 0.06968591045937866 0.9695861042616638 0.698438503210103 0.14802026311949423 0.4644384503301482 0.027571859084948747 0.5739922816013873
0.5984399662164438 0.9313992161089623 0.48626475513126044 0.8909795561077741 0.0 0.18559182157542964 0.9689579507831176 0.5938454276182359 0.8699008741790384 0.18184485153298469 0.5943527754724316 0.893394341567479 0.8807055365039913
0.1756780247739319 0.5573969462650948 0.17576965909074038 0.2715843373113769 0.18559182157542964 0.0 0.10394414763979443 0.36084297082220707 0.7679395514589632 0.5639051063290539 0.8789178030760255 0.9865082142343372 0.37662262066881924
0.9035544601905204 0.2057532346614529 0.03365305270709895 0.06968591045937866 0.9689579507831176 0.10394414763979443 0.0 0.5588436630383982 0.9164770529191574 0.8895209365536321 0.3346059170034351 0.24358569656074602 0.8690806128419638
0.3296587040428589 0.42683626727195223 0.1888730325376795 0.9695861042616638 0.5938454276182359 0.36084297082220707 0.5588436630383982 0.0 0.44725429718469445 0.42364933306294883 0.10959481790937131 0.33801442420973604 0.38631937774513114
0.8398686804008585 0.8870488593197867 0.5159919131004405 0.698438503210103 0.8699008741790384 0.7679395514589632 0.9164770529191574 0.44725429718469445 0.0 0.2284541722702471 0.30532047673356855 0.719609180844598 0.6394992455237791
0.9541585628727272 0.9257415539167655 0.08818368927838172 0.14802026311949423 0.18184485153298469 0.5639051063290539 0.8895209365536321 0.42364933306294883 0.2284541722702471 0.0 0.0535405000137974 0.8023367081384557 0.15231914397875934
0.20484517664135504 0.744881520756642 0.2888705901014823 0.4644384503301482 0.5943527754724316 0.8789178030760255 0.3346059170034351 0.10959481790937131 0.30532047673356855 0.0535405000137974 0.0 0.9987121034995659 0.257652055112906
0.3327119813458288 0.6555444200161383 0.863465156672067 0.027571859084948747 0.893394341567479 0.9865082142343372 0.24358569656074602 0.33801442420973604 0.719609180844598 0.8023367081384557 0.9987121034995659 0.0 0.2714654955779917
0.835304688089194 0.6426256661424247 0.8532727106181446 0.5739922816013873 0.8807055365039913 0.37662262066881924 0.8690806128419638 0.38631937774513114 0.6394992455237791 0.15231914397875934 0.257652055112906 0.2714654955779917 0.0

# Optimal Walk
0 10 7 2 6 1 3 11 12 9 8 4 5 0
