# MCW Instance
# Type: UNIFORM
# N: 13
# Optimal cost: 2.1423584254927026
# Optimal tour (permutation): [0, 8, 6, 12, 11, 7, 2, 10, 1, 3, 9, 5, 4, 0]
# Optimal walk (full path): [0, 8, 6, 12, 7, 11, 7, 2, 1, 10, 1, 3, 9, 5, 4, 5, 0]
# Walk size: 17
# Is walk (has repeats): true

# Distance Matrix
0.0000000000 0.3119526171 0.3980624043 0.8127510684 0.6504120834 0.1158484515 0.9112783078 0.2527577889 0.0534096950 0.3498218282 0.5069668736 0.7858992513 0.7806452975
0.3119526171 0.0000000000 0.1309701402 0.2259226377 0.8556013895 0.7368804552 0.6900105855 0.7240807889 0.1825526794 0.1434555836 0.2118027006 0.9526327716 0.4606233501
0.3980624043 0.1309701402 0.0000000000 0.8507379968 0.6969138068 0.9172673737 0.9219873016 0.0755358309 0.3571970976 0.5815092881 0.9216236809 0.7851880226 0.4030792359
0.8127510684 0.2259226377 0.8507379968 0.0000000000 0.6754158109 0.3017265905 0.5369546415 0.2062301999 0.8984320617 0.1881530038 0.6994958351 0.7285153649 0.7639935274
0.6504120834 0.8556013895 0.6969138068 0.6754158109 0.0000000000 0.0438909911 0.6326418182 0.7966057288 0.1235043502 0.2586308061 0.5823204641 0.2713493993 0.2286084868
0.1158484515 0.7368804552 0.9172673737 0.3017265905 0.0438909911 0.0000000000 0.2888742808 0.7594228329 0.4119833352 0.0432099952 0.3796186039 0.3145513506 0.7674915865
0.9112783078 0.6900105855 0.9219873016 0.5369546415 0.6326418182 0.2888742808 0.0000000000 0.4004879873 0.1965024645 0.6950091902 0.7408922259 0.5151904362 0.2764040827
0.2527577889 0.7240807889 0.0755358309 0.2062301999 0.7966057288 0.7594228329 0.4004879873 0.0000000000 0.1760537014 0.5669621999 0.3077804095 0.0648321727 0.1953503951
0.0534096950 0.1825526794 0.3571970976 0.8984320617 0.1235043502 0.4119833352 0.1965024645 0.1760537014 0.0000000000 0.8198855651 0.9745475308 0.4500525192 0.4877287289
0.3498218282 0.1434555836 0.5815092881 0.1881530038 0.2586308061 0.0432099952 0.6950091902 0.5669621999 0.8198855651 0.0000000000 0.7245373419 0.2465857176 0.1267442831
0.5069668736 0.2118027006 0.9216236809 0.6994958351 0.5823204641 0.3796186039 0.7408922259 0.3077804095 0.9745475308 0.7245373419 0.0000000000 0.9167540277 0.4835916906
0.7858992513 0.9526327716 0.7851880226 0.7285153649 0.2713493993 0.3145513506 0.5151904362 0.0648321727 0.4500525192 0.2465857176 0.9167540277 0.0000000000 0.8205785441
0.7806452975 0.4606233501 0.4030792359 0.7639935274 0.2286084868 0.7674915865 0.2764040827 0.1953503951 0.4877287289 0.1267442831 0.4835916906 0.8205785441 0.0000000000
