# Graph size: 13
# Optimal cost: 1.575354734372092

# Distance Matrix
0.0 0.5717927347017373 0.03238960381055689 0.5322784968571609 0.5107443103551991 0.676664886899141 0.34704602709154586 0.18227144019221408 0.3672593669843327 0.955957741553212 0.5495514515914809 0.9123758881127977 0.8230989059485029
0.5717927347017373 0.0 0.659630988607227 0.2030018096274826 0.2542457381999699 0.714119291053357 0.2756466373797123 0.43393360264471725 0.45525659877904057 0.6553601907474647 0.805793000445251 0.6904145177997401 0.9772572187104606
0.03238960381055689 0.659630988607227 0.0 0.9011100661050614 0.027715404471900573 0.741811165636518 0.06528335564491139 0.6550383106103974 0.18434690334575288 0.6985850391973364 0.6911964557124375 0.5545453994451236 0.9647824097056062
0.5322784968571609 0.2030018096274826 0.9011100661050614 0.0 0.7298814481672851 0.11568560020784713 0.09352204760271399 0.3447426875061472 0.5873403699523244 0.03179816872613739 0.8189968317371973 0.8401251960084418 0.005472421001063266
0.5107443103551991 0.2542457381999699 0.027715404471900573 0.7298814481672851 0.0 0.7541408448576634 0.23969123537162174 0.9937405848533601 0.5421066219319806 0.20011988712413975 0.5182900365204614 0.4631854440081131 0.44683172310901254
0.676664886899141 0.714119291053357 0.741811165636518 0.11568560020784713 0.7541408448576634 0.0 0.473064964486434 0.18427371364629697 0.9069033835628093 0.7010156095103235 0.701808529512121 0.30044911345353 0.9758377310986598
0.34704602709154586 0.2756466373797123 0.06528335564491139 0.09352204760271399 0.23969123537162174 0.473064964486434 0.0 0.45990260263855676 0.4172687392483492 0.7438532737859163 0.10968119133808896 0.7454515842566579 0.1538104946720953
0.18227144019221408 0.43393360264471725 0.6550383106103974 0.3447426875061472 0.9937405848533601 0.18427371364629697 0.45990260263855676 0.0 0.5204946808692311 0.5095791046941447 0.3879927158080404 0.1516359264598225 0.32343476790114634
0.3672593669843327 0.45525659877904057 0.18434690334575288 0.5873403699523244 0.5421066219319806 0.9069033835628093 0.4172687392483492 0.5204946808692311 0.0 0.6132444963423686 0.8954438849414289 0.006182026586597167 0.8650024263162431
0.955957741553212 0.6553601907474647 0.6985850391973364 0.03179816872613739 0.20011988712413975 0.7010156095103235 0.7438532737859163 0.5095791046941447 0.6132444963423686 0.0 0.633794910641511 0.14074248431239733 0.8614798122854623
0.5495514515914809 0.805793000445251 0.6911964557124375 0.8189968317371973 0.5182900365204614 0.701808529512121 0.10968119133808896 0.3879927158080404 0.8954438849414289 0.633794910641511 0.0 0.8664723938872155 0.2402221383570231
0.9123758881127977 0.6904145177997401 0.5545453994451236 0.8401251960084418 0.4631854440081131 0.30044911345353 0.7454515842566579 0.1516359264598225 0.006182026586597167 0.14074248431239733 0.8664723938872155 0.0 0.5013122872639215
0.8230989059485029 0.9772572187104606 0.9647824097056062 0.005472421001063266 0.44683172310901254 0.9758377310986598 0.1538104946720953 0.32343476790114634 0.8650024263162431 0.8614798122854623 0.2402221383570231 0.5013122872639215 0.0

# Optimal Walk
0 4 1 9 11 8 7 5 12 3 10 6 2 0
