# MCW Instance
# Type: UNIFORM
# N: 13
# Optimal cost: 1.620281301535401
# Optimal tour (permutation): [0, 11, 9, 6, 4, 1, 8, 10, 3, 2, 7, 12, 5, 0]
# Optimal walk (full path): [0, 11, 9, 6, 9, 11, 4, 1, 8, 10, 2, 3, 2, 7, 12, 0, 5, 0]
# Walk size: 18
# Is walk (has repeats): true

# Distance Matrix
0.0000000000 0.5210447463 0.2927399868 0.6093802847 0.3397613207 0.0690777828 0.4779358360 0.9990538939 0.7917649749 0.6830196442 0.1967202998 0.0350970563 0.0758519930
0.5210447463 0.0000000000 0.3394171188 0.9703883280 0.2187807370 0.8171102579 0.6037109438 0.8221837511 0.2040634754 0.7464680102 0.4086450406 0.4255102850 0.9674921834
0.2927399868 0.3394171188 0.0000000000 0.1735208408 0.3256882681 0.1302639302 0.1715698180 0.0492873103 0.9962470296 0.8321610630 0.1115135635 0.7639432361 0.2810492228
0.6093802847 0.9703883280 0.1735208408 0.0000000000 0.7681003890 0.5425527127 0.5833737654 0.8589307233 0.9700114308 0.3733928273 0.4184214426 0.4603581712 0.2903056724
0.3397613207 0.2187807370 0.3256882681 0.7681003890 0.0000000000 0.6811985552 0.4419973732 0.6563724321 0.6239611026 0.7544250118 0.9217620343 0.1402395334 0.1954347491
0.0690777828 0.8171102579 0.1302639302 0.5425527127 0.6811985552 0.0000000000 0.9020530330 0.5198708140 0.7369465205 0.5530116517 0.5812612136 0.2263189533 0.9547823002
0.4779358360 0.6037109438 0.1715698180 0.5833737654 0.4419973732 0.9020530330 0.0000000000 0.2188631822 0.9902935162 0.0387090401 0.7535939934 0.7800014094 0.6492581582
0.9990538939 0.8221837511 0.0492873103 0.8589307233 0.6563724321 0.5198708140 0.2188631822 0.0000000000 0.4788041299 0.3459117866 0.5734802366 0.6488199992 0.0450175376
0.7917649749 0.2040634754 0.9962470296 0.9700114308 0.6239611026 0.7369465205 0.9902935162 0.4788041299 0.0000000000 0.2699864561 0.0186084344 0.1852248837 0.7400303122
0.6830196442 0.7464680102 0.8321610630 0.3733928273 0.7544250118 0.5530116517 0.0387090401 0.3459117866 0.2699864561 0.0000000000 0.6778849341 0.0796031666 0.7198215049
0.1967202998 0.4086450406 0.1115135635 0.4184214426 0.9217620343 0.5812612136 0.7535939934 0.5734802366 0.0186084344 0.6778849341 0.0000000000 0.8840161297 0.7671417975
0.0350970563 0.4255102850 0.7639432361 0.4603581712 0.1402395334 0.2263189533 0.7800014094 0.6488199992 0.1852248837 0.0796031666 0.8840161297 0.0000000000 0.3040275839
0.0758519930 0.9674921834 0.2810492228 0.2903056724 0.1954347491 0.9547823002 0.6492581582 0.0450175376 0.7400303122 0.7198215049 0.7671417975 0.3040275839 0.0000000000
