# Graph size: 13
# Optimal cost: 1.3883148459243464

# Distance Matrix
0.0 0.621774101034831 0.9066477031488276 0.16255506174778434 0.3519273191723573 0.9108389580156551 0.723815297025199 0.12385027868501075 0.03632192479667773 0.0026398400254071808 0.6086491828838398 0.880323991758239 0.7600139177487657
0.621774101034831 0.0 0.8223942702140278 0.7655418521353045 0.8246252226613927 0.00545906415785713 0.4919885175994275 0.08945061382516539 0.3824609425115716 0.5169608324218611 0.9786704659783039 0.6199124486247333 0.14955947609047537
0.9066477031488276 0.8223942702140278 0.0 0.9949885495923527 0.6408839577304025 0.8770406525497346 0.5102628096089707 0.3327712999814565 0.9381208147625174 0.30463150511892445 0.7043318702253359 0.3395333986892405 0.041393252167603145
0.16255506174778434 0.7655418521353045 0.9949885495923527 0.0 0.866798259470195 0.04389904687611368 0.6066526033186899 0.3319062585584651 0.6970885674911935 0.999104698062298 0.4161850231193849 0.8077354389747335 0.5828309451667569
0.3519273191723573 0.8246252226613927 0.6408839577304025 0.866798259470195 0.0 0.16880520916619823 0.36561580395922944 0.2317933498547925 0.9824945470793374 0.7318424339984754 0.6883580418489523 0.44909282022418795 0.22013571032670054
0.9108389580156551 0.00545906415785713 0.8770406525497346 0.04389904687611368 0.16880520916619823 0.0 0.834715504689623 0.08643698746887729 0.6772930977865197 0.4785439851075235 0.5130974065535798 0.2599598862718978 0.7317411560994145
0.723815297025199 0.4919885175994275 0.5102628096089707 0.6066526033186899 0.36561580395922944 0.834715504689623 0.0 0.22148906602133855 0.16749091170383434 0.21738686760339554 0.08469647730243768 0.7155093966297761 0.3174191969189958
0.12385027868501075 0.08945061382516539 0.3327712999814565 0.3319062585584651 0.2317933498547925 0.08643698746887729 0.22148906602133855 0.0 0.8812815756093156 0.3781549465808741 0.39297225655461965 0.3438988220757032 0.4661344663114182
0.03632192479667773 0.3824609425115716 0.9381208147625174 0.6970885674911935 0.9824945470793374 0.6772930977865197 0.16749091170383434 0.8812815756093156 0.0 0.5106634625890197 0.9006739447517587 0.19654372025854905 0.598016148956966
0.0026398400254071808 0.5169608324218611 0.30463150511892445 0.999104698062298 0.7318424339984754 0.4785439851075235 0.21738686760339554 0.3781549465808741 0.5106634625890197 0.0 0.7007439411105705 0.8120380492614264 0.5895006696924043
0.6086491828838398 0.9786704659783039 0.7043318702253359 0.4161850231193849 0.6883580418489523 0.5130974065535798 0.08469647730243768 0.39297225655461965 0.9006739447517587 0.7007439411105705 0.0 0.17023155900008358 0.9930213172265374
0.880323991758239 0.6199124486247333 0.3395333986892405 0.8077354389747335 0.44909282022418795 0.2599598862718978 0.7155093966297761 0.3438988220757032 0.19654372025854905 0.8120380492614264 0.17023155900008358 0.0 0.146008818822133
0.7600139177487657 0.14955947609047537 0.041393252167603145 0.5828309451667569 0.22013571032670054 0.7317411560994145 0.3174191969189958 0.4661344663114182 0.598016148956966 0.5895006696924043 0.9930213172265374 0.146008818822133 0.0

# Optimal Walk
0 9 8 6 10 11 12 2 4 5 3 1 7 0
