# MCW Instance
# Type: UNIFORM
# N: 13
# Optimal cost: 2.0641090669306226
# Optimal tour (permutation): [0, 9, 12, 10, 2, 11, 1, 4, 7, 3, 5, 6, 8, 0]
# Optimal walk (full path): [0, 9, 12, 10, 2, 11, 1, 4, 7, 3, 5, 6, 9, 8, 0]
# Walk size: 15
# Is walk (has repeats): true

# Distance Matrix
0.0000000000 0.8473718377 0.8499419400 0.4297146396 0.3129794517 0.3882468770 0.7740617485 0.8603806616 0.1459283257 0.1025782021 0.8934382098 0.4819019590 0.4580748006
0.8473718377 0.0000000000 0.8346634281 0.5939294864 0.2587981032 0.6780928462 0.5467962425 0.6955633838 0.5515936359 0.6564351326 0.4191269256 0.2681620012 0.9442601753
0.8499419400 0.8346634281 0.0000000000 0.4856579187 0.2030941971 0.2150415754 0.9915047816 0.7117609976 0.6299730010 0.7400520139 0.0668437724 0.1382334276 0.3801835854
0.4297146396 0.5939294864 0.4856579187 0.0000000000 0.2438853983 0.2121269907 0.4957847644 0.1043593927 0.1574962974 0.3901544997 0.3532804100 0.2537725624 0.7136409477
0.3129794517 0.2587981032 0.2030941971 0.2438853983 0.0000000000 0.8242540318 0.7791891681 0.0255675779 0.6819566299 0.1721641802 0.4278898887 0.5573549731 0.6486662335
0.3882468770 0.6780928462 0.2150415754 0.2121269907 0.8242540318 0.0000000000 0.1262950116 0.9214731414 0.6160686395 0.5089074498 0.6584139179 0.6252127758 0.4175919808
0.7740617485 0.5467962425 0.9915047816 0.4957847644 0.7791891681 0.1262950116 0.0000000000 0.4578497363 0.5340316234 0.1736720324 0.8865094911 0.9161766736 0.9102393818
0.8603806616 0.6955633838 0.7117609976 0.1043593927 0.0255675779 0.9214731414 0.4578497363 0.0000000000 0.3944466475 0.6194420581 0.5061750045 0.8004752861 0.5978378681
0.1459283257 0.5515936359 0.6299730010 0.1574962974 0.6819566299 0.6160686395 0.5340316234 0.3944466475 0.0000000000 0.0507757794 0.4065858529 0.9406740086 0.5532861625
0.1025782021 0.6564351326 0.7400520139 0.3901544997 0.1721641802 0.5089074498 0.1736720324 0.6194420581 0.0507757794 0.0000000000 0.8361957592 0.1575378661 0.1234807498
0.8934382098 0.4191269256 0.0668437724 0.3532804100 0.4278898887 0.6584139179 0.8865094911 0.5061750045 0.4065858529 0.8361957592 0.0000000000 0.8571862376 0.2672877001
0.4819019590 0.2681620012 0.1382334276 0.2537725624 0.5573549731 0.6252127758 0.9161766736 0.8004752861 0.9406740086 0.1575378661 0.8571862376 0.0000000000 0.2612957817
0.4580748006 0.9442601753 0.3801835854 0.7136409477 0.6486662335 0.4175919808 0.9102393818 0.5978378681 0.5532861625 0.1234807498 0.2672877001 0.2612957817 0.0000000000
