# MCW Instance
# Type: UNIFORM
# N: 13
# Optimal cost: 1.311841101247001
# Optimal tour (permutation): [0, 10, 8, 3, 5, 6, 4, 12, 1, 11, 7, 9, 2, 0]
# Optimal walk (full path): [0, 8, 10, 8, 3, 5, 6, 4, 6, 12, 1, 11, 7, 11, 2, 9, 2, 0]
# Walk size: 18
# Is walk (has repeats): true

# Distance Matrix
0.0000000000 0.9559868158 0.1450102346 0.6134470361 0.1601889849 0.7589029930 0.6895004730 0.5892461647 0.1761243839 0.8055674293 0.7316064457 0.8195326275 0.6638222603
0.9559868158 0.0000000000 0.1734221620 0.5134370560 0.9456055240 0.8678187630 0.4128586602 0.7555758001 0.9212956444 0.5914902128 0.9047499714 0.1681405593 0.1748079662
0.1450102346 0.1734221620 0.0000000000 0.1951204896 0.8975953626 0.1282490687 0.2416955991 0.1589489329 0.2177155486 0.0380807437 0.1871108580 0.0696277376 0.3656641915
0.6134470361 0.5134370560 0.1951204896 0.0000000000 0.9490145836 0.1208306287 0.8504318067 0.2129973996 0.1398619465 0.3751550911 0.5487281922 0.7957696963 0.4710021519
0.1601889849 0.9456055240 0.8975953626 0.9490145836 0.0000000000 0.4636299969 0.0186261422 0.7646013055 0.5012676171 0.7676448875 0.3923932088 0.8958884123 0.5507147929
0.7589029930 0.8678187630 0.1282490687 0.1208306287 0.4636299969 0.0000000000 0.0083103847 0.3211364249 0.6947042980 0.1199557174 0.9526199870 0.5834119635 0.5271664703
0.6895004730 0.4128586602 0.2416955991 0.8504318067 0.0186261422 0.0083103847 0.0000000000 0.3355143710 0.4757528986 0.8098408266 0.9085202618 0.3807112186 0.0554762584
0.5892461647 0.7555758001 0.1589489329 0.2129973996 0.7646013055 0.3211364249 0.3355143710 0.0000000000 0.7524717045 0.5429175027 0.1928676192 0.0099564763 0.7395469075
0.1761243839 0.9212956444 0.2177155486 0.1398619465 0.5012676171 0.6947042980 0.4757528986 0.7524717045 0.0000000000 0.4618439642 0.0601621386 0.3068911695 0.6994905325
0.8055674293 0.5914902128 0.0380807437 0.3751550911 0.7676448875 0.1199557174 0.8098408266 0.5429175027 0.4618439642 0.0000000000 0.1403768234 0.1352585016 0.5697244292
0.7316064457 0.9047499714 0.1871108580 0.5487281922 0.3923932088 0.9526199870 0.9085202618 0.1928676192 0.0601621386 0.1403768234 0.0000000000 0.4123529336 0.7839295727
0.8195326275 0.1681405593 0.0696277376 0.7957696963 0.8958884123 0.5834119635 0.3807112186 0.0099564763 0.3068911695 0.1352585016 0.4123529336 0.0000000000 0.2978650032
0.6638222603 0.1748079662 0.3656641915 0.4710021519 0.5507147929 0.5271664703 0.0554762584 0.7395469075 0.6994905325 0.5697244292 0.7839295727 0.2978650032 0.0000000000
