# MCW Instance
# Type: UNIFORM
# N: 13
# Optimal cost: 1.8339864540080535
# Optimal tour (permutation): [0, 8, 4, 9, 11, 6, 10, 12, 7, 1, 5, 3, 2, 0]
# Optimal walk (full path): [0, 4, 8, 4, 9, 11, 6, 10, 12, 7, 1, 7, 5, 3, 2, 4, 0]
# Walk size: 17
# Is walk (has repeats): true

# Distance Matrix
0.0000000000 0.8197590159 0.2761139399 0.5586894090 0.0242499699 0.7987540328 0.2586841094 0.9198826134 0.8970801184 0.6347314959 0.9527376231 0.2866318060 0.5412271244
0.8197590159 0.0000000000 0.8659382043 0.5180895796 0.6571509788 0.7211859709 0.6218149043 0.1522782624 0.6771952667 0.9980706903 0.4803196851 0.5450272241 0.9690072562
0.2761139399 0.8659382043 0.0000000000 0.0592217407 0.0594596300 0.9973124841 0.6329633590 0.2931224697 0.3569768790 0.3725459791 0.3386984923 0.3244985891 0.9781126144
0.5586894090 0.5180895796 0.0592217407 0.0000000000 0.7749249441 0.3140896544 0.3426393171 0.2985984090 0.6087868326 0.7133295551 0.7053920813 0.2985010658 0.4628475303
0.0242499699 0.6571509788 0.0594596300 0.7749249441 0.0000000000 0.2994239455 0.4819478278 0.2722740392 0.0844903519 0.1117972533 0.3094470595 0.8713444161 0.5618120217
0.7987540328 0.7211859709 0.9973124841 0.3140896544 0.2994239455 0.0000000000 0.8062930847 0.1816012257 0.9677917004 0.7149209560 0.6527072233 0.5619382480 0.6411506557
0.2586841094 0.6218149043 0.6329633590 0.3426393171 0.4819478278 0.8062930847 0.0000000000 0.6130224141 0.7540930153 0.5199449227 0.1850973287 0.0801137952 0.9124299393
0.9198826134 0.1522782624 0.2931224697 0.2985984090 0.2722740392 0.1816012257 0.6130224141 0.0000000000 0.4252925529 0.4067536755 0.0296529466 0.7068479898 0.1034972920
0.8970801184 0.6771952667 0.3569768790 0.6087868326 0.0844903519 0.9677917004 0.7540930153 0.4252925529 0.0000000000 0.6485734416 0.4773506697 0.7734522542 0.2557794549
0.6347314959 0.9980706903 0.3725459791 0.7133295551 0.1117972533 0.7149209560 0.5199449227 0.4067536755 0.6485734416 0.0000000000 0.9012472233 0.1212785090 0.9798932852
0.9527376231 0.4803196851 0.3386984923 0.7053920813 0.3094470595 0.6527072233 0.1850973287 0.0296529466 0.4773506697 0.9012472233 0.0000000000 0.3765513000 0.0957928566
0.2866318060 0.5450272241 0.3244985891 0.2985010658 0.8713444161 0.5619382480 0.0801137952 0.7068479898 0.7734522542 0.1212785090 0.3765513000 0.0000000000 0.4497712419
0.5412271244 0.9690072562 0.9781126144 0.4628475303 0.5618120217 0.6411506557 0.9124299393 0.1034972920 0.2557794549 0.9798932852 0.0957928566 0.4497712419 0.0000000000
