# Graph size: 13
# Optimal cost: 1.8519199974960152

# Distance Matrix
0.0 0.40794351299383835 0.46381650547834996 0.8741610433374173 0.570678422943287 0.12647690891983254 0.1390004453399286 0.8249166996216073 0.9693392973611042 0.5280303108133381 0.24036043555001052 0.5375074701158068 0.7901375351320769
0.40794351299383835 0.0 0.5516857515646002 0.6897236570947379 0.5663822253388461 0.0276741260302098 0.806392987960914 0.018633278345102422 0.6304330936561305 0.42376456900417736 0.3428318962942891 0.06887318522573771 0.6991855625788799
0.46381650547834996 0.5516857515646002 0.0 0.8513288939018826 0.9082468460652745 0.8137595396421946 0.9220832131460543 0.5459926256889929 0.35005530697077025 0.6625340552122404 0.024188979917530773 0.33728404571681114 0.9443841273060489
0.8741610433374173 0.6897236570947379 0.8513288939018826 0.0 0.69710843319214 0.417600791558872 0.2588533487831215 0.8172887404812622 0.9085733131873841 0.6851063505512652 0.17592727999501723 0.29926175885287576 0.6502988098237459
0.570678422943287 0.5663822253388461 0.9082468460652745 0.69710843319214 0.0 0.2810781949011131 0.3582529129242552 0.007739505518044143 0.20511874794733964 0.2643369886254753 0.24807261534843617 0.687665943853494 0.5760032753253935
0.12647690891983254 0.0276741260302098 0.8137595396421946 0.417600791558872 0.2810781949011131 0.0 0.62868712346734 0.02521129537875677 0.3567757991032432 0.352790136662395 0.32905579107393634 0.9551465948767607 0.10010938639455835
0.1390004453399286 0.806392987960914 0.9220832131460543 0.2588533487831215 0.3582529129242552 0.62868712346734 0.0 0.7819579629948209 0.41464294441497695 0.920971308642321 0.9373740732467326 0.9720890573616842 0.775215933397832
0.8249166996216073 0.018633278345102422 0.5459926256889929 0.8172887404812622 0.007739505518044143 0.02521129537875677 0.7819579629948209 0.0 0.9864466407442228 0.5471179548631452 0.5045840877478656 0.8826598622147257 0.31488350324938674
0.9693392973611042 0.6304330936561305 0.35005530697077025 0.9085733131873841 0.20511874794733964 0.3567757991032432 0.41464294441497695 0.9864466407442228 0.0 0.27328385804814537 0.5873536875176443 0.5671204013403535 0.27737897384723265
0.5280303108133381 0.42376456900417736 0.6625340552122404 0.6851063505512652 0.2643369886254753 0.352790136662395 0.920971308642321 0.5471179548631452 0.27328385804814537 0.0 0.7625625189786068 0.2886276061173517 0.3055529947283814
0.24036043555001052 0.3428318962942891 0.024188979917530773 0.17592727999501723 0.24807261534843617 0.32905579107393634 0.9373740732467326 0.5045840877478656 0.5873536875176443 0.7625625189786068 0.0 0.12397309841574478 0.7850658752328505
0.5375074701158068 0.06887318522573771 0.33728404571681114 0.29926175885287576 0.687665943853494 0.9551465948767607 0.9720890573616842 0.8826598622147257 0.5671204013403535 0.2886276061173517 0.12397309841574478 0.0 0.3186848329676438
0.7901375351320769 0.6991855625788799 0.9443841273060489 0.6502988098237459 0.5760032753253935 0.10010938639455835 0.775215933397832 0.31488350324938674 0.27737897384723265 0.3055529947283814 0.7850658752328505 0.3186848329676438 0.0

# Optimal Walk
0 6 3 10 2 11 1 7 4 8 9 12 5 0
