# Graph size: 13
# Optimal cost: 1.9071016567495256

# Distance Matrix
0.0 0.6236035703723336 0.5482402982233605 0.9135828307037105 0.323983161603157 0.33823178314026414 0.41890451723159106 0.3229474463431272 0.13949589168775411 0.44976828473277597 0.15044322834151402 0.2263053827665642 0.6193459619665316
0.6236035703723336 0.0 0.8144082242124628 0.6481430675386771 0.17752686693165665 0.6242444467720561 0.0857776206961931 0.9451390757020373 0.7806381032028782 0.7489970535052188 0.4573414051288619 0.40741339287198697 0.1983850964949898
0.5482402982233605 0.8144082242124628 0.0 0.33249574773397594 0.4777189767401392 0.23714200718593748 0.7593548963367617 0.1233738936755272 0.20920129054457992 0.6084051544614213 0.8133430568842741 0.521765671433015 0.703865430956129
0.9135828307037105 0.6481430675386771 0.33249574773397594 0.0 0.19993985630696087 0.7043825504616633 0.38889925616200005 0.7570339194265105 0.8515276738766251 0.2318259958979877 0.5187927490601204 0.16442742584362768 0.5637749845950186
0.323983161603157 0.17752686693165665 0.4777189767401392 0.19993985630696087 0.0 0.2520997038491555 1.1066049051577931E-4 0.2572117002873584 0.08545670704567998 0.13722431201340524 0.8612779345493947 0.31824040197925674 0.8882587011385228
0.33823178314026414 0.6242444467720561 0.23714200718593748 0.7043825504616633 0.2520997038491555 0.0 0.6509236820454548 0.5882372822090078 0.5931475494724112 0.41566823708718514 0.42912019906569054 0.33177526811143787 0.0015447174652537532
0.41890451723159106 0.0857776206961931 0.7593548963367617 0.38889925616200005 1.1066049051577931E-4 0.6509236820454548 0.0 0.11092570431520099 0.6588409668710404 0.8801308942783769 0.3264295912453419 0.8783651185485857 0.738036238231075
0.3229474463431272 0.9451390757020373 0.1233738936755272 0.7570339194265105 0.2572117002873584 0.5882372822090078 0.11092570431520099 0.0 0.7626399054371467 0.6140141937865138 0.3131346707395426 0.6685378659267325 0.17145730463448405
0.13949589168775411 0.7806381032028782 0.20920129054457992 0.8515276738766251 0.08545670704567998 0.5931475494724112 0.6588409668710404 0.7626399054371467 0.0 0.7515325609993383 0.24620313952580586 0.6853621130993527 0.7409391374799027
0.44976828473277597 0.7489970535052188 0.6084051544614213 0.2318259958979877 0.13722431201340524 0.41566823708718514 0.8801308942783769 0.6140141937865138 0.7515325609993383 0.0 0.7071893195064465 0.8947213735000571 0.15778755280352452
0.15044322834151402 0.4573414051288619 0.8133430568842741 0.5187927490601204 0.8612779345493947 0.42912019906569054 0.3264295912453419 0.3131346707395426 0.24620313952580586 0.7071893195064465 0.0 0.6080539390435435 0.71426196723818
0.2263053827665642 0.40741339287198697 0.521765671433015 0.16442742584362768 0.31824040197925674 0.33177526811143787 0.8783651185485857 0.6685378659267325 0.6853621130993527 0.8947213735000571 0.6080539390435435 0.0 0.182222729137818
0.6193459619665316 0.1983850964949898 0.703865430956129 0.5637749845950186 0.8882587011385228 0.0015447174652537532 0.738036238231075 0.17145730463448405 0.7409391374799027 0.15778755280352452 0.71426196723818 0.182222729137818 0.0

# Optimal Walk
0 11 3 9 12 5 2 7 6 1 4 8 10 0
