# Graph size: 13
# Optimal cost: 1.6605900304777155

# Distance Matrix
0.0 0.8732136383014016 0.897295798452312 0.6480165441283227 0.7746551345408041 0.031080616258917337 0.1735813744458543 0.6956977707725117 0.7438968243708285 0.35393281162639967 0.594245641438398 0.9892199946968295 0.13701813724355738
0.8732136383014016 0.0 0.9135921483075359 0.671792040955991 0.8163089956658192 0.6423017595619339 0.10859583126281613 0.12075579034864425 0.9945119614114374 0.021781390730139072 0.34286977475633196 0.21017615756334362 0.3974705924632893
0.897295798452312 0.9135921483075359 0.0 0.3163985363360149 0.9561885512034765 0.12637710329286156 0.9527221368561294 0.6734213524863624 0.4828677754922397 0.07606709232339615 0.5903072196234254 0.07349977952793452 0.4411125678901682
0.6480165441283227 0.671792040955991 0.3163985363360149 0.0 0.5873083079790552 0.5130641000239627 0.3528952417453237 0.7626714426588207 0.22469415192824893 0.3323417342188242 0.5658372861929718 0.660922031841286 0.7251134303050456
0.7746551345408041 0.8163089956658192 0.9561885512034765 0.5873083079790552 0.0 0.06696433187488149 0.9126237630980333 0.20524107527908997 0.3817683322762637 0.7386323379584214 0.17099497582198753 0.12048872625813123 0.35665252505587686
0.031080616258917337 0.6423017595619339 0.12637710329286156 0.5130641000239627 0.06696433187488149 0.0 0.31354648710709787 0.8114762015346842 0.36266213084356613 0.485484659972959 0.03789252901147466 0.7517976558778979 0.8352516815273578
0.1735813744458543 0.10859583126281613 0.9527221368561294 0.3528952417453237 0.9126237630980333 0.31354648710709787 0.0 0.054132037694810564 0.7939263314487978 0.011164110802257321 0.2055582144256144 0.9718472395467602 0.9637503660380301
0.6956977707725117 0.12075579034864425 0.6734213524863624 0.7626714426588207 0.20524107527908997 0.8114762015346842 0.054132037694810564 0.0 0.3620613719163841 0.15620737474492496 0.7441811746644739 0.4294741582113636 0.4454500889103552
0.7438968243708285 0.9945119614114374 0.4828677754922397 0.22469415192824893 0.3817683322762637 0.36266213084356613 0.7939263314487978 0.3620613719163841 0.0 0.5643227551464125 0.6572232888012707 0.7613030330152677 0.7146120391510499
0.35393281162639967 0.021781390730139072 0.07606709232339615 0.3323417342188242 0.7386323379584214 0.485484659972959 0.011164110802257321 0.15620737474492496 0.5643227551464125 0.0 0.03929702904820587 0.6248602312063473 0.3492006671055764
0.594245641438398 0.34286977475633196 0.5903072196234254 0.5658372861929718 0.17099497582198753 0.03789252901147466 0.2055582144256144 0.7441811746644739 0.6572232888012707 0.03929702904820587 0.0 0.003577721109933263 0.9698258493859315
0.9892199946968295 0.21017615756334362 0.07349977952793452 0.660922031841286 0.12048872625813123 0.7517976558778979 0.9718472395467602 0.4294741582113636 0.7613030330152677 0.6248602312063473 0.003577721109933263 0.0 0.22203243354986013
0.13701813724355738 0.3974705924632893 0.4411125678901682 0.7251134303050456 0.35665252505587686 0.8352516815273578 0.9637503660380301 0.4454500889103552 0.7146120391510499 0.3492006671055764 0.9698258493859315 0.22203243354986013 0.0

# Optimal Walk
0 12 4 8 3 2 9 7 6 1 11 10 5 0
