# Graph size: 13
# Optimal cost: 1.8118058413223872

# Distance Matrix
0.0 0.14110945367908756 0.741149343914003 0.6090338169042953 0.36014463368778815 0.4142196922608694 0.18427479395203883 0.32928495910135447 0.704047595257014 0.8244843635936069 0.8411404144425808 0.4072060597158085 0.7749168688725893
0.14110945367908756 0.0 0.4664631342263703 0.17469502013258775 0.7891516221604092 0.7829444825162534 0.14562354981485393 0.31726815841363987 0.7799942907479673 0.5826426292450739 0.083416710355669 0.7843633615718377 0.48978953527935476
0.741149343914003 0.4664631342263703 0.0 0.7215067961429694 0.7921229973579422 0.6261431284792107 0.7287901611532109 0.3413030143357032 0.19249668386773855 0.6377299554501874 0.6469839188400202 0.23327874824596895 0.9388393690257224
0.6090338169042953 0.17469502013258775 0.7215067961429694 0.0 0.36761146142066037 0.3215537717182777 0.1073872893646064 0.08898420835308662 0.31285241972547206 0.1841372498991024 0.9256530566475423 0.7107738326671914 0.8704796949483616
0.36014463368778815 0.7891516221604092 0.7921229973579422 0.36761146142066037 0.0 0.6494872349482823 0.9710957436685947 0.7519670913158412 0.32632105625898855 0.5581140940545722 0.1761689804129638 0.5171108307937635 0.4057420220559016
0.4142196922608694 0.7829444825162534 0.6261431284792107 0.3215537717182777 0.6494872349482823 0.0 0.07771458689979083 0.11845934029377769 0.39276455630134566 0.6851397565727962 0.521670308364128 0.006429873783547313 0.04156785751124836
0.18427479395203883 0.14562354981485393 0.7287901611532109 0.1073872893646064 0.9710957436685947 0.07771458689979083 0.0 0.46871633892498077 0.13762447600522 0.9242817499967468 0.1459910927814979 0.571968617919801 0.2951229922666081
0.32928495910135447 0.31726815841363987 0.3413030143357032 0.08898420835308662 0.7519670913158412 0.11845934029377769 0.46871633892498077 0.0 0.582546561424017 0.9242125200669302 0.8214950437710908 0.6585314936120535 0.8298107524305677
0.704047595257014 0.7799942907479673 0.19249668386773855 0.31285241972547206 0.32632105625898855 0.39276455630134566 0.13762447600522 0.582546561424017 0.0 0.06341572511393423 0.9801346983059352 0.8699174926767542 0.22101308003882925
0.8244843635936069 0.5826426292450739 0.6377299554501874 0.1841372498991024 0.5581140940545722 0.6851397565727962 0.9242817499967468 0.9242125200669302 0.06341572511393423 0.0 0.4199031362341089 0.23711721829760524 0.9863126852379134
0.8411404144425808 0.083416710355669 0.6469839188400202 0.9256530566475423 0.1761689804129638 0.521670308364128 0.1459910927814979 0.8214950437710908 0.9801346983059352 0.4199031362341089 0.0 0.00904466481376831 0.8207730356164521
0.4072060597158085 0.7843633615718377 0.23327874824596895 0.7107738326671914 0.5171108307937635 0.006429873783547313 0.571968617919801 0.6585314936120535 0.8699174926767542 0.23711721829760524 0.00904466481376831 0.0 0.36481697030000326
0.7749168688725893 0.48978953527935476 0.9388393690257224 0.8704796949483616 0.4057420220559016 0.04156785751124836 0.2951229922666081 0.8298107524305677 0.22101308003882925 0.9863126852379134 0.8207730356164521 0.36481697030000326 0.0

# Optimal Walk
0 6 12 5 7 3 9 8 2 11 10 4 1 0
