# Graph size: 13
# Optimal cost: 2.056492565932629

# Distance Matrix
0.0 0.38302128943045144 0.5507117958459352 0.7530877991138718 0.8246829903103964 0.9846282801738206 0.9091083570821415 0.8483144802817834 0.49497381125264484 0.3448238534814201 0.5963511749022796 0.0038524641312758234 0.5505573500983191
0.38302128943045144 0.0 0.0489680683269591 0.0762275016807733 0.24615950875842973 0.47573717942356675 0.28684011190567227 0.7516102232026579 0.28629174361377774 0.46529880087021036 0.5476917228543877 0.9691856615105223 0.3071778519171978
0.5507117958459352 0.0489680683269591 0.0 0.19762476228966985 0.15972278170478715 0.40971864747479503 0.20739126679477482 0.1753691587283548 0.37493770536520477 0.9175960671508717 0.5223985109187188 0.539483482057101 0.9356921170540667
0.7530877991138718 0.0762275016807733 0.19762476228966985 0.0 0.03530470874987368 0.9952376023824961 0.61492532229299 0.5758413741134132 0.2516626216197475 0.3008077796423021 0.8301702080020331 0.7072537181420168 0.24703792291086868
0.8246829903103964 0.24615950875842973 0.15972278170478715 0.03530470874987368 0.0 0.7414279088880733 0.06768596158815698 0.6215527785379539 0.22445265249833024 0.8260473331896692 0.9488181887561038 0.8973052727023633 0.7523833574666482
0.9846282801738206 0.47573717942356675 0.40971864747479503 0.9952376023824961 0.7414279088880733 0.0 0.521470408859359 0.03407426433214111 0.34447167275959933 0.41323444992124236 0.621181048907456 0.4285825961286137 0.7407889191825735
0.9091083570821415 0.28684011190567227 0.20739126679477482 0.61492532229299 0.06768596158815698 0.521470408859359 0.0 0.9508740276969619 0.11583178457462917 0.8225427482453324 0.8188560737628721 0.5412861475939377 0.6691870393248746
0.8483144802817834 0.7516102232026579 0.1753691587283548 0.5758413741134132 0.6215527785379539 0.03407426433214111 0.9508740276969619 0.0 0.5677711834903845 0.4480450748519563 0.2723077351259485 0.3042878348941743 0.9939864199345267
0.49497381125264484 0.28629174361377774 0.37493770536520477 0.2516626216197475 0.22445265249833024 0.34447167275959933 0.11583178457462917 0.5677711834903845 0.0 0.7219605745071573 0.9115819414802852 0.18683100759918736 0.8022664678008095
0.3448238534814201 0.46529880087021036 0.9175960671508717 0.3008077796423021 0.8260473331896692 0.41323444992124236 0.8225427482453324 0.4480450748519563 0.7219605745071573 0.0 0.7100243060346033 0.5662743522803799 0.9562334386698523
0.5963511749022796 0.5476917228543877 0.5223985109187188 0.8301702080020331 0.9488181887561038 0.621181048907456 0.8188560737628721 0.2723077351259485 0.9115819414802852 0.7100243060346033 0.0 0.03815053483566122 0.9608607898492406
0.0038524641312758234 0.9691856615105223 0.539483482057101 0.7072537181420168 0.8973052727023633 0.4285825961286137 0.5412861475939377 0.3042878348941743 0.18683100759918736 0.5662743522803799 0.03815053483566122 0.0 0.8937620617611407
0.5505573500983191 0.3071778519171978 0.9356921170540667 0.24703792291086868 0.7523833574666482 0.7407889191825735 0.6691870393248746 0.9939864199345267 0.8022664678008095 0.9562334386698523 0.9608607898492406 0.8937620617611407 0.0

# Optimal Walk
0 11 10 8 6 4 3 12 1 2 7 5 9 0
