# MCW Instance
# Type: UNIFORM
# N: 13
# Optimal cost: 1.4151574478593076
# Optimal tour (permutation): [0, 6, 5, 1, 10, 8, 12, 2, 3, 11, 9, 7, 4, 0]
# Optimal walk (full path): [0, 6, 1, 5, 1, 4, 10, 4, 8, 2, 12, 2, 3, 9, 11, 9, 7, 9, 4, 0]
# Walk size: 20
# Is walk (has repeats): true

# Distance Matrix
0.0000000000 0.3359260359 0.1823453791 0.6487405871 0.0439590420 0.3112293187 0.1478579186 0.5128712146 0.7725528895 0.7206900974 0.2975676872 0.1297403238 0.2531522650
0.3359260359 0.0000000000 0.2641851921 0.2942435406 0.0420792727 0.0383963706 0.1637825089 0.9767890142 0.5882355935 0.6287462975 0.8272105038 0.1941805983 0.5348468794
0.1823453791 0.2641851921 0.0000000000 0.2362180008 0.3836432153 0.3599649653 0.9995701970 0.5454230353 0.0447120349 0.2361348930 0.6680474502 0.6140373922 0.0415071696
0.6487405871 0.2942435406 0.2362180008 0.0000000000 0.7296177034 0.6227645431 0.4698578804 0.9674334583 0.2902734860 0.1961882433 0.4078946928 0.7171362744 0.8362153738
0.0439590420 0.0420792727 0.3836432153 0.7296177034 0.0000000000 0.1365411629 0.4684873649 0.8533155003 0.0004273269 0.0318023483 0.0862211060 0.1560965580 0.8920694945
0.3112293187 0.0383963706 0.3599649653 0.6227645431 0.1365411629 0.0000000000 0.3759969675 0.4394589613 0.3137293196 0.4965251062 0.8815654985 0.6015945385 0.1987371590
0.1478579186 0.1637825089 0.9995701970 0.4698578804 0.4684873649 0.3759969675 0.0000000000 0.3001567281 0.6425790489 0.1976692832 0.9402400128 0.7189044303 0.5357945781
0.5128712146 0.9767890142 0.5454230353 0.9674334583 0.8533155003 0.4394589613 0.3001567281 0.0000000000 0.9037868619 0.0510270982 0.4342712057 0.8100196392 0.7917969025
0.7725528895 0.5882355935 0.0447120349 0.2902734860 0.0004273269 0.3137293196 0.6425790489 0.9037868619 0.0000000000 0.1970558817 0.7959068543 0.1589834028 0.2180088426
0.7206900974 0.6287462975 0.2361348930 0.1961882433 0.0318023483 0.4965251062 0.1976692832 0.0510270982 0.1970558817 0.0000000000 0.8074063170 0.0369136313 0.6988869768
0.2975676872 0.8272105038 0.6680474502 0.4078946928 0.0862211060 0.8815654985 0.9402400128 0.4342712057 0.7959068543 0.8074063170 0.0000000000 0.6822360104 0.6143201537
0.1297403238 0.1941805983 0.6140373922 0.7171362744 0.1560965580 0.6015945385 0.7189044303 0.8100196392 0.1589834028 0.0369136313 0.6822360104 0.0000000000 0.1661626999
0.2531522650 0.5348468794 0.0415071696 0.8362153738 0.8920694945 0.1987371590 0.5357945781 0.7917969025 0.2180088426 0.6988869768 0.6143201537 0.1661626999 0.0000000000
