# MCW Instance
# Type: UNIFORM
# N: 13
# Optimal cost: 1.2154347904484843
# Optimal tour (permutation): [0, 7, 9, 12, 5, 10, 3, 4, 8, 1, 11, 6, 2, 0]
# Optimal walk (full path): [0, 7, 9, 12, 5, 10, 3, 10, 4, 1, 8, 1, 11, 2, 6, 2, 7, 0]
# Walk size: 18
# Is walk (has repeats): true

# Distance Matrix
0.0000000000 0.6778373173 0.9833408714 0.7172738027 0.8172979568 0.4355576553 0.4618849530 0.1528606261 0.8648023368 0.2458146968 0.4114091380 0.3508128657 0.6643300148
0.6778373173 0.0000000000 0.4697551540 0.7142555169 0.2490919382 0.4608461991 0.8295451338 0.3442849146 0.0170415429 0.2013763259 0.2155214024 0.1120823037 0.2153642881
0.9833408714 0.4697551540 0.0000000000 0.5605464232 0.9388084279 0.5771630181 0.0131521702 0.0138767737 0.2465708239 0.8830696319 0.9085340960 0.0511447397 0.1211716421
0.7172738027 0.7142555169 0.5605464232 0.0000000000 0.2019133711 0.6192310556 0.1934211179 0.8698591299 0.9368283584 0.8102857232 0.0799242489 0.7782055053 0.8239703214
0.8172979568 0.2490919382 0.9388084279 0.2019133711 0.0000000000 0.1084598967 0.5246243881 0.1483733948 0.6001064321 0.4162696437 0.1075703813 0.3723869418 0.9575058583
0.4355576553 0.4608461991 0.5771630181 0.6192310556 0.1084598967 0.0000000000 0.8833548677 0.5621999092 0.3009360198 0.0947560751 0.0188562934 0.9474326972 0.0598438268
0.4618849530 0.8295451338 0.0131521702 0.1934211179 0.5246243881 0.8833548677 0.0000000000 0.2902924737 0.3356994788 0.3521365261 0.6391793914 0.5748441989 0.6061621570
0.1528606261 0.3442849146 0.0138767737 0.8698591299 0.1483733948 0.5621999092 0.2902924737 0.0000000000 0.6695937871 0.0340983823 0.7596624801 0.2778276586 0.8008858503
0.8648023368 0.0170415429 0.2465708239 0.9368283584 0.6001064321 0.3009360198 0.3356994788 0.6695937871 0.0000000000 0.4518469896 0.7893119355 0.8500037761 0.4986516873
0.2458146968 0.2013763259 0.8830696319 0.8102857232 0.4162696437 0.0947560751 0.3521365261 0.0340983823 0.4518469896 0.0000000000 0.1159652013 0.6309695694 0.0429129752
0.4114091380 0.2155214024 0.9085340960 0.0799242489 0.1075703813 0.0188562934 0.6391793914 0.7596624801 0.7893119355 0.1159652013 0.0000000000 0.9464661025 0.4965775071
0.3508128657 0.1120823037 0.0511447397 0.7782055053 0.3723869418 0.9474326972 0.5748441989 0.2778276586 0.8500037761 0.6309695694 0.9464661025 0.0000000000 0.6865899149
0.6643300148 0.2153642881 0.1211716421 0.8239703214 0.9575058583 0.0598438268 0.6061621570 0.8008858503 0.4986516873 0.0429129752 0.4965775071 0.6865899149 0.0000000000
