# Graph size: 13
# Optimal cost: 2.2085120235202087

# Distance Matrix
0.0 0.24768384397095733 0.5609921630040238 0.26140823937362534 0.4339384181478968 0.9074547969912473 0.24137646635807042 0.06762836632584279 0.3230281380936707 0.16913837491985606 0.9188266761842877 0.3095132935841812 0.8214370290026675
0.24768384397095733 0.0 0.5881362017704486 0.2686191322034439 0.9638298583990584 0.8503316587167605 0.23862281795617246 0.2829604393996459 0.2732043299717163 0.7271877173823655 0.8487216317693201 0.20245612590527262 0.29721917168105594
0.5609921630040238 0.5881362017704486 0.0 0.5260156623843939 0.9895148824388673 0.9150864776099635 0.37063037226015394 0.9142643547646717 0.6106426721631321 0.015103017704479083 0.2502303074843558 0.22961668277840896 0.888097744247481
0.26140823937362534 0.2686191322034439 0.5260156623843939 0.0 0.8636733374973123 0.920357061041238 0.8499302622472038 0.3039243139885791 0.6737651188860879 0.9967781308695405 0.23086579085574865 0.1128807492255226 0.8536754821813214
0.4339384181478968 0.9638298583990584 0.9895148824388673 0.8636733374973123 0.0 0.41965292565865864 0.3382837710760176 0.8677274869428973 0.5867748944279789 0.6585047432179755 0.5862807100682643 0.4726530225427731 0.8994492698221765
0.9074547969912473 0.8503316587167605 0.9150864776099635 0.920357061041238 0.41965292565865864 0.0 0.9656099866316926 0.806773458505517 0.3134527601518319 0.27488818456715225 0.30893841246938925 0.22283081564564622 0.3734262966661538
0.24137646635807042 0.23862281795617246 0.37063037226015394 0.8499302622472038 0.3382837710760176 0.9656099866316926 0.0 0.20728076221135294 0.49175509537159423 0.875489391702855 0.8855613689965606 0.9591451777724349 0.6232213876838008
0.06762836632584279 0.2829604393996459 0.9142643547646717 0.3039243139885791 0.8677274869428973 0.806773458505517 0.20728076221135294 0.0 0.4625809129329582 0.9944230657378439 0.18393162807662067 0.5428083173611264 0.08813616479224262
0.3230281380936707 0.2732043299717163 0.6106426721631321 0.6737651188860879 0.5867748944279789 0.3134527601518319 0.49175509537159423 0.4625809129329582 0.0 0.10526961060567597 0.006702692285453282 0.021062928312574836 0.9922204832610845
0.16913837491985606 0.7271877173823655 0.015103017704479083 0.9967781308695405 0.6585047432179755 0.27488818456715225 0.875489391702855 0.9944230657378439 0.10526961060567597 0.0 0.08326646100668511 0.6176092903438626 0.5602444600766588
0.9188266761842877 0.8487216317693201 0.2502303074843558 0.23086579085574865 0.5862807100682643 0.30893841246938925 0.8855613689965606 0.18393162807662067 0.006702692285453282 0.08326646100668511 0.0 0.9335946950515983 0.2322731758842641
0.3095132935841812 0.20245612590527262 0.22961668277840896 0.1128807492255226 0.4726530225427731 0.22283081564564622 0.9591451777724349 0.5428083173611264 0.021062928312574836 0.6176092903438626 0.9335946950515983 0.0 0.42604389498331574
0.8214370290026675 0.29721917168105594 0.888097744247481 0.8536754821813214 0.8994492698221765 0.3734262966661538 0.6232213876838008 0.08813616479224262 0.9922204832610845 0.5602444600766588 0.2322731758842641 0.42604389498331574 0.0

# Optimal Walk
0 9 2 10 8 11 3 5 4 6 1 12 7 0
