# MCW Instance
# Type: UNIFORM
# N: 13
# Optimal cost: 2.2431179641907315
# Optimal tour (permutation): [0, 12, 9, 10, 5, 4, 2, 11, 8, 7, 3, 6, 1, 0]
# Optimal walk (full path): [0, 12, 0, 9, 10, 5, 4, 2, 11, 8, 7, 8, 3, 6, 1, 0]
# Walk size: 16
# Is walk (has repeats): true

# Distance Matrix
0.0000000000 0.1060884002 0.1869557806 0.9096593669 0.7578336356 0.5086672607 0.5502581026 0.7562786134 0.5278086415 0.2674994382 0.5370514007 0.7010012987 0.0667659160
0.1060884002 0.0000000000 0.9010589562 0.7993131696 0.4398912916 0.3298490703 0.3116985592 0.7503496224 0.6938780347 0.3574604087 0.5436255385 0.2579265851 0.5903711227
0.1869557806 0.9010589562 0.0000000000 0.9653403992 0.0328524024 0.4503242075 0.9863276833 0.4068394365 0.7483227897 0.5044862521 0.0738678281 0.0254779808 0.4525147692
0.9096593669 0.7993131696 0.9653403992 0.0000000000 0.8410995647 0.4542595040 0.1121815708 0.4201748333 0.2383525981 0.4920710215 0.4091155613 0.3454379203 0.9942865669
0.7578336356 0.4398912916 0.0328524024 0.8410995647 0.0000000000 0.1685156962 0.9608337943 0.8404400952 0.4170665672 0.8414900777 0.3034942639 0.8826321747 0.6031641926
0.5086672607 0.3298490703 0.4503242075 0.4542595040 0.1685156962 0.0000000000 0.2895333165 0.3041841331 0.8033539105 0.6753568859 0.1679121717 0.3149352072 0.9268305439
0.5502581026 0.3116985592 0.9863276833 0.1121815708 0.9608337943 0.2895333165 0.0000000000 0.3956140577 0.5372625262 0.6898005716 0.7666040433 0.3423530364 0.4386948183
0.7562786134 0.7503496224 0.4068394365 0.4201748333 0.8404400952 0.3041841331 0.3956140577 0.0000000000 0.1284014176 0.7655142103 0.6472132698 0.5839974614 0.7556428877
0.5278086415 0.6938780347 0.7483227897 0.2383525981 0.4170665672 0.8033539105 0.5372625262 0.1284014176 0.0000000000 0.9256952509 0.6234097979 0.1055490362 0.3248360680
0.2674994382 0.3574604087 0.5044862521 0.4920710215 0.8414900777 0.6753568859 0.6898005716 0.7655142103 0.9256952509 0.0000000000 0.3166554431 0.4858924421 0.9677759043
0.5370514007 0.5436255385 0.0738678281 0.4091155613 0.3034942639 0.1679121717 0.7666040433 0.6472132698 0.6234097979 0.3166554431 0.0000000000 0.4402533914 0.3723595082
0.7010012987 0.2579265851 0.0254779808 0.3454379203 0.8826321747 0.3149352072 0.3423530364 0.5839974614 0.1055490362 0.4858924421 0.4402533914 0.0000000000 0.7629501119
0.0667659160 0.5903711227 0.4525147692 0.9942865669 0.6031641926 0.9268305439 0.4386948183 0.7556428877 0.3248360680 0.9677759043 0.3723595082 0.7629501119 0.0000000000
