# MCW Instance
# Type: UNIFORM
# N: 13
# Optimal cost: 1.3688441398840865
# Optimal tour (permutation): [0, 5, 1, 2, 7, 9, 10, 6, 4, 12, 11, 8, 3, 0]
# Optimal walk (full path): [0, 5, 1, 2, 7, 9, 10, 6, 4, 12, 3, 11, 3, 8, 3, 0]
# Walk size: 16
# Is walk (has repeats): true

# Distance Matrix
0.0000000000 0.6945762419 0.6725606477 0.0985305270 0.3228420654 0.3991734625 0.8957522923 0.7854302411 0.3523100737 0.2191010537 0.8403023929 0.2093885756 0.8161459253
0.6945762419 0.0000000000 0.1886222116 0.9492836859 0.6887028796 0.0410150223 0.8253526011 0.8369681434 0.6841711494 0.2485680780 0.5228786511 0.3044897022 0.7276873321
0.6725606477 0.1886222116 0.0000000000 0.9495069002 0.9238458034 0.3072672736 0.7920149572 0.0778780968 0.9998651656 0.5939450186 0.2543575608 0.5936520959 0.1124393509
0.0985305270 0.9492836859 0.9495069002 0.0000000000 0.7610213582 0.6698206838 0.4466848791 0.1582092012 0.0230014472 0.4155873907 0.9914480676 0.0121751414 0.0848228402
0.3228420654 0.6887028796 0.9238458034 0.7610213582 0.0000000000 0.8926046679 0.1694524874 0.8741482376 0.1214673782 0.3788062447 0.0350794542 0.7965377716 0.0190867594
0.3991734625 0.0410150223 0.3072672736 0.6698206838 0.8926046679 0.0000000000 0.8163723796 0.4905728783 0.6256832519 0.7126334156 0.7852546593 0.4172342804 0.8242910902
0.8957522923 0.8253526011 0.7920149572 0.4466848791 0.1694524874 0.8163723796 0.0000000000 0.6669018392 0.6661702729 0.7424022639 0.1591369900 0.2910504235 0.5284963673
0.7854302411 0.8369681434 0.0778780968 0.1582092012 0.8741482376 0.4905728783 0.6669018392 0.0000000000 0.3655866941 0.0360472551 0.3510870392 0.5919721203 0.2821668813
0.3523100737 0.6841711494 0.9998651656 0.0230014472 0.1214673782 0.6256832519 0.6661702729 0.3655866941 0.0000000000 0.3432732580 0.2504662629 0.2058428183 0.6893525309
0.2191010537 0.2485680780 0.5939450186 0.4155873907 0.3788062447 0.7126334156 0.7424022639 0.0360472551 0.3432732580 0.0000000000 0.0247253104 0.3858600449 0.1650558636
0.8403023929 0.5228786511 0.2543575608 0.9914480676 0.0350794542 0.7852546593 0.1591369900 0.3510870392 0.2504662629 0.0247253104 0.0000000000 0.3366447428 0.2461335423
0.2093885756 0.3044897022 0.5936520959 0.0121751414 0.7965377716 0.4172342804 0.2910504235 0.5919721203 0.2058428183 0.3858600449 0.3366447428 0.0000000000 0.6533274765
0.8161459253 0.7276873321 0.1124393509 0.0848228402 0.0190867594 0.8242910902 0.5284963673 0.2821668813 0.6893525309 0.1650558636 0.2461335423 0.6533274765 0.0000000000
