# Graph size: 13
# Optimal cost: 1.9145397590450526

# Distance Matrix
0.0 0.4439741260611414 0.3456111140680873 0.903025093560538 0.2762389595594389 0.46140674102408996 0.2759454746793555 0.34655135184701646 0.5005830009463982 0.09280753518646245 0.8763919837364382 0.2734268866386228 0.6624458422569809
0.4439741260611414 0.0 0.3436493357158501 0.6857330445984213 0.40609872448179485 0.6258472050417344 0.024949430497469116 0.8685627593609286 0.46423035199088936 0.7798839679075381 0.33104496131954597 0.6738808536473377 0.5048789090398759
0.3456111140680873 0.3436493357158501 0.0 0.29880767912393846 0.13364721776683697 0.7773010265839158 0.09542201399065597 0.6791644016340677 0.6472346659955236 0.2412794796768437 0.5099380668560476 0.7810784619706933 0.6374464787541354
0.903025093560538 0.6857330445984213 0.29880767912393846 0.0 0.5709330012975952 0.6719713852083883 0.9845501012902188 0.14198888917745234 0.6174303948362059 0.8800892507465853 0.4866766515962202 0.7526695217980304 0.8866047779857908
0.2762389595594389 0.40609872448179485 0.13364721776683697 0.5709330012975952 0.0 0.4473651301784147 0.21199585038653024 0.8675252213238139 0.1473487636865728 0.2618987174844557 0.2856884263367546 0.9636113925778934 0.1025182102628952
0.46140674102408996 0.6258472050417344 0.7773010265839158 0.6719713852083883 0.4473651301784147 0.0 0.9327097111586371 0.5281671339840042 0.8638716986928989 0.28448432112744004 0.6238192986388241 0.9696173508142479 0.17560932804627571
0.2759454746793555 0.024949430497469116 0.09542201399065597 0.9845501012902188 0.21199585038653024 0.9327097111586371 0.0 0.26813833839965595 0.8990594274133044 0.9543443331089809 0.5634315658513483 0.7560665836868953 0.9011269161571288
0.34655135184701646 0.8685627593609286 0.6791644016340677 0.14198888917745234 0.8675252213238139 0.5281671339840042 0.26813833839965595 0.0 0.0073209493140908855 0.28614208729383306 0.08377800085093168 0.9706256009836298 0.26911836364879005
0.5005830009463982 0.46423035199088936 0.6472346659955236 0.6174303948362059 0.1473487636865728 0.8638716986928989 0.8990594274133044 0.0073209493140908855 0.0 0.4749060831015046 0.21728054714346956 0.37431666061882407 0.9704420841809139
0.09280753518646245 0.7798839679075381 0.2412794796768437 0.8800892507465853 0.2618987174844557 0.28448432112744004 0.9543443331089809 0.28614208729383306 0.4749060831015046 0.0 0.959115239205709 0.3709662092989844 0.1565235001013564
0.8763919837364382 0.33104496131954597 0.5099380668560476 0.4866766515962202 0.2856884263367546 0.6238192986388241 0.5634315658513483 0.08377800085093168 0.21728054714346956 0.959115239205709 0.0 0.1137840384245532 0.0567314381974815
0.2734268866386228 0.6738808536473377 0.7810784619706933 0.7526695217980304 0.9636113925778934 0.9696173508142479 0.7560665836868953 0.9706256009836298 0.37431666061882407 0.3709662092989844 0.1137840384245532 0.0 0.9606793549982642
0.6624458422569809 0.5048789090398759 0.6374464787541354 0.8866047779857908 0.1025182102628952 0.17560932804627571 0.9011269161571288 0.26911836364879005 0.9704420841809139 0.1565235001013564 0.0567314381974815 0.9606793549982642 0.0

# Optimal Walk
0 9 5 12 11 10 7 3 8 4 2 6 1 0
