# MCW Instance
# Type: UNIFORM
# N: 13
# Optimal cost: 2.003805723653678
# Optimal tour (permutation): [0, 6, 11, 12, 10, 1, 2, 9, 3, 8, 4, 7, 5, 0]
# Optimal walk (full path): [0, 6, 11, 12, 10, 1, 2, 9, 3, 8, 4, 7, 5, 0]
# Walk size: 14
# Is walk (has repeats): false

# Distance Matrix
0.0000000000 0.7355870976 0.5523083815 0.4910049495 0.9649833933 0.0200433368 0.0519827997 0.6045855727 0.4228088990 0.3195905905 0.0699719165 0.7054888676 0.5908573626
0.7355870976 0.0000000000 0.1912237530 0.9740070965 0.5235044415 0.5328888330 0.5966342192 0.4662595207 0.9983625879 0.2167055868 0.0415605201 0.6404090799 0.5557317012
0.5523083815 0.1912237530 0.0000000000 0.7348033017 0.7986818715 0.6803386372 0.3149183345 0.5124881237 0.7270244183 0.2654256522 0.3784468688 0.7251697503 0.5455768679
0.4910049495 0.9740070965 0.7348033017 0.0000000000 0.4436919435 0.9640473418 0.7334549014 0.5447886068 0.4616121442 0.0311815991 0.4628293190 0.6268497539 0.7981692611
0.9649833933 0.5235044415 0.7986818715 0.4436919435 0.0000000000 0.2270894417 0.3041309939 0.2541296659 0.4407862354 0.4314380322 0.2916808501 0.3548764045 0.2620500684
0.0200433368 0.5328888330 0.6803386372 0.9640473418 0.2270894417 0.0000000000 0.9140093094 0.0278513410 0.4862567086 0.2086853452 0.1364619026 0.0660177913 0.5870422973
0.0519827997 0.5966342192 0.3149183345 0.7334549014 0.3041309939 0.9140093094 0.0000000000 0.8980222520 0.5270554675 0.2382508849 0.4657249373 0.1322435107 0.1363266987
0.6045855727 0.4662595207 0.5124881237 0.5447886068 0.2541296659 0.0278513410 0.8980222520 0.0000000000 0.7197732657 0.7645694715 0.7869838059 0.9420585541 0.4591166396
0.4228088990 0.9983625879 0.7270244183 0.4616121442 0.4407862354 0.4862567086 0.5270554675 0.7197732657 0.0000000000 0.5160900947 0.5083942633 0.7134849707 0.9710805906
0.3195905905 0.2167055868 0.2654256522 0.0311815991 0.4314380322 0.2086853452 0.2382508849 0.7645694715 0.5160900947 0.0000000000 0.5656623655 0.6615734053 0.7675250839
0.0699719165 0.0415605201 0.3784468688 0.4628293190 0.2916808501 0.1364619026 0.4657249373 0.7869838059 0.5083942633 0.5656623655 0.0000000000 0.3890077925 0.0724595947
0.7054888676 0.6404090799 0.7251697503 0.6268497539 0.3548764045 0.0660177913 0.1322435107 0.9420585541 0.7134849707 0.6615734053 0.3890077925 0.0000000000 0.0133055707
0.5908573626 0.5557317012 0.5455768679 0.7981692611 0.2620500684 0.5870422973 0.1363266987 0.4591166396 0.9710805906 0.7675250839 0.0724595947 0.0133055707 0.0000000000
