# Graph size: 13
# Optimal cost: 2.1192442292828133

# Distance Matrix
0.0 0.4018821700780194 0.6510368115639409 0.39938154810594495 0.9098588261455267 0.516185313221079 0.23784236502728406 0.6077750199831617 0.7082151291614766 0.44569938115107766 0.7075982526022505 0.35555299507841565 0.4678492708662767
0.4018821700780194 0.0 0.0064251248817270845 0.8591007366572343 0.6302534212198153 0.9732476127215239 0.6309789149261179 0.12159242244828883 0.2678896805164942 0.6391903543510583 0.03791324176029842 0.9810609102150913 0.22634777729274946
0.6510368115639409 0.0064251248817270845 0.0 0.8018883880993716 0.29871252533259296 0.2117828075749092 0.837773192239469 0.017406994332013093 0.3247119108678532 0.2022062286905879 0.47283914204826083 0.024145610446592913 0.06278759869951545
0.39938154810594495 0.8591007366572343 0.8018883880993716 0.0 0.1574287792715312 0.33201477372558386 0.15993098682325513 0.23651949213055545 0.9849420764665533 0.14242809350372354 0.18932120051877355 0.2986278671682072 0.22597825893826884
0.9098588261455267 0.6302534212198153 0.29871252533259296 0.1574287792715312 0.0 0.3836452695574405 0.6930061345793685 0.37083780028589075 0.4817075872832721 0.29166447643101556 0.3987296342856942 0.33892649170333433 0.40170031057363587
0.516185313221079 0.9732476127215239 0.2117828075749092 0.33201477372558386 0.3836452695574405 0.0 0.2976487118837253 0.09194743097848235 0.9435599731876577 0.4514806152536702 0.7463990866560956 0.034473958513586256 0.6616277361222664
0.23784236502728406 0.6309789149261179 0.837773192239469 0.15993098682325513 0.6930061345793685 0.2976487118837253 0.0 0.356663755681656 0.7092961167006213 0.14066040666294644 0.4081348737355762 0.33308187975328873 0.4574135622669281
0.6077750199831617 0.12159242244828883 0.017406994332013093 0.23651949213055545 0.37083780028589075 0.09194743097848235 0.356663755681656 0.0 0.513185148965708 0.605313248671832 0.9554684757936251 0.692735615446716 0.32432704801914425
0.7082151291614766 0.2678896805164942 0.3247119108678532 0.9849420764665533 0.4817075872832721 0.9435599731876577 0.7092961167006213 0.513185148965708 0.0 0.9634645281089719 0.7916846159668097 0.9488848549553772 0.4436310209997476
0.44569938115107766 0.6391903543510583 0.2022062286905879 0.14242809350372354 0.29166447643101556 0.4514806152536702 0.14066040666294644 0.605313248671832 0.9634645281089719 0.0 0.39714959725560217 0.7351351774553883 0.6674952150432849
0.7075982526022505 0.03791324176029842 0.47283914204826083 0.18932120051877355 0.3987296342856942 0.7463990866560956 0.4081348737355762 0.9554684757936251 0.7916846159668097 0.39714959725560217 0.0 0.6591643575765644 0.8606906000698001
0.35555299507841565 0.9810609102150913 0.024145610446592913 0.2986278671682072 0.33892649170333433 0.034473958513586256 0.33308187975328873 0.692735615446716 0.9488848549553772 0.7351351774553883 0.6591643575765644 0.0 0.30493626031328236
0.4678492708662767 0.22634777729274946 0.06278759869951545 0.22597825893826884 0.40170031057363587 0.6616277361222664 0.4574135622669281 0.32432704801914425 0.4436310209997476 0.6674952150432849 0.8606906000698001 0.30493626031328236 0.0

# Optimal Walk
0 6 9 3 4 8 1 10 12 7 2 11 5 0
