# MCW Instance
# Type: UNIFORM
# N: 13
# Optimal cost: 2.6160478581418354
# Optimal tour (permutation): [0, 6, 1, 11, 7, 12, 10, 9, 4, 8, 5, 3, 2, 0]
# Optimal walk (full path): [0, 6, 1, 11, 7, 12, 10, 9, 10, 4, 8, 2, 5, 2, 3, 2, 0]
# Walk size: 17
# Is walk (has repeats): true

# Distance Matrix
0.0000000000 0.8581137708 0.1127470009 0.6041435143 0.4517294092 0.9698276852 0.2495402047 0.4881856876 0.4746613231 0.9016700257 0.5304125527 0.7381822123 0.4676032123
0.8581137708 0.0000000000 0.7683475278 0.3467496274 0.3988436983 0.2773336654 0.2242453811 0.4951695670 0.4810900601 0.9543368475 0.6642942272 0.1754912587 0.7348745904
0.1127470009 0.7683475278 0.0000000000 0.0164724458 0.0920133880 0.0133999036 0.2403226500 0.5209276273 0.0588134910 0.9896762527 0.9912876107 0.9283680226 0.8139936080
0.6041435143 0.3467496274 0.0164724458 0.0000000000 0.8697702758 0.8964034265 0.5957442103 0.8214689027 0.9706634655 0.6549400105 0.6179989986 0.0971169400 0.8763788258
0.4517294092 0.3988436983 0.0920133880 0.8697702758 0.0000000000 0.7782434130 0.6539598176 0.3997322945 0.0191609880 0.6222702596 0.3179900604 0.1689300805 0.8802633381
0.9698276852 0.2773336654 0.0133999036 0.8964034265 0.7782434130 0.0000000000 0.6727018667 0.6965113173 0.2449415237 0.9324428033 0.4813500664 0.5572988733 0.8280954803
0.2495402047 0.2242453811 0.2403226500 0.5957442103 0.6539598176 0.6727018667 0.0000000000 0.3456776079 0.5910438417 0.8594904246 0.8398816400 0.9082863520 0.5059115230
0.4881856876 0.4951695670 0.5209276273 0.8214689027 0.3997322945 0.6965113173 0.3456776079 0.0000000000 0.2435382447 0.8328429221 0.5775420857 0.2649509377 0.2828733257
0.4746613231 0.4810900601 0.0588134910 0.9706634655 0.0191609880 0.2449415237 0.5910438417 0.2435382447 0.0000000000 0.8631458140 0.5670378197 0.4590055414 0.4128395919
0.9016700257 0.9543368475 0.9896762527 0.6549400105 0.6222702596 0.9324428033 0.8594904246 0.8328429221 0.8631458140 0.0000000000 0.2875289997 0.9024751430 0.5947415958
0.5304125527 0.6642942272 0.9912876107 0.6179989986 0.3179900604 0.4813500664 0.8398816400 0.5775420857 0.5670378197 0.2875289997 0.0000000000 0.6174948637 0.2754325118
0.7381822123 0.1754912587 0.9283680226 0.0971169400 0.1689300805 0.5572988733 0.9082863520 0.2649509377 0.4590055414 0.9024751430 0.6174948637 0.0000000000 0.9332108902
0.4676032123 0.7348745904 0.8139936080 0.8763788258 0.8802633381 0.8280954803 0.5059115230 0.2828733257 0.4128395919 0.5947415958 0.2754325118 0.9332108902 0.0000000000
