# MCW Instance
# Type: UNIFORM
# N: 13
# Optimal cost: 2.5475903499414736
# Optimal tour (permutation): [0, 2, 5, 8, 7, 4, 12, 3, 6, 9, 1, 10, 11, 0]
# Optimal walk (full path): [0, 2, 5, 8, 7, 4, 3, 12, 3, 6, 9, 1, 10, 0, 11, 0]
# Walk size: 16
# Is walk (has repeats): true

# Distance Matrix
0.0000000000 0.6537368554 0.1786136657 0.6232742846 0.5170465471 0.9302065534 0.0756398645 0.7712798695 0.6686782591 0.3886473329 0.1339311745 0.0228180606 0.5726456211
0.6537368554 0.0000000000 0.7340364847 0.5502812550 0.9445551415 0.5719003667 0.7815017335 0.7346017415 0.5839800524 0.1577839895 0.1702879695 0.7185121132 0.5489072760
0.1786136657 0.7340364847 0.0000000000 0.5326251967 0.8730739165 0.1718787454 0.2717494141 0.5834021525 0.1937846058 0.2607323333 0.5467244242 0.2269498703 0.9323971329
0.6232742846 0.5502812550 0.5326251967 0.0000000000 0.5419063815 0.9291399543 0.1897309604 0.6618383569 0.5829041990 0.8681224729 0.4189781414 0.6099250077 0.0199150758
0.5170465471 0.9445551415 0.8730739165 0.5419063815 0.0000000000 0.5076368564 0.4870549001 0.4683983576 0.3225654333 0.9353675106 0.5471708220 0.5614567863 0.6209035706
0.9302065534 0.5719003667 0.1718787454 0.9291399543 0.5076368564 0.0000000000 0.2850092506 0.6261262122 0.1977916522 0.5682819827 0.5047425976 0.2985502641 0.7029828915
0.0756398645 0.7815017335 0.2717494141 0.1897309604 0.4870549001 0.2850092506 0.0000000000 0.3632140803 0.7931447664 0.0771361753 0.5832127113 0.7339471082 0.6735140996
0.7712798695 0.7346017415 0.5834021525 0.6618383569 0.4683983576 0.6261262122 0.3632140803 0.0000000000 0.1746650057 0.5066072759 0.9014067414 0.4285621804 0.6461499132
0.6686782591 0.5839800524 0.1937846058 0.5829041990 0.3225654333 0.1977916522 0.7931447664 0.1746650057 0.0000000000 0.3051175628 0.2793328067 0.1496547366 0.3032210192
0.3886473329 0.1577839895 0.2607323333 0.8681224729 0.9353675106 0.5682819827 0.0771361753 0.5066072759 0.3051175628 0.0000000000 0.9977025660 0.9448397920 0.9682586540
0.1339311745 0.1702879695 0.5467244242 0.4189781414 0.5471708220 0.5047425976 0.5832127113 0.9014067414 0.2793328067 0.9977025660 0.0000000000 0.2079104564 0.9146790676
0.0228180606 0.7185121132 0.2269498703 0.6099250077 0.5614567863 0.2985502641 0.7339471082 0.4285621804 0.1496547366 0.9448397920 0.2079104564 0.0000000000 0.7183000836
0.5726456211 0.5489072760 0.9323971329 0.0199150758 0.6209035706 0.7029828915 0.6735140996 0.6461499132 0.3032210192 0.9682586540 0.9146790676 0.7183000836 0.0000000000
