# MCW Instance
# Type: UNIFORM
# N: 13
# Optimal cost: 1.6012062456193836
# Optimal tour (permutation): [0, 11, 5, 6, 8, 9, 4, 1, 12, 7, 10, 3, 2, 0]
# Optimal walk (full path): [0, 11, 5, 6, 8, 9, 4, 9, 1, 3, 7, 12, 7, 10, 7, 3, 11, 2, 11, 0]
# Walk size: 20
# Is walk (has repeats): true

# Distance Matrix
0.0000000000 0.5566196233 0.1901161775 0.5984791576 0.7626992177 0.2417066044 0.6320581949 0.4461579163 0.4179685762 0.6689680234 0.6726203355 0.0051025463 0.3005928095
0.5566196233 0.0000000000 0.6295743902 0.0093893789 0.5249412780 0.6274746600 0.4469424153 0.1569429069 0.5260217039 0.0573140517 0.1677471640 0.1817927540 0.6111243342
0.1901161775 0.6295743902 0.0000000000 0.5945505339 0.7564905139 0.9147386798 0.5756693960 0.9781778998 0.4735879971 0.2397840302 0.5554613730 0.1081953817 0.5554127125
0.5984791576 0.0093893789 0.5945505339 0.0000000000 0.0988041085 0.6551166746 0.4931245641 0.0344617911 0.9224466729 0.4856721007 0.6639350901 0.0387869437 0.3002837178
0.7626992177 0.5249412780 0.7564905139 0.0988041085 0.0000000000 0.3064728047 0.9928861658 0.1920578100 0.8370221973 0.0142901388 0.3802049532 0.7991029342 0.3066206991
0.2417066044 0.6274746600 0.9147386798 0.6551166746 0.3064728047 0.0000000000 0.0517215075 0.8271872215 0.3464998267 0.4124479897 0.4172757621 0.0012193233 0.4737623340
0.6320581949 0.4469424153 0.5756693960 0.4931245641 0.9928861658 0.0517215075 0.0000000000 0.6891586290 0.3511492308 0.5163849900 0.9779000437 0.3407494017 0.9435490296
0.4461579163 0.1569429069 0.9781778998 0.0344617911 0.1920578100 0.8271872215 0.6891586290 0.0000000000 0.8027342804 0.6026006695 0.0993003171 0.8665221164 0.1179560423
0.4179685762 0.5260217039 0.4735879971 0.9224466729 0.8370221973 0.3464998267 0.3511492308 0.8027342804 0.0000000000 0.3330133752 0.5101918221 0.6655995696 0.4671096023
0.6689680234 0.0573140517 0.2397840302 0.4856721007 0.0142901388 0.4124479897 0.5163849900 0.6026006695 0.3330133752 0.0000000000 0.6680875638 0.4021299159 0.5641677245
0.6726203355 0.1677471640 0.5554613730 0.6639350901 0.3802049532 0.4172757621 0.9779000437 0.0993003171 0.5101918221 0.6680875638 0.0000000000 0.9392351411 0.8746476322
0.0051025463 0.1817927540 0.1081953817 0.0387869437 0.7991029342 0.0012193233 0.3407494017 0.8665221164 0.6655995696 0.4021299159 0.9392351411 0.0000000000 0.6840994028
0.3005928095 0.6111243342 0.5554127125 0.3002837178 0.3066206991 0.4737623340 0.9435490296 0.1179560423 0.4671096023 0.5641677245 0.8746476322 0.6840994028 0.0000000000
