# MCW Instance
# Type: UNIFORM
# N: 13
# Optimal cost: 2.0028310222735763
# Optimal tour (permutation): [0, 5, 4, 10, 9, 1, 12, 11, 6, 2, 8, 7, 3, 0]
# Optimal walk (full path): [0, 5, 4, 10, 9, 1, 12, 11, 12, 6, 2, 6, 8, 7, 3, 0]
# Walk size: 16
# Is walk (has repeats): true

# Distance Matrix
0.0000000000 0.6395557593 0.8235624260 0.0504476791 0.2715319365 0.3940456259 0.5132520807 0.4057007706 0.6908994709 0.3932190360 0.5897083970 0.7214253809 0.7264142695
0.6395557593 0.0000000000 0.5973906468 0.7970957379 0.4976793056 0.7046138270 0.5650644087 0.3098303592 0.7209220119 0.0622361575 0.7481880239 0.2733194492 0.1211876290
0.8235624260 0.5973906468 0.0000000000 0.3993724115 0.3313079528 0.8395055003 0.0854780856 0.3600817032 0.2574776650 0.8998834616 0.3355617244 0.6529985440 0.3347485283
0.0504476791 0.7970957379 0.3993724115 0.0000000000 0.5711964134 0.4949634886 0.7676276837 0.3492992146 0.3728058141 0.9677845610 0.7164348061 0.9247360827 0.9497701902
0.2715319365 0.4976793056 0.3313079528 0.5711964134 0.0000000000 0.1310913070 0.4385059248 0.4618236856 0.1419560545 0.7029640958 0.3374621949 0.8688806997 0.1770435190
0.3940456259 0.7046138270 0.8395055003 0.4949634886 0.1310913070 0.0000000000 0.2898990089 0.7944808627 0.9503039234 0.7740781203 0.5401066030 0.3966875089 0.2591585354
0.5132520807 0.5650644087 0.0854780856 0.7676276837 0.4385059248 0.2898990089 0.0000000000 0.9842597956 0.0333530864 0.0518482099 0.9395002328 0.6669483401 0.0233417838
0.4057007706 0.3098303592 0.3600817032 0.3492992146 0.4618236856 0.7944808627 0.9842597956 0.0000000000 0.1222049078 0.5850710859 0.6014046331 0.4152333799 0.2034609731
0.6908994709 0.7209220119 0.2574776650 0.3728058141 0.1419560545 0.9503039234 0.0333530864 0.1222049078 0.0000000000 0.4232372346 0.3685749957 0.9087555504 0.1993379927
0.3932190360 0.0622361575 0.8998834616 0.9677845610 0.7029640958 0.7740781203 0.0518482099 0.5850710859 0.4232372346 0.0000000000 0.1965138466 0.3022660541 0.0664537482
0.5897083970 0.7481880239 0.3355617244 0.7164348061 0.3374621949 0.5401066030 0.9395002328 0.6014046331 0.3685749957 0.1965138466 0.0000000000 0.8977892839 0.9587484219
0.7214253809 0.2733194492 0.6529985440 0.9247360827 0.8688806997 0.3966875089 0.6669483401 0.4152333799 0.9087555504 0.3022660541 0.8977892839 0.0000000000 0.0053457092
0.7264142695 0.1211876290 0.3347485283 0.9497701902 0.1770435190 0.2591585354 0.0233417838 0.2034609731 0.1993379927 0.0664537482 0.9587484219 0.0053457092 0.0000000000
