# Graph size: 13
# Optimal cost: 1.9896210556097342

# Distance Matrix
0.0 0.7221161391679515 0.7549480303620877 0.42362701183438545 0.16157531879092069 0.18644055627424871 0.469287276580619 0.5095148396667354 0.914438882102281 0.32345680373979835 0.5288292496760771 0.766673622817496 0.21465041505131766
0.7221161391679515 0.0 0.16367229314771226 0.13690524604732002 0.4033065655179011 0.07008479515843502 0.26114987419250935 0.43413377588212754 0.01950240358119215 0.6191486530000554 0.40242377450444844 0.44700372733830207 0.7688456614174201
0.7549480303620877 0.16367229314771226 0.0 0.5099823760292768 0.3671133054717316 0.8109106337849087 0.4377068263083074 0.8962934746263832 0.01150508587045973 0.20420018367687187 0.3585027089521752 0.9634262647082115 0.4317260291163554
0.42362701183438545 0.13690524604732002 0.5099823760292768 0.0 0.8916867407469268 0.07419350300013372 0.5008116181383716 0.7297310076480602 0.7692791480812257 0.45351034542551827 0.6707294990596835 0.9531805619090832 0.825759863973324
0.16157531879092069 0.4033065655179011 0.3671133054717316 0.8916867407469268 0.0 0.5198830554073275 0.7883564987437984 0.10938594706762239 0.9934277123187067 0.6017647698660782 0.624359098603531 0.7638495241692979 0.9462283465499535
0.18644055627424871 0.07008479515843502 0.8109106337849087 0.07419350300013372 0.5198830554073275 0.0 0.538026476617232 0.46883265917564887 0.6255312970139485 0.5221610711104938 0.5793211335937462 0.9541757200220653 0.6938226672252368
0.469287276580619 0.26114987419250935 0.4377068263083074 0.5008116181383716 0.7883564987437984 0.538026476617232 0.0 0.09616397126939635 0.314793573590077 0.4245270601564797 0.9963112047287236 0.4103442466148708 0.42323905632065295
0.5095148396667354 0.43413377588212754 0.8962934746263832 0.7297310076480602 0.10938594706762239 0.46883265917564887 0.09616397126939635 0.0 0.4606834768217327 0.6817706706010566 0.08033405188281373 0.2987896217257995 0.021953998000151853
0.914438882102281 0.01950240358119215 0.01150508587045973 0.7692791480812257 0.9934277123187067 0.6255312970139485 0.314793573590077 0.4606834768217327 0.0 0.2494132437552835 0.23971625605297298 0.6334344528855955 0.5501962875274157
0.32345680373979835 0.6191486530000554 0.20420018367687187 0.45351034542551827 0.6017647698660782 0.5221610711104938 0.4245270601564797 0.6817706706010566 0.2494132437552835 0.0 0.993291555947153 0.5588792027686884 0.8521564258731732
0.5288292496760771 0.40242377450444844 0.3585027089521752 0.6707294990596835 0.624359098603531 0.5793211335937462 0.9963112047287236 0.08033405188281373 0.23971625605297298 0.993291555947153 0.0 0.2963195015015676 0.31983996467657494
0.766673622817496 0.44700372733830207 0.9634262647082115 0.9531805619090832 0.7638495241692979 0.9541757200220653 0.4103442466148708 0.2987896217257995 0.6334344528855955 0.5588792027686884 0.2963195015015676 0.0 0.1803228400545791
0.21465041505131766 0.7688456614174201 0.4317260291163554 0.825759863973324 0.9462283465499535 0.6938226672252368 0.42323905632065295 0.021953998000151853 0.5501962875274157 0.8521564258731732 0.31983996467657494 0.1803228400545791 0.0

# Optimal Walk
0 5 3 1 8 2 9 6 10 12 11 7 4 0
