# MCW Instance
# Type: UNIFORM
# N: 13
# Optimal cost: 1.3383765792196827
# Optimal tour (permutation): [0, 8, 3, 2, 11, 7, 1, 4, 6, 10, 9, 12, 5, 0]
# Optimal walk (full path): [0, 8, 3, 2, 3, 11, 7, 1, 4, 6, 10, 9, 12, 5, 0]
# Walk size: 15
# Is walk (has repeats): true

# Distance Matrix
0.0000000000 0.9712594819 0.3802948268 0.2928933309 0.6028458695 0.0632902893 0.2561929267 0.3915578192 0.0789822006 0.6456808606 0.1270808959 0.4250396644 0.4765275660
0.9712594819 0.0000000000 0.9756331826 0.3314147848 0.0938843683 0.2956785063 0.6855731803 0.1541675401 0.8999873385 0.7027368370 0.7561496884 0.5563636055 0.5439517772
0.3802948268 0.9756331826 0.0000000000 0.1759655752 0.9097969617 0.7068682448 0.3311600202 0.3735145397 0.8201552135 0.7754464001 0.8612475481 0.2688565425 0.2367446679
0.2928933309 0.3314147848 0.1759655752 0.0000000000 0.8767702546 0.9953944993 0.6704635916 0.1096406681 0.0169680196 0.5968269130 0.3449919863 0.0654985328 0.3874716644
0.6028458695 0.0938843683 0.9097969617 0.8767702546 0.0000000000 0.8221459599 0.0970344708 0.1341287798 0.3753342566 0.8045799285 0.3235358648 0.4539245059 0.2148521619
0.0632902893 0.2956785063 0.7068682448 0.9953944993 0.8221459599 0.0000000000 0.4149809614 0.7572585131 0.7947946718 0.2922418069 0.4123642287 0.3412225914 0.1288583677
0.2561929267 0.6855731803 0.3311600202 0.6704635916 0.0970344708 0.4149809614 0.0000000000 0.7332836170 0.7030142653 0.4348351105 0.1520067085 0.0532612494 0.6156599845
0.3915578192 0.1541675401 0.3735145397 0.1096406681 0.1341287798 0.7572585131 0.7332836170 0.0000000000 0.8424611510 0.6135405647 0.3291870013 0.0699457306 0.4764792600
0.0789822006 0.8999873385 0.8201552135 0.0169680196 0.3753342566 0.7947946718 0.7030142653 0.8424611510 0.0000000000 0.5464441671 0.5662193288 0.2664029726 0.8194025243
0.6456808606 0.7027368370 0.7754464001 0.5968269130 0.8045799285 0.2922418069 0.4348351105 0.6135405647 0.5464441671 0.0000000000 0.0074556606 0.6733417065 0.0583535399
0.1270808959 0.7561496884 0.8612475481 0.3449919863 0.3235358648 0.4123642287 0.1520067085 0.3291870013 0.5662193288 0.0074556606 0.0000000000 0.7334355601 0.7339477312
0.4250396644 0.5563636055 0.2688565425 0.0654985328 0.4539245059 0.3412225914 0.0532612494 0.0699457306 0.2664029726 0.6733417065 0.7334355601 0.0000000000 0.7377868428
0.4765275660 0.5439517772 0.2367446679 0.3874716644 0.2148521619 0.1288583677 0.6156599845 0.4764792600 0.8194025243 0.0583535399 0.7339477312 0.7377868428 0.0000000000
