# MCW Instance
# Type: UNIFORM
# N: 13
# Optimal cost: 0.8542548820797333
# Optimal tour (permutation): [0, 12, 10, 9, 7, 2, 8, 4, 11, 5, 3, 1, 6, 0]
# Optimal walk (full path): [0, 12, 10, 9, 7, 9, 10, 2, 4, 8, 4, 11, 3, 5, 3, 11, 1, 6, 0]
# Walk size: 19
# Is walk (has repeats): true

# Distance Matrix
0.0000000000 0.9326354665 0.7514384801 0.2600106268 0.3933504595 0.1496942383 0.0790922258 0.5125875313 0.1118011705 0.5994162408 0.6616672943 0.9412939259 0.0293354422
0.9326354665 0.0000000000 0.8384325952 0.8153895729 0.4006283926 0.1645799028 0.1220363426 0.9837138577 0.1128270851 0.3439934344 0.2250687365 0.0870886914 0.9786989186
0.7514384801 0.8384325952 0.0000000000 0.2650495891 0.0104720995 0.4035677964 0.5946384488 0.5230200970 0.9948069675 0.3596932075 0.1435715470 0.6687728342 0.5672584860
0.2600106268 0.8153895729 0.2650495891 0.0000000000 0.8698640767 0.0004406587 0.5144115485 0.7071330238 0.1524445295 0.8469377785 0.5842489153 0.0145729664 0.2721524976
0.3933504595 0.4006283926 0.0104720995 0.8698640767 0.0000000000 0.3255450942 0.8205184404 0.6201939785 0.0108112038 0.7795445263 0.3963947168 0.0715755981 0.0523334138
0.1496942383 0.1645799028 0.4035677964 0.0004406587 0.3255450942 0.0000000000 0.4235092301 0.7633057320 0.6080126704 0.8828478825 0.3678915113 0.8651848133 0.3296617330
0.0790922258 0.1220363426 0.5946384488 0.5144115485 0.8205184404 0.4235092301 0.0000000000 0.2531665618 0.2816731646 0.7892242466 0.6431927612 0.5283302065 0.1186460247
0.5125875313 0.9837138577 0.5230200970 0.7071330238 0.6201939785 0.7633057320 0.2531665618 0.0000000000 0.9908560923 0.0232836449 0.7577586168 0.2557416037 0.6301003045
0.1118011705 0.1128270851 0.9948069675 0.1524445295 0.0108112038 0.6080126704 0.2816731646 0.9908560923 0.0000000000 0.5677708626 0.8395717605 0.5959310989 0.4870839187
0.5994162408 0.3439934344 0.3596932075 0.8469377785 0.7795445263 0.8828478825 0.7892242466 0.0232836449 0.5677708626 0.0000000000 0.0439970696 0.7239360498 0.6735674293
0.6616672943 0.2250687365 0.1435715470 0.5842489153 0.3963947168 0.3678915113 0.6431927612 0.7577586168 0.8395717605 0.0439970696 0.0000000000 0.3864496402 0.1248718484
0.9412939259 0.0870886914 0.6687728342 0.0145729664 0.0715755981 0.8651848133 0.5283302065 0.2557416037 0.5959310989 0.7239360498 0.3864496402 0.0000000000 0.2028295606
0.0293354422 0.9786989186 0.5672584860 0.2721524976 0.0523334138 0.3296617330 0.1186460247 0.6301003045 0.4870839187 0.6735674293 0.1248718484 0.2028295606 0.0000000000
