# Graph size: 13
# Optimal cost: 1.9979413699207043

# Distance Matrix
0.0 0.8232719912747262 0.265467930035162 0.6937136818447938 0.3267436135597144 0.10483716788951258 0.04517501155649484 0.3814088207251264 0.7556418541434485 0.7033877906395916 0.6342150170416561 0.9563069256722807 0.40645152665208106
0.8232719912747262 0.0 0.88993334489926 0.2150201644816715 0.23710264336048636 0.44377905528710093 0.6209550092159499 0.22655249023058677 0.5286342889540845 0.17357509611067312 0.21319430188325805 0.3638047999905042 0.4789660669133371
0.265467930035162 0.88993334489926 0.0 0.8545865376267849 0.0505778611005514 0.21964382805856997 0.779412426384258 0.9508723475224422 0.7263847629715614 0.8483237162991129 0.11500595202329822 0.81613643252717 0.9778647985361386
0.6937136818447938 0.2150201644816715 0.8545865376267849 0.0 0.2106605964122924 0.7426364287653154 0.12191974860524646 0.00586744249425164 0.6727743523861538 0.8250655699767684 0.6942331389176372 0.2886429698564633 0.4734667414668501
0.3267436135597144 0.23710264336048636 0.0505778611005514 0.2106605964122924 0.0 0.18124814075028883 0.8070010272202893 0.7968285524812851 0.34971970175343725 0.42686710839038633 0.39572545100330514 0.5957338807904116 0.31546157784024476
0.10483716788951258 0.44377905528710093 0.21964382805856997 0.7426364287653154 0.18124814075028883 0.0 0.5737168630236442 0.10106907275071675 0.18139245985303631 0.9256629276517618 0.03254487507169179 0.5295944909922294 0.5384460893897965
0.04517501155649484 0.6209550092159499 0.779412426384258 0.12191974860524646 0.8070010272202893 0.5737168630236442 0.0 0.2259877572596759 0.6211892275165438 0.6276866370239136 0.8307817650129928 0.9876401829170868 0.6183255807331864
0.3814088207251264 0.22655249023058677 0.9508723475224422 0.00586744249425164 0.7968285524812851 0.10106907275071675 0.2259877572596759 0.0 0.6047238577829558 0.8399417371461428 0.7577103278666153 0.12286389058781866 0.41285240404652124
0.7556418541434485 0.5286342889540845 0.7263847629715614 0.6727743523861538 0.34971970175343725 0.18139245985303631 0.6211892275165438 0.6047238577829558 0.0 0.7516790474770272 0.717237634647967 0.9800117273334125 0.3932581529621596
0.7033877906395916 0.17357509611067312 0.8483237162991129 0.8250655699767684 0.42686710839038633 0.9256629276517618 0.6276866370239136 0.8399417371461428 0.7516790474770272 0.0 0.6576325155930212 0.33237340034430085 0.3172476465016243
0.6342150170416561 0.21319430188325805 0.11500595202329822 0.6942331389176372 0.39572545100330514 0.03254487507169179 0.8307817650129928 0.7577103278666153 0.717237634647967 0.6576325155930212 0.0 0.33261848000584315 0.186946438491996
0.9563069256722807 0.3638047999905042 0.81613643252717 0.2886429698564633 0.5957338807904116 0.5295944909922294 0.9876401829170868 0.12286389058781866 0.9800117273334125 0.33237340034430085 0.33261848000584315 0.0 0.30843911491298237
0.40645152665208106 0.4789660669133371 0.9778647985361386 0.4734667414668501 0.31546157784024476 0.5384460893897965 0.6183255807331864 0.41285240404652124 0.3932581529621596 0.3172476465016243 0.186946438491996 0.30843911491298237 0.0

# Optimal Walk
0 8 5 10 2 4 1 9 12 11 7 3 6 0
