# MCW Instance
# Type: EXPONENTIAL
# N: 14
# Optimal cost: 1.8205259670669143
# Optimal tour (permutation): [0, 12, 10, 7, 2, 11, 4, 1, 3, 13, 9, 8, 6, 5, 0]
# Optimal walk (full path): [0, 12, 10, 7, 2, 11, 4, 3, 1, 3, 13, 8, 9, 8, 6, 5, 0]
# Walk size: 17
# Is walk (has repeats): true

# Distance Matrix
0.0000000000 2.1146986597 2.1182357926 1.9874371266 0.5630836300 0.1917613158 1.7084478966 1.3737998690 1.3196744046 0.2661946232 1.0367681147 1.5880995046 0.1275507926 0.9598295889
2.1146986597 0.0000000000 0.6082922722 0.0180727490 1.0881951069 1.2810361740 3.0000554085 0.3970217778 0.4147537645 2.8501465280 0.7700846641 3.2488632438 0.3361458075 3.9345470164
2.1182357926 0.6082922722 0.0000000000 0.7711564031 0.3737914684 0.5509623644 1.1992505871 0.0990067365 1.7574958470 1.0785663396 0.9219764627 0.0986618015 1.9858165088 1.2364130732
1.9874371266 0.0180727490 0.7711564031 0.0000000000 0.0965193194 1.0819463592 0.5330906602 0.6715108864 2.3076991451 0.8036299160 0.6370642327 2.6466426737 1.2682642459 0.0916383145
0.5630836300 1.0881951069 0.3737914684 0.0965193194 0.0000000000 0.4095824102 0.0086865244 2.0577692280 0.0945840874 0.8946758583 1.5495631101 0.0542747186 1.1318929352 0.9504655533
0.1917613158 1.2810361740 0.5509623644 1.0819463592 0.4095824102 0.0000000000 0.2556293372 0.7543443545 1.0254213760 0.5471964312 0.9464716927 3.6223823739 0.8915864571 0.4935944396
1.7084478966 3.0000554085 1.1992505871 0.5330906602 0.0086865244 0.2556293372 0.0000000000 0.7073649162 0.0062433329 4.1802864743 1.9139736922 0.2156967986 1.9977141073 1.1901155347
1.3737998690 0.3970217778 0.0990067365 0.6715108864 2.0577692280 0.7543443545 0.7073649162 0.0000000000 2.4103698975 1.4910711001 0.1036646629 1.3081032845 1.6380606542 0.2380726644
1.3196744046 0.4147537645 1.7574958470 2.3076991451 0.0945840874 1.0254213760 0.0062433329 2.4103698975 0.0000000000 0.0792289107 0.4037575902 0.0964620302 1.6525250262 0.1669224596
0.2661946232 2.8501465280 1.0785663396 0.8036299160 0.8946758583 0.5471964312 4.1802864743 1.4910711001 0.0792289107 0.0000000000 1.4359506648 0.5665926859 1.9208335627 1.5121790261
1.0367681147 0.7700846641 0.9219764627 0.6370642327 1.5495631101 0.9464716927 1.9139736922 0.1036646629 0.4037575902 1.4359506648 0.0000000000 1.0355239286 0.3340498562 0.5291027340
1.5880995046 3.2488632438 0.0986618015 2.6466426737 0.0542747186 3.6223823739 0.2156967986 1.3081032845 0.0964620302 0.5665926859 1.0355239286 0.0000000000 0.6228035695 3.4588370356
0.1275507926 0.3361458075 1.9858165088 1.2682642459 1.1318929352 0.8915864571 1.9977141073 1.6380606542 1.6525250262 1.9208335627 0.3340498562 0.6228035695 0.0000000000 2.3098188308
0.9598295889 3.9345470164 1.2364130732 0.0916383145 0.9504655533 0.4935944396 1.1901155347 0.2380726644 0.1669224596 1.5121790261 0.5291027340 3.4588370356 2.3098188308 0.0000000000
