# MCW Instance
# Type: EXPONENTIAL
# N: 14
# Optimal cost: 2.4763510153921136
# Optimal tour (permutation): [0, 10, 5, 4, 13, 7, 11, 1, 6, 9, 12, 8, 2, 3, 0]
# Optimal walk (full path): [0, 4, 5, 10, 5, 4, 13, 7, 11, 1, 11, 6, 9, 12, 8, 2, 3, 0]
# Walk size: 18
# Is walk (has repeats): true

# Distance Matrix
0.0000000000 1.3694933830 0.2649814285 0.0524840749 0.2038873174 2.2487648122 1.3498446961 0.6104420702 0.2605321269 1.5970852762 1.1854562597 0.6240928521 0.8508523296 1.8476839101
1.3694933830 0.0000000000 0.3961345752 3.1485126859 1.1406229189 1.5998621653 0.6408409188 0.8818213439 0.6382735179 1.2096321167 0.5582569277 0.2560069034 0.9194549478 0.5390914934
0.2649814285 0.3961345752 0.0000000000 0.0565346560 1.3683800014 1.0202868928 1.7327526724 0.6397183929 0.2555585925 0.2848771577 1.0460402213 0.1844296852 0.3946294550 0.1010348007
0.0524840749 3.1485126859 0.0565346560 0.0000000000 0.3249898316 0.6095583086 1.8874275729 3.5852748580 0.6662847713 1.4635791415 1.0880124524 0.3037333572 2.9268723050 0.5073671687
0.2038873174 1.1406229189 1.3683800014 0.3249898316 0.0000000000 0.0837108050 1.3123093893 0.6991879779 3.1016002663 0.5679857503 0.4101628779 1.2080334439 4.1066325072 0.1143679762
2.2487648122 1.5998621653 1.0202868928 0.6095583086 0.0837108050 0.0000000000 0.9560566907 1.4195525416 2.2094061304 0.7092431626 0.0465629458 0.2243135672 0.8900920414 0.6424921133
1.3498446961 0.6408409188 1.7327526724 1.8874275729 1.3123093893 0.9560566907 0.0000000000 1.0866863085 1.1592069269 0.0358447368 0.6785017799 0.1465883020 0.1030820259 0.1301065403
0.6104420702 0.8818213439 0.6397183929 3.5852748580 0.6991879779 1.4195525416 1.0866863085 0.0000000000 0.9674061039 0.5815932018 2.0980800972 0.3122847138 0.5553616695 0.2867487442
0.2605321269 0.6382735179 0.2555585925 0.6662847713 3.1016002663 2.2094061304 1.1592069269 0.9674061039 0.0000000000 1.1535501041 0.4610612954 0.5467896090 0.1938960340 2.4157685215
1.5970852762 1.2096321167 0.2848771577 1.4635791415 0.5679857503 0.7092431626 0.0358447368 0.5815932018 1.1535501041 0.0000000000 1.2155755383 0.4488404966 0.0455945592 0.3091814906
1.1854562597 0.5582569277 1.0460402213 1.0880124524 0.4101628779 0.0465629458 0.6785017799 2.0980800972 0.4610612954 1.2155755383 0.0000000000 1.6284779292 0.8159538803 0.5331721738
0.6240928521 0.2560069034 0.1844296852 0.3037333572 1.2080334439 0.2243135672 0.1465883020 0.3122847138 0.5467896090 0.4488404966 1.6284779292 0.0000000000 1.0551285057 0.3226390384
0.8508523296 0.9194549478 0.3946294550 2.9268723050 4.1066325072 0.8900920414 0.1030820259 0.5553616695 0.1938960340 0.0455945592 0.8159538803 1.0551285057 0.0000000000 1.6190921702
1.8476839101 0.5390914934 0.1010348007 0.5073671687 0.1143679762 0.6424921133 0.1301065403 0.2867487442 2.4157685215 0.3091814906 0.5331721738 0.3226390384 1.6190921702 0.0000000000
