# MCW Instance
# Type: EXPONENTIAL
# N: 14
# Optimal cost: 1.2738339210307839
# Optimal tour (permutation): [0, 4, 11, 5, 3, 7, 2, 9, 12, 8, 13, 10, 6, 1, 0]
# Optimal walk (full path): [0, 4, 0, 11, 5, 3, 7, 2, 9, 8, 12, 8, 10, 13, 10, 6, 1, 0]
# Walk size: 18
# Is walk (has repeats): true

# Distance Matrix
0.0000000000 0.0783512056 1.5453913188 0.6346239303 0.0481591754 0.2988549358 1.0119344272 1.4329454666 2.0493564722 0.5531778003 0.0661114492 0.1921176419 0.5172551291 0.1746386202
0.0783512056 0.0000000000 0.4817229101 2.0735866762 0.3662925857 0.1492611937 0.0293175866 0.5475409816 1.7808892981 0.2142816054 0.5997020507 0.3443615751 0.1108994679 1.0076827221
1.5453913188 0.4817229101 0.0000000000 1.0767969646 0.9222166430 0.4830237820 0.4982882435 0.1603249706 3.3201870420 0.1484118776 0.4860532199 1.2649304928 1.2274083090 1.6988084455
0.6346239303 2.0735866762 1.0767969646 0.0000000000 1.2268684174 0.1071757164 2.7043270616 0.1336504866 0.9288988946 0.2254212262 1.3743913647 1.2578448046 2.9189255086 0.1809297402
0.0481591754 0.3662925857 0.9222166430 1.2268684174 0.0000000000 1.4385399600 0.2957635000 1.8908952478 0.6900871686 0.6378177615 2.5880945379 0.5656249294 2.3400357723 0.4209656197
0.2988549358 0.1492611937 0.4830237820 0.1071757164 1.4385399600 0.0000000000 0.7822579060 0.1765546370 0.8165828176 0.9099670073 1.1864016471 0.1423405022 0.1009405928 0.5412900221
1.0119344272 0.0293175866 0.4982882435 2.7043270616 0.2957635000 0.7822579060 0.0000000000 0.5200621703 1.2134301840 1.0645574781 0.0276302711 0.1629743335 0.3793919016 3.1651779025
1.4329454666 0.5475409816 0.1603249706 0.1336504866 1.8908952478 0.1765546370 0.5200621703 0.0000000000 0.5476615537 0.2853878317 0.0010219235 0.8027004594 1.5003265927 3.5364421601
2.0493564722 1.7808892981 3.3201870420 0.9288988946 0.6900871686 0.8165828176 1.2134301840 0.5476615537 0.0000000000 0.0070844882 0.0140921249 0.6748385214 0.0236647675 0.2889572638
0.5531778003 0.2142816054 0.1484118776 0.2254212262 0.6378177615 0.9099670073 1.0645574781 0.2853878317 0.0070844882 0.0000000000 0.1406217487 0.8832408322 0.5197841787 1.5570364499
0.0661114492 0.5997020507 0.4860532199 1.3743913647 2.5880945379 1.1864016471 0.0276302711 0.0010219235 0.0140921249 0.1406217487 0.0000000000 1.7139326436 1.3143640676 0.0448445818
0.1921176419 0.3443615751 1.2649304928 1.2578448046 0.5656249294 0.1423405022 0.1629743335 0.8027004594 0.6748385214 0.8832408322 1.7139326436 0.0000000000 0.3707545517 1.6875194097
0.5172551291 0.1108994679 1.2274083090 2.9189255086 2.3400357723 0.1009405928 0.3793919016 1.5003265927 0.0236647675 0.5197841787 1.3143640676 0.3707545517 0.0000000000 0.5726645725
0.1746386202 1.0076827221 1.6988084455 0.1809297402 0.4209656197 0.5412900221 3.1651779025 3.5364421601 0.2889572638 1.5570364499 0.0448445818 1.6875194097 0.5726645725 0.0000000000
