# MCW Instance
# Type: EXPONENTIAL
# N: 14
# Optimal cost: 1.8604603151367425
# Optimal tour (permutation): [0, 13, 1, 4, 7, 9, 12, 3, 8, 11, 2, 6, 10, 5, 0]
# Optimal walk (full path): [0, 13, 1, 4, 7, 9, 12, 3, 8, 2, 11, 2, 8, 6, 8, 10, 0, 5, 0]
# Walk size: 19
# Is walk (has repeats): true

# Distance Matrix
0.0000000000 0.1980637199 0.9213942311 0.5422275503 0.0316088381 0.1066310294 1.1603927909 3.0219437304 0.2772104535 1.6491946356 0.1302952770 1.0010201805 0.3699502298 0.0439041444
0.1980637199 0.0000000000 1.3090574605 0.4301128014 0.1345441783 0.4261568783 1.4402983348 0.2015098509 0.2659467604 0.3983473633 0.7058324252 2.0255350238 0.6829938365 0.0716520273
0.9213942311 1.3090574605 0.0000000000 1.6010532704 0.2325050735 0.2089974178 0.1982524356 0.6179684120 0.0517830870 1.2109527054 3.0591971757 0.0135895676 2.6308589292 0.7777505643
0.5422275503 0.4301128014 1.6010532704 0.0000000000 0.2945397998 4.1998443095 0.9775232240 2.8192778818 0.3441830274 0.9110681835 3.8144117506 3.8093717884 0.1523797369 0.8900148280
0.0316088381 0.1345441783 0.2325050735 0.2945397998 0.0000000000 5.7640160541 1.2004651529 0.0132332704 0.6188233003 2.3735206897 0.6145627083 0.6666729963 0.7071721068 0.1451164416
0.1066310294 0.4261568783 0.2089974178 4.1998443095 5.7640160541 0.0000000000 0.4464257938 1.0114646246 0.7865652516 0.3943003009 0.5060880145 1.6540191766 0.5356720076 0.5247956024
1.1603927909 1.4402983348 0.1982524356 0.9775232240 1.2004651529 0.4464257938 0.0000000000 1.1701115813 0.0036519261 2.7769324562 0.5449021584 3.1535703394 0.3076843013 0.2438955114
3.0219437304 0.2015098509 0.6179684120 2.8192778818 0.0132332704 1.0114646246 1.1701115813 0.0000000000 0.3020353584 0.2561313439 0.2467956196 2.0858673492 1.6093055369 0.9160611892
0.2772104535 0.2659467604 0.0517830870 0.3441830274 0.6188233003 0.7865652516 0.0036519261 0.3020353584 0.0000000000 2.4893474944 0.0815240054 1.6044933190 1.7162774495 0.5766483649
1.6491946356 0.3983473633 1.2109527054 0.9110681835 2.3735206897 0.3943003009 2.7769324562 0.2561313439 2.4893474944 0.0000000000 2.5859039410 2.4518646843 0.2813020839 0.3274701850
0.1302952770 0.7058324252 3.0591971757 3.8144117506 0.6145627083 0.5060880145 0.5449021584 0.2467956196 0.0815240054 2.5859039410 0.0000000000 0.1723529730 1.0444142977 1.7919791562
1.0010201805 2.0255350238 0.0135895676 3.8093717884 0.6666729963 1.6540191766 3.1535703394 2.0858673492 1.6044933190 2.4518646843 0.1723529730 0.0000000000 0.5662433368 2.6108073572
0.3699502298 0.6829938365 2.6308589292 0.1523797369 0.7071721068 0.5356720076 0.3076843013 1.6093055369 1.7162774495 0.2813020839 1.0444142977 0.5662433368 0.0000000000 0.6837548482
0.0439041444 0.0716520273 0.7777505643 0.8900148280 0.1451164416 0.5247956024 0.2438955114 0.9160611892 0.5766483649 0.3274701850 1.7919791562 2.6108073572 0.6837548482 0.0000000000
