# MCW Instance
# Type: EXPONENTIAL
# N: 14
# Optimal cost: 2.234082776360173
# Optimal tour (permutation): [0, 13, 10, 6, 4, 2, 8, 7, 9, 12, 1, 3, 11, 5, 0]
# Optimal walk (full path): [0, 13, 6, 10, 6, 2, 4, 2, 7, 8, 7, 9, 12, 1, 12, 3, 11, 5, 0]
# Walk size: 19
# Is walk (has repeats): true

# Distance Matrix
0.0000000000 1.8097558879 0.4426241808 0.8025651722 2.2617394230 0.1564663927 0.5246574906 0.8673523963 0.3740978566 1.0843652523 0.4482147180 3.1074325132 0.1967982196 0.4061738651
1.8097558879 0.0000000000 1.1446439083 0.9717290026 1.4356240571 0.9467345818 2.3726935316 0.2654051646 1.9071736611 0.8842496180 1.4277898185 0.9239939261 0.1387351378 1.2246537212
0.4426241808 1.1446439083 0.0000000000 0.8445769578 0.0714257092 1.0627636344 0.0772731560 0.1306523116 1.1800080047 0.3183005312 1.3627979366 0.4053962240 2.1782823466 2.6083815097
0.8025651722 0.9717290026 0.8445769578 0.0000000000 0.8907450614 0.5525145867 0.0096673451 0.7061635855 0.4023080834 0.9093928639 1.2457523820 0.1135465367 0.0232779146 0.8157551742
2.2617394230 1.4356240571 0.0714257092 0.8907450614 0.0000000000 0.4022905892 0.3395781074 1.9286792069 0.9959934109 0.5497874636 0.2427919233 0.5564371200 0.9452193220 0.9505128199
0.1564663927 0.9467345818 1.0627636344 0.5525145867 0.4022905892 0.0000000000 0.4700806048 1.4130139012 3.0724315283 0.3522969802 1.9857626620 0.1583799748 0.4587389546 0.4441965017
0.5246574906 2.3726935316 0.0772731560 0.0096673451 0.3395781074 0.4700806048 0.0000000000 0.1663050711 1.2164795944 0.5337250694 0.0214870539 0.9833311212 1.3483984631 0.2347434205
0.8673523963 0.2654051646 0.1306523116 0.7061635855 1.9286792069 1.4130139012 0.1663050711 0.0000000000 0.1235386399 0.0717882209 0.6926324661 3.0984222725 0.8413796935 1.8452096478
0.3740978566 1.9071736611 1.1800080047 0.4023080834 0.9959934109 3.0724315283 1.2164795944 0.1235386399 0.0000000000 1.0764425555 0.8309350644 1.0536497532 0.4541778395 1.8240647185
1.0843652523 0.8842496180 0.3183005312 0.9093928639 0.5497874636 0.3522969802 0.5337250694 0.0717882209 1.0764425555 0.0000000000 0.4133869318 0.9297531685 0.1514079018 2.4087854760
0.4482147180 1.4277898185 1.3627979366 1.2457523820 0.2427919233 1.9857626620 0.0214870539 0.6926324661 0.8309350644 0.4133869318 0.0000000000 0.3232818890 0.8370994702 0.8018812953
3.1074325132 0.9239939261 0.4053962240 0.1135465367 0.5564371200 0.1583799748 0.9833311212 3.0984222725 1.0536497532 0.9297531685 0.3232818890 0.0000000000 0.2831913665 0.3768668083
0.1967982196 0.1387351378 2.1782823466 0.0232779146 0.9452193220 0.4587389546 1.3483984631 0.8413796935 0.4541778395 0.1514079018 0.8370994702 0.2831913665 0.0000000000 0.4077476930
0.4061738651 1.2246537212 2.6083815097 0.8157551742 0.9505128199 0.4441965017 0.2347434205 1.8452096478 1.8240647185 2.4087854760 0.8018812953 0.3768668083 0.4077476930 0.0000000000
