# MCW Instance
# Type: EXPONENTIAL
# N: 14
# Optimal cost: 1.5827816485468928
# Optimal tour (permutation): [0, 6, 11, 10, 9, 4, 12, 13, 7, 2, 8, 5, 3, 1, 0]
# Optimal walk (full path): [0, 6, 11, 10, 9, 4, 12, 4, 13, 7, 13, 2, 6, 5, 8, 5, 1, 3, 1, 0]
# Walk size: 20
# Is walk (has repeats): true

# Distance Matrix
0.0000000000 0.0843511830 0.8832422171 3.8096751046 0.2435061282 1.3292398696 0.0376326611 0.1054289062 1.9958789178 0.6410020651 1.4062692963 0.7073116042 1.1844571591 1.2016309825
0.0843511830 0.0000000000 0.2110402633 0.2321661315 0.1510403725 0.0463135251 0.3653917476 0.2241336167 1.6387566491 4.6458466318 1.3180097923 3.3167820787 0.5019750781 0.9534235366
0.8832422171 0.2110402633 0.0000000000 0.4126831338 0.1446705265 1.5427629152 0.0047054863 0.1150033298 1.1673138044 0.5472157992 0.5621490294 0.1720945431 1.3508520053 0.0040987093
3.8096751046 0.2321661315 0.4126831338 0.0000000000 1.5049064066 1.1647509150 0.3066226616 2.1949782231 2.2919471113 1.2320727751 0.5610463836 0.5567106349 0.5932291702 0.4777124237
0.2435061282 0.1510403725 0.1446705265 1.5049064066 0.0000000000 4.0014041941 3.7034211017 0.7477647076 2.3702402107 0.0469879274 0.2577393573 2.8691209932 0.0105629540 0.0294505374
1.3292398696 0.0463135251 1.5427629152 1.1647509150 4.0014041941 0.0000000000 0.0269239647 0.1804112024 0.1668785795 1.7697689317 1.8734101468 0.1412595591 1.8230859346 0.5026445928
0.0376326611 0.3653917476 0.0047054863 0.3066226616 3.7034211017 0.0269239647 0.0000000000 1.1010377055 2.5214958471 0.7193828270 1.5047937344 0.0862663086 2.1545959603 1.8070646267
0.1054289062 0.2241336167 0.1150033298 2.1949782231 0.7477647076 0.1804112024 1.1010377055 0.0000000000 0.2670789000 0.0714210633 0.3709223299 0.3771577359 0.8675346725 0.0192269051
1.9958789178 1.6387566491 1.1673138044 2.2919471113 2.3702402107 0.1668785795 2.5214958471 0.2670789000 0.0000000000 1.5701418463 0.9588322381 3.6084740050 0.3639715917 0.7624727244
0.6410020651 4.6458466318 0.5472157992 1.2320727751 0.0469879274 1.7697689317 0.7193828270 0.0714210633 1.5701418463 0.0000000000 0.2080169280 0.7528869783 1.9564485682 0.7013512209
1.4062692963 1.3180097923 0.5621490294 0.5610463836 0.2577393573 1.8734101468 1.5047937344 0.3709223299 0.9588322381 0.2080169280 0.0000000000 0.1503652772 1.1754927865 5.2729579890
0.7073116042 3.3167820787 0.1720945431 0.5567106349 2.8691209932 0.1412595591 0.0862663086 0.3771577359 3.6084740050 0.7528869783 0.1503652772 0.0000000000 2.6634703681 1.5211660887
1.1844571591 0.5019750781 1.3508520053 0.5932291702 0.0105629540 1.8230859346 2.1545959603 0.8675346725 0.3639715917 1.9564485682 1.1754927865 2.6634703681 0.0000000000 0.0756190849
1.2016309825 0.9534235366 0.0040987093 0.4777124237 0.0294505374 0.5026445928 1.8070646267 0.0192269051 0.7624727244 0.7013512209 5.2729579890 1.5211660887 0.0756190849 0.0000000000
