# MCW Instance
# Type: EXPONENTIAL
# N: 14
# Optimal cost: 2.2753421328935826
# Optimal tour (permutation): [0, 11, 7, 10, 9, 2, 6, 8, 1, 12, 5, 3, 13, 4, 0]
# Optimal walk (full path): [0, 11, 0, 4, 7, 10, 9, 2, 6, 8, 1, 12, 5, 3, 5, 13, 4, 0]
# Walk size: 18
# Is walk (has repeats): true

# Distance Matrix
0.0000000000 1.3784713967 0.1866492061 0.9830431981 0.0059430271 1.9640855045 0.1778604355 0.2190177296 4.8132219006 0.2031548209 0.3235067266 0.0052124677 1.5054594794 0.7304332743
1.3784713967 0.0000000000 1.5166463636 0.6768955118 0.3071547450 0.4027079231 0.4902417839 1.3685449443 0.2588998661 1.9435595054 0.7380286683 0.2916304394 0.3036147460 1.1114870785
0.1866492061 1.5166463636 0.0000000000 0.3779007710 0.2971688937 0.8070941762 0.2271707184 1.2499488719 0.9949816613 0.2118915118 1.3221106811 0.2116413233 1.5708135032 2.2726013147
0.9830431981 0.6768955118 0.3779007710 0.0000000000 1.7540001216 0.1598793816 0.9413931217 0.4698981613 1.7664234323 0.3047734641 0.5240140615 1.2489131826 5.2737685995 1.2440543315
0.0059430271 0.3071547450 0.2971688937 1.7540001216 0.0000000000 0.1999314503 1.0097130170 0.0675030233 0.5169734092 1.9814662571 1.3102859090 0.9614195353 0.1182125151 0.0166510768
1.9640855045 0.4027079231 0.8070941762 0.1598793816 0.1999314503 0.0000000000 0.1884323479 0.3808768622 1.0795214568 1.0918748228 2.0563840432 0.3154421087 0.1436276497 0.0115596586
0.1778604355 0.4902417839 0.2271707184 0.9413931217 1.0097130170 0.1884323479 0.0000000000 0.5727377109 0.0581565330 0.5143426111 1.4056912881 1.5061604417 0.9804782203 0.1482476622
0.2190177296 1.3685449443 1.2499488719 0.4698981613 0.0675030233 0.3808768622 0.5727377109 0.0000000000 0.3333980738 1.4558590028 0.2341417292 2.2090943274 0.7628619001 1.5976817297
4.8132219006 0.2588998661 0.9949816613 1.7664234323 0.5169734092 1.0795214568 0.0581565330 0.3333980738 0.0000000000 0.8550796531 1.2602434033 0.6457150855 1.4972434487 0.5678948672
0.2031548209 1.9435595054 0.2118915118 0.3047734641 1.9814662571 1.0918748228 0.5143426111 1.4558590028 0.8550796531 0.0000000000 0.4000558675 0.2415597766 0.8801301075 0.9020516959
0.3235067266 0.7380286683 1.3221106811 0.5240140615 1.3102859090 2.0563840432 1.4056912881 0.2341417292 1.2602434033 0.4000558675 0.0000000000 1.2729696192 0.6244742043 1.3871001396
0.0052124677 0.2916304394 0.2116413233 1.2489131826 0.9614195353 0.3154421087 1.5061604417 2.2090943274 0.6457150855 0.2415597766 1.2729696192 0.0000000000 0.6967116677 1.2891357714
1.5054594794 0.3036147460 1.5708135032 5.2737685995 0.1182125151 0.1436276497 0.9804782203 0.7628619001 1.4972434487 0.8801301075 0.6244742043 0.6967116677 0.0000000000 1.2847694075
0.7304332743 1.1114870785 2.2726013147 1.2440543315 0.0166510768 0.0115596586 0.1482476622 1.5976817297 0.5678948672 0.9020516959 1.3871001396 1.2891357714 1.2847694075 0.0000000000
