# MCW Instance
# Type: EXPONENTIAL
# N: 14
# Optimal cost: 1.1451481531030987
# Optimal tour (permutation): [0, 9, 10, 1, 2, 13, 8, 3, 4, 12, 5, 11, 6, 7, 0]
# Optimal walk (full path): [0, 9, 10, 1, 10, 2, 13, 8, 3, 4, 12, 5, 11, 6, 11, 7, 9, 0]
# Walk size: 18
# Is walk (has repeats): true

# Distance Matrix
0.0000000000 0.3947700788 0.2272779083 0.4812113296 0.3984147909 4.2580095097 1.3099062722 1.7567300591 2.6373019462 0.1278278822 0.3400958055 0.5782078027 1.2649788575 2.8275479682
0.3947700788 0.0000000000 2.3766962267 0.2915081011 1.7881532932 0.5162150707 0.7779195331 3.3340867997 5.2715071491 2.3289682986 0.0118462681 0.2524193358 1.0385012899 0.5645999490
0.2272779083 2.3766962267 0.0000000000 0.4521577557 1.0870919274 0.9258613814 0.4828172278 2.8307427411 0.2107983953 1.2916036831 0.0538892845 0.4472353149 0.5597134081 0.0443179938
0.4812113296 0.2915081011 0.4521577557 0.0000000000 0.0268088006 2.3188324804 0.4696972939 1.9148002746 0.0774342939 1.3518806232 0.2971480695 0.2941659640 1.9774601627 2.2569813688
0.3984147909 1.7881532932 1.0870919274 0.0268088006 0.0000000000 0.3755425338 1.3994796755 1.5336814222 1.1516259964 1.1988287283 0.8718359372 0.6956759661 0.0357676986 0.0236102487
4.2580095097 0.5162150707 0.9258613814 2.3188324804 0.3755425338 0.0000000000 0.8949658450 0.3228443580 3.3849553242 0.0800559990 1.1401357723 0.0809829897 0.1428538616 0.1559411703
1.3099062722 0.7779195331 0.4828172278 0.4696972939 1.3994796755 0.8949658450 0.0000000000 3.0257377386 0.6949339312 0.5669062144 2.9293980321 0.0084642856 2.9438597326 0.2904029989
1.7567300591 3.3340867997 2.8307427411 1.9148002746 1.5336814222 0.3228443580 3.0257377386 0.0000000000 1.0233694119 0.0588106234 0.2212175282 0.1234774996 0.7081421336 1.4947037192
2.6373019462 5.2715071491 0.2107983953 0.0774342939 1.1516259964 3.3849553242 0.6949339312 1.0233694119 0.0000000000 0.5964496473 0.1762892181 2.5531166777 0.2630926015 0.1248976351
0.1278278822 2.3289682986 1.2916036831 1.3518806232 1.1988287283 0.0800559990 0.5669062144 0.0588106234 0.5964496473 0.0000000000 0.0796306004 3.0889254681 0.6503014948 0.2945727313
0.3400958055 0.0118462681 0.0538892845 0.2971480695 0.8718359372 1.1401357723 2.9293980321 0.2212175282 0.1762892181 0.0796306004 0.0000000000 2.2180133823 0.6499925513 1.9161285640
0.5782078027 0.2524193358 0.4472353149 0.2941659640 0.6956759661 0.0809829897 0.0084642856 0.1234774996 2.5531166777 3.0889254681 2.2180133823 0.0000000000 0.2095388305 0.3246716253
1.2649788575 1.0385012899 0.5597134081 1.9774601627 0.0357676986 0.1428538616 2.9438597326 0.7081421336 0.2630926015 0.6503014948 0.6499925513 0.2095388305 0.0000000000 3.9868926562
2.8275479682 0.5645999490 0.0443179938 2.2569813688 0.0236102487 0.1559411703 0.2904029989 1.4947037192 0.1248976351 0.2945727313 1.9161285640 0.3246716253 3.9868926562 0.0000000000
