# MCW Instance
# Type: EXPONENTIAL
# N: 14
# Optimal cost: 1.986442151012749
# Optimal tour (permutation): [0, 9, 1, 4, 10, 5, 13, 6, 11, 12, 7, 3, 8, 2, 0]
# Optimal walk (full path): [0, 9, 1, 4, 10, 5, 10, 13, 6, 13, 11, 12, 3, 7, 3, 10, 8, 2, 0]
# Walk size: 19
# Is walk (has repeats): true

# Distance Matrix
0.0000000000 0.9331825188 0.2386484552 2.3156785537 0.0359639624 1.0082226591 1.3144166036 3.2647003274 0.3108195581 0.0932320619 1.0652355270 1.7121827733 0.8664427313 0.6565847564
0.9331825188 0.0000000000 1.3117004203 0.1509144703 0.0829694507 0.4484845510 0.5349658121 0.4136187158 0.4600052389 0.0881761270 0.7436980171 0.3557416828 1.4028674871 2.7260559376
0.2386484552 1.3117004203 0.0000000000 3.9142409259 1.6517572309 1.5245505270 1.1551720022 0.6500663268 0.2223623022 0.3758862593 2.9409693791 0.6140171437 4.3378282003 0.6720208799
2.3156785537 0.1509144703 3.9142409259 0.0000000000 0.2328350536 1.2855661121 0.3980398485 0.1221669228 0.3312161526 0.9945589113 0.0019253452 0.1800704956 0.0227238041 2.1284691461
0.0359639624 0.0829694507 1.6517572309 0.2328350536 0.0000000000 0.2377127872 0.4439301969 0.7190911897 0.7555464312 2.7785171331 0.0060725376 1.0485833166 4.7349565467 1.3565653937
1.0082226591 0.4484845510 1.5245505270 1.2855661121 0.2377127872 0.0000000000 0.9476009948 3.5100618193 0.7002061431 2.3362558085 0.0552910937 1.7056592609 1.3164866911 0.7113621335
1.3144166036 0.5349658121 1.1551720022 0.3980398485 0.4439301969 0.9476009948 0.0000000000 0.6769291248 0.6123204555 2.4301285529 1.1162693430 0.8462278189 0.7754848998 0.2637104865
3.2647003274 0.4136187158 0.6500663268 0.1221669228 0.7190911897 3.5100618193 0.6769291248 0.0000000000 0.4124759364 2.0060528152 0.5257372226 2.9075663869 0.2878299978 4.1323402536
0.3108195581 0.4600052389 0.2223623022 0.3312161526 0.7555464312 0.7002061431 0.6123204555 0.4124759364 0.0000000000 0.1069203671 0.0505036220 0.7538197804 0.2474651190 0.7172542923
0.0932320619 0.0881761270 0.3758862593 0.9945589113 2.7785171331 2.3362558085 2.4301285529 2.0060528152 0.1069203671 0.0000000000 0.2520564560 3.1352031213 0.1503150899 0.1627711023
1.0652355270 0.7436980171 2.9409693791 0.0019253452 0.0060725376 0.0552910937 1.1162693430 0.5257372226 0.0505036220 0.2520564560 0.0000000000 0.1416376133 0.7024070040 0.0589878078
1.7121827733 0.3557416828 0.6140171437 0.1800704956 1.0485833166 1.7056592609 0.8462278189 2.9075663869 0.7538197804 3.1352031213 0.1416376133 0.0000000000 0.1026952836 0.1358083477
0.8664427313 1.4028674871 4.3378282003 0.0227238041 4.7349565467 1.3164866911 0.7754848998 0.2878299978 0.2474651190 0.1503150899 0.7024070040 0.1026952836 0.0000000000 2.1307946376
0.6565847564 2.7260559376 0.6720208799 2.1284691461 1.3565653937 0.7113621335 0.2637104865 4.1323402536 0.7172542923 0.1627711023 0.0589878078 0.1358083477 2.1307946376 0.0000000000
