# MCW Instance
# Type: EXPONENTIAL
# N: 14
# Optimal cost: 1.355256076632601
# Optimal tour (permutation): [0, 6, 1, 4, 13, 9, 3, 7, 5, 11, 10, 12, 8, 2, 0]
# Optimal walk (full path): [0, 2, 6, 1, 4, 9, 13, 9, 3, 7, 5, 11, 10, 11, 12, 8, 2, 0]
# Walk size: 18
# Is walk (has repeats): true

# Distance Matrix
0.0000000000 2.0593409713 0.0500030853 3.2225983500 0.4218499034 2.4724116637 0.2701997144 0.3146834765 0.7029188781 1.3313320681 1.2679179671 0.4329205068 1.0919956495 0.7482961702
2.0593409713 0.0000000000 0.0231007237 0.1383483947 0.1074837561 0.6564251057 0.0472987911 2.2201315509 2.3782529782 0.2939397858 0.8651631191 0.4026577973 0.7761849211 0.6577628755
0.0500030853 0.0231007237 0.0000000000 2.6956416490 0.1691609735 3.1582894261 0.0482926653 0.2418250521 0.0615256144 0.2752704229 0.8798654505 0.5748977065 2.6215385343 0.1712204543
3.2225983500 0.1383483947 2.6956416490 0.0000000000 0.3032270562 0.3520625657 0.5653441649 0.1904783017 0.2458053504 0.1952549214 1.7879141141 5.6437519879 0.2211303850 1.0225406930
0.4218499034 0.1074837561 0.1691609735 0.3032270562 0.0000000000 1.0508513564 1.9849434208 1.5117308110 0.5657573559 0.0788527265 0.5502884704 0.3763556222 1.7654165585 0.5532308633
2.4724116637 0.6564251057 3.1582894261 0.3520625657 1.0508513564 0.0000000000 0.3138217021 0.1828046134 3.1735445705 1.1495516048 1.8609422434 0.0865389097 0.8895682934 0.2280468902
0.2701997144 0.0472987911 0.0482926653 0.5653441649 1.9849434208 0.3138217021 0.0000000000 1.3405632525 0.7626715666 1.4695911004 2.5070986125 0.1387081997 1.3443024920 0.9203445333
0.3146834765 2.2201315509 0.2418250521 0.1904783017 1.5117308110 0.1828046134 1.3405632525 0.0000000000 8.8614283475 0.5989357079 0.9785594652 0.4905841345 1.5011835185 0.2045296121
0.7029188781 2.3782529782 0.0615256144 0.2458053504 0.5657573559 3.1735445705 0.7626715666 8.8614283475 0.0000000000 0.4434698246 0.4698395055 1.8552489183 0.0776769848 0.3420397427
1.3313320681 0.2939397858 0.2752704229 0.1952549214 0.0788527265 1.1495516048 1.4695911004 0.5989357079 0.4434698246 0.0000000000 0.3678390195 1.2785745812 2.4882325401 0.0115869552
1.2679179671 0.8651631191 0.8798654505 1.7879141141 0.5502884704 1.8609422434 2.5070986125 0.9785594652 0.4698395055 0.3678390195 0.0000000000 0.0653608182 0.1656811004 0.8132617304
0.4329205068 0.4026577973 0.5748977065 5.6437519879 0.3763556222 0.0865389097 0.1387081997 0.4905841345 1.8552489183 1.2785745812 0.0653608182 0.0000000000 0.0251470748 1.2015526642
1.0919956495 0.7761849211 2.6215385343 0.2211303850 1.7654165585 0.8895682934 1.3443024920 1.5011835185 0.0776769848 2.4882325401 0.1656811004 0.0251470748 0.0000000000 0.0690168648
0.7482961702 0.6577628755 0.1712204543 1.0225406930 0.5532308633 0.2280468902 0.9203445333 0.2045296121 0.3420397427 0.0115869552 0.8132617304 1.2015526642 0.0690168648 0.0000000000
