# MCW Instance
# Type: EXPONENTIAL
# N: 14
# Optimal cost: 1.6679383172464362
# Optimal tour (permutation): [0, 7, 9, 8, 5, 12, 2, 3, 4, 13, 10, 11, 6, 1, 0]
# Optimal walk (full path): [0, 7, 9, 8, 5, 12, 2, 3, 4, 13, 10, 6, 11, 6, 1, 0]
# Walk size: 16
# Is walk (has repeats): true

# Distance Matrix
0.0000000000 0.0587306916 3.0108419128 1.3038823267 2.2502769206 0.2823844250 3.0570710679 0.1722761648 0.2366082393 0.3792291364 0.9819714489 0.1425008550 0.2061040540 0.8634263351
0.0587306916 0.0000000000 1.1284152434 0.8618936998 1.1316831446 1.3778814072 0.0861535985 1.2404674285 0.5935452856 0.7845425877 0.6466428775 1.9498277613 1.1201924672 0.2222212559
3.0108419128 1.1284152434 0.0000000000 0.2692556975 2.1282350041 2.8432205619 0.4999773101 1.4043200647 0.5803349830 2.5591844987 0.8902672840 0.1971426223 0.0368553121 1.0148581872
1.3038823267 0.8618936998 0.2692556975 0.0000000000 0.0203116911 1.4972330116 1.6330490950 0.6166855273 0.8891012741 3.0436322402 0.4005803308 1.5197689966 1.4718282715 2.0813330170
2.2502769206 1.1316831446 2.1282350041 0.0203116911 0.0000000000 0.3873537457 0.8270735925 0.2073304871 0.9053929339 1.9409391509 1.9051614459 2.5051751110 0.7684336242 0.0472986193
0.2823844250 1.3778814072 2.8432205619 1.4972330116 0.3873537457 0.0000000000 1.1474883695 1.3865190131 0.2626035274 0.4803580613 1.2463869638 0.7309703537 0.2655745888 1.3631374298
3.0570710679 0.0861535985 0.4999773101 1.6330490950 0.8270735925 1.1474883695 0.0000000000 0.4126837257 0.5343512542 0.2067027896 0.0394610511 0.0381180134 0.9575634572 0.1641414154
0.1722761648 1.2404674285 1.4043200647 0.6166855273 0.2073304871 1.3865190131 0.4126837257 0.0000000000 1.1107508803 0.1564377109 2.4687527366 0.5334876978 1.0425100604 0.3697461333
0.2366082393 0.5935452856 0.5803349830 0.8891012741 0.9053929339 0.2626035274 0.5343512542 1.1107508803 0.0000000000 0.0329502121 0.1896048191 2.3365936767 0.5651618443 0.2252330195
0.3792291364 0.7845425877 2.5591844987 3.0436322402 1.9409391509 0.4803580613 0.2067027896 0.1564377109 0.0329502121 0.0000000000 1.1905556734 0.8300917969 3.6321598086 0.2240159926
0.9819714489 0.6466428775 0.8902672840 0.4005803308 1.9051614459 1.2463869638 0.0394610511 2.4687527366 0.1896048191 1.1905556734 0.0000000000 1.4012409898 0.2929737608 0.1437934251
0.1425008550 1.9498277613 0.1971426223 1.5197689966 2.5051751110 0.7309703537 0.0381180134 0.5334876978 2.3365936767 0.8300917969 1.4012409898 0.0000000000 0.5499278959 0.5382207731
0.2061040540 1.1201924672 0.0368553121 1.4718282715 0.7684336242 0.2655745888 0.9575634572 1.0425100604 0.5651618443 3.6321598086 0.2929737608 0.5499278959 0.0000000000 0.2570760773
0.8634263351 0.2222212559 1.0148581872 2.0813330170 0.0472986193 1.3631374298 0.1641414154 0.3697461333 0.2252330195 0.2240159926 0.1437934251 0.5382207731 0.2570760773 0.0000000000
