# MCW Instance
# Type: EXPONENTIAL
# N: 14
# Optimal cost: 2.1762664995468435
# Optimal tour (permutation): [0, 13, 11, 7, 1, 10, 6, 12, 8, 9, 5, 4, 3, 2, 0]
# Optimal walk (full path): [0, 13, 11, 7, 1, 6, 10, 6, 12, 8, 9, 2, 5, 2, 4, 2, 3, 2, 0]
# Walk size: 19
# Is walk (has repeats): true

# Distance Matrix
0.0000000000 0.3777555622 0.0918848628 1.4120737158 0.4418635132 1.1152822023 0.5484227322 4.1292929412 2.7277161728 0.2573920341 6.2950135374 0.6518841918 0.1339587540 0.1593560297
0.3777555622 0.0000000000 0.1898755192 0.8426656968 0.8609097404 0.4919970878 0.1739452418 0.2283693896 0.2864684986 3.9826429921 0.3293615940 0.8683656464 2.4706555885 1.3200725196
0.0918848628 0.1898755192 0.0000000000 0.0156922882 0.0773018271 0.0731930948 2.5081406297 0.4724680655 0.4124346297 0.0060652617 0.8141721102 0.4838649815 0.6064181523 1.2728193732
1.4120737158 0.8426656968 0.0156922882 0.0000000000 0.1739562984 0.2113491355 2.0047007207 0.2613456804 0.5558713289 1.2538861003 0.4531575742 1.6591495724 0.2445343428 0.6209861174
0.4418635132 0.8609097404 0.0773018271 0.1739562984 0.0000000000 1.8834663063 1.0347572229 0.3159088071 0.9456601678 1.0430552510 0.5341861294 0.8491142656 0.3633428258 0.2569371194
1.1152822023 0.4919970878 0.0731930948 0.2113491355 1.8834663063 0.0000000000 0.4175790216 3.1398818375 0.7993942162 1.3138349510 0.4093708305 0.7934564067 0.0813847491 0.5013026461
0.5484227322 0.1739452418 2.5081406297 2.0047007207 1.0347572229 0.4175790216 0.0000000000 2.7613700974 2.0502236811 5.0676451170 0.0692118993 2.5171187144 0.0513790271 0.1103357042
4.1292929412 0.2283693896 0.4724680655 0.2613456804 0.3159088071 3.1398818375 2.7613700974 0.0000000000 0.2493600964 0.8636599588 0.3626403969 0.4143988842 0.9310770894 2.3442419556
2.7277161728 0.2864684986 0.4124346297 0.5558713289 0.9456601678 0.7993942162 2.0502236811 0.2493600964 0.0000000000 0.1026045639 1.4878257791 0.4725887945 0.0957363501 1.0798914322
0.2573920341 3.9826429921 0.0060652617 1.2538861003 1.0430552510 1.3138349510 5.0676451170 0.8636599588 0.1026045639 0.0000000000 0.5014212324 2.3392248106 0.0880458413 0.3432562004
6.2950135374 0.3293615940 0.8141721102 0.4531575742 0.5341861294 0.4093708305 0.0692118993 0.3626403969 1.4878257791 0.5014212324 0.0000000000 2.0530940768 1.1408486943 0.1586515596
0.6518841918 0.8683656464 0.4838649815 1.6591495724 0.8491142656 0.7934564067 2.5171187144 0.4143988842 0.4725887945 2.3392248106 2.0530940768 0.0000000000 1.5654994076 0.3817286694
0.1339587540 2.4706555885 0.6064181523 0.2445343428 0.3633428258 0.0813847491 0.0513790271 0.9310770894 0.0957363501 0.0880458413 1.1408486943 1.5654994076 0.0000000000 1.2096909972
0.1593560297 1.3200725196 1.2728193732 0.6209861174 0.2569371194 0.5013026461 0.1103357042 2.3442419556 1.0798914322 0.3432562004 0.1586515596 0.3817286694 1.2096909972 0.0000000000
