# MCW Instance
# Type: EXPONENTIAL
# N: 14
# Optimal cost: 2.0170197435243677
# Optimal tour (permutation): [0, 13, 5, 11, 9, 3, 10, 12, 8, 7, 6, 1, 2, 4, 0]
# Optimal walk (full path): [0, 13, 5, 11, 3, 9, 3, 10, 12, 6, 8, 6, 7, 6, 1, 2, 4, 13, 0]
# Walk size: 19
# Is walk (has repeats): true

# Distance Matrix
0.0000000000 0.2272139419 2.3286455937 0.7654600177 1.7977715929 1.7411038535 0.8660455256 0.3467403722 2.3525839696 0.8845566234 1.6960501673 0.6769758520 0.4015659933 0.0346188254
0.2272139419 0.0000000000 0.0427670991 3.3187198521 0.4322605523 2.8661211412 0.0387975753 1.5315705519 4.1905710903 2.7130283087 2.5452240308 1.5634308212 2.1205388798 1.5822774967
2.3286455937 0.0427670991 0.0000000000 1.4428666381 0.0676576866 2.4290774124 0.4554612963 0.6112825274 0.9514283809 0.7008559428 0.0810321200 2.5507121963 1.5035187178 1.4754235793
0.7654600177 3.3187198521 1.4428666381 0.0000000000 1.5796140517 1.4636964140 3.4747348582 1.4168503267 0.5763766920 0.1025579771 0.1760574784 0.2555433090 5.0789694432 0.2119947926
1.7977715929 0.4322605523 0.0676576866 1.5796140517 0.0000000000 0.2233979517 1.1985367257 1.9379052452 0.6584655398 0.5129344758 1.1984916357 0.2086166237 0.3972268553 0.1004313564
1.7411038535 2.8661211412 2.4290774124 1.4636964140 0.2233979517 0.0000000000 0.5543785158 2.2337648696 1.5814287724 1.3723280052 0.5769318488 0.0365930609 2.1445037315 0.0187525683
0.8660455256 0.0387975753 0.4554612963 3.4747348582 1.1985367257 0.5543785158 0.0000000000 0.2877244269 0.0915285531 0.4364365890 1.2300240512 0.1507426470 0.1422715645 0.8965210671
0.3467403722 1.5315705519 0.6112825274 1.4168503267 1.9379052452 2.2337648696 0.2877244269 0.0000000000 1.4143331988 2.2344074172 0.3433244288 1.4289562427 1.1278410699 0.9846373145
2.3525839696 4.1905710903 0.9514283809 0.5763766920 0.6584655398 1.5814287724 0.0915285531 1.4143331988 0.0000000000 2.7757257850 1.7085168689 0.8247823198 0.4188747774 3.5924780138
0.8845566234 2.7130283087 0.7008559428 0.1025579771 0.5129344758 1.3723280052 0.4364365890 2.2344074172 2.7757257850 0.0000000000 1.9890163622 0.8303660150 0.4302139373 0.3339773581
1.6960501673 2.5452240308 0.0810321200 0.1760574784 1.1984916357 0.5769318488 1.2300240512 0.3433244288 1.7085168689 1.9890163622 0.0000000000 0.9990660680 0.1052884802 0.2817444073
0.6769758520 1.5634308212 2.5507121963 0.2555433090 0.2086166237 0.0365930609 0.1507426470 1.4289562427 0.8247823198 0.8303660150 0.9990660680 0.0000000000 1.5505692524 3.2323577816
0.4015659933 2.1205388798 1.5035187178 5.0789694432 0.3972268553 2.1445037315 0.1422715645 1.1278410699 0.4188747774 0.4302139373 0.1052884802 1.5505692524 0.0000000000 0.3740270168
0.0346188254 1.5822774967 1.4754235793 0.2119947926 0.1004313564 0.0187525683 0.8965210671 0.9846373145 3.5924780138 0.3339773581 0.2817444073 3.2323577816 0.3740270168 0.0000000000
