# MCW Instance
# Type: EXPONENTIAL
# N: 14
# Optimal cost: 3.6194750921657763
# Optimal tour (permutation): [0, 11, 3, 2, 6, 8, 4, 1, 10, 13, 5, 12, 9, 7, 0]
# Optimal walk (full path): [0, 11, 3, 2, 6, 8, 4, 1, 10, 13, 5, 12, 9, 7, 9, 0]
# Walk size: 16
# Is walk (has repeats): true

# Distance Matrix
0.0000000000 0.7325690446 0.6448058207 1.3353061380 0.3285642888 3.0597190067 0.8707862102 1.3292118921 0.7508275654 0.4924459416 1.0736549950 0.2492577118 0.8090830860 0.7184595765
0.7325690446 0.0000000000 1.4538011868 1.0194223115 0.0170371316 0.8933900429 3.4534972394 0.2937751509 0.3694824618 0.5800908443 0.2154822946 0.0766772434 0.2331573039 1.6103409224
0.6448058207 1.4538011868 0.0000000000 0.0716304769 0.6238644821 0.5427765097 0.5800276751 1.6208146443 0.4645714833 0.7380387974 1.1722929809 0.7947156652 2.6711372801 0.3642099529
1.3353061380 1.0194223115 0.0716304769 0.0000000000 1.3076643616 0.7960467702 2.4185893143 3.5251368982 2.1424520930 1.3466714019 2.1370922463 0.2785614974 0.4911366984 0.5990093794
0.3285642888 0.0170371316 0.6238644821 1.3076643616 0.0000000000 0.2300334356 4.2990024287 0.8647343132 0.3301567675 3.0789867130 0.7447060721 0.2078269576 0.2697805631 1.0403150544
3.0597190067 0.8933900429 0.5427765097 0.7960467702 0.2300334356 0.0000000000 0.7221053078 0.7658946969 1.2762245761 0.2892485354 1.9422787756 1.1653852510 0.0544435600 0.2841895263
0.8707862102 3.4534972394 0.5800276751 2.4185893143 4.2990024287 0.7221053078 0.0000000000 2.0196218800 0.3394179955 1.3676959973 1.1197159369 0.9462086122 1.0049796655 2.4659385881
1.3292118921 0.2937751509 1.6208146443 3.5251368982 0.8647343132 0.7658946969 2.0196218800 0.0000000000 4.1623705934 0.1082521032 1.5699479722 1.8219176567 0.2693200236 1.7687769532
0.7508275654 0.3694824618 0.4645714833 2.1424520930 0.3301567675 1.2762245761 0.3394179955 4.1623705934 0.0000000000 2.7473911293 1.8462944330 0.8846617465 2.5221233722 2.1312603536
0.4924459416 0.5800908443 0.7380387974 1.3466714019 3.0789867130 0.2892485354 1.3676959973 0.1082521032 2.7473911293 0.0000000000 0.5836139968 0.4321350862 0.0808868935 1.4934291999
1.0736549950 0.2154822946 1.1722929809 2.1370922463 0.7447060721 1.9422787756 1.1197159369 1.5699479722 1.8462944330 0.5836139968 0.0000000000 2.0592846968 2.0411302235 0.4094334140
0.2492577118 0.0766772434 0.7947156652 0.2785614974 0.2078269576 1.1653852510 0.9462086122 1.8219176567 0.8846617465 0.4321350862 2.0592846968 0.0000000000 0.2378217064 2.7353033284
0.8090830860 0.2331573039 2.6711372801 0.4911366984 0.2697805631 0.0544435600 1.0049796655 0.2693200236 2.5221233722 0.0808868935 2.0411302235 0.2378217064 0.0000000000 0.3527385521
0.7184595765 1.6103409224 0.3642099529 0.5990093794 1.0403150544 0.2841895263 2.4659385881 1.7687769532 2.1312603536 1.4934291999 0.4094334140 2.7353033284 0.3527385521 0.0000000000
