# MCW Instance
# Type: EXPONENTIAL
# N: 14
# Optimal cost: 1.7121811105649227
# Optimal tour (permutation): [0, 10, 7, 2, 11, 9, 12, 6, 3, 8, 13, 4, 1, 5, 0]
# Optimal walk (full path): [0, 10, 0, 7, 2, 11, 9, 12, 6, 12, 9, 3, 8, 13, 4, 1, 5, 0]
# Walk size: 18
# Is walk (has repeats): true

# Distance Matrix
0.0000000000 0.0617699383 0.9969206147 0.1986870345 0.1868515802 0.0227237266 0.3281473691 0.4730363994 0.3917986231 1.4524395905 0.0613157335 0.1874587805 0.3694043880 0.4660366506
0.0617699383 0.0000000000 0.2402012715 0.5902131850 0.1661387618 0.0774066293 1.2843011896 2.6265962476 0.1971981999 0.3182611300 0.3004096645 0.6112643936 3.0207494628 0.8536233183
0.9969206147 0.2402012715 0.0000000000 0.3857341216 3.2503603982 0.2430727353 1.1724285302 0.3014563716 0.8000950898 1.4858032057 0.7590819969 0.0334558748 0.5871695181 1.3043790293
0.1986870345 0.5902131850 0.3857341216 0.0000000000 0.1315140669 0.8732954336 3.0990083945 0.8469744226 0.0220978295 0.0059207013 0.9622391281 0.1258737743 1.4737165243 1.5547877668
0.1868515802 0.1661387618 3.2503603982 0.1315140669 0.0000000000 1.0107414175 0.5317617127 0.7794995347 1.0527528658 0.2496630008 0.3667516101 0.7466519648 1.6015013736 0.0787475344
0.0227237266 0.0774066293 0.2430727353 0.8732954336 1.0107414175 0.0000000000 0.9351124559 1.8165384114 1.0874785214 0.2477784543 0.3918934084 0.9925357406 0.7737713288 0.8923593032
0.3281473691 1.2843011896 1.1724285302 3.0990083945 0.5317617127 0.9351124559 0.0000000000 1.6221680332 2.4713877937 2.0508275994 0.4783063300 0.2713559600 0.0920981157 0.4199768778
0.4730363994 2.6265962476 0.3014563716 0.8469744226 0.7794995347 1.8165384114 1.6221680332 0.0000000000 1.9076939566 0.4449203267 0.6053097889 0.3708927306 0.6286914243 2.0608615409
0.3917986231 0.1971981999 0.8000950898 0.0220978295 1.0527528658 1.0874785214 2.4713877937 1.9076939566 0.0000000000 0.2280808045 0.9093017021 0.7312018426 0.8810955721 0.1015694157
1.4524395905 0.3182611300 1.4858032057 0.0059207013 0.2496630008 0.2477784543 2.0508275994 0.4449203267 0.2280808045 0.0000000000 0.1390788637 0.1019647463 0.0104177107 1.6650735016
0.0613157335 0.3004096645 0.7590819969 0.9622391281 0.3667516101 0.3918934084 0.4783063300 0.6053097889 0.9093017021 0.1390788637 0.0000000000 0.4963407540 0.1527267576 1.0152705552
0.1874587805 0.6112643936 0.0334558748 0.1258737743 0.7466519648 0.9925357406 0.2713559600 0.3708927306 0.7312018426 0.1019647463 0.4963407540 0.0000000000 0.4223720240 0.2726610917
0.3694043880 3.0207494628 0.5871695181 1.4737165243 1.6015013736 0.7737713288 0.0920981157 0.6286914243 0.8810955721 0.0104177107 0.1527267576 0.4223720240 0.0000000000 0.7882193987
0.4660366506 0.8536233183 1.3043790293 1.5547877668 0.0787475344 0.8923593032 0.4199768778 2.0608615409 0.1015694157 1.6650735016 1.0152705552 0.2726610917 0.7882193987 0.0000000000
