# MCW Instance
# Type: EXPONENTIAL
# N: 14
# Optimal cost: 2.2984232688637447
# Optimal tour (permutation): [0, 13, 9, 12, 1, 3, 6, 2, 8, 10, 5, 4, 7, 11, 0]
# Optimal walk (full path): [0, 13, 9, 12, 1, 3, 6, 2, 8, 10, 7, 5, 7, 4, 7, 11, 0]
# Walk size: 17
# Is walk (has repeats): true

# Distance Matrix
0.0000000000 0.4672983710 0.4043765106 0.8831111346 0.7794638337 0.4015539480 0.2928801880 0.5885201398 1.8029658176 0.4813485927 0.5754509439 0.1028902296 2.4622512791 0.1900460677
0.4672983710 0.0000000000 0.2915311343 0.0300843743 0.7472980368 4.0197964859 1.8802800322 3.5460453731 0.4193330405 0.6134169840 2.4693074810 0.6555707038 0.1546086235 2.0933893558
0.4043765106 0.2915311343 0.0000000000 1.1418634300 0.3972480641 1.3828848146 0.0010853842 1.5207821660 0.1476647478 1.8120223606 0.0873314297 1.0109175924 1.1980001915 1.6408158267
0.8831111346 0.0300843743 1.1418634300 0.0000000000 0.2464351152 0.3716760940 0.0543702250 2.8865312898 0.3040990700 1.9535460160 4.4787040424 0.2545016424 1.5990301656 0.9357590256
0.7794638337 0.7472980368 0.3972480641 0.2464351152 0.0000000000 1.7949873469 0.2568158713 0.1802691391 2.1773274462 0.7453837006 1.6668109190 0.5276715852 0.2701072212 1.4166608533
0.4015539480 4.0197964859 1.3828848146 0.3716760940 1.7949873469 0.0000000000 0.5102462174 0.1296309592 0.2920943642 1.0456473047 2.4686955475 0.7004517052 1.6414131136 1.4758595267
0.2928801880 1.8802800322 0.0010853842 0.0543702250 0.2568158713 0.5102462174 0.0000000000 1.2677462987 1.2615105873 0.7884160432 0.8623923744 0.1616313656 0.6322922390 0.3227927233
0.5885201398 3.5460453731 1.5207821660 2.8865312898 0.1802691391 0.1296309592 1.2677462987 0.0000000000 0.2489722269 0.9514567904 0.0741322386 0.0004751175 0.7440165122 0.7059509777
1.8029658176 0.4193330405 0.1476647478 0.3040990700 2.1773274462 0.2920943642 1.2615105873 0.2489722269 0.0000000000 1.2068219959 0.1851772132 0.5076714893 1.0146999604 0.4906389921
0.4813485927 0.6134169840 1.8120223606 1.9535460160 0.7453837006 1.0456473047 0.7884160432 0.9514567904 1.2068219959 0.0000000000 2.9755490211 0.3168999881 0.3000012461 0.4380876048
0.5754509439 2.4693074810 0.0873314297 4.4787040424 1.6668109190 2.4686955475 0.8623923744 0.0741322386 0.1851772132 2.9755490211 0.0000000000 0.1478824545 0.3175397124 0.2488372010
0.1028902296 0.6555707038 1.0109175924 0.2545016424 0.5276715852 0.7004517052 0.1616313656 0.0004751175 0.5076714893 0.3168999881 0.1478824545 0.0000000000 1.1026298413 1.1155427494
2.4622512791 0.1546086235 1.1980001915 1.5990301656 0.2701072212 1.6414131136 0.6322922390 0.7440165122 1.0146999604 0.3000012461 0.3175397124 1.1026298413 0.0000000000 1.1746418781
0.1900460677 2.0933893558 1.6408158267 0.9357590256 1.4166608533 1.4758595267 0.3227927233 0.7059509777 0.4906389921 0.4380876048 0.2488372010 1.1155427494 1.1746418781 0.0000000000
