# MCW Instance
# Type: EXPONENTIAL
# N: 14
# Optimal cost: 1.2476949201073486
# Optimal tour (permutation): [0, 13, 5, 3, 2, 11, 4, 6, 8, 1, 10, 7, 9, 12, 0]
# Optimal walk (full path): [0, 13, 5, 3, 2, 3, 11, 4, 6, 8, 1, 8, 6, 10, 7, 9, 12, 0]
# Walk size: 18
# Is walk (has repeats): true

# Distance Matrix
0.0000000000 4.7296872820 2.5735185998 0.6162633799 0.4399266960 1.1677540997 2.1522365623 0.5817905413 1.0699070492 0.6048893147 0.3443003120 0.3297035943 0.1172889343 0.3450765702
4.7296872820 0.0000000000 1.4371207765 1.9977895189 0.8386705121 0.4272596578 4.2966310151 0.8550613437 0.0439846382 2.7545990650 0.1115538286 1.2722996797 0.3253869538 0.2511877069
2.5735185998 1.4371207765 0.0000000000 0.0210418462 0.3145837805 1.3508653839 0.1761673672 1.0598985367 1.0995271667 0.8646957031 1.6602561342 1.0655673910 0.6272942604 0.9688400202
0.6162633799 1.9977895189 0.0210418462 0.0000000000 1.9572905120 0.0543593995 0.4335407195 0.2048521928 0.3835472085 1.7943287543 1.0174260397 0.1041322930 0.8945322314 0.7852951648
0.4399266960 0.8386705121 0.3145837805 1.9572905120 0.0000000000 1.2108839923 0.0251171361 1.5424087877 0.7883668858 2.5853720792 2.8461706341 0.0265407057 1.2209221903 1.0052731279
1.1677540997 0.4272596578 1.3508653839 0.0543593995 1.2108839923 0.0000000000 0.4484778700 1.0840777818 2.7608505218 0.2391671452 1.0870700393 1.4538951136 0.2170460898 0.0180971040
2.1522365623 4.2966310151 0.1761673672 0.4335407195 0.0251171361 0.4484778700 0.0000000000 1.3983155436 0.0213433322 0.2667969680 0.0080181466 0.1082369273 0.1213005819 1.1621470120
0.5817905413 0.8550613437 1.0598985367 0.2048521928 1.5424087877 1.0840777818 1.3983155436 0.0000000000 8.3793317312 0.1043658209 0.0796021535 1.5940130877 0.3533062457 0.8458781622
1.0699070492 0.0439846382 1.0995271667 0.3835472085 0.7883668858 2.7608505218 0.0213433322 8.3793317312 0.0000000000 0.8117699990 0.5664716450 0.0280424302 0.3308102519 2.2315581445
0.6048893147 2.7545990650 0.8646957031 1.7943287543 2.5853720792 0.2391671452 0.2667969680 0.1043658209 0.8117699990 0.0000000000 2.0082345301 2.1849870266 0.1923570232 6.4762674797
0.3443003120 0.1115538286 1.6602561342 1.0174260397 2.8461706341 1.0870700393 0.0080181466 0.0796021535 0.5664716450 2.0082345301 0.0000000000 0.1596646059 0.1980161457 0.1659918288
0.3297035943 1.2722996797 1.0655673910 0.1041322930 0.0265407057 1.4538951136 0.1082369273 1.5940130877 0.0280424302 2.1849870266 0.1596646059 0.0000000000 0.6295701568 1.7387878019
0.1172889343 0.3253869538 0.6272942604 0.8945322314 1.2209221903 0.2170460898 0.1213005819 0.3533062457 0.3308102519 0.1923570232 0.1980161457 0.6295701568 0.0000000000 2.7066525430
0.3450765702 0.2511877069 0.9688400202 0.7852951648 1.0052731279 0.0180971040 1.1621470120 0.8458781622 2.2315581445 6.4762674797 0.1659918288 1.7387878019 2.7066525430 0.0000000000
