# MCW Instance
# Type: EXPONENTIAL
# N: 14
# Optimal cost: 1.8151374368325788
# Optimal tour (permutation): [0, 12, 10, 7, 5, 9, 2, 8, 11, 4, 6, 3, 1, 13, 0]
# Optimal walk (full path): [0, 12, 10, 5, 7, 5, 10, 2, 9, 2, 8, 11, 4, 6, 3, 1, 13, 0]
# Walk size: 18
# Is walk (has repeats): true

# Distance Matrix
0.0000000000 0.2186008476 2.1644645215 0.5236504523 0.3833080767 1.0765307299 4.2990818416 1.0905849793 2.3426184257 0.4659116616 4.4103491979 0.2342292148 0.1878259743 0.0889557315
0.2186008476 0.0000000000 0.6562468857 0.0886088136 1.9834545343 2.3244553639 0.3290216796 0.3345550602 0.0703554287 0.3640881774 1.4451864818 1.4822017166 1.0803207446 0.1891078935
2.1644645215 0.6562468857 0.0000000000 0.9673064190 0.7308567591 0.4140509424 0.4578304273 0.3544735030 0.0252310857 0.1107275791 0.0159279003 0.7413041627 2.6148810464 0.1705730213
0.5236504523 0.0886088136 0.9673064190 0.0000000000 0.5363621164 1.3612361363 0.0544529534 0.4925884544 1.0119513996 0.7153458962 4.3550102780 2.3053643125 0.3106977839 0.4838016842
0.3833080767 1.9834545343 0.7308567591 0.5363621164 0.0000000000 0.8315021195 0.2074814698 0.5356544818 0.1057425455 2.6708721073 3.8437128420 0.0523790744 0.6104224183 1.4185724424
1.0765307299 2.3244553639 0.4140509424 1.3612361363 0.8315021195 0.0000000000 4.6880512780 0.0040369550 0.7398889354 3.3907845281 0.2771769140 0.5593270208 0.8792474123 1.7714308983
4.2990818416 0.3290216796 0.4578304273 0.0544529534 0.2074814698 4.6880512780 0.0000000000 2.7713405744 0.4766599627 0.6414369840 1.0746974588 0.4456446516 0.2148177170 1.3348435929
1.0905849793 0.3345550602 0.3544735030 0.4925884544 0.5356544818 0.0040369550 2.7713405744 0.0000000000 0.4224268171 1.0318102803 1.3674914859 0.6232036460 2.7496980595 1.5656612387
2.3426184257 0.0703554287 0.0252310857 1.0119513996 0.1057425455 0.7398889354 0.4766599627 0.4224268171 0.0000000000 0.3313710473 0.5514414221 0.0613291845 1.5523079399 0.6327876873
0.4659116616 0.3640881774 0.1107275791 0.7153458962 2.6708721073 3.3907845281 0.6414369840 1.0318102803 0.3313710473 0.0000000000 0.8990987041 0.5948149233 0.2669659613 0.6500732142
4.4103491979 1.4451864818 0.0159279003 4.3550102780 3.8437128420 0.2771769140 1.0746974588 1.3674914859 0.5514414221 0.8990987041 0.0000000000 0.0665636672 0.0599544595 0.6051963510
0.2342292148 1.4822017166 0.7413041627 2.3053643125 0.0523790744 0.5593270208 0.4456446516 0.6232036460 0.0613291845 0.5948149233 0.0665636672 0.0000000000 0.5807340796 1.6324412718
0.1878259743 1.0803207446 2.6148810464 0.3106977839 0.6104224183 0.8792474123 0.2148177170 2.7496980595 1.5523079399 0.2669659613 0.0599544595 0.5807340796 0.0000000000 0.2842567658
0.0889557315 0.1891078935 0.1705730213 0.4838016842 1.4185724424 1.7714308983 1.3348435929 1.5656612387 0.6327876873 0.6500732142 0.6051963510 1.6324412718 0.2842567658 0.0000000000
