# MCW Instance
# Type: EXPONENTIAL
# N: 14
# Optimal cost: 1.5081402711746346
# Optimal tour (permutation): [0, 12, 5, 4, 8, 7, 1, 3, 6, 2, 13, 9, 11, 10, 0]
# Optimal walk (full path): [0, 12, 5, 4, 7, 8, 7, 4, 1, 4, 5, 3, 6, 2, 13, 9, 10, 11, 10, 0]
# Walk size: 20
# Is walk (has repeats): true

# Distance Matrix
0.0000000000 0.3269481647 1.0783307010 0.2879178847 1.3793390264 0.4826454952 0.5739906953 1.2318744026 0.4341655158 2.6620959035 0.1574674304 0.7539938752 0.3369714718 1.3857920327
0.3269481647 0.0000000000 3.2856774135 0.1604946472 0.0084694329 1.1472693288 0.3646913633 2.1845585072 0.5093887652 0.2297351255 2.3484255637 1.0092250804 0.2773563285 0.6706872352
1.0783307010 3.2856774135 0.0000000000 1.1476557283 0.8925773841 0.1797291125 0.0078784617 1.6213408779 0.6240858991 4.0551740209 0.8369907274 2.7554055832 1.5679540106 0.3063252784
0.2879178847 0.1604946472 1.1476557283 0.0000000000 0.9441182738 0.0733996939 0.0177735517 1.5556223755 6.0535226579 2.5186149104 1.9439171093 0.7391070616 4.0119877093 0.4103730938
1.3793390264 0.0084694329 0.8925773841 0.9441182738 0.0000000000 0.0045247177 1.0201196641 0.0242153402 2.9775836663 1.0871233693 0.1475404698 0.1926458742 0.9156448039 0.6902914140
0.4826454952 1.1472693288 0.1797291125 0.0733996939 0.0045247177 0.0000000000 0.8400532154 0.2471745858 0.0967463471 0.8874429687 0.6392785777 0.5895804321 0.1718870378 0.9848028375
0.5739906953 0.3646913633 0.0078784617 0.0177735517 1.0201196641 0.8400532154 0.0000000000 0.1660236333 2.6324921160 0.7510942392 0.1908553516 0.8040809768 0.5687162325 0.6677968441
1.2318744026 2.1845585072 1.6213408779 1.5556223755 0.0242153402 0.2471745858 0.1660236333 0.0000000000 0.0035470280 0.1129682399 1.0393058621 0.3665919390 1.1086809479 0.9969880270
0.4341655158 0.5093887652 0.6240858991 6.0535226579 2.9775836663 0.0967463471 2.6324921160 0.0035470280 0.0000000000 0.2412083249 0.7324160601 0.3063337961 0.6554225634 0.2770839256
2.6620959035 0.2297351255 4.0551740209 2.5186149104 1.0871233693 0.8874429687 0.7510942392 0.1129682399 0.2412083249 0.0000000000 0.0713337397 2.9844892667 0.6218698575 0.2680797923
0.1574674304 2.3484255637 0.8369907274 1.9439171093 0.1475404698 0.6392785777 0.1908553516 1.0393058621 0.7324160601 0.0713337397 0.0000000000 0.0077553880 0.3328882085 0.2584336746
0.7539938752 1.0092250804 2.7554055832 0.7391070616 0.1926458742 0.5895804321 0.8040809768 0.3665919390 0.3063337961 2.9844892667 0.0077553880 0.0000000000 0.2063569553 0.7814196368
0.3369714718 0.2773563285 1.5679540106 4.0119877093 0.9156448039 0.1718870378 0.5687162325 1.1086809479 0.6554225634 0.6218698575 0.3328882085 0.2063569553 0.0000000000 0.6974296427
1.3857920327 0.6706872352 0.3063252784 0.4103730938 0.6902914140 0.9848028375 0.6677968441 0.9969880270 0.2770839256 0.2680797923 0.2584336746 0.7814196368 0.6974296427 0.0000000000
