# MCW Instance
# Type: EXPONENTIAL
# N: 14
# Optimal cost: 1.3595225418851173
# Optimal tour (permutation): [0, 9, 8, 10, 11, 5, 13, 7, 1, 12, 4, 6, 3, 2, 0]
# Optimal walk (full path): [0, 9, 8, 10, 11, 5, 11, 13, 7, 13, 1, 12, 4, 6, 3, 2, 9, 0]
# Walk size: 18
# Is walk (has repeats): true

# Distance Matrix
0.0000000000 0.3015036913 1.0096465497 0.7799867314 0.4697796255 1.8980212366 0.6158387075 0.7411491448 0.5336891586 0.1907736254 0.3116088144 1.0840656549 0.2519612415 0.4130364177
0.3015036913 0.0000000000 2.5469314105 1.3355268176 0.6886495333 0.7925009487 1.2374232453 0.2765941620 0.1613670704 2.0128319213 0.6256648557 1.1803552297 0.0148865539 0.1300086607
1.0096465497 2.5469314105 0.0000000000 0.0879336159 0.2076028797 0.9382315790 0.6068129611 2.9720808636 0.0871271713 0.0286248781 0.4179961374 2.1370759131 0.2704148907 0.1914890500
0.7799867314 1.3355268176 0.0879336159 0.0000000000 3.0378976931 0.5792071081 0.0571996259 4.4203940099 0.8296662950 0.7607311759 1.3365844284 0.6888384386 0.4688256001 0.9237033873
0.4697796255 0.6886495333 0.2076028797 3.0378976931 0.0000000000 0.6087160611 0.0925336719 0.6188654493 1.8028212384 2.6501606293 0.7999965749 1.7844511540 0.1939835159 1.4119000090
1.8980212366 0.7925009487 0.9382315790 0.5792071081 0.6087160611 0.0000000000 0.1698735728 0.6269224022 0.2963197379 0.1602777431 0.2323280896 0.0140400969 1.0674363830 0.2154965873
0.6158387075 1.2374232453 0.6068129611 0.0571996259 0.0925336719 0.1698735728 0.0000000000 0.3010201976 0.4253229975 0.4316538377 0.9130064031 0.6740522215 0.5973306264 0.8557902770
0.7411491448 0.2765941620 2.9720808636 4.4203940099 0.6188654493 0.6269224022 0.3010201976 0.0000000000 2.4227564215 0.6567460382 0.3247359522 1.6207187044 0.9664779313 0.0432094074
0.5336891586 0.1613670704 0.0871271713 0.8296662950 1.8028212384 0.2963197379 0.4253229975 2.4227564215 0.0000000000 0.0283253306 0.0003280330 0.1421814393 0.7814192500 4.1992639235
0.1907736254 2.0128319213 0.0286248781 0.7607311759 2.6501606293 0.1602777431 0.4316538377 0.6567460382 0.0283253306 0.0000000000 1.8905308860 0.8960694558 1.0240242559 0.6695996021
0.3116088144 0.6256648557 0.4179961374 1.3365844284 0.7999965749 0.2323280896 0.9130064031 0.3247359522 0.0003280330 1.8905308860 0.0000000000 0.1400877468 1.0736236459 0.2543869212
1.0840656549 1.1803552297 2.1370759131 0.6888384386 1.7844511540 0.0140400969 0.6740522215 1.6207187044 0.1421814393 0.8960694558 0.1400877468 0.0000000000 1.7640488609 0.0895646498
0.2519612415 0.0148865539 0.2704148907 0.4688256001 0.1939835159 1.0674363830 0.5973306264 0.9664779313 0.7814192500 1.0240242559 1.0736236459 1.7640488609 0.0000000000 2.3557376470
0.4130364177 0.1300086607 0.1914890500 0.9237033873 1.4119000090 0.2154965873 0.8557902770 0.0432094074 4.1992639235 0.6695996021 0.2543869212 0.0895646498 2.3557376470 0.0000000000
