# MCW Instance
# Type: EXPONENTIAL
# N: 14
# Optimal cost: 1.9206376517397399
# Optimal tour (permutation): [0, 13, 10, 7, 11, 9, 8, 5, 1, 2, 12, 6, 3, 4, 0]
# Optimal walk (full path): [0, 10, 13, 10, 7, 11, 8, 9, 8, 5, 1, 5, 8, 2, 12, 6, 12, 4, 3, 4, 0]
# Walk size: 21
# Is walk (has repeats): true

# Distance Matrix
0.0000000000 1.4268658044 1.3404197008 1.7404353209 0.2499304662 1.6736806691 0.2920259684 1.5107867555 1.9365871922 0.2806296820 0.1812796514 2.6752216503 0.6229309461 3.8141042656
1.4268658044 0.0000000000 0.6006425309 1.9678730457 0.4768648092 0.0181024658 1.2330264385 2.1084724141 0.9214488155 0.4971242849 0.5992874317 1.4401460951 2.2853250079 2.5667620534
1.3404197008 0.6006425309 0.0000000000 1.3494609088 0.7877828598 1.1972304676 0.8282860289 0.2922730244 0.0783352975 0.8911111813 2.8715011887 0.7891516650 0.0558024270 0.7720657554
1.7404353209 1.9678730457 1.3494609088 0.0000000000 0.0614582756 0.7171686330 3.4832736311 0.3548257495 0.7049653926 1.4112304634 2.4147053071 2.2765443224 0.6514514661 2.1507782596
0.2499304662 0.4768648092 0.7877828598 0.0614582756 0.0000000000 0.8050162735 0.5820503275 1.9001767268 0.7248689732 1.1515103152 4.7423325358 3.5221981496 0.1935600993 0.7681536869
1.6736806691 0.0181024658 1.1972304676 0.7171686330 0.8050162735 0.0000000000 1.1765484230 0.6827493547 0.0615885338 1.8209954799 2.0118027734 0.6305041851 0.1018821451 2.7367594915
0.2920259684 1.2330264385 0.8282860289 3.4832736311 0.5820503275 1.1765484230 0.0000000000 0.4008829689 0.0863235242 1.0610006692 0.8091140861 1.3357466756 0.0365424413 1.1327152640
1.5107867555 2.1084724141 0.2922730244 0.3548257495 1.9001767268 0.6827493547 0.4008829689 0.0000000000 1.5516855064 0.4817224959 0.1634343002 0.0840914308 1.0372126433 0.7384037510
1.9365871922 0.9214488155 0.0783352975 0.7049653926 0.7248689732 0.0615885338 0.0863235242 1.5516855064 0.0000000000 0.0025924538 1.1589791827 0.1087712062 2.6035057069 0.9107693448
0.2806296820 0.4971242849 0.8911111813 1.4112304634 1.1515103152 1.8209954799 1.0610006692 0.4817224959 0.0025924538 0.0000000000 0.1254928420 2.3552695420 0.0854734608 1.4961847203
0.1812796514 0.5992874317 2.8715011887 2.4147053071 4.7423325358 2.0118027734 0.8091140861 0.1634343002 1.1589791827 0.1254928420 0.0000000000 0.8967694559 0.7205497346 0.2224322163
2.6752216503 1.4401460951 0.7891516650 2.2765443224 3.5221981496 0.6305041851 1.3357466756 0.0840914308 0.1087712062 2.3552695420 0.8967694559 0.0000000000 2.2321600849 1.2019742963
0.6229309461 2.2853250079 0.0558024270 0.6514514661 0.1935600993 0.1018821451 0.0365424413 1.0372126433 2.6035057069 0.0854734608 0.7205497346 2.2321600849 0.0000000000 0.6910821752
3.8141042656 2.5667620534 0.7720657554 2.1507782596 0.7681536869 2.7367594915 1.1327152640 0.7384037510 0.9107693448 1.4961847203 0.2224322163 1.2019742963 0.6910821752 0.0000000000
