# MCW Instance
# Type: EXPONENTIAL
# N: 14
# Optimal cost: 2.168846216250029
# Optimal tour (permutation): [0, 5, 12, 2, 10, 4, 11, 8, 9, 7, 1, 6, 3, 13, 0]
# Optimal walk (full path): [0, 5, 12, 2, 12, 10, 4, 11, 8, 9, 7, 1, 13, 3, 6, 3, 13, 0]
# Walk size: 18
# Is walk (has repeats): true

# Distance Matrix
0.0000000000 0.3054477922 2.3652951204 1.2501356622 2.7732814134 0.1988012394 0.4032211811 0.8567685977 0.1655671046 0.9519136673 0.2172195414 0.4471878634 0.7525918417 0.0805151445
0.3054477922 0.0000000000 1.7169531767 0.6034117186 1.2834476929 0.3584550781 1.6756572851 0.2072756321 1.1229397724 0.2770171088 2.5417599956 0.6507448386 1.4039912587 0.0853688903
2.3652951204 1.7169531767 0.0000000000 0.3829891607 0.7310467985 1.0663659825 0.7157741936 1.5136673183 0.4608922288 1.7663242466 0.2709533072 1.4128311018 0.2289304257 1.0433661755
1.2501356622 0.6034117186 0.3829891607 0.0000000000 0.1104767632 1.9745694648 0.1809394465 0.5665443436 0.5603768638 2.1155835075 0.3113663182 2.5114880019 0.1659385632 0.0033229533
2.7732814134 1.2834476929 0.7310467985 0.1104767632 0.0000000000 0.8530814848 1.3747223063 0.2304684966 0.9847904873 2.2228885687 0.0819994218 0.0229581017 1.2160235719 0.8667749190
0.1988012394 0.3584550781 1.0663659825 1.9745694648 0.8530814848 0.0000000000 0.6891895492 0.7215641840 0.4658882039 1.0935255085 2.9012632743 2.4048518670 0.3079462252 0.4441075315
0.4032211811 1.6756572851 0.7157741936 0.1809394465 1.3747223063 0.6891895492 0.0000000000 0.7865246121 1.6336562377 1.1815667010 0.2647768137 1.8600905478 0.5506969493 1.1487263380
0.8567685977 0.2072756321 1.5136673183 0.5665443436 0.2304684966 0.7215641840 0.7865246121 0.0000000000 1.4908408250 0.1710152493 0.8888573919 1.0644486091 1.4847011891 0.5332785318
0.1655671046 1.1229397724 0.4608922288 0.5603768638 0.9847904873 0.4658882039 1.6336562377 1.4908408250 0.0000000000 0.1457201433 0.5109558656 0.0002077749 0.1888349295 0.7651884345
0.9519136673 0.2770171088 1.7663242466 2.1155835075 2.2228885687 1.0935255085 1.1815667010 0.1710152493 0.1457201433 0.0000000000 2.1258020357 3.1749536876 0.2448245558 0.3786230005
0.2172195414 2.5417599956 0.2709533072 0.3113663182 0.0819994218 2.9012632743 0.2647768137 0.8888573919 0.5109558656 2.1258020357 0.0000000000 0.3702219596 0.0406527428 0.6250571445
0.4471878634 0.6507448386 1.4128311018 2.5114880019 0.0229581017 2.4048518670 1.8600905478 1.0644486091 0.0002077749 3.1749536876 0.3702219596 0.0000000000 0.6137275616 2.2608191077
0.7525918417 1.4039912587 0.2289304257 0.1659385632 1.2160235719 0.3079462252 0.5506969493 1.4847011891 0.1888349295 0.2448245558 0.0406527428 0.6137275616 0.0000000000 0.3581598873
0.0805151445 0.0853688903 1.0433661755 0.0033229533 0.8667749190 0.4441075315 1.1487263380 0.5332785318 0.7651884345 0.3786230005 0.6250571445 2.2608191077 0.3581598873 0.0000000000
