# MCW Instance
# Type: EXPONENTIAL
# N: 14
# Optimal cost: 0.9443456153338541
# Optimal tour (permutation): [0, 10, 4, 5, 6, 13, 8, 3, 1, 7, 11, 9, 12, 2, 0]
# Optimal walk (full path): [0, 10, 0, 4, 5, 6, 13, 6, 8, 3, 8, 1, 7, 11, 2, 12, 9, 12, 2, 11, 4, 0]
# Walk size: 22
# Is walk (has repeats): true

# Distance Matrix
0.0000000000 0.4815206751 1.4069484925 1.3611029289 0.0079204203 1.4581204872 0.2053057249 0.9849680634 0.1995162237 2.1203427150 0.0151021714 1.3472551138 0.2024347039 4.9461156998
0.4815206751 0.0000000000 2.7265641047 0.3769184007 0.1065260239 0.2869187148 0.6004444928 0.1091805606 0.0110127924 1.2051119549 1.5583433251 0.7934334180 1.1734322253 0.5451900869
1.4069484925 2.7265641047 0.0000000000 0.6651441709 0.1795149221 3.3601805010 0.6340039264 0.2258349935 0.1161068819 0.1592206718 0.4671234191 0.0318563407 0.0134269611 1.1338721927
1.3611029289 0.3769184007 0.6651441709 0.0000000000 0.6499772666 0.4562634757 1.0414815857 0.3019479862 0.0174069085 0.2520493783 1.2814202645 0.6503059657 3.3854612118 1.4172595611
0.0079204203 0.1065260239 0.1795149221 0.6499772666 0.0000000000 0.1400927557 0.1619111930 1.6041737098 0.9421589120 0.2688569682 0.5668988819 0.0805481152 0.9353888403 0.5216723034
1.4581204872 0.2869187148 3.3601805010 0.4562634757 0.1400927557 0.0000000000 0.0027667717 0.4950474821 0.3877035006 1.8431527272 0.6220434820 0.7851944429 2.8547894892 2.0897156127
0.2053057249 0.6004444928 0.6340039264 1.0414815857 0.1619111930 0.0027667717 0.0000000000 0.7336897986 0.0563070880 2.9235881478 0.4841549582 0.4233398647 2.8624254775 0.0667442218
0.9849680634 0.1091805606 0.2258349935 0.3019479862 1.6041737098 0.4950474821 0.7336897986 0.0000000000 0.8992493500 4.5795092943 0.7658683877 0.1597075500 0.9760303796 1.0903611685
0.1995162237 0.0110127924 0.1161068819 0.0174069085 0.9421589120 0.3877035006 0.0563070880 0.8992493500 0.0000000000 0.6803806512 0.9306797839 0.3642422407 0.2239422030 0.8361386738
2.1203427150 1.2051119549 0.1592206718 0.2520493783 0.2688569682 1.8431527272 2.9235881478 4.5795092943 0.6803806512 0.0000000000 0.2899637907 0.5298296787 0.0399079670 0.9690006308
0.0151021714 1.5583433251 0.4671234191 1.2814202645 0.5668988819 0.6220434820 0.4841549582 0.7658683877 0.9306797839 0.2899637907 0.0000000000 0.7573027517 0.2678142384 0.9726339994
1.3472551138 0.7934334180 0.0318563407 0.6503059657 0.0805481152 0.7851944429 0.4233398647 0.1597075500 0.3642422407 0.5298296787 0.7573027517 0.0000000000 0.4431926411 0.3900631303
0.2024347039 1.1734322253 0.0134269611 3.3854612118 0.9353888403 2.8547894892 2.8624254775 0.9760303796 0.2239422030 0.0399079670 0.2678142384 0.4431926411 0.0000000000 0.8749743362
4.9461156998 0.5451900869 1.1338721927 1.4172595611 0.5216723034 2.0897156127 0.0667442218 1.0903611685 0.8361386738 0.9690006308 0.9726339994 0.3900631303 0.8749743362 0.0000000000
