# MCW Instance
# Type: EXPONENTIAL
# N: 14
# Optimal cost: 2.9373119650400286
# Optimal tour (permutation): [0, 9, 3, 13, 12, 4, 8, 7, 1, 6, 2, 10, 5, 11, 0]
# Optimal walk (full path): [0, 9, 3, 13, 12, 4, 7, 8, 7, 1, 6, 2, 10, 5, 10, 11, 0]
# Walk size: 17
# Is walk (has repeats): true

# Distance Matrix
0.0000000000 0.8861682821 0.5197901945 1.9844782101 0.9119722412 0.6274486584 0.5798006321 2.4945545542 1.8650540800 0.4195580165 0.4337983127 0.4501474289 0.6080116639 1.9325221996
0.8861682821 0.0000000000 1.8288757339 0.9376227613 1.3701882960 0.6121671281 0.1086274909 0.2322825481 1.9208183421 3.3270595018 0.9359689377 0.3651471297 0.7266332921 0.2672508122
0.5197901945 1.8288757339 0.0000000000 0.8606054675 0.2820118967 0.2587994328 0.1590855901 0.7103829120 1.8918900878 0.9280464372 0.1235255632 1.3271165035 1.7538652238 2.6110640185
1.9844782101 0.9376227613 0.8606054675 0.0000000000 0.4035133220 1.6397853179 2.4221777058 0.6112235666 0.8692001147 0.3066261579 1.5035426765 0.4032686489 3.7322184038 0.2206698507
0.9119722412 1.3701882960 0.2820118967 0.4035133220 0.0000000000 0.7937944574 0.7167179845 0.2032183546 1.7344936640 1.1677911153 0.8005949260 1.3970432448 0.2398636696 0.5396108165
0.6274486584 0.6121671281 0.2587994328 1.6397853179 0.7937944574 0.0000000000 1.1766120784 3.7858603857 0.2478115074 0.3505630124 0.1166212694 0.3829510658 0.8589632940 0.8637048089
0.5798006321 0.1086274909 0.1590855901 2.4221777058 0.7167179845 1.1766120784 0.0000000000 3.6978186013 1.4812348054 0.1602354460 4.2603833907 0.4277432740 1.4054807779 0.3507165091
2.4945545542 0.2322825481 0.7103829120 0.6112235666 0.2032183546 3.7858603857 3.6978186013 0.0000000000 0.0336779803 1.8855699300 3.7125374913 0.4771219162 1.2855022467 0.5945248076
1.8650540800 1.9208183421 1.8918900878 0.8692001147 1.7344936640 0.2478115074 1.4812348054 0.0336779803 0.0000000000 0.7729148533 0.6489292665 0.5342965623 1.2480763515 3.2624076175
0.4195580165 3.3270595018 0.9280464372 0.3066261579 1.1677911153 0.3505630124 0.1602354460 1.8855699300 0.7729148533 0.0000000000 0.7225219940 2.5381820421 0.3588256193 0.1371823792
0.4337983127 0.9359689377 0.1235255632 1.5035426765 0.8005949260 0.1166212694 4.2603833907 3.7125374913 0.6489292665 0.7225219940 0.0000000000 0.1259049849 0.6655615335 0.8340770563
0.4501474289 0.3651471297 1.3271165035 0.4032686489 1.3970432448 0.3829510658 0.4277432740 0.4771219162 0.5342965623 2.5381820421 0.1259049849 0.0000000000 0.2446945461 1.1770749288
0.6080116639 0.7266332921 1.7538652238 3.7322184038 0.2398636696 0.8589632940 1.4054807779 1.2855022467 1.2480763515 0.3588256193 0.6655615335 0.2446945461 0.0000000000 0.0472038102
1.9325221996 0.2672508122 2.6110640185 0.2206698507 0.5396108165 0.8637048089 0.3507165091 0.5945248076 3.2624076175 0.1371823792 0.8340770563 1.1770749288 0.0472038102 0.0000000000
