# MCW Instance
# Type: EXPONENTIAL
# N: 14
# Optimal cost: 2.5929532851540564
# Optimal tour (permutation): [0, 11, 4, 10, 13, 12, 7, 5, 9, 6, 8, 3, 2, 1, 0]
# Optimal walk (full path): [0, 1, 11, 3, 4, 10, 13, 12, 7, 12, 5, 9, 6, 8, 3, 2, 3, 11, 1, 0]
# Walk size: 20
# Is walk (has repeats): true

# Distance Matrix
0.0000000000 0.0142356852 1.1188432523 0.9617457343 0.5986118715 0.1248591074 2.6434606239 0.3936650782 1.1212552812 2.6931791733 0.1569511367 0.5159544436 2.4320937845 0.4118678629
0.0142356852 0.0000000000 0.5213180433 2.2607658474 1.4656613306 2.2128076863 0.6110885586 0.4203123944 0.5125429380 1.9103767981 4.0586546945 0.0215159193 0.8796471245 0.4710181540
1.1188432523 0.5213180433 0.0000000000 0.3252969366 2.3833025238 0.8530223912 0.5232075607 0.6039921596 0.7335635769 1.3955388596 0.9575152413 3.0535442967 1.7180687104 1.0130387985
0.9617457343 2.2607658474 0.3252969366 0.0000000000 0.2823701412 1.6917308091 1.2696352657 1.6873720236 0.1295956328 1.7708564045 0.3553223995 0.0072531371 0.1809023199 0.5629159140
0.5986118715 1.4656613306 2.3833025238 0.2823701412 0.0000000000 1.6321921802 0.8094321256 1.1845487759 3.6563371050 0.8699494216 0.3336929556 0.5892837861 1.5887079398 0.9882618759
0.1248591074 2.2128076863 0.8530223912 1.6917308091 1.6321921802 0.0000000000 2.0856682602 1.4384096985 0.3353454042 0.1613643330 0.8992670372 0.9466405615 0.0696045558 0.7165192706
2.6434606239 0.6110885586 0.5232075607 1.2696352657 0.8094321256 2.0856682602 0.0000000000 0.5808194233 0.1453795626 0.3035189167 0.3736571574 0.9897223160 0.3093851068 1.1989637223
0.3936650782 0.4203123944 0.6039921596 1.6873720236 1.1845487759 1.4384096985 0.5808194233 0.0000000000 1.8048870511 0.6976056347 0.7307236053 2.6356293102 0.0551111969 2.8979505282
1.1212552812 0.5125429380 0.7335635769 0.1295956328 3.6563371050 0.3353454042 0.1453795626 1.8048870511 0.0000000000 0.5859130050 1.8003049952 0.5778334541 0.9678627122 0.5119507439
2.6931791733 1.9103767981 1.3955388596 1.7708564045 0.8699494216 0.1613643330 0.3035189167 0.6976056347 0.5859130050 0.0000000000 1.0923618768 0.3730767316 0.4040283547 0.2648701450
0.1569511367 4.0586546945 0.9575152413 0.3553223995 0.3336929556 0.8992670372 0.3736571574 0.7307236053 1.8003049952 1.0923618768 0.0000000000 0.4095495340 0.1331093770 0.2267740214
0.5159544436 0.0215159193 3.0535442967 0.0072531371 0.5892837861 0.9466405615 0.9897223160 2.6356293102 0.5778334541 0.3730767316 0.4095495340 0.0000000000 0.1604821079 3.0677712624
2.4320937845 0.8796471245 1.7180687104 0.1809023199 1.5887079398 0.0696045558 0.3093851068 0.0551111969 0.9678627122 0.4040283547 0.1331093770 0.1604821079 0.0000000000 0.0938274158
0.4118678629 0.4710181540 1.0130387985 0.5629159140 0.9882618759 0.7165192706 1.1989637223 2.8979505282 0.5119507439 0.2648701450 0.2267740214 3.0677712624 0.0938274158 0.0000000000
