# MCW Instance
# Type: EXPONENTIAL
# N: 14
# Optimal cost: 2.455822495143784
# Optimal tour (permutation): [0, 9, 3, 2, 4, 10, 5, 11, 6, 12, 1, 13, 7, 8, 0]
# Optimal walk (full path): [0, 9, 3, 2, 4, 10, 5, 6, 11, 6, 12, 1, 13, 1, 7, 1, 8, 0]
# Walk size: 18
# Is walk (has repeats): true

# Distance Matrix
0.0000000000 0.4800151347 1.0135564151 1.0776922842 2.3048846772 1.0462589362 0.2723543988 0.4951626022 0.0468521639 0.0876091377 1.2537041579 2.2921132784 0.0543390744 0.2730167701
0.4800151347 0.0000000000 1.5966060726 1.4058872042 0.4314349883 2.7084943055 0.5434659951 0.1852399806 0.0486049483 2.0594919833 2.5589937999 0.8784502023 0.0403028975 0.0252702991
1.0135564151 1.5966060726 0.0000000000 0.1471331612 0.0029976526 0.8240013066 1.2345736123 1.2776391809 2.0276500552 0.4338110545 2.3053356385 1.8350336524 1.0709559024 1.0616217707
1.0776922842 1.4058872042 0.1471331612 0.0000000000 0.9632553954 2.6733000278 2.7641148751 1.9393722735 0.4730729377 0.0532618636 0.7811456894 1.2180898194 0.8845909486 0.0644117223
2.3048846772 0.4314349883 0.0029976526 0.9632553954 0.0000000000 1.1945118589 1.0759597379 0.6818794069 1.1019905805 0.4485143466 0.1704942645 1.1945275013 0.2114543358 1.6754325860
1.0462589362 2.7084943055 0.8240013066 2.6733000278 1.1945118589 0.0000000000 0.2746919246 0.7955961761 1.5096400847 0.6931971686 0.3200765875 1.4808265880 1.0440831050 0.6802672628
0.2723543988 0.5434659951 1.2345736123 2.7641148751 1.0759597379 0.2746919246 0.0000000000 0.2599321410 0.5784706809 1.9875218407 0.5826020060 0.3991502558 0.0444768228 0.1312813962
0.4951626022 0.1852399806 1.2776391809 1.9393722735 0.6818794069 0.7955961761 0.2599321410 0.0000000000 1.6152507346 1.1667630338 1.6046450080 3.7935226625 0.2917538874 2.7589957136
0.0468521639 0.0486049483 2.0276500552 0.4730729377 1.1019905805 1.5096400847 0.5784706809 1.6152507346 0.0000000000 0.5524282618 2.5111835013 1.0041960484 1.2975112127 1.0008224361
0.0876091377 2.0594919833 0.4338110545 0.0532618636 0.4485143466 0.6931971686 1.9875218407 1.1667630338 0.5524282618 0.0000000000 1.8019265609 0.5466202092 0.6123311690 0.2933004780
1.2537041579 2.5589937999 2.3053356385 0.7811456894 0.1704942645 0.3200765875 0.5826020060 1.6046450080 2.5111835013 1.8019265609 0.0000000000 0.4704565931 1.5956638424 0.6841743367
2.2921132784 0.8784502023 1.8350336524 1.2180898194 1.1945275013 1.4808265880 0.3991502558 3.7935226625 1.0041960484 0.5466202092 0.4704565931 0.0000000000 0.5659333969 2.1735186719
0.0543390744 0.0403028975 1.0709559024 0.8845909486 0.2114543358 1.0440831050 0.0444768228 0.2917538874 1.2975112127 0.6123311690 1.5956638424 0.5659333969 0.0000000000 0.8552607530
0.2730167701 0.0252702991 1.0616217707 0.0644117223 1.6754325860 0.6802672628 0.1312813962 2.7589957136 1.0008224361 0.2933004780 0.6841743367 2.1735186719 0.8552607530 0.0000000000
