# MCW Instance
# Type: EXPONENTIAL
# N: 14
# Optimal cost: 1.3353153899404737
# Optimal tour (permutation): [0, 3, 8, 10, 1, 4, 9, 13, 7, 5, 11, 6, 12, 2, 0]
# Optimal walk (full path): [0, 3, 8, 1, 10, 1, 4, 9, 13, 7, 5, 7, 13, 11, 6, 11, 12, 2, 0]
# Walk size: 19
# Is walk (has repeats): true

# Distance Matrix
0.0000000000 1.7656115244 0.1448894116 0.2152923815 3.8512345217 3.0504556839 3.3624527786 0.5572994537 1.6699346544 0.7112154730 0.5931726459 1.2428316976 1.0913398443 1.5606776621
1.7656115244 0.0000000000 0.1608846055 0.6923824033 0.0607802851 0.1353274173 1.4395659937 0.1590370037 0.0655141266 0.5533174408 0.0065447871 0.2452825503 0.4514649355 0.4738967742
0.1448894116 0.1608846055 0.0000000000 2.5921565279 0.3062895536 0.8444316623 0.2843364948 0.6744073793 0.4143703040 0.3065255941 0.5345742788 0.6805690492 0.0469043440 0.3508622376
0.2152923815 0.6923824033 2.5921565279 0.0000000000 2.5502574699 2.4059659039 1.4019481300 0.5672481090 0.1394506845 0.1121775241 1.3381052918 0.7167323444 0.1949758026 0.6724254170
3.8512345217 0.0607802851 0.3062895536 2.5502574699 0.0000000000 0.4518626536 2.1902754603 0.4894336178 0.6023057402 0.1513584749 0.1260659360 2.6810725472 1.4384751984 0.5032538924
3.0504556839 0.1353274173 0.8444316623 2.4059659039 0.4518626536 0.0000000000 0.6680553516 0.0309386382 2.0132520375 0.8527960793 0.2380036190 1.2938538411 2.5849444247 1.1352297151
3.3624527786 1.4395659937 0.2843364948 1.4019481300 2.1902754603 0.6680553516 0.0000000000 2.2302042397 1.5857737350 1.5495674240 0.1788346539 0.0586220004 1.1589941154 0.7514763049
0.5572994537 0.1590370037 0.6744073793 0.5672481090 0.4894336178 0.0309386382 2.2302042397 0.0000000000 1.1124431144 0.5931660307 0.5884837763 0.9114382648 0.4583781116 0.0419622192
1.6699346544 0.0655141266 0.4143703040 0.1394506845 0.6023057402 2.0132520375 1.5857737350 1.1124431144 0.0000000000 0.6743835990 0.1635764707 0.3179836221 1.0755937170 1.3653215735
0.7112154730 0.5533174408 0.3065255941 0.1121775241 0.1513584749 0.8527960793 1.5495674240 0.5931660307 0.6743835990 0.0000000000 0.8844516779 2.2551817258 0.5436798650 0.0617577121
0.5931726459 0.0065447871 0.5345742788 1.3381052918 0.1260659360 0.2380036190 0.1788346539 0.5884837763 0.1635764707 0.8844516779 0.0000000000 2.3894197792 1.2204847477 0.2532598905
1.2428316976 0.2452825503 0.6805690492 0.7167323444 2.6810725472 1.2938538411 0.0586220004 0.9114382648 0.3179836221 2.2551817258 2.3894197792 0.0000000000 0.1229539300 0.0502787497
1.0913398443 0.4514649355 0.0469043440 0.1949758026 1.4384751984 2.5849444247 1.1589941154 0.4583781116 1.0755937170 0.5436798650 1.2204847477 0.1229539300 0.0000000000 0.5722481644
1.5606776621 0.4738967742 0.3508622376 0.6724254170 0.5032538924 1.1352297151 0.7514763049 0.0419622192 1.3653215735 0.0617577121 0.2532598905 0.0502787497 0.5722481644 0.0000000000
