# MCW Instance
# Type: EXPONENTIAL
# N: 14
# Optimal cost: 2.1275230812058314
# Optimal tour (permutation): [0, 8, 6, 13, 4, 11, 10, 12, 5, 3, 2, 7, 9, 1, 0]
# Optimal walk (full path): [0, 8, 6, 13, 4, 11, 10, 12, 5, 3, 2, 7, 9, 1, 12, 0]
# Walk size: 16
# Is walk (has repeats): true

# Distance Matrix
0.0000000000 0.4114139560 0.9638195484 0.9023444912 0.9111840281 4.5874879934 1.3478080012 1.1641000349 0.4081933764 1.0920272838 0.5849157359 1.6988220930 0.3438368269 0.5466068946
0.4114139560 0.0000000000 0.2856079884 0.4263249374 1.6000469016 0.1975399806 0.3180606943 2.0199695002 1.6448960455 0.0060266113 2.7214422032 0.6570931922 0.0619187056 0.7940924523
0.9638195484 0.2856079884 0.0000000000 0.2170567734 0.4879945786 0.4464544160 1.0186833051 0.0367690673 0.0707230967 0.7486858214 0.5295181465 1.0831018147 0.3180744612 0.8063656797
0.9023444912 0.4263249374 0.2170567734 0.0000000000 1.7114437727 0.2490369382 0.6402802044 0.5391806462 0.4238984218 1.1269203132 3.5067184042 3.8845091684 1.5747371537 1.6994727527
0.9111840281 1.6000469016 0.4879945786 1.7114437727 0.0000000000 2.1596017876 0.5508151376 0.7033325766 0.3753589907 0.3026579046 1.2028480062 0.0444849193 0.1421381127 0.2390690991
4.5874879934 0.1975399806 0.4464544160 0.2490369382 2.1596017876 0.0000000000 0.7903380685 0.4290238063 0.9769771563 0.7769260937 1.3294174093 1.1168307964 0.0295859485 0.7802459443
1.3478080012 0.3180606943 1.0186833051 0.6402802044 0.5508151376 0.7903380685 0.0000000000 0.4079949464 0.1250657770 0.2881522690 1.5555686174 2.9041414373 0.5992891202 0.2446584722
1.1641000349 2.0199695002 0.0367690673 0.5391806462 0.7033325766 0.4290238063 0.4079949464 0.0000000000 0.6846262842 0.0594873063 3.4466818730 0.3798359024 1.2988886123 2.5318605965
0.4081933764 1.6448960455 0.0707230967 0.4238984218 0.3753589907 0.9769771563 0.1250657770 0.6846262842 0.0000000000 0.8560971580 2.8838576401 0.1119141745 0.7843919615 2.6166371741
1.0920272838 0.0060266113 0.7486858214 1.1269203132 0.3026579046 0.7769260937 0.2881522690 0.0594873063 0.8560971580 0.0000000000 0.5147015645 1.9701336379 1.4983250613 0.5458482160
0.5849157359 2.7214422032 0.5295181465 3.5067184042 1.2028480062 1.3294174093 1.5555686174 3.4466818730 2.8838576401 0.5147015645 0.0000000000 0.0303122332 0.0320210263 1.2196397874
1.6988220930 0.6570931922 1.0831018147 3.8845091684 0.0444849193 1.1168307964 2.9041414373 0.3798359024 0.1119141745 1.9701336379 0.0303122332 0.0000000000 0.0740080992 1.1579343449
0.3438368269 0.0619187056 0.3180744612 1.5747371537 0.1421381127 0.0295859485 0.5992891202 1.2988886123 0.7843919615 1.4983250613 0.0320210263 0.0740080992 0.0000000000 0.5088752406
0.5466068946 0.7940924523 0.8063656797 1.6994727527 0.2390690991 0.7802459443 0.2446584722 2.5318605965 2.6166371741 0.5458482160 1.2196397874 1.1579343449 0.5088752406 0.0000000000
