# MCW Instance
# Type: EXPONENTIAL
# N: 13
# Optimal cost: 1.2589236030613289
# Optimal tour (permutation): [0, 8, 4, 5, 6, 1, 11, 9, 3, 2, 7, 10, 12, 0]
# Optimal walk (full path): [0, 8, 4, 5, 6, 11, 1, 11, 9, 2, 3, 2, 9, 7, 10, 12, 0]
# Walk size: 17
# Is walk (has repeats): true

# Distance Matrix
0.0000000000 1.5981666880 0.6523722136 0.4688355976 0.0651191541 0.7191540622 0.1876806992 0.5803091103 0.0663621065 1.0485411255 2.6354392222 1.4299801408 0.0170462383
1.5981666880 0.0000000000 3.3066988979 0.7992138287 1.0797548325 1.6166132957 0.3390050686 2.0568032150 0.8851908487 3.1293602936 2.7191967057 0.2185166199 1.3878527488
0.6523722136 3.3066988979 0.0000000000 0.0212153595 3.5919029558 0.5692932667 1.5650063376 0.8915467748 0.1776732061 0.0078746084 0.7080491215 0.5959968224 0.6808709556
0.4688355976 0.7992138287 0.0212153595 0.0000000000 0.2426579291 0.4080393246 3.1634884410 1.3082443515 2.7940348544 1.4087776736 1.0847754213 0.1107629464 0.3428457926
0.0651191541 1.0797548325 3.5919029558 0.2426579291 0.0000000000 0.0638160639 3.5831448088 0.3902488421 0.0341959684 2.7328379827 0.9884696813 0.3784198339 0.4970488783
0.7191540622 1.6166132957 0.5692932667 0.4080393246 0.0638160639 0.0000000000 0.1103238586 0.8775324350 1.5433316572 0.1702367689 3.1421861289 2.3212181976 0.5987289843
0.1876806992 0.3390050686 1.5650063376 3.1634884410 3.5831448088 0.1103238586 0.0000000000 1.9465511250 0.4070460379 0.2217469479 3.9745365384 0.1126591717 2.5632623062
0.5803091103 2.0568032150 0.8915467748 1.3082443515 0.3902488421 0.8775324350 1.9465511250 0.0000000000 0.2654706898 0.1528076761 0.1607302756 0.8329427075 0.2521411671
0.0663621065 0.8851908487 0.1776732061 2.7940348544 0.0341959684 1.5433316572 0.4070460379 0.2654706898 0.0000000000 0.2919476209 0.0604985544 0.8151017248 0.8784039611
1.0485411255 3.1293602936 0.0078746084 1.4087776736 2.7328379827 0.1702367689 0.2217469479 0.1528076761 0.2919476209 0.0000000000 0.1621940385 0.0120361505 0.6661167140
2.6354392222 2.7191967057 0.7080491215 1.0847754213 0.9884696813 3.1421861289 3.9745365384 0.1607302756 0.0604985544 0.1621940385 0.0000000000 2.0426939052 0.0337329177
1.4299801408 0.2185166199 0.5959968224 0.1107629464 0.3784198339 2.3212181976 0.1126591717 0.8329427075 0.8151017248 0.0120361505 2.0426939052 0.0000000000 0.7417634106
0.0170462383 1.3878527488 0.6808709556 0.3428457926 0.4970488783 0.5987289843 2.5632623062 0.2521411671 0.8784039611 0.6661167140 0.0337329177 0.7417634106 0.0000000000
