# MCW Instance
# Type: EXPONENTIAL
# N: 13
# Optimal cost: 1.2763660567167392
# Optimal tour (permutation): [0, 11, 7, 9, 6, 4, 2, 1, 10, 3, 12, 8, 5, 0]
# Optimal walk (full path): [0, 11, 7, 11, 9, 6, 4, 2, 1, 3, 10, 3, 12, 5, 8, 5, 0]
# Walk size: 17
# Is walk (has repeats): true

# Distance Matrix
0.0000000000 1.5786331883 4.8364975821 2.4849113668 0.1256643293 0.0857830690 1.7514639413 1.1303355588 0.9891272144 0.5510114913 0.1804884083 0.0574064627 0.6093348897
1.5786331883 0.0000000000 0.0209816762 0.1816740529 0.8617582726 1.4456495503 1.6969065547 1.2051265071 0.7266346217 0.8122041323 2.4221150402 2.9240198424 0.1947830293
4.8364975821 0.0209816762 0.0000000000 3.5124890003 0.0458234923 1.2650039466 0.7463801971 0.6558356155 0.4346972226 0.4774979526 1.5082704737 0.5259928536 1.2569139470
2.4849113668 0.1816740529 3.5124890003 0.0000000000 2.7209173042 0.5735318000 0.3031689050 2.8642206003 0.9647633742 0.5840157070 0.0762961829 1.2393426783 0.1604854155
0.1256643293 0.8617582726 0.0458234923 2.7209173042 0.0000000000 0.8675135316 0.1047651895 1.0340134631 0.7999162335 3.5928929487 2.5151821172 0.2225585899 0.5223174190
0.0857830690 1.4456495503 1.2650039466 0.5735318000 0.8675135316 0.0000000000 0.8122599117 0.3032070132 0.0026256140 0.1968510596 1.2121784677 0.9910360307 0.1675976006
1.7514639413 1.6969065547 0.7463801971 0.3031689050 0.1047651895 0.8122599117 0.0000000000 0.2632242048 1.3439063042 0.1107610489 0.8480340571 0.1065272044 4.0901591858
1.1303355588 1.2051265071 0.6558356155 2.8642206003 1.0340134631 0.3032070132 0.2632242048 0.0000000000 0.8481194983 1.7900941489 0.7627324947 0.0397458315 2.5878429446
0.9891272144 0.7266346217 0.4346972226 0.9647633742 0.7999162335 0.0026256140 1.3439063042 0.8481194983 0.0000000000 0.1517458305 1.7939868000 0.7717701204 1.4961331797
0.5510114913 0.8122041323 0.4774979526 0.5840157070 3.5928929487 0.1968510596 0.1107610489 1.7900941489 0.1517458305 0.0000000000 3.2294960570 0.1037527924 0.2244249293
0.1804884083 2.4221150402 1.5082704737 0.0762961829 2.5151821172 1.2121784677 0.8480340571 0.7627324947 1.7939868000 3.2294960570 0.0000000000 0.8386251091 0.9402483708
0.0574064627 2.9240198424 0.5259928536 1.2393426783 0.2225585899 0.9910360307 0.1065272044 0.0397458315 0.7717701204 0.1037527924 0.8386251091 0.0000000000 4.2511571833
0.6093348897 0.1947830293 1.2569139470 0.1604854155 0.5223174190 0.1675976006 4.0901591858 2.5878429446 1.4961331797 0.2244249293 0.9402483708 4.2511571833 0.0000000000
