# MCW Instance
# Type: EXPONENTIAL
# N: 13
# Optimal cost: 2.712636341369488
# Optimal tour (permutation): [0, 11, 7, 5, 8, 2, 1, 10, 6, 9, 4, 12, 3, 0]
# Optimal walk (full path): [0, 11, 7, 5, 8, 2, 1, 6, 10, 6, 9, 4, 12, 3, 11, 0]
# Walk size: 16
# Is walk (has repeats): true

# Distance Matrix
0.0000000000 2.3101132563 3.8669659515 2.6435951141 0.9706690051 2.3164951301 0.8540820216 0.6877063332 0.2159683416 1.3936073175 1.1156091588 0.0892408456 1.6443158374
2.3101132563 0.0000000000 0.3310285910 2.4825279723 0.9698970641 2.2560719579 0.3233748901 0.3840496029 1.4079175678 2.9005431436 1.0610824573 1.2726978437 0.5614789274
3.8669659515 0.3310285910 0.0000000000 3.0834117116 0.9518091665 5.0103200539 1.4642719090 3.5445029500 0.2045618044 3.0987458576 0.6508395176 0.6652369110 1.5213731736
2.6435951141 2.4825279723 3.0834117116 0.0000000000 0.8715963824 0.9255486618 0.2801074414 1.7676705306 0.4012668438 3.9425378020 2.0790377605 0.2924512871 0.0565303490
0.9706690051 0.9698970641 0.9518091665 0.8715963824 0.0000000000 3.2508956431 0.8463829817 1.0365517847 0.3078830955 0.0271338059 3.0925293360 0.2388246403 0.2826222017
2.3164951301 2.2560719579 5.0103200539 0.9255486618 3.2508956431 0.0000000000 1.2537486226 0.1792197539 0.2323726632 1.9802513112 2.1377130201 0.1660053407 0.4774766921
0.8540820216 0.3233748901 1.4642719090 0.2801074414 0.8463829817 1.2537486226 0.0000000000 1.2009689031 1.2186279272 0.1807146009 0.1570705500 0.8791547173 3.2392872775
0.6877063332 0.3840496029 3.5445029500 1.7676705306 1.0365517847 0.1792197539 1.2009689031 0.0000000000 0.4494087891 0.8831086961 0.5166740420 0.1100036030 0.9459344628
0.2159683416 1.4079175678 0.2045618044 0.4012668438 0.3078830955 0.2323726632 1.2186279272 0.4494087891 0.0000000000 0.1048253273 0.8449563749 0.3934424434 0.7606530769
1.3936073175 2.9005431436 3.0987458576 3.9425378020 0.0271338059 1.9802513112 0.1807146009 0.8831086961 0.1048253273 0.0000000000 0.6845165910 0.6629105496 0.3966042428
1.1156091588 1.0610824573 0.6508395176 2.0790377605 3.0925293360 2.1377130201 0.1570705500 0.5166740420 0.8449563749 0.6845165910 0.0000000000 3.6016669762 0.9776029633
0.0892408456 1.2726978437 0.6652369110 0.2924512871 0.2388246403 0.1660053407 0.8791547173 0.1100036030 0.3934424434 0.6629105496 3.6016669762 0.0000000000 1.4818413982
1.6443158374 0.5614789274 1.5213731736 0.0565303490 0.2826222017 0.4774766921 3.2392872775 0.9459344628 0.7606530769 0.3966042428 0.9776029633 1.4818413982 0.0000000000
