# MCW Instance
# Type: EXPONENTIAL
# N: 13
# Optimal cost: 3.1378162197039154
# Optimal tour (permutation): [0, 3, 10, 11, 12, 4, 8, 9, 7, 5, 1, 2, 6, 0]
# Optimal walk (full path): [0, 3, 10, 11, 12, 4, 12, 8, 9, 7, 5, 1, 5, 2, 6, 0]
# Walk size: 16
# Is walk (has repeats): true

# Distance Matrix
0.0000000000 1.9369251930 0.3261461609 0.2820482887 1.2794720015 0.8720325647 0.0845638120 1.5666333588 1.3314054012 1.1081821283 0.8883306075 0.6996908295 0.4306117865
1.9369251930 0.0000000000 2.3426263776 2.0142541308 0.5842722249 0.0733502097 1.3500518875 0.5212484661 1.7617467886 1.3984012150 0.5942913330 0.4123866440 0.4322496373
0.3261461609 2.3426263776 0.0000000000 3.6472155773 0.5499717304 0.1798302248 0.2930871878 0.2906071452 1.3387955988 0.4589754920 1.5303447616 0.9080562971 1.4092379315
0.2820482887 2.0142541308 3.6472155773 0.0000000000 0.7249529656 2.4813411915 0.3370470021 1.3542486751 0.3552070141 0.4680229823 0.2567214281 1.4006127703 0.3217244861
1.2794720015 0.5842722249 0.5499717304 0.7249529656 0.0000000000 1.6182629972 1.2411011184 1.3230732960 2.9469358229 1.0735249535 2.4877432008 1.0717342047 0.2535129414
0.8720325647 0.0733502097 0.1798302248 2.4813411915 1.6182629972 0.0000000000 1.5324135622 0.0116865803 1.5363163384 0.2474315999 1.9391239322 0.3758830552 0.8076746358
0.0845638120 1.3500518875 0.2930871878 0.3370470021 1.2411011184 1.5324135622 0.0000000000 1.7860391289 2.5430075145 0.8076228503 0.5545654254 0.7370278683 4.6341426990
1.5666333588 0.5212484661 0.2906071452 1.3542486751 1.3230732960 0.0116865803 1.7860391289 0.0000000000 2.6034934809 0.0239462757 0.2519269852 0.2711516476 0.2966083023
1.3314054012 1.7617467886 1.3387955988 0.3552070141 2.9469358229 1.5363163384 2.5430075145 2.6034934809 0.0000000000 0.3006075491 0.5404872937 1.1892042554 0.4414223129
1.1081821283 1.3984012150 0.4589754920 0.4680229823 1.0735249535 0.2474315999 0.8076228503 0.0239462757 0.3006075491 0.0000000000 1.3066895966 2.7673484674 0.6126604562
0.8883306075 0.5942913330 1.5303447616 0.2567214281 2.4877432008 1.9391239322 0.5545654254 0.2519269852 0.5404872937 1.3066895966 0.0000000000 0.3711471545 0.8337019293
0.6996908295 0.4123866440 0.9080562971 1.4006127703 1.0717342047 0.3758830552 0.7370278683 0.2711516476 1.1892042554 2.7673484674 0.3711471545 0.0000000000 0.2390291036
0.4306117865 0.4322496373 1.4092379315 0.3217244861 0.2535129414 0.8076746358 4.6341426990 0.2966083023 0.4414223129 0.6126604562 0.8337019293 0.2390291036 0.0000000000
