# MCW Instance
# Type: EXPONENTIAL
# N: 13
# Optimal cost: 1.7622164412692811
# Optimal tour (permutation): [0, 1, 7, 10, 8, 11, 2, 5, 4, 3, 9, 12, 6, 0]
# Optimal walk (full path): [0, 6, 1, 7, 10, 2, 8, 11, 8, 2, 5, 4, 3, 4, 9, 12, 9, 6, 0]
# Walk size: 19
# Is walk (has repeats): true

# Distance Matrix
0.0000000000 0.3310068507 0.6718485946 0.7608681105 0.1587752719 0.3167292335 0.0374766480 4.5898259357 0.7728416492 0.6137002776 1.5643281175 0.5894740622 1.0301083105
0.3310068507 0.0000000000 0.8372943476 0.7505325327 0.8604522624 1.1907028845 0.1918874773 0.0780877240 1.2809768912 0.7243821288 0.7510157248 1.6114855230 0.9656787453
0.6718485946 0.8372943476 0.0000000000 0.1633320855 2.9136161215 0.0119416618 0.7102825158 0.4180734791 0.0407148672 2.3879239602 0.1574858963 3.0928240662 0.8597286138
0.7608681105 0.7505325327 0.1633320855 0.0000000000 0.0288608108 2.0760880841 0.7107791796 1.0370803076 4.3222060739 0.3293861005 2.1472561513 3.1022160635 1.0342990809
0.1587752719 0.8604522624 2.9136161215 0.0288608108 0.0000000000 0.1131356688 0.3620966567 0.6841965640 1.4874442040 0.0513053893 1.3801355387 0.7115779934 1.1897356039
0.3167292335 1.1907028845 0.0119416618 2.0760880841 0.1131356688 0.0000000000 1.4851195792 4.0298869664 1.1983108179 0.4080047797 3.9131966746 0.7645410767 2.0091789734
0.0374766480 0.1918874773 0.7102825158 0.7107791796 0.3620966567 1.4851195792 0.0000000000 1.0155150424 1.0815425890 0.0675478263 1.3136242839 0.3651783772 1.2390100778
4.5898259357 0.0780877240 0.4180734791 1.0370803076 0.6841965640 4.0298869664 1.0155150424 0.0000000000 1.3216296727 0.6787870027 0.4670291089 2.6871697434 0.4649809227
0.7728416492 1.2809768912 0.0407148672 4.3222060739 1.4874442040 1.1983108179 1.0815425890 1.3216296727 0.0000000000 1.7256132528 0.2554423461 0.0994761345 0.7151951553
0.6137002776 0.7243821288 2.3879239602 0.3293861005 0.0513053893 0.4080047797 0.0675478263 0.6787870027 1.7256132528 0.0000000000 0.4449783510 0.3430857673 0.1053693838
1.5643281175 0.7510157248 0.1574858963 2.1472561513 1.3801355387 3.9131966746 1.3136242839 0.4670291089 0.2554423461 0.4449783510 0.0000000000 0.7714600931 0.6194006467
0.5894740622 1.6114855230 3.0928240662 3.1022160635 0.7115779934 0.7645410767 0.3651783772 2.6871697434 0.0994761345 0.3430857673 0.7714600931 0.0000000000 1.4630306771
1.0301083105 0.9656787453 0.8597286138 1.0342990809 1.1897356039 2.0091789734 1.2390100778 0.4649809227 0.7151951553 0.1053693838 0.6194006467 1.4630306771 0.0000000000
