# MCW Instance
# Type: EXPONENTIAL
# N: 13
# Optimal cost: 1.4344258138388468
# Optimal tour (permutation): [0, 5, 8, 11, 6, 4, 3, 2, 9, 7, 12, 1, 10, 0]
# Optimal walk (full path): [0, 5, 8, 2, 11, 6, 3, 4, 3, 2, 9, 7, 1, 12, 1, 7, 10, 0]
# Walk size: 18
# Is walk (has repeats): true

# Distance Matrix
0.0000000000 1.2116151381 0.3288237330 0.9238093631 1.7539400470 0.0376420872 1.2669859976 3.5804413182 1.9600582874 1.4523751985 0.0254366357 0.5293969504 2.1199822600
1.2116151381 0.0000000000 0.3362904814 0.7107651317 0.8714128040 1.6828948220 0.6123235831 0.0084827176 2.7042325212 1.2775938679 1.6887016084 0.7128760054 0.0424721529
0.3288237330 0.3362904814 0.0000000000 0.2962550550 1.1381902448 1.1490868784 0.3338959516 4.0047801008 0.0973483228 0.0035903954 1.3298168624 0.0816982979 0.3076809245
0.9238093631 0.7107651317 0.2962550550 0.0000000000 0.0257577706 1.4458602602 0.3741710704 1.8620064513 0.3988471014 1.0538096823 2.8979806728 1.1725437028 1.0148128591
1.7539400470 0.8714128040 1.1381902448 0.0257577706 0.0000000000 1.2310889296 1.0555745235 3.8053274603 0.9422922574 1.5602129080 0.5170938661 0.5424666863 1.9270265005
0.0376420872 1.6828948220 1.1490868784 1.4458602602 1.2310889296 0.0000000000 1.6216604312 1.2059193188 0.0910485829 1.4955182537 1.5369159203 0.7225588845 1.8630908894
1.2669859976 0.6123235831 0.3338959516 0.3741710704 1.0555745235 1.6216604312 0.0000000000 4.2646003059 0.5524497725 1.5166103922 1.0436051509 0.1255606056 0.5071960881
3.5804413182 0.0084827176 4.0047801008 1.8620064513 3.8053274603 1.2059193188 4.2646003059 0.0000000000 0.3683174506 0.0737790730 0.0744704057 1.4743644736 0.7688038563
1.9600582874 2.7042325212 0.0973483228 0.3988471014 0.9422922574 0.0910485829 0.5524497725 0.3683174506 0.0000000000 0.2750708997 2.3014553924 1.5816602898 1.0399407548
1.4523751985 1.2775938679 0.0035903954 1.0538096823 1.5602129080 1.4955182537 1.5166103922 0.0737790730 0.2750708997 0.0000000000 3.9852531410 1.5075489365 1.7298952841
0.0254366357 1.6887016084 1.3298168624 2.8979806728 0.5170938661 1.5369159203 1.0436051509 0.0744704057 2.3014553924 3.9852531410 0.0000000000 0.1731414312 0.5191319915
0.5293969504 0.7128760054 0.0816982979 1.1725437028 0.5424666863 0.7225588845 0.1255606056 1.4743644736 1.5816602898 1.5075489365 0.1731414312 0.0000000000 1.4393571683
2.1199822600 0.0424721529 0.3076809245 1.0148128591 1.9270265005 1.8630908894 0.5071960881 0.7688038563 1.0399407548 1.7298952841 0.5191319915 1.4393571683 0.0000000000
