# MCW Instance
# Type: EXPONENTIAL
# N: 13
# Optimal cost: 2.00541769843223
# Optimal tour (permutation): [0, 8, 6, 12, 5, 10, 4, 1, 11, 3, 2, 9, 7, 0]
# Optimal walk (full path): [0, 8, 6, 12, 5, 10, 4, 1, 11, 3, 2, 9, 7, 0]
# Walk size: 14
# Is walk (has repeats): false

# Distance Matrix
0.0000000000 0.8434203045 0.8033599632 0.6670872945 0.6747365710 1.4113392076 1.0859835592 0.1170415255 0.0261791675 0.5906757452 1.4785296953 3.5259588354 0.3475080382
0.8434203045 0.0000000000 1.0649566100 0.8888201174 0.2674452050 1.7095301749 0.9536903715 1.5044263494 1.4074805387 0.4592021868 0.7200469719 0.0280498765 3.0879805303
0.8033599632 1.0649566100 0.0000000000 0.0283131905 1.1304229079 3.0002054916 0.5318546220 0.8138755868 1.4105765429 0.0310889774 0.3666425337 1.7066638664 1.2340990611
0.6670872945 0.8888201174 0.0283131905 0.0000000000 0.5372534134 0.4053315247 0.8432346491 0.4786641157 2.6962341574 0.7049845916 2.0486693499 0.2779998435 0.4500276522
0.6747365710 0.2674452050 1.1304229079 0.5372534134 0.0000000000 0.3363629827 2.4246891246 0.5822692010 1.0746990511 1.6514320784 0.0959651066 0.9862904830 0.6860114724
1.4113392076 1.7095301749 3.0002054916 0.4053315247 0.3363629827 0.0000000000 0.9161095059 1.6150876820 0.2011963107 0.3111854464 0.0589557723 0.5845089561 0.4446763544
1.0859835592 0.9536903715 0.5318546220 0.8432346491 2.4246891246 0.9161095059 0.0000000000 0.4967825192 0.1515920627 2.3020092882 0.7579913546 0.9393187569 0.2063341822
0.1170415255 1.5044263494 0.8138755868 0.4786641157 0.5822692010 1.6150876820 0.4967825192 0.0000000000 1.8117325413 0.2717764345 1.3369190247 0.6464835519 2.4757279804
0.0261791675 1.4074805387 1.4105765429 2.6962341574 1.0746990511 0.2011963107 0.1515920627 1.8117325413 0.0000000000 2.7782514764 0.2573464710 0.2478284753 0.3283828373
0.5906757452 0.4592021868 0.0310889774 0.7049845916 1.6514320784 0.3111854464 2.3020092882 0.2717764345 2.7782514764 0.0000000000 0.5779473754 1.3451152472 2.3564327781
1.4785296953 0.7200469719 0.3666425337 2.0486693499 0.0959651066 0.0589557723 0.7579913546 1.3369190247 0.2573464710 0.5779473754 0.0000000000 0.5101063069 1.4633655122
3.5259588354 0.0280498765 1.7066638664 0.2779998435 0.9862904830 0.5845089561 0.9393187569 0.6464835519 0.2478284753 1.3451152472 0.5101063069 0.0000000000 2.1329292955
0.3475080382 3.0879805303 1.2340990611 0.4500276522 0.6860114724 0.4446763544 0.2063341822 2.4757279804 0.3283828373 2.3564327781 1.4633655122 2.1329292955 0.0000000000
