# MCW Instance
# Type: EXPONENTIAL
# N: 13
# Optimal cost: 1.9028383350092914
# Optimal tour (permutation): [0, 9, 11, 12, 2, 8, 1, 5, 6, 3, 4, 10, 7, 0]
# Optimal walk (full path): [0, 9, 11, 12, 2, 8, 1, 5, 6, 3, 6, 4, 7, 10, 7, 0]
# Walk size: 16
# Is walk (has repeats): true

# Distance Matrix
0.0000000000 0.0652870734 0.1302701014 0.4640957199 3.1843855330 0.6050112208 0.8643316495 0.0192953383 4.2899475818 0.2024019263 0.3354913262 0.1397601219 1.3759002461
0.0652870734 0.0000000000 0.2365314506 1.1914918258 1.5546107540 0.1328879284 0.3896602202 0.3332629878 0.1816662399 0.4309774900 0.8414781419 1.7492436466 2.5076411724
0.1302701014 0.2365314506 0.0000000000 1.4136516860 1.6555616371 1.6257699936 0.6165344998 2.4226460215 0.0014818793 3.0230410923 0.4722212572 0.7790346585 0.0693768187
0.4640957199 1.1914918258 1.4136516860 0.0000000000 4.4711643367 0.6043800361 0.2562345857 1.0385120206 3.3785001270 1.6417144609 0.5719335881 1.8063312241 1.2026208076
3.1843855330 1.5546107540 1.6555616371 4.4711643367 0.0000000000 0.4513473893 0.1325339166 0.0418391387 0.3054862602 0.7701616146 1.4313987006 0.5118026577 0.8528938469
0.6050112208 0.1328879284 1.6257699936 0.6043800361 0.4513473893 0.0000000000 0.2875147837 0.4611877334 1.9892045091 1.1804921971 0.9379106024 2.0850700673 2.0915785132
0.8643316495 0.3896602202 0.6165344998 0.2562345857 0.1325339166 0.2875147837 0.0000000000 0.8720750483 0.5703834453 1.7629345320 1.7590843964 1.2073542649 0.7775388900
0.0192953383 0.3332629878 2.4226460215 1.0385120206 0.0418391387 0.4611877334 0.8720750483 0.0000000000 0.4136189803 1.7553215521 0.0199058483 0.1190004785 2.4244740946
4.2899475818 0.1816662399 0.0014818793 3.3785001270 0.3054862602 1.9892045091 0.5703834453 0.4136189803 0.0000000000 0.1747905966 1.2790686023 1.6825805590 1.1803856156
0.2024019263 0.4309774900 3.0230410923 1.6417144609 0.7701616146 1.1804921971 1.7629345320 1.7553215521 0.1747905966 0.0000000000 1.4069604906 0.1365649144 0.2972741644
0.3354913262 0.8414781419 0.4722212572 0.5719335881 1.4313987006 0.9379106024 1.7590843964 0.0199058483 1.2790686023 1.4069604906 0.0000000000 0.7791763368 0.3590092485
0.1397601219 1.7492436466 0.7790346585 1.8063312241 0.5118026577 2.0850700673 1.2073542649 0.1190004785 1.6825805590 0.1365649144 0.7791763368 0.0000000000 0.1449945827
1.3759002461 2.5076411724 0.0693768187 1.2026208076 0.8528938469 2.0915785132 0.7775388900 2.4244740946 1.1803856156 0.2972741644 0.3590092485 0.1449945827 0.0000000000
