# MCW Instance
# Type: EXPONENTIAL
# N: 13
# Optimal cost: 2.526985284519147
# Optimal tour (permutation): [0, 8, 11, 5, 2, 12, 1, 10, 6, 9, 3, 7, 4, 0]
# Optimal walk (full path): [0, 8, 11, 5, 2, 5, 12, 1, 10, 6, 9, 3, 4, 7, 4, 0]
# Walk size: 16
# Is walk (has repeats): true

# Distance Matrix
0.0000000000 0.4747946248 2.0039294698 0.9502913937 0.4107393124 1.6643207930 2.9765017137 0.5555099846 0.2575691735 2.5105757697 4.3759635174 0.8788418202 1.0036229626
0.4747946248 0.0000000000 1.9082749479 0.5197008596 0.1273338039 1.1985773490 1.3956684373 1.9658165038 0.2303132674 0.2151737444 0.2092983083 1.4051722990 0.1255540196
2.0039294698 1.9082749479 0.0000000000 0.3673995249 0.4634671934 0.0771821430 0.2146034531 0.8467044975 1.4401328870 0.6237640527 0.4712752406 0.6074421307 3.1593720103
0.9502913937 0.5197008596 0.3673995249 0.0000000000 0.3946995071 2.8421038676 0.5290161272 1.2055943656 0.8928805202 0.3418717348 2.3464637959 1.5204503266 1.3268576825
0.4107393124 0.1273338039 0.4634671934 0.3946995071 0.0000000000 0.3175963558 0.3571847618 0.0914324062 0.8425513652 0.5059629795 0.3344980553 0.6972923466 0.3403125123
1.6643207930 1.1985773490 0.0771821430 2.8421038676 0.3175963558 0.0000000000 0.4631827058 2.1506418980 0.6635215819 0.3387906009 2.1118389554 0.0486902454 0.1122253306
2.9765017137 1.3956684373 0.2146034531 0.5290161272 0.3571847618 0.4631827058 0.0000000000 0.3513810142 0.2304494254 0.1920733752 0.0311767262 0.5871886666 0.3194092427
0.5555099846 1.9658165038 0.8467044975 1.2055943656 0.0914324062 2.1506418980 0.3513810142 0.0000000000 2.8167265260 0.5943242625 3.6127599320 3.1148330818 0.3094349424
0.2575691735 0.2303132674 1.4401328870 0.8928805202 0.8425513652 0.6635215819 0.2304494254 2.8167265260 0.0000000000 0.2540494927 0.6095092223 0.0658584533 0.3662242665
2.5105757697 0.2151737444 0.6237640527 0.3418717348 0.5059629795 0.3387906009 0.1920733752 0.5943242625 0.2540494927 0.0000000000 0.9628349974 0.7726816010 0.2655404515
4.3759635174 0.2092983083 0.4712752406 2.3464637959 0.3344980553 2.1118389554 0.0311767262 3.6127599320 0.6095092223 0.9628349974 0.0000000000 2.0420599273 1.3719987744
0.8788418202 1.4051722990 0.6074421307 1.5204503266 0.6972923466 0.0486902454 0.5871886666 3.1148330818 0.0658584533 0.7726816010 2.0420599273 0.0000000000 0.5253643886
1.0036229626 0.1255540196 3.1593720103 1.3268576825 0.3403125123 0.1122253306 0.3194092427 0.3094349424 0.3662242665 0.2655404515 1.3719987744 0.5253643886 0.0000000000
