# MCW Instance
# Type: EXPONENTIAL
# N: 13
# Optimal cost: 2.965789592657745
# Optimal tour (permutation): [0, 7, 5, 6, 3, 10, 4, 12, 1, 9, 8, 11, 2, 0]
# Optimal walk (full path): [0, 2, 7, 5, 6, 3, 10, 4, 12, 1, 12, 9, 8, 11, 2, 0]
# Walk size: 16
# Is walk (has repeats): true

# Distance Matrix
0.0000000000 1.7164807165 0.0340544850 0.8079788406 3.2068098152 1.0300978404 0.8469694113 0.2308102739 1.7871094260 0.8099699152 1.6833818361 1.5710251638 0.1094145979
1.7164807165 0.0000000000 0.4380734860 1.6117996383 0.4293534391 1.2917164512 1.4360113802 0.4043181986 2.1077735004 0.9795245509 1.3959028277 1.9916053986 0.2314920516
0.0340544850 0.4380734860 0.0000000000 0.0165362719 0.1419217541 2.4580863696 0.5748308585 0.0467264601 1.2058484398 0.7673592806 1.6569671429 0.2243755615 1.2773667134
0.8079788406 1.6117996383 0.0165362719 0.0000000000 2.8590226512 0.1981950746 0.2248526906 0.1208420001 0.9229137569 0.7706690170 0.4236965462 1.2623514670 1.3334430096
3.2068098152 0.4293534391 0.1419217541 2.8590226512 0.0000000000 2.5893761413 1.0097764704 0.2466386249 0.5170962604 2.3063441121 0.4205018950 1.9721324234 0.0929584535
1.0300978404 1.2917164512 2.4580863696 0.1981950746 2.5893761413 0.0000000000 0.2149160438 0.0614292007 1.7631154538 3.6904854096 0.7654009612 1.2048110912 0.3638023425
0.8469694113 1.4360113802 0.5748308585 0.2248526906 1.0097764704 0.2149160438 0.0000000000 2.3531643839 1.2940698484 0.4620868088 0.7850134877 0.4394892541 2.2209486682
0.2308102739 0.4043181986 0.0467264601 0.1208420001 0.2466386249 0.0614292007 2.3531643839 0.0000000000 0.6462949248 2.8732107988 0.9996049633 0.7366982748 4.2242924881
1.7871094260 2.1077735004 1.2058484398 0.9229137569 0.5170962604 1.7631154538 1.2940698484 0.6462949248 0.0000000000 0.0357734832 2.0849023688 0.4101146887 0.3058658879
0.8099699152 0.9795245509 0.7673592806 0.7706690170 2.3063441121 3.6904854096 0.4620868088 2.8732107988 0.0357734832 0.0000000000 0.6949225547 0.5471204831 0.2793514964
1.6833818361 1.3959028277 1.6569671429 0.4236965462 0.4205018950 0.7654009612 0.7850134877 0.9996049633 2.0849023688 0.6949225547 0.0000000000 0.6936418133 1.7164509891
1.5710251638 1.9916053986 0.2243755615 1.2623514670 1.9721324234 1.2048110912 0.4394892541 0.7366982748 0.4101146887 0.5471204831 0.6936418133 0.0000000000 0.6765137790
0.1094145979 0.2314920516 1.2773667134 1.3334430096 0.0929584535 0.3638023425 2.2209486682 4.2242924881 0.3058658879 0.2793514964 1.7164509891 0.6765137790 0.0000000000
