# MCW Instance
# Type: EXPONENTIAL
# N: 13
# Optimal cost: 1.4942822776846323
# Optimal tour (permutation): [0, 7, 3, 2, 9, 1, 6, 12, 10, 5, 4, 11, 8, 0]
# Optimal walk (full path): [0, 7, 3, 2, 9, 1, 6, 12, 10, 5, 4, 8, 11, 8, 0]
# Walk size: 15
# Is walk (has repeats): true

# Distance Matrix
0.0000000000 0.4215057918 2.1801816248 2.3382337039 0.5207412944 0.8797946764 1.3354862067 0.0549160360 0.1553912736 0.2154553660 0.3805811775 1.6455874216 1.7445380195
0.4215057918 0.0000000000 1.2068713566 0.3237927226 1.2983322845 0.3041903760 0.1145405487 1.3670147169 1.4510647844 0.1404063194 1.3579465721 0.6580072181 0.5459682902
2.1801816248 1.2068713566 0.0000000000 0.0635839425 0.2997593693 0.2652062077 1.4144290132 0.1454589747 0.2419130025 0.1241684084 0.6003125411 0.9812226131 1.1378940305
2.3382337039 0.3237927226 0.0635839425 0.0000000000 1.4692286406 0.3785849025 0.8933930737 0.1532853543 2.1182986076 0.3937328177 0.2826713026 0.8880366752 1.1737786265
0.5207412944 1.2983322845 0.2997593693 1.4692286406 0.0000000000 0.0621316125 1.9185884928 4.3078585955 0.0423722087 0.8474656099 0.3034355569 0.8643159494 0.6938986492
0.8797946764 0.3041903760 0.2652062077 0.3785849025 0.0621316125 0.0000000000 0.1676053474 0.1291404985 0.3853833226 0.2346309397 0.1907864333 0.2385194950 0.7266642365
1.3354862067 0.1145405487 1.4144290132 0.8933930737 1.9185884928 0.1676053474 0.0000000000 0.1185100702 0.1015443382 0.3784284616 0.2555634548 0.4334150353 0.1538959857
0.0549160360 1.3670147169 0.1454589747 0.1532853543 4.3078585955 0.1291404985 0.1185100702 0.0000000000 0.7346262762 0.2910892984 1.3969353697 0.7256123373 2.4611030817
0.1553912736 1.4510647844 0.2419130025 2.1182986076 0.0423722087 0.3853833226 0.1015443382 0.7346262762 0.0000000000 1.0602920993 0.6221550024 0.0078983649 0.1376186552
0.2154553660 0.1404063194 0.1241684084 0.3937328177 0.8474656099 0.2346309397 0.3784284616 0.2910892984 1.0602920993 0.0000000000 0.6705396480 0.0438013014 2.0591317534
0.3805811775 1.3579465721 0.6003125411 0.2826713026 0.3034355569 0.1907864333 0.2555634548 1.3969353697 0.6221550024 0.6705396480 0.0000000000 0.3860071714 0.2230074247
1.6455874216 0.6580072181 0.9812226131 0.8880366752 0.8643159494 0.2385194950 0.4334150353 0.7256123373 0.0078983649 0.0438013014 0.3860071714 0.0000000000 0.6793601989
1.7445380195 0.5459682902 1.1378940305 1.1737786265 0.6938986492 0.7266642365 0.1538959857 2.4611030817 0.1376186552 2.0591317534 0.2230074247 0.6793601989 0.0000000000
