# MCW Instance
# Type: EXPONENTIAL
# N: 13
# Optimal cost: 2.0632601562595836
# Optimal tour (permutation): [0, 9, 5, 4, 1, 3, 12, 11, 6, 10, 8, 7, 2, 0]
# Optimal walk (full path): [0, 9, 5, 4, 1, 3, 12, 11, 10, 6, 10, 8, 7, 2, 0]
# Walk size: 15
# Is walk (has repeats): true

# Distance Matrix
0.0000000000 2.6618094133 0.2263035100 1.6510032950 0.9295495502 2.9919589465 0.7902335556 2.5130165292 0.9658352914 0.1457900821 0.8653968996 0.3879039786 0.3115400147
2.6618094133 0.0000000000 1.7134145691 0.1480146843 0.0514218719 0.8602575655 2.2719432534 0.3912335228 0.8675874417 1.0835138889 0.2455079784 0.9355214097 0.3611615273
0.2263035100 1.7134145691 0.0000000000 0.1256335855 0.1788103707 0.3070676212 2.0925136246 0.0957996791 0.4120160459 0.3632078425 0.2661681441 0.3515154205 0.8760773917
1.6510032950 0.1480146843 0.1256335855 0.0000000000 0.2060200017 0.8982527246 0.3576204600 0.9567004353 1.4517898314 0.9967682090 2.6705648707 0.4784416394 0.1504494142
0.9295495502 0.0514218719 0.1788103707 0.2060200017 0.0000000000 0.1037510671 1.3936073109 2.2670872684 0.2930965629 0.7793827173 0.2071753198 1.3387318743 0.5519322364
2.9919589465 0.8602575655 0.3070676212 0.8982527246 0.1037510671 0.0000000000 0.6383654615 5.3742103407 0.6836760549 0.2091512095 0.3350750537 0.6977093750 0.7703153172
0.7902335556 2.2719432534 2.0925136246 0.3576204600 1.3936073109 0.6383654615 0.0000000000 0.2880696179 0.5890106447 0.2187553583 0.1436136655 0.9246320215 6.1959160499
2.5130165292 0.3912335228 0.0957996791 0.9567004353 2.2670872684 5.3742103407 0.2880696179 0.0000000000 0.0429522802 0.7819256185 0.4093155411 0.2767059040 0.1446225554
0.9658352914 0.8675874417 0.4120160459 1.4517898314 0.2930965629 0.6836760549 0.5890106447 0.0429522802 0.0000000000 3.3639319466 0.0059012401 0.6750678390 0.1440362018
0.1457900821 1.0835138889 0.3632078425 0.9967682090 0.7793827173 0.2091512095 0.2187553583 0.7819256185 3.3639319466 0.0000000000 0.4881309792 2.7949650274 0.2366109406
0.8653968996 0.2455079784 0.2661681441 2.6705648707 0.2071753198 0.3350750537 0.1436136655 0.4093155411 0.0059012401 0.4881309792 0.0000000000 0.2782506665 0.1834872500
0.3879039786 0.9355214097 0.3515154205 0.4784416394 1.3387318743 0.6977093750 0.9246320215 0.2767059040 0.6750678390 2.7949650274 0.2782506665 0.0000000000 0.3182471203
0.3115400147 0.3611615273 0.8760773917 0.1504494142 0.5519322364 0.7703153172 6.1959160499 0.1446225554 0.1440362018 0.2366109406 0.1834872500 0.3182471203 0.0000000000
