# MCW Instance
# Type: EXPONENTIAL
# N: 13
# Optimal cost: 1.9720344954216888
# Optimal tour (permutation): [0, 8, 9, 10, 6, 1, 12, 4, 3, 5, 2, 11, 7, 0]
# Optimal walk (full path): [0, 8, 9, 10, 6, 10, 1, 12, 4, 12, 3, 5, 2, 7, 11, 7, 0]
# Walk size: 17
# Is walk (has repeats): true

# Distance Matrix
0.0000000000 1.2604826899 1.2153826303 0.3986007867 0.7621951065 1.1819454153 2.3970843978 0.1127093992 0.0530004600 3.0742816558 0.3759412538 2.2220735759 0.8787392952
1.2604826899 0.0000000000 0.4233092919 2.1124242822 0.6711687318 1.3812251087 1.4739700448 2.3436780220 3.5506004752 0.9362730654 0.2683146901 2.5483189796 0.2550562791
1.2153826303 0.4233092919 0.0000000000 0.5053124813 1.3129031764 0.2115161000 1.6553719598 0.0945460419 1.5202486501 0.5209423129 0.8126123838 3.6347438551 0.7096346041
0.3986007867 2.1124242822 0.5053124813 0.0000000000 0.5716748403 0.1999989235 2.4753149496 2.8428728933 0.0739229117 0.2981123642 0.1527000792 2.4897657709 0.0257079045
0.7621951065 0.6711687318 1.3129031764 0.5716748403 0.0000000000 0.4052315237 2.4284507308 0.3656090052 1.0402243058 0.9440282902 1.1209228971 0.7453761853 0.1435815598
1.1819454153 1.3812251087 0.2115161000 0.1999989235 0.4052315237 0.0000000000 0.8938774115 2.5670252947 0.2556772750 0.4109158012 0.3437452722 0.2573873979 1.7458931104
2.3970843978 1.4739700448 1.6553719598 2.4753149496 2.4284507308 0.8938774115 0.0000000000 0.9009582060 0.2103060313 0.9419084761 0.0829368989 0.5608048071 1.7743931772
0.1127093992 2.3436780220 0.0945460419 2.8428728933 0.3656090052 2.5670252947 0.9009582060 0.0000000000 1.4760513898 0.2049274257 0.4528211081 0.1066385195 0.5221655766
0.0530004600 3.5506004752 1.5202486501 0.0739229117 1.0402243058 0.2556772750 0.2103060313 1.4760513898 0.0000000000 0.0304048154 0.7419331556 0.8447212270 0.2918451948
3.0742816558 0.9362730654 0.5209423129 0.2981123642 0.9440282902 0.4109158012 0.9419084761 0.2049274257 0.0304048154 0.0000000000 0.0544659251 0.2410064707 2.2710275803
0.3759412538 0.2683146901 0.8126123838 0.1527000792 1.1209228971 0.3437452722 0.0829368989 0.4528211081 0.7419331556 0.0544659251 0.0000000000 0.4082688628 1.9433272899
2.2220735759 2.5483189796 3.6347438551 2.4897657709 0.7453761853 0.2573873979 0.5608048071 0.1066385195 0.8447212270 0.2410064707 0.4082688628 0.0000000000 0.1553025315
0.8787392952 0.2550562791 0.7096346041 0.0257079045 0.1435815598 1.7458931104 1.7743931772 0.5221655766 0.2918451948 2.2710275803 1.9433272899 0.1553025315 0.0000000000
