# MCW Instance
# Type: EXPONENTIAL
# N: 13
# Optimal cost: 1.58043349419162
# Optimal tour (permutation): [0, 6, 3, 7, 8, 11, 9, 4, 5, 12, 2, 1, 10, 0]
# Optimal walk (full path): [0, 10, 6, 3, 7, 8, 11, 9, 4, 5, 11, 12, 2, 1, 6, 10, 0]
# Walk size: 17
# Is walk (has repeats): true

# Distance Matrix
0.0000000000 0.4516985918 1.0311893232 0.8935496629 1.6879325364 0.3961530456 1.4599183658 3.5747000594 0.8051793953 3.2411571738 0.0430991946 0.5403885325 1.0302448620
0.4516985918 0.0000000000 0.0942892170 1.3282513458 2.2070144496 0.4322735949 0.1239660913 0.6090006659 2.1065660922 0.6711438298 0.2172454095 0.1176516201 0.5400371544
1.0311893232 0.0942892170 0.0000000000 0.2691441196 0.8858401638 2.0529350196 0.1464822083 0.7451935804 0.2804612184 0.5424294558 0.8818631666 0.6413963563 0.1435799776
0.8935496629 1.3282513458 0.2691441196 0.0000000000 0.7628151598 1.7440740152 0.0398361096 0.0848955655 3.5555533176 0.3116783350 0.4202817370 2.6476135776 0.5558929941
1.6879325364 2.2070144496 0.8858401638 0.7628151598 0.0000000000 0.0920255918 1.9248400367 0.9701997994 0.3886308746 0.0615925392 2.9864549617 0.5597448537 0.1033444907
0.3961530456 0.4322735949 2.0529350196 1.7440740152 0.0920255918 0.0000000000 0.8412360997 0.2257231538 2.3216534614 1.0515903383 1.1213537332 0.1110720767 0.3356588639
1.4599183658 0.1239660913 0.1464822083 0.0398361096 1.9248400367 0.8412360997 0.0000000000 0.8734957261 0.7382107781 1.9241243444 0.0853707931 3.5410459103 0.1250792809
3.5747000594 0.6090006659 0.7451935804 0.0848955655 0.9701997994 0.2257231538 0.8734957261 0.0000000000 0.2586596864 0.1829291539 0.5469177065 0.5887402903 0.8704297727
0.8051793953 2.1065660922 0.2804612184 3.5555533176 0.3886308746 2.3216534614 0.7382107781 0.2586596864 0.0000000000 0.4319978441 0.3333210714 0.2155379163 0.5879324054
3.2411571738 0.6711438298 0.5424294558 0.3116783350 0.0615925392 1.0515903383 1.9241243444 0.1829291539 0.4319978441 0.0000000000 0.8515205156 0.0432409480 2.2784794304
0.0430991946 0.2172454095 0.8818631666 0.4202817370 2.9864549617 1.1213537332 0.0853707931 0.5469177065 0.3333210714 0.8515205156 0.0000000000 0.3026910734 4.1161151955
0.5403885325 0.1176516201 0.6413963563 2.6476135776 0.5597448537 0.1110720767 3.5410459103 0.5887402903 0.2155379163 0.0432409480 0.3026910734 0.0000000000 0.0547977996
1.0302448620 0.5400371544 0.1435799776 0.5558929941 0.1033444907 0.3356588639 0.1250792809 0.8704297727 0.5879324054 2.2784794304 4.1161151955 0.0547977996 0.0000000000
