# MCW Instance
# Type: EXPONENTIAL
# N: 13
# Optimal cost: 2.324713002542097
# Optimal tour (permutation): [0, 8, 2, 12, 6, 11, 9, 5, 4, 7, 10, 3, 1, 0]
# Optimal walk (full path): [0, 8, 2, 6, 12, 6, 11, 9, 5, 4, 10, 7, 10, 3, 10, 0, 1, 0]
# Walk size: 18
# Is walk (has repeats): true

# Distance Matrix
0.0000000000 0.1454338765 1.4639971191 0.4407021068 1.1120009835 2.3140148165 0.8616803736 1.0524654325 0.2563235480 1.4710629543 0.1500983555 3.5389946958 0.3284797035
0.1454338765 0.0000000000 1.3662057857 1.3036413387 0.7699005005 0.5317743250 0.7822027229 3.1049896893 1.8999634012 1.2931011889 0.6416702340 0.9761709311 0.5880576168
1.4639971191 1.3662057857 0.0000000000 0.9749353518 0.4136068352 0.9820450011 0.1422709120 0.4406509031 0.2743837960 0.5562545148 0.6201125105 2.4888447943 1.4851488641
0.4407021068 1.3036413387 0.9749353518 0.0000000000 4.4762936148 1.1357831561 1.5301487859 2.7677552603 1.7618999372 2.1064230979 0.0307830064 0.2528690247 0.3128448895
1.1120009835 0.7699005005 0.4136068352 4.4762936148 0.0000000000 0.2010408849 0.3529579431 1.5807891347 1.8435915080 1.2474921027 0.1843013956 0.4102841763 0.2655691872
2.3140148165 0.5317743250 0.9820450011 1.1357831561 0.2010408849 0.0000000000 1.9839464850 0.8516056221 0.2032487056 0.1276954046 1.8998734674 2.7516074315 0.8083136604
0.8616803736 0.7822027229 0.1422709120 1.5301487859 0.3529579431 1.9839464850 0.0000000000 1.3676315821 1.8750025198 2.5128834724 0.3638322539 0.1081758825 0.0034932963
1.0524654325 3.1049896893 0.4406509031 2.7677552603 1.5807891347 0.8516056221 1.3676315821 0.0000000000 1.5195917172 0.5633084556 0.1610397734 0.8681565352 0.8423706119
0.2563235480 1.8999634012 0.2743837960 1.7618999372 1.8435915080 0.2032487056 1.8750025198 1.5195917172 0.0000000000 1.0393254816 0.8288265348 3.6232843652 0.8615440788
1.4710629543 1.2931011889 0.5562545148 2.1064230979 1.2474921027 0.1276954046 2.5128834724 0.5633084556 1.0393254816 0.0000000000 1.5234927664 0.1989229184 2.0398751763
0.1500983555 0.6416702340 0.6201125105 0.0307830064 0.1843013956 1.8998734674 0.3638322539 0.1610397734 0.8288265348 1.5234927664 0.0000000000 1.5180037967 0.5029986139
3.5389946958 0.9761709311 2.4888447943 0.2528690247 0.4102841763 2.7516074315 0.1081758825 0.8681565352 3.6232843652 0.1989229184 1.5180037967 0.0000000000 0.4658632255
0.3284797035 0.5880576168 1.4851488641 0.3128448895 0.2655691872 0.8083136604 0.0034932963 0.8423706119 0.8615440788 2.0398751763 0.5029986139 0.4658632255 0.0000000000
