# MCW Instance
# Type: EXPONENTIAL
# N: 13
# Optimal cost: 2.196217318268048
# Optimal tour (permutation): [0, 9, 4, 2, 6, 5, 1, 12, 3, 11, 10, 8, 7, 0]
# Optimal walk (full path): [0, 9, 2, 4, 2, 6, 5, 1, 12, 3, 11, 7, 10, 8, 10, 7, 0]
# Walk size: 17
# Is walk (has repeats): true

# Distance Matrix
0.0000000000 0.3167635970 0.8101912562 2.0132427486 2.0250436430 0.9295102111 3.3835475996 0.0654979006 0.2819431612 0.0101691231 1.8371019097 0.6740996799 0.8145525837
0.3167635970 0.0000000000 1.5805989854 2.3706527661 1.0168761901 0.1474602083 0.5156567328 1.4915715401 0.6751193014 0.9564317215 1.1335972963 0.1956648359 0.0695247700
0.8101912562 1.5805989854 0.0000000000 0.4007093767 0.0976995474 0.6954758279 0.1162843130 0.8353617127 1.8076599539 0.1234857227 0.3523578823 0.4171720849 0.8388959738
2.0132427486 2.3706527661 0.4007093767 0.0000000000 1.1465540661 0.3901037854 1.4098196877 2.4758646664 1.6988652576 2.8932997737 0.3616508146 0.3294979755 0.3074401207
2.0250436430 1.0168761901 0.0976995474 1.1465540661 0.0000000000 0.9736365570 2.2820195466 0.4035823436 3.5312113509 1.2024054465 1.6421720211 1.0485944327 0.3275144668
0.9295102111 0.1474602083 0.6954758279 0.3901037854 0.9736365570 0.0000000000 0.1705842569 0.1215478223 0.3888879314 1.6139452967 1.9262892858 1.7617731749 3.3301773639
3.3835475996 0.5156567328 0.1162843130 1.4098196877 2.2820195466 0.1705842569 0.0000000000 0.4649241442 1.7914477412 0.2621962551 0.7484474889 2.5554718788 1.1578678535
0.0654979006 1.4915715401 0.8353617127 2.4758646664 0.4035823436 0.1215478223 0.4649241442 0.0000000000 1.0329932582 0.6729503153 0.0034788562 0.2502792878 0.3969975879
0.2819431612 0.6751193014 1.8076599539 1.6988652576 3.5312113509 0.3888879314 1.7914477412 1.0329932582 0.0000000000 0.6947354720 0.2018184163 1.0783380480 1.8118525419
0.0101691231 0.9564317215 0.1234857227 2.8932997737 1.2024054465 1.6139452967 0.2621962551 0.6729503153 0.6947354720 0.0000000000 0.3575229871 0.7206420457 0.4511853468
1.8371019097 1.1335972963 0.3523578823 0.3616508146 1.6421720211 1.9262892858 0.7484474889 0.0034788562 0.2018184163 0.3575229871 0.0000000000 1.6422982526 1.6888223207
0.6740996799 0.1956648359 0.4171720849 0.3294979755 1.0485944327 1.7617731749 2.5554718788 0.2502792878 1.0783380480 0.7206420457 1.6422982526 0.0000000000 1.6410498707
0.8145525837 0.0695247700 0.8388959738 0.3074401207 0.3275144668 3.3301773639 1.1578678535 0.3969975879 1.8118525419 0.4511853468 1.6888223207 1.6410498707 0.0000000000
