# MCW Instance
# Type: EXPONENTIAL
# N: 13
# Optimal cost: 1.4391308751630907
# Optimal tour (permutation): [0, 1, 7, 10, 6, 9, 2, 4, 3, 11, 8, 5, 12, 0]
# Optimal walk (full path): [0, 1, 7, 6, 10, 6, 9, 2, 4, 3, 11, 3, 8, 5, 12, 0]
# Walk size: 16
# Is walk (has repeats): true

# Distance Matrix
0.0000000000 0.1446267741 1.8914664719 0.6702391271 1.5544840610 0.0419651730 0.8732987890 1.6184043370 0.3624313029 3.0679699134 1.7388567264 0.4015304269 0.1070966403
0.1446267741 0.0000000000 1.5651177828 1.5676156569 0.3700231456 1.1063382048 0.3950043877 0.0157927665 0.6531298025 2.0831627381 3.6765375378 0.2037270133 2.2545382919
1.8914664719 1.5651177828 0.0000000000 1.5837284539 0.1236113152 1.1105280937 1.9299140523 0.1205091336 0.5655338245 0.1353985619 0.7362989651 0.8756038694 2.9668867069
0.6702391271 1.5676156569 1.5837284539 0.0000000000 0.0878291560 0.2984956334 0.6027717562 0.6787095069 0.1168835030 0.6854924673 1.6005960251 0.0346490465 1.2060413520
1.5544840610 0.3700231456 0.1236113152 0.0878291560 0.0000000000 3.6720166071 0.2289859872 3.2541469376 1.3990574784 0.7831400187 0.3496734232 1.1449618836 0.1850903997
0.0419651730 1.1063382048 1.1105280937 0.2984956334 3.6720166071 0.0000000000 0.3780235464 0.2255319231 0.0582058946 1.8773006278 1.9257525679 0.2065558618 0.1020097090
0.8732987890 0.3950043877 1.9299140523 0.6027717562 0.2289859872 0.3780235464 0.0000000000 0.1090240796 0.2947865237 0.3086971472 0.0303286173 0.4048238334 0.5464978653
1.6184043370 0.0157927665 0.1205091336 0.6787095069 3.2541469376 0.2255319231 0.1090240796 0.0000000000 2.1222051249 0.3763904112 0.8093999188 0.8912302010 0.4483530510
0.3624313029 0.6531298025 0.5655338245 0.1168835030 1.3990574784 0.0582058946 0.2947865237 2.1222051249 0.0000000000 0.5731723302 0.4048253423 0.1877507764 0.1995929927
3.0679699134 2.0831627381 0.1353985619 0.6854924673 0.7831400187 1.8773006278 0.3086971472 0.3763904112 0.5731723302 0.0000000000 0.4434787071 0.5947457119 0.2877958682
1.7388567264 3.6765375378 0.7362989651 1.6005960251 0.3496734232 1.9257525679 0.0303286173 0.8093999188 0.4048253423 0.4434787071 0.0000000000 1.4246400577 0.3258707216
0.4015304269 0.2037270133 0.8756038694 0.0346490465 1.1449618836 0.2065558618 0.4048238334 0.8912302010 0.1877507764 0.5947457119 1.4246400577 0.0000000000 0.9586787265
0.1070966403 2.2545382919 2.9668867069 1.2060413520 0.1850903997 0.1020097090 0.5464978653 0.4483530510 0.1995929927 0.2877958682 0.3258707216 0.9586787265 0.0000000000
