# MCW Instance
# Type: EXPONENTIAL
# N: 13
# Optimal cost: 0.9309747103885073
# Optimal tour (permutation): [0, 1, 2, 6, 10, 7, 5, 11, 3, 8, 12, 9, 4, 0]
# Optimal walk (full path): [0, 1, 2, 6, 10, 7, 5, 7, 11, 3, 8, 9, 12, 9, 0, 4, 0]
# Walk size: 17
# Is walk (has repeats): true

# Distance Matrix
0.0000000000 0.0973241611 0.7515889681 0.4891929493 0.0108456945 1.0746532565 1.7421055883 2.3215327744 0.5838093678 0.0672468094 0.9553310338 1.2103911235 0.2299890718
0.0973241611 0.0000000000 0.1691474647 1.3102952334 1.5520096958 0.4163328933 1.1673689155 3.2476984261 1.8663991084 0.8293647768 0.3942177453 3.2552735893 1.3145003710
0.7515889681 0.1691474647 0.0000000000 0.6826501538 0.2271507200 0.7307568566 0.0203350483 0.9444639160 0.2858680768 2.7593952154 1.2137458225 1.0162827317 0.4556768508
0.4891929493 1.3102952334 0.6826501538 0.0000000000 0.9026903756 0.4991166678 0.3525374847 0.4600512297 0.0936956573 2.2132932001 0.0810619906 0.0747051747 1.4666625433
0.0108456945 1.5520096958 0.2271507200 0.9026903756 0.0000000000 1.4600217445 3.6028493347 0.3099609370 1.9939923923 1.2224361211 2.5194845500 0.5014067189 2.0845796559
1.0746532565 0.4163328933 0.7307568566 0.4991166678 1.4600217445 0.0000000000 1.1517821354 0.0343472974 0.9659804282 0.4587556464 1.4288590063 0.8722658778 1.0391629581
1.7421055883 1.1673689155 0.0203350483 0.3525374847 3.6028493347 1.1517821354 0.0000000000 1.5864934004 0.1029193871 0.0451564599 0.0792195200 0.8291928019 0.1139137609
2.3215327744 3.2476984261 0.9444639160 0.4600512297 0.3099609370 0.0343472974 1.5864934004 0.0000000000 0.7909999258 0.3728213046 0.0782842387 0.0607390452 0.5233825422
0.5838093678 1.8663991084 0.2858680768 0.0936956573 1.9939923923 0.9659804282 0.1029193871 0.7909999258 0.0000000000 0.0173727270 0.1303332785 0.3129720627 0.7545017613
0.0672468094 0.8293647768 2.7593952154 2.2132932001 1.2224361211 0.4587556464 0.0451564599 0.3728213046 0.0173727270 0.0000000000 2.7935248416 0.9600239206 0.0412594401
0.9553310338 0.3942177453 1.2137458225 0.0810619906 2.5194845500 1.4288590063 0.0792195200 0.0782842387 0.1303332785 2.7935248416 0.0000000000 2.3219552337 0.5501610775
1.2103911235 3.2552735893 1.0162827317 0.0747051747 0.5014067189 0.8722658778 0.8291928019 0.0607390452 0.3129720627 0.9600239206 2.3219552337 0.0000000000 0.3923580231
0.2299890718 1.3145003710 0.4556768508 1.4666625433 2.0845796559 1.0391629581 0.1139137609 0.5233825422 0.7545017613 0.0412594401 0.5501610775 0.3923580231 0.0000000000
