# MCW Instance
# Type: EXPONENTIAL
# N: 13
# Optimal cost: 1.5390262715974956
# Optimal tour (permutation): [0, 11, 1, 2, 8, 5, 4, 12, 7, 10, 6, 3, 9, 0]
# Optimal walk (full path): [0, 11, 1, 2, 4, 8, 5, 8, 4, 12, 7, 12, 10, 12, 6, 3, 6, 9, 0]
# Walk size: 19
# Is walk (has repeats): true

# Distance Matrix
0.0000000000 0.7838940117 1.2434090896 1.5938764857 0.7694421306 1.9587354217 0.8525282146 0.5391454114 1.1059512074 0.2091087301 1.6107950405 0.2545230730 1.3198909553
0.7838940117 0.0000000000 0.0314924045 0.8347765600 2.5125050493 0.2964687066 0.2282826193 1.1610997151 1.9301584479 0.5483206391 0.1045234281 0.3207992200 0.3530375274
1.2434090896 0.0314924045 0.0000000000 1.8517250065 0.0474071553 1.0341393026 0.2669138619 0.7028202455 0.4542910034 2.3157234668 0.5609570359 1.0894210359 0.6131918872
1.5938764857 0.8347765600 1.8517250065 0.0000000000 0.2942465156 0.5882526576 0.0271107923 2.0058321973 1.5680203054 1.1590545903 0.8981986877 0.7778787876 0.1228940157
0.7694421306 2.5125050493 0.0474071553 0.2942465156 0.0000000000 0.1513442716 0.1220898378 1.3713281612 0.0079184062 0.4478088083 0.3193188475 1.9484039341 0.0033634289
1.9587354217 0.2964687066 1.0341393026 0.5882526576 0.1513442716 0.0000000000 0.5715100301 0.3359951693 0.0669641024 0.8761995756 0.1254996413 2.0387194656 0.5595667354
0.8525282146 0.2282826193 0.2669138619 0.0271107923 0.1220898378 0.5715100301 0.0000000000 0.6892042062 0.0510365370 0.2091216012 5.0484549553 0.8712280857 0.0017686288
0.5391454114 1.1610997151 0.7028202455 2.0058321973 1.3713281612 0.3359951693 0.6892042062 0.0000000000 1.0085268858 1.2062867968 0.3877085076 0.4743458628 0.1168681493
1.1059512074 1.9301584479 0.4542910034 1.5680203054 0.0079184062 0.0669641024 0.0510365370 1.0085268858 0.0000000000 1.0446839614 0.4123908958 1.5608041812 1.3316768056
0.2091087301 0.5483206391 2.3157234668 1.1590545903 0.4478088083 0.8761995756 0.2091216012 1.2062867968 1.0446839614 0.0000000000 1.8959183385 2.2422849141 0.4842469360
1.6107950405 0.1045234281 0.5609570359 0.8981986877 0.3193188475 0.1254996413 5.0484549553 0.3877085076 0.4123908958 1.8959183385 0.0000000000 1.5666821610 0.0118595646
0.2545230730 0.3207992200 1.0894210359 0.7778787876 1.9484039341 2.0387194656 0.8712280857 0.4743458628 1.5608041812 2.2422849141 1.5666821610 0.0000000000 0.7352016980
1.3198909553 0.3530375274 0.6131918872 0.1228940157 0.0033634289 0.5595667354 0.0017686288 0.1168681493 1.3316768056 0.4842469360 0.0118595646 0.7352016980 0.0000000000
