# MCW Instance
# Type: EXPONENTIAL
# N: 13
# Optimal cost: 1.949698929244842
# Optimal tour (permutation): [0, 8, 2, 4, 5, 6, 9, 11, 10, 12, 7, 3, 1, 0]
# Optimal walk (full path): [0, 8, 2, 4, 5, 6, 9, 11, 9, 10, 12, 7, 12, 10, 3, 1, 0]
# Walk size: 17
# Is walk (has repeats): true

# Distance Matrix
0.0000000000 0.0903839997 1.1922721737 12.6887379107 0.1758901467 0.1768150060 1.9751659126 4.0848912978 0.1127567125 1.0114880582 0.3235785089 0.5183575430 1.9934902461
0.0903839997 0.0000000000 0.1900743361 0.1318856145 0.0966230003 0.4013823293 0.5968255230 0.5465567160 0.6269696118 0.2411437029 3.3513406370 2.2504121454 0.1417128833
1.1922721737 0.1900743361 0.0000000000 0.7201971589 0.0487321473 2.1130387136 0.9085067170 2.4901167772 0.2167151878 1.8687914033 0.7338551341 3.1817885732 2.3774320599
12.6887379107 0.1318856145 0.7201971589 0.0000000000 0.4965440084 3.5127168816 1.0244215019 0.6286161610 0.3598977981 3.0098562796 0.1919983857 1.1846621248 0.9347018399
0.1758901467 0.0966230003 0.0487321473 0.4965440084 0.0000000000 0.0622112712 0.5159033818 0.8647197749 0.4728566561 0.7605192902 0.6531016428 1.6838333410 0.4901236383
0.1768150060 0.4013823293 2.1130387136 3.5127168816 0.0622112712 0.0000000000 0.0524243856 0.4499562009 1.2027799286 1.1266814659 1.1339288441 1.3246415758 0.8358883515
1.9751659126 0.5968255230 0.9085067170 1.0244215019 0.5159033818 0.0524243856 0.0000000000 0.5661972406 3.0901065843 0.0277661871 2.1271409101 1.0464778865 1.2940062403
4.0848912978 0.5465567160 2.4901167772 0.6286161610 0.8647197749 0.4499562009 0.5661972406 0.0000000000 0.4099968380 0.5648161588 0.5611091143 0.7755366114 0.1402454215
0.1127567125 0.6269696118 0.2167151878 0.3598977981 0.4728566561 1.2027799286 3.0901065843 0.4099968380 0.0000000000 0.8417500044 2.2393611970 0.7179275711 1.9202775273
1.0114880582 0.2411437029 1.8687914033 3.0098562796 0.7605192902 1.1266814659 0.0277661871 0.5648161588 0.8417500044 0.0000000000 0.3336785618 0.1742319460 0.5412491866
0.3235785089 3.3513406370 0.7338551341 0.1919983857 0.6531016428 1.1339288441 2.1271409101 0.5611091143 2.2393611970 0.3336785618 0.0000000000 1.1269651230 0.0260958707
0.5183575430 2.2504121454 3.1817885732 1.1846621248 1.6838333410 1.3246415758 1.0464778865 0.7755366114 0.7179275711 0.1742319460 1.1269651230 0.0000000000 4.2968676865
1.9934902461 0.1417128833 2.3774320599 0.9347018399 0.4901236383 0.8358883515 1.2940062403 0.1402454215 1.9202775273 0.5412491866 0.0260958707 4.2968676865 0.0000000000
