# MCW Instance
# Type: EXPONENTIAL
# N: 13
# Optimal cost: 1.625364815777521
# Optimal tour (permutation): [0, 2, 8, 11, 5, 10, 1, 7, 3, 9, 6, 12, 4, 0]
# Optimal walk (full path): [0, 2, 8, 11, 8, 5, 10, 1, 7, 3, 6, 9, 6, 12, 4, 0]
# Walk size: 16
# Is walk (has repeats): true

# Distance Matrix
0.0000000000 0.6905617330 0.1234932530 0.9461437406 0.1363586433 0.1243479217 0.1376478871 0.2736530045 1.7240147160 0.7929208232 1.2569969846 0.6901897968 2.0354914220
0.6905617330 0.0000000000 0.7993392227 5.8111839376 2.5272366593 1.8413577765 0.2500298121 0.1241651317 0.1815050837 0.8173250828 0.1915378268 1.8655542472 4.5458210699
0.1234932530 0.7993392227 0.0000000000 0.1276030613 0.5780503186 0.1953327784 4.2732481127 2.4995881893 0.1480683520 0.7645978185 0.9127449234 3.5951711044 6.3514878797
0.9461437406 5.8111839376 0.1276030613 0.0000000000 0.1480041774 0.4128707833 0.0252661821 0.0229039910 0.9668650599 0.6367256807 3.2629870815 0.1949269246 3.2702649111
0.1363586433 2.5272366593 0.5780503186 0.1480041774 0.0000000000 0.6478299849 0.3661576223 1.6269952535 0.5079739700 0.5761246513 1.2470315700 0.8154675797 0.0191808004
0.1243479217 1.8413577765 0.1953327784 0.4128707833 0.6478299849 0.0000000000 0.1454127635 0.9562572942 0.0769038965 0.5489330072 0.0433362163 0.6320168563 0.2608278570
0.1376478871 0.2500298121 4.2732481127 0.0252661821 0.3661576223 0.1454127635 0.0000000000 2.4280682636 0.8945669289 0.3081719607 1.7755815735 0.5389433410 0.0594709417
0.2736530045 0.1241651317 2.4995881893 0.0229039910 1.6269952535 0.9562572942 2.4280682636 0.0000000000 0.4889718514 1.5426176632 0.7538337333 0.1778903673 0.1630401398
1.7240147160 0.1815050837 0.1480683520 0.9668650599 0.5079739700 0.0769038965 0.8945669289 0.4889718514 0.0000000000 0.4226536103 1.5657414506 0.0191678298 1.7799438232
0.7929208232 0.8173250828 0.7645978185 0.6367256807 0.5761246513 0.5489330072 0.3081719607 1.5426176632 0.4226536103 0.0000000000 1.4688567860 1.0033702719 0.4505761840
1.2569969846 0.1915378268 0.9127449234 3.2629870815 1.2470315700 0.0433362163 1.7755815735 0.7538337333 1.5657414506 1.4688567860 0.0000000000 0.4109923840 2.4129170549
0.6901897968 1.8655542472 3.5951711044 0.1949269246 0.8154675797 0.6320168563 0.5389433410 0.1778903673 0.0191678298 1.0033702719 0.4109923840 0.0000000000 0.2141758429
2.0354914220 4.5458210699 6.3514878797 3.2702649111 0.0191808004 0.2608278570 0.0594709417 0.1630401398 1.7799438232 0.4505761840 2.4129170549 0.2141758429 0.0000000000
