# MCW Instance
# Type: EXPONENTIAL
# N: 13
# Optimal cost: 1.0931027837025848
# Optimal tour (permutation): [0, 5, 9, 10, 1, 8, 6, 12, 4, 3, 11, 7, 2, 0]
# Optimal walk (full path): [0, 2, 7, 5, 9, 5, 10, 1, 8, 6, 12, 3, 4, 3, 11, 7, 2, 0]
# Walk size: 18
# Is walk (has repeats): true

# Distance Matrix
0.0000000000 1.4239464940 0.0169159282 0.2441132095 3.1196949206 1.3902543903 0.5205508461 0.0849282007 0.4607769476 3.1106303101 1.3498193037 1.5754742758 0.8555718388
1.4239464940 0.0000000000 0.6813804397 1.3586106652 2.6568133959 0.1216982770 0.4376732681 0.4521451645 0.0307073729 2.6334992203 0.1284802134 0.2995553936 3.4106625354
0.0169159282 0.6813804397 0.0000000000 1.9444287969 0.4482234405 0.5845525522 0.2770124185 0.0518016063 0.3478868431 1.0694898280 0.4774093951 1.4663775167 0.3272625852
0.2441132095 1.3586106652 1.9444287969 0.0000000000 0.0318065770 0.3551894681 0.6986745270 0.5501868060 1.1553476167 0.7556928723 0.3381472376 0.0647835797 0.0173255879
3.1196949206 2.6568133959 0.4482234405 0.0318065770 0.0000000000 0.5265736598 0.9061646049 0.2145444516 0.8507387959 2.6460050339 0.2353072601 3.2350023742 0.7625806055
1.3902543903 0.1216982770 0.5845525522 0.3551894681 0.5265736598 0.0000000000 1.4218148239 0.0123284419 0.2074629131 0.0792639919 0.0518253687 1.4482108910 0.7342884083
0.5205508461 0.4376732681 0.2770124185 0.6986745270 0.9061646049 1.4218148239 0.0000000000 0.0794806767 0.0455555967 0.7235676677 0.2299050189 2.1671035927 0.1709595606
0.0849282007 0.4521451645 0.0518016063 0.5501868060 0.2145444516 0.0123284419 0.0794806767 0.0000000000 0.5968652560 1.1310886427 0.2293698180 0.2115608550 1.1644449755
0.4607769476 0.0307073729 0.3478868431 1.1553476167 0.8507387959 0.2074629131 0.0455555967 0.5968652560 0.0000000000 0.1265913658 0.5123754453 0.7735911127 1.2526394764
3.1106303101 2.6334992203 1.0694898280 0.7556928723 2.6460050339 0.0792639919 0.7235676677 1.1310886427 0.1265913658 0.0000000000 2.3490177195 3.0904511129 1.4989975158
1.3498193037 0.1284802134 0.4774093951 0.3381472376 0.2353072601 0.0518253687 0.2299050189 0.2293698180 0.5123754453 2.3490177195 0.0000000000 2.2646477526 0.4560593176
1.5754742758 0.2995553936 1.4663775167 0.0647835797 3.2350023742 1.4482108910 2.1671035927 0.2115608550 0.7735911127 3.0904511129 2.2646477526 0.0000000000 0.1368941984
0.8555718388 3.4106625354 0.3272625852 0.0173255879 0.7625806055 0.7342884083 0.1709595606 1.1644449755 1.2526394764 1.4989975158 0.4560593176 0.1368941984 0.0000000000
