# MCW Instance
# Type: EXPONENTIAL
# N: 13
# Optimal cost: 2.2652059045521917
# Optimal tour (permutation): [0, 5, 12, 3, 9, 10, 4, 1, 7, 6, 11, 8, 2, 0]
# Optimal walk (full path): [0, 5, 0, 12, 3, 9, 10, 4, 1, 7, 6, 7, 11, 8, 11, 2, 11, 0]
# Walk size: 18
# Is walk (has repeats): true

# Distance Matrix
0.0000000000 0.4726786549 0.8966300477 0.4897727763 2.6835367928 0.0321637018 3.6277339136 0.6450761979 0.7391815817 0.4331384059 0.0838051520 0.0589949366 0.1388472440
0.4726786549 0.0000000000 0.8946976753 1.2045504796 0.2664907671 1.4124504435 0.5846202329 0.2522750121 0.3724105720 0.3120576882 0.4205617105 0.7670817990 1.0752563824
0.8966300477 0.8946976753 0.0000000000 1.3271266575 1.8834597241 1.0302250039 2.2478284529 0.8347903580 2.3042834003 0.5560647037 2.6391284551 0.4842867070 0.6024312033
0.4897727763 1.2045504796 1.3271266575 0.0000000000 0.7656254472 0.8020093676 0.3735530035 1.4881527074 0.7414694289 0.1437597915 0.1213181727 3.2044412088 0.0037029595
2.6835367928 0.2664907671 1.8834597241 0.7656254472 0.0000000000 1.2391275279 0.5325192544 0.9225305299 1.3768824171 0.2024082807 0.0239012574 0.4185933630 0.5201735050
0.0321637018 1.4124504435 1.0302250039 0.8020093676 1.2391275279 0.0000000000 1.0010612138 0.3800501534 4.8858159152 1.3220044423 1.3975686625 0.4731751024 0.3275445307
3.6277339136 0.5846202329 2.2478284529 0.3735530035 0.5325192544 1.0010612138 0.0000000000 0.0054889624 0.2881759687 1.1209608877 1.4872296237 0.8966127715 0.9892339544
0.6450761979 0.2522750121 0.8347903580 1.4881527074 0.9225305299 0.3800501534 0.0054889624 0.0000000000 2.0215552951 0.6607957574 0.7287831862 0.1776582042 0.4911346219
0.7391815817 0.3724105720 2.3042834003 0.7414694289 1.3768824171 4.8858159152 0.2881759687 2.0215552951 0.0000000000 1.1811487782 0.2035152433 0.0356134816 0.5317189959
0.4331384059 0.3120576882 0.5560647037 0.1437597915 0.2024082807 1.3220044423 1.1209608877 0.6607957574 1.1811487782 0.0000000000 0.0844700263 0.4239816491 0.7190890896
0.0838051520 0.4205617105 2.6391284551 0.1213181727 0.0239012574 1.3975686625 1.4872296237 0.7287831862 0.2035152433 0.0844700263 0.0000000000 2.3850378651 1.7822968321
0.0589949366 0.7670817990 0.4842867070 3.2044412088 0.4185933630 0.4731751024 0.8966127715 0.1776582042 0.0356134816 0.4239816491 2.3850378651 0.0000000000 1.8594822606
0.1388472440 1.0752563824 0.6024312033 0.0037029595 0.5201735050 0.3275445307 0.9892339544 0.4911346219 0.5317189959 0.7190890896 1.7822968321 1.8594822606 0.0000000000
