# MCW Instance
# Type: EXPONENTIAL
# N: 13
# Optimal cost: 1.877797834338886
# Optimal tour (permutation): [0, 2, 6, 4, 7, 9, 12, 8, 5, 11, 10, 3, 1, 0]
# Optimal walk (full path): [0, 2, 0, 1, 6, 1, 4, 7, 9, 12, 5, 8, 5, 11, 10, 11, 3, 1, 0]
# Walk size: 19
# Is walk (has repeats): true

# Distance Matrix
0.0000000000 0.0068965921 0.0482802386 0.4123697185 2.4805581797 0.5715673340 1.9200828597 0.3004947089 1.7067540169 1.5916668928 2.7947354847 0.8934971259 0.5610240164
0.0068965921 0.0000000000 4.1843223951 0.2229385895 0.1199305849 0.4774922592 0.1290530858 0.3128065606 0.7871158505 0.9340480837 0.2341266458 1.1194314910 0.3220132666
0.0482802386 4.1843223951 0.0000000000 0.3833123485 0.4828746265 0.3269588041 1.7655569833 1.5386763982 2.9062064935 1.3393858478 1.0507536621 0.5673915043 0.4490215924
0.4123697185 0.2229385895 0.3833123485 0.0000000000 1.0641231116 0.3540671513 1.5389700449 1.1090991177 1.0315516518 0.5430262725 3.3228413528 0.3416116169 0.6850365096
2.4805581797 0.1199305849 0.4828746265 1.0641231116 0.0000000000 2.7578508133 0.9190615570 0.0539055891 0.2616995562 1.3305737739 0.2577759184 0.5044814324 2.0572260616
0.5715673340 0.4774922592 0.3269588041 0.3540671513 2.7578508133 0.0000000000 1.3722637519 0.5384832055 0.0313002794 0.5874337376 1.3536609366 0.2683728544 0.0915173380
1.9200828597 0.1290530858 1.7655569833 1.5389700449 0.9190615570 1.3722637519 0.0000000000 1.5417863049 0.4282483949 1.7776168946 1.1817220858 0.7110490430 1.3643012202
0.3004947089 0.3128065606 1.5386763982 1.1090991177 0.0539055891 0.5384832055 1.5417863049 0.0000000000 0.3715282541 0.1758650764 0.9191871747 0.3054822498 0.5513845480
1.7067540169 0.7871158505 2.9062064935 1.0315516518 0.2616995562 0.0313002794 0.4282483949 0.3715282541 0.0000000000 0.6886486767 2.8496876756 1.0751062226 2.8455893145
1.5916668928 0.9340480837 1.3393858478 0.5430262725 1.3305737739 0.5874337376 1.7776168946 0.1758650764 0.6886486767 0.0000000000 1.3001595384 0.2990438382 0.1057669926
2.7947354847 0.2341266458 1.0507536621 3.3228413528 0.2577759184 1.3536609366 1.1817220858 0.9191871747 2.8496876756 1.3001595384 0.0000000000 0.0334144004 0.9609370345
0.8934971259 1.1194314910 0.5673915043 0.3416116169 0.5044814324 0.2683728544 0.7110490430 0.3054822498 1.0751062226 0.2990438382 0.0334144004 0.0000000000 1.9790645622
0.5610240164 0.3220132666 0.4490215924 0.6850365096 2.0572260616 0.0915173380 1.3643012202 0.5513845480 2.8455893145 0.1057669926 0.9609370345 1.9790645622 0.0000000000
