# MCW Instance
# Type: EXPONENTIAL
# N: 13
# Optimal cost: 1.2545890852915234
# Optimal tour (permutation): [0, 4, 9, 1, 6, 3, 11, 8, 12, 5, 2, 10, 7, 0]
# Optimal walk (full path): [0, 4, 0, 9, 1, 9, 3, 6, 3, 11, 8, 11, 12, 5, 2, 7, 10, 7, 0]
# Walk size: 19
# Is walk (has repeats): true

# Distance Matrix
0.0000000000 1.4474697662 0.8620237260 1.0786303034 0.0075353412 0.1039025792 0.9475218900 0.0935086129 1.8182318903 0.0687999613 0.6379161951 0.0456157752 0.3567750089
1.4474697662 0.0000000000 0.9957952708 0.5216692387 0.6218204251 1.6833475986 0.7031772662 0.4145913482 2.6762016029 0.0167795526 1.5376474371 0.5810102603 0.3948063688
0.8620237260 0.9957952708 0.0000000000 0.1175410169 5.7694364299 0.0692833895 0.2039742006 0.0745145307 1.0967857680 0.8080898558 0.8189011206 1.6742934590 0.3209306887
1.0786303034 0.5216692387 0.1175410169 0.0000000000 0.4328886139 2.3892833272 0.0608872811 0.7305359426 0.6976010696 0.1319122753 0.4156351407 0.1183410354 0.7861988210
0.0075353412 0.6218204251 5.7694364299 0.4328886139 0.0000000000 0.1587250957 0.2206917024 4.6311340658 0.6439189703 1.4064905162 0.6039143770 1.0843872244 0.8054272494
0.1039025792 1.6833475986 0.0692833895 2.3892833272 0.1587250957 0.0000000000 6.0072644799 0.1201359200 0.9679576665 0.4530005819 0.6121270503 0.3662514778 0.2188354724
0.9475218900 0.7031772662 0.2039742006 0.0608872811 0.2206917024 6.0072644799 0.0000000000 1.3425545166 4.0957468960 0.5946794362 3.1718109625 1.8629980999 1.5039905172
0.0935086129 0.4145913482 0.0745145307 0.7305359426 4.6311340658 0.1201359200 1.3425545166 0.0000000000 1.1570004692 1.4920468377 0.0066765474 1.5154708483 0.8435898040
1.8182318903 2.6762016029 1.0967857680 0.6976010696 0.6439189703 0.9679576665 4.0957468960 1.1570004692 0.0000000000 4.0401652408 0.8702018023 0.0759436925 1.6265958811
0.0687999613 0.0167795526 0.8080898558 0.1319122753 1.4064905162 0.4530005819 0.5946794362 1.4920468377 4.0401652408 0.0000000000 1.0082587231 0.7463885555 1.0502279591
0.6379161951 1.5376474371 0.8189011206 0.4156351407 0.6039143770 0.6121270503 3.1718109625 0.0066765474 0.8702018023 1.0082587231 0.0000000000 1.9988682291 1.2784031236
0.0456157752 0.5810102603 1.6742934590 0.1183410354 1.0843872244 0.3662514778 1.8629980999 1.5154708483 0.0759436925 0.7463885555 1.9988682291 0.0000000000 0.1437489782
0.3567750089 0.3948063688 0.3209306887 0.7861988210 0.8054272494 0.2188354724 1.5039905172 0.8435898040 1.6265958811 1.0502279591 1.2784031236 0.1437489782 0.0000000000
