# MCW Instance
# Type: EXPONENTIAL
# N: 13
# Optimal cost: 0.9956650821749475
# Optimal tour (permutation): [0, 12, 5, 3, 6, 1, 11, 10, 8, 4, 7, 2, 9, 0]
# Optimal walk (full path): [0, 12, 5, 3, 6, 1, 11, 10, 8, 4, 8, 2, 7, 2, 8, 5, 9, 5, 12, 0]
# Walk size: 20
# Is walk (has repeats): true

# Distance Matrix
0.0000000000 0.6429711611 1.6489019720 1.0855814417 1.0039487232 0.3577326606 0.3805958315 0.5695497270 0.6240483004 0.2150514942 1.3942004415 0.4304875726 0.0332972583
0.6429711611 0.0000000000 0.7968969896 0.9178696244 0.2535866307 1.2548777350 0.0947272118 3.4003657176 0.2663291782 3.1959800315 1.6443625968 0.0720571605 0.1279777182
1.6489019720 0.7968969896 0.0000000000 0.5111470413 0.5556668336 2.6465594869 0.8081893761 0.0084086445 0.0717722525 1.5110779698 0.1753216555 0.6525537200 0.9380696848
1.0855814417 0.9178696244 0.5111470413 0.0000000000 0.8914919936 0.0633795114 0.0514038142 0.4992470487 0.5856956727 3.3757235494 2.7185013063 0.5392678391 0.5315760412
1.0039487232 0.2535866307 0.5556668336 0.8914919936 0.0000000000 1.4689425736 0.9321023791 1.2868626976 0.0178687665 0.4212357579 0.2821499115 1.6976851925 0.3600430699
0.3577326606 1.2548777350 2.6465594869 0.0633795114 1.4689425736 0.0000000000 1.1822769910 1.3459223017 0.1186289396 0.0577678562 3.1985472603 1.5611690033 0.0238396521
0.3805958315 0.0947272118 0.8081893761 0.0514038142 0.9321023791 1.1822769910 0.0000000000 1.3755084078 1.5212072771 1.7749911858 0.1036430824 0.3186665869 0.5218902851
0.5695497270 3.4003657176 0.0084086445 0.4992470487 1.2868626976 1.3459223017 1.3755084078 0.0000000000 1.0556238299 1.2763114334 1.3001133353 0.7561086967 2.0388727195
0.6240483004 0.2663291782 0.0717722525 0.5856956727 0.0178687665 0.1186289396 1.5212072771 1.0556238299 0.0000000000 0.3719996004 0.0077213598 0.3422410280 0.9617412951
0.2150514942 3.1959800315 1.5110779698 3.3757235494 0.4212357579 0.0577678562 1.7749911858 1.2763114334 0.3719996004 0.0000000000 0.9201683344 0.2470937147 4.8767185094
1.3942004415 1.6443625968 0.1753216555 2.7185013063 0.2821499115 3.1985472603 0.1036430824 1.3001133353 0.0077213598 0.9201683344 0.0000000000 0.1618382247 0.7928241006
0.4304875726 0.0720571605 0.6525537200 0.5392678391 1.6976851925 1.5611690033 0.3186665869 0.7561086967 0.3422410280 0.2470937147 0.1618382247 0.0000000000 0.7605581913
0.0332972583 0.1279777182 0.9380696848 0.5315760412 0.3600430699 0.0238396521 0.5218902851 2.0388727195 0.9617412951 4.8767185094 0.7928241006 0.7605581913 0.0000000000
