# MCW Instance
# Type: EXPONENTIAL
# N: 13
# Optimal cost: 2.1928584486332756
# Optimal tour (permutation): [0, 11, 12, 9, 8, 5, 1, 6, 7, 4, 3, 10, 2, 0]
# Optimal walk (full path): [0, 11, 9, 12, 9, 8, 5, 1, 6, 7, 4, 3, 10, 2, 0]
# Walk size: 15
# Is walk (has repeats): true

# Distance Matrix
0.0000000000 0.1368319420 0.1314770636 2.4339974112 0.4552225381 0.4552035836 3.8684611622 0.5321438016 1.8218463738 2.0170090634 2.0090722700 0.1019343685 3.7349128759
0.1368319420 0.0000000000 0.1698329128 0.5804464723 1.3145818335 0.2723966403 0.0698423900 2.0535576173 2.0398031433 2.0194910008 0.3192749975 0.4623987544 1.5492093803
0.1314770636 0.1698329128 0.0000000000 0.3028624722 1.1948634610 1.4085816075 0.5982268162 0.5555081635 2.5614812326 1.1753742277 0.1391039609 0.7324680558 0.7481503952
2.4339974112 0.5804464723 0.3028624722 0.0000000000 0.1368623818 1.9315689828 1.6670926983 1.9509662312 0.5805414072 1.3703027549 0.2558888519 0.1732296425 1.3009062194
0.4552225381 1.3145818335 1.1948634610 0.1368623818 0.0000000000 0.5534877090 4.2220508963 0.0920966485 1.3741876334 0.1256065485 1.5609785766 0.9925017505 5.8315130319
0.4552035836 0.2723966403 1.4085816075 1.9315689828 0.5534877090 0.0000000000 1.4377623097 0.4933552077 0.1190495372 0.7706619821 0.5593909425 0.4557281349 0.7907537117
3.8684611622 0.0698423900 0.5982268162 1.6670926983 4.2220508963 1.4377623097 0.0000000000 0.2594190792 0.9670037340 0.5897831053 1.4902170072 0.2473646937 0.8586029249
0.5321438016 2.0535576173 0.5555081635 1.9509662312 0.0920966485 0.4933552077 0.2594190792 0.0000000000 1.1108639472 7.1454802298 1.0869144959 0.7367208065 0.4043057564
1.8218463738 2.0398031433 2.5614812326 0.5805414072 1.3741876334 0.1190495372 0.9670037340 1.1108639472 0.0000000000 0.0938124218 1.8970629662 2.4581116696 1.0211427813
2.0170090634 2.0194910008 1.1753742277 1.3703027549 0.1256065485 0.7706619821 0.5897831053 7.1454802298 0.0938124218 0.0000000000 1.2029036897 0.1817167286 0.1696291881
2.0090722700 0.3192749975 0.1391039609 0.2558888519 1.5609785766 0.5593909425 1.4902170072 1.0869144959 1.8970629662 1.2029036897 0.0000000000 1.2912139787 1.0049247469
0.1019343685 0.4623987544 0.7324680558 0.1732296425 0.9925017505 0.4557281349 0.2473646937 0.7367208065 2.4581116696 0.1817167286 1.2912139787 0.0000000000 0.7837615250
3.7349128759 1.5492093803 0.7481503952 1.3009062194 5.8315130319 0.7907537117 0.8586029249 0.4043057564 1.0211427813 0.1696291881 1.0049247469 0.7837615250 0.0000000000
