# MCW Instance
# Type: EXPONENTIAL
# N: 13
# Optimal cost: 1.926843972435578
# Optimal tour (permutation): [0, 5, 9, 2, 8, 7, 10, 12, 4, 6, 3, 11, 1, 0]
# Optimal walk (full path): [0, 5, 9, 2, 9, 8, 7, 10, 12, 4, 6, 3, 11, 1, 11, 9, 5, 0]
# Walk size: 18
# Is walk (has repeats): true

# Distance Matrix
0.0000000000 0.6614360807 0.3535148828 1.1673534435 1.3075759832 0.1376715733 1.3027934267 0.9819348761 2.0300274626 2.6515929874 0.7830162783 0.2821900289 1.0181352940
0.6614360807 0.0000000000 1.1909888243 0.5313740960 1.0236646684 0.8974759873 0.8106973127 0.2239233992 0.5705135461 0.1390449260 0.7620509885 0.0862731786 2.7640501004
0.3535148828 1.1909888243 0.0000000000 1.5647611676 1.6183648531 0.5901523010 1.1530110699 0.3119376411 1.6644132121 0.0806848794 0.2869698002 0.5660119867 0.1567180161
1.1673534435 0.5313740960 1.5647611676 0.0000000000 0.4458293365 0.8524892559 0.3341102596 0.4453368008 0.6001258294 1.4240697524 2.1988191119 0.2582667093 1.3172520519
1.3075759832 1.0236646684 1.6183648531 0.4458293365 0.0000000000 0.2364936947 0.0413109617 1.6968980255 0.1069375391 0.2829745254 0.9178620013 0.7856248783 0.0784888983
0.1376715733 0.8974759873 0.5901523010 0.8524892559 0.2364936947 0.0000000000 1.7434391442 0.2469854627 2.4060325010 0.0158985226 1.7134938699 0.5035152985 2.3952591909
1.3027934267 0.8106973127 1.1530110699 0.3341102596 0.0413109617 1.7434391442 0.0000000000 0.2625356096 0.4499850504 1.1079133651 0.2538245424 0.1555842713 0.1421331104
0.9819348761 0.2239233992 0.3119376411 0.4453368008 1.6968980255 0.2469854627 0.2625356096 0.0000000000 0.0430586994 0.1926425815 0.2160113501 0.1185045448 0.9594475305
2.0300274626 0.5705135461 1.6644132121 0.6001258294 0.1069375391 2.4060325010 0.4499850504 0.0430586994 0.0000000000 0.0573006987 1.0450838615 0.2811299077 1.8414894745
2.6515929874 0.1390449260 0.0806848794 1.4240697524 0.2829745254 0.0158985226 1.1079133651 0.1926425815 0.0573006987 0.0000000000 2.6870255151 0.0424940946 1.0657478547
0.7830162783 0.7620509885 0.2869698002 2.1988191119 0.9178620013 1.7134938699 0.2538245424 0.2160113501 1.0450838615 2.6870255151 0.0000000000 1.0690124353 0.2147459931
0.2821900289 0.0862731786 0.5660119867 0.2582667093 0.7856248783 0.5035152985 0.1555842713 0.1185045448 0.2811299077 0.0424940946 1.0690124353 0.0000000000 0.7664651278
1.0181352940 2.7640501004 0.1567180161 1.3172520519 0.0784888983 2.3952591909 0.1421331104 0.9594475305 1.8414894745 1.0657478547 0.2147459931 0.7664651278 0.0000000000
