# MCW Instance
# Type: EXPONENTIAL
# N: 13
# Optimal cost: 3.1543578851610095
# Optimal tour (permutation): [0, 4, 7, 11, 3, 10, 8, 1, 5, 2, 6, 12, 9, 0]
# Optimal walk (full path): [0, 9, 4, 7, 3, 11, 3, 10, 8, 1, 8, 5, 2, 6, 12, 9, 0]
# Walk size: 17
# Is walk (has repeats): true

# Distance Matrix
0.0000000000 0.7873806342 3.5291511018 1.0325921747 0.7433488434 1.0460689213 1.8160460288 2.9089020326 0.7367098381 0.2285849640 1.1708073900 0.3502900873 2.2046384393
0.7873806342 0.0000000000 1.1036907155 0.7158909085 0.5056417917 2.1137907486 0.8470351587 1.0410641157 0.0571313916 3.0036924222 2.2863104197 0.2058033658 1.2436851257
3.5291511018 1.1036907155 0.0000000000 1.6723031656 3.0956321099 0.5809573879 0.5156639419 1.4275365756 1.4067609233 1.4061835244 1.3509555349 1.9597863688 0.9982639405
1.0325921747 0.7158909085 1.6723031656 0.0000000000 0.4830680670 0.5234495437 2.4612262367 0.2173724227 1.2616295737 2.0901400344 0.1119487783 0.0058601585 1.2459926827
0.7433488434 0.5056417917 3.0956321099 0.4830680670 0.0000000000 0.8158264860 0.9597124935 0.3568403244 3.5743595829 0.3925050284 0.9057310564 2.5592221124 0.8352603367
1.0460689213 2.1137907486 0.5809573879 0.5234495437 0.8158264860 0.0000000000 0.5611802904 0.3468849227 0.1665970541 0.4310383598 0.1617240692 0.3461691894 0.6560056298
1.8160460288 0.8470351587 0.5156639419 2.4612262367 0.9597124935 0.5611802904 0.0000000000 0.2507495272 0.1139148143 0.3945441609 0.6750341599 0.6921562325 0.1186985525
2.9089020326 1.0410641157 1.4275365756 0.2173724227 0.3568403244 0.3468849227 0.2507495272 0.0000000000 0.3417146301 2.9468202340 0.4359347415 0.7332770448 1.2859881920
0.7367098381 0.0571313916 1.4067609233 1.2616295737 3.5743595829 0.1665970541 0.1139148143 0.3417146301 0.0000000000 1.8222918291 0.0152048901 0.9158817285 0.2263875320
0.2285849640 3.0036924222 1.4061835244 2.0901400344 0.3925050284 0.4310383598 0.3945441609 2.9468202340 1.8222918291 0.0000000000 0.9527011054 0.3767938212 0.0954164768
1.1708073900 2.2863104197 1.3509555349 0.1119487783 0.9057310564 0.1617240692 0.6750341599 0.4359347415 0.0152048901 0.9527011054 0.0000000000 1.5479778122 0.1229464904
0.3502900873 0.2058033658 1.9597863688 0.0058601585 2.5592221124 0.3461691894 0.6921562325 0.7332770448 0.9158817285 0.3767938212 1.5479778122 0.0000000000 2.7556630097
2.2046384393 1.2436851257 0.9982639405 1.2459926827 0.8352603367 0.6560056298 0.1186985525 1.2859881920 0.2263875320 0.0954164768 0.1229464904 2.7556630097 0.0000000000
