# MCW Instance
# Type: EXPONENTIAL
# N: 13
# Optimal cost: 4.712914452598537
# Optimal tour (permutation): [0, 11, 3, 4, 2, 5, 8, 12, 6, 9, 10, 7, 1, 0]
# Optimal walk (full path): [0, 10, 11, 3, 4, 2, 5, 8, 12, 9, 6, 9, 10, 7, 10, 0, 1, 0]
# Walk size: 18
# Is walk (has repeats): true

# Distance Matrix
0.0000000000 0.6027282550 1.6672141885 0.8916213301 0.4602286866 2.5407818970 0.2096067257 1.5565827152 0.3658741638 2.7471919731 0.0040896888 0.5453872283 0.1474388627
0.6027282550 0.0000000000 1.0711504890 2.1406435525 3.1210192910 1.1324848185 1.4520820296 1.3533140631 2.4728816480 1.5735390132 1.5904595704 1.3484606367 0.9290923853
1.6672141885 1.0711504890 0.0000000000 1.1347366416 0.0355876768 0.4319744397 1.8541593239 2.0797596346 0.6819151973 0.3808089277 2.9946423209 0.2575648383 2.6127696240
0.8916213301 2.1406435525 1.1347366416 0.0000000000 0.5839700172 1.2896668903 1.8523710114 0.8757766437 2.0217630934 0.5287273814 3.0115479107 0.5742632160 1.3076731585
0.4602286866 3.1210192910 0.0355876768 0.5839700172 0.0000000000 1.0747383347 0.5633498812 2.1192198380 2.1534882850 0.3945345506 1.3005728473 0.6945590896 1.0963024688
2.5407818970 1.1324848185 0.4319744397 1.2896668903 1.0747383347 0.0000000000 0.7754331299 1.5237123221 0.4903842808 0.7073902312 1.7393645312 0.9280476112 0.8233827652
0.2096067257 1.4520820296 1.8541593239 1.8523710114 0.5633498812 0.7754331299 0.0000000000 0.8985306569 0.3040629149 0.1312066419 0.8072085618 1.0336815579 0.8589136217
1.5565827152 1.3533140631 2.0797596346 0.8757766437 2.1192198380 1.5237123221 0.8985306569 0.0000000000 3.5746199802 1.9936667810 0.4148078097 1.4489498712 3.4894769185
0.3658741638 2.4728816480 0.6819151973 2.0217630934 2.1534882850 0.4903842808 0.3040629149 3.5746199802 0.0000000000 4.4000448986 1.9003457776 0.5147161467 0.1286164102
2.7471919731 1.5735390132 0.3808089277 0.5287273814 0.3945345506 0.7073902312 0.1312066419 1.9936667810 4.4000448986 0.0000000000 0.0148374145 0.6266641520 0.0081100053
0.0040896888 1.5904595704 2.9946423209 3.0115479107 1.3005728473 1.7393645312 0.8072085618 0.4148078097 1.9003457776 0.0148374145 0.0000000000 0.1395062014 0.3587449539
0.5453872283 1.3484606367 0.2575648383 0.5742632160 0.6945590896 0.9280476112 1.0336815579 1.4489498712 0.5147161467 0.6266641520 0.1395062014 0.0000000000 0.3457090571
0.1474388627 0.9290923853 2.6127696240 1.3076731585 1.0963024688 0.8233827652 0.8589136217 3.4894769185 0.1286164102 0.0081100053 0.3587449539 0.3457090571 0.0000000000
